<DATE>;<TIME>;<LAST>;<VOL>;<ID>;<OPER>
20240410;095935;164;20;10083876616;B
20240410;095935;164;10;10083876617;B
20240410;095935;164;10;10083876618;B
20240410;095935;164;450;10083876619;B
20240410;095935;164;850;10083876620;B
20240410;095935;164;60;10083876621;B
20240410;095935;164;200;10083876622;B
20240410;095935;164;400;10083876623;B
20240410;095935;164;400;10083876624;B
20240410;095935;164;1120;10083876625;B
20240410;095935;164;130;10083876626;B
20240410;095935;164;30;10083876627;B
20240410;095935;164;1000;10083876628;B
20240410;095935;164;90;10083876629;B
20240410;095935;164;150;10083876630;B
20240410;095935;164;10;10083876631;B
20240410;095935;164;5450;10083876632;B
20240410;095935;164;30;10083876633;B
20240410;095935;164;10;10083876634;B
20240410;095935;164;90;10083876635;B
20240410;095935;164;20;10083876636;B
20240410;095935;164;10;10083876637;B
20240410;095935;164;10;10083876638;B
20240410;095935;164;1000;10083876639;B
20240410;095935;164;10;10083876640;B
20240410;095935;164;10;10083876641;B
20240410;095935;164;10;10083876642;B
20240410;095935;164;20;10083876643;B
20240410;095935;164;500;10083876644;B
20240410;095935;164;10;10083876645;B
20240410;095935;164;100;10083876646;B
20240410;095935;164;1100;10083876647;B
20240410;095935;164;20;10083876648;B
20240410;095935;164;60;10083876649;B
20240410;095935;164;50;10083876650;B
20240410;095935;164;50;10083876651;B
20240410;095935;164;10;10083876652;B
20240410;095935;164;100;10083876653;B
20240410;095935;164;20;10083876654;B
20240410;095935;164;440;10083876655;B
20240410;095935;164;10;10083876656;B
20240410;095935;164;350;10083876657;B
20240410;095935;164;80;10083876658;B
20240410;095935;164;3500;10083876659;B
20240410;095935;164;150;10083876660;B
20240410;095935;164;20;10083876661;B
20240410;095935;164;110;10083876662;B
20240410;095935;164;200;10083876663;B
20240410;095935;164;270;10083876664;B
20240410;095935;164;100;10083876665;B
20240410;095935;164;400;10083876666;B
20240410;095935;164;10;10083876667;B
20240410;095935;164;100;10083876668;B
20240410;095935;164;140;10083876669;B
20240410;095935;164;240;10083876670;B
20240410;095935;164;10;10083876671;B
20240410;095935;164;10;10083876672;B
20240410;095935;164;20;10083876673;B
20240410;095935;164;10;10083876674;B
20240410;095935;164;40;10083876675;B
20240410;095935;164;410;10083876676;B
20240410;095935;164;20;10083876677;B
20240410;095935;164;30;10083876678;B
20240410;095935;164;10;10083876679;B
20240410;095935;164;10;10083876680;B
20240410;095935;164;10;10083876681;B
20240410;095935;164;10;10083876682;B
20240410;095935;164;1830;10083876683;B
20240410;095935;164;10;10083876684;B
20240410;095935;164;10;10083876685;B
20240410;095935;164;30;10083876686;B
20240410;095935;164;2440;10083876687;B
20240410;095935;164;100;10083876688;B
20240410;095935;164;300;10083876689;B
20240410;095935;164;100;10083876690;B
20240410;095935;164;10;10083876691;B
20240410;095935;164;50;10083876692;B
20240410;095935;164;30;10083876693;B
20240410;095935;164;20;10083876694;B
20240410;095935;164;20;10083876695;B
20240410;095935;164;960;10083876696;B
20240410;095935;164;50;10083876697;B
20240410;095935;164;600;10083876698;B
20240410;095935;164;130;10083876699;B
20240410;095935;164;100;10083876700;B
20240410;095935;164;660;10083876701;B
20240410;095935;164;250;10083876702;B
20240410;095935;164;300;10083876703;B
20240410;095935;164;3890;10083876704;B
20240410;095935;164;10;10083876705;B
20240410;095935;164;800;10083876706;B
20240410;095935;164;10;10083876707;B
20240410;095935;164;20;10083876708;B
20240410;095935;164;10;10083876709;B
20240410;095935;164;130;10083876710;B
20240410;095935;164;10;10083876711;B
20240410;095935;164;60;10083876712;B
20240410;095935;164;370;10083876713;B
20240410;095935;164;50;10083876714;B
20240410;095935;164;20;10083876715;B
20240410;095935;164;180;10083876716;B
20240410;095935;164;140;10083876717;B
20240410;095935;164;20;10083876718;B
20240410;095935;164;10;10083876719;B
20240410;095935;164;10;10083876720;B
20240410;095935;164;100;10083876721;B
20240410;095935;164;100;10083876722;S
20240410;095935;164;10;10083876723;S
20240410;095935;164;20;10083876724;S
20240410;095935;164;20;10083876725;S
20240410;095935;164;100;10083876726;S
20240410;095935;164;500;10083876727;S
20240410;095935;164;310;10083876728;S
20240410;095935;164;500;10083876729;S
20240410;095935;164;1000;10083876730;B
20240410;095935;164;1000;10083876731;S
20240410;095935;164;20;10083876732;B
20240410;095935;164;10;10083876733;S
20240410;095935;164;1000;10083876734;S
20240410;095935;164;150;10083876735;S
20240410;095935;164;150;10083876736;S
20240410;095935;164;100;10083876737;S
20240410;095935;164;500;10083876738;S
20240410;095935;164;100;10083876739;S
20240410;095935;164;13570;10083876740;S
20240410;095935;164;90;10083876741;S
20240410;095935;164;2500;10083876742;S
20240410;095935;164;100;10083876743;S
20240410;095935;164;10;10083876744;S
20240410;095935;164;2700;10083876745;B
20240410;095935;164;100;10083876746;S
20240410;095935;164;50;10083876747;S
20240410;095935;164;100;10083876748;S
20240410;095935;164;300;10083876749;B
20240410;095935;164;50;10083876750;B
20240410;095935;164;10;10083876751;S
20240410;095935;164;10;10083876752;S
20240410;095935;164;10;10083876753;S
20240410;095935;164;40;10083876754;S
20240410;095935;164;10;10083876755;B
20240410;095935;164;100;10083876756;S
20240410;095935;164;390;10083876757;S
20240410;095935;164;100;10083876758;S
20240410;095935;164;280;10083876759;B
20240410;095935;164;100;10083876760;S
20240410;095935;164;10;10083876761;B
20240410;095935;164;10;10083876762;B
20240410;095935;164;60;10083876763;S
20240410;095935;164;10;10083876764;S
20240410;095935;164;530;10083876765;S
20240410;095935;164;15000;10083876766;S
20240410;095935;164;1500;10083876767;S
20240410;095935;164;2000;10083876768;S
20240410;095935;164;5000;10083876769;S
20240410;095935;164;20;10083876770;S
20240410;095935;164;10;10083876771;S
20240410;095935;164;140;10083876772;S
20240410;095935;164;120;10083876773;S
20240410;095935;164;10;10083876774;S
20240410;095935;164;1000;10083876775;S
20240410;095935;164;10;10083876776;S
20240410;095935;164;20;10083876777;S
20240410;095935;164;10;10083876778;S
20240410;095935;164;210;10083876779;S
20240410;095935;164;10;10083876780;S
20240410;095935;164;2000;10083876781;S
20240410;095935;164;10;10083876782;S
20240410;095935;164;2000;10083876783;S
20240410;095935;164;100;10083876784;S
20240410;095935;164;150;10083876785;S
20240410;095935;164;10;10083876786;B
20240410;095935;164;50;10083876787;S
20240410;095935;164;480;10083876788;S
20240410;095935;164;20;10083876789;S
20240410;095935;164;80;10083876790;S
20240410;095935;164;470;10083876791;B
20240410;095935;164;10;10083876792;B
20240410;095935;164;300;10083876793;B
20240410;095935;164;200;10083876794;B
20240410;095935;164;250;10083876795;B
20240410;095935;164;30;10083876796;B
20240410;095935;164;220;10083876797;S
20240410;095935;164;100;10083876798;S
20240410;095935;164;7000;10083876799;S
20240410;095935;164;150;10083876800;B
20240410;095935;164;10;10083876801;B
20240410;095935;164;10;10083876802;B
20240410;095935;164;1000;10083876803;B
20240410;095935;164;70;10083876804;B
20240410;095935;164;140;10083876805;B
20240410;095935;164;10;10083876806;B
20240410;095935;164;10;10083876807;B
20240410;095935;164;1280;10083876808;B
20240410;095935;164;20;10083876809;B
20240410;095935;164;600;10083876810;B
20240410;095935;164;100;10083876811;S
20240410;095935;164;2000;10083876812;B
20240410;095935;164;10;10083876813;B
20240410;095935;164;30;10083876814;B
20240410;095935;164;3000;10083876815;S
20240410;095935;164;130;10083876816;B
20240410;095935;164;200;10083876817;B
20240410;095935;164;50;10083876818;B
20240410;095935;164;180;10083876819;B
20240410;095935;164;10;10083876820;B
20240410;095935;164;10;10083876821;B
20240410;095935;164;10;10083876822;B
20240410;095935;164;10;10083876823;B
20240410;095935;164;500;10083876824;B
20240410;095935;164;900;10083876825;S
20240410;095935;164;190;10083876826;S
20240410;095935;164;10;10083876827;S
20240410;095935;164;10;10083876828;B
20240410;095935;164;100;10083876829;B
20240410;095935;164;40;10083876830;B
20240410;095935;164;120;10083876831;S
20240410;095935;164;580;10083876832;B
20240410;095935;164;500;10083876833;B
20240410;095935;164;10;10083876834;B
20240410;095935;164;1000;10083876835;B
20240410;095935;164;40;10083876836;B
20240410;095935;164;10;10083876837;S
20240410;095935;164;2000;10083876838;S
20240410;095935;164;600;10083876839;S
20240410;095935;164;200;10083876840;S
20240410;095935;164;300;10083876841;S
20240410;095935;164;150;10083876842;S
20240410;095935;164;20;10083876843;S
20240410;095935;164;30;10083876844;S
20240410;095935;164;10;10083876845;S
20240410;095935;164;720;10083876846;B
20240410;095935;164;10;10083876847;B
20240410;095935;164;10;10083876848;B
20240410;095935;164;3000;10083876849;B
20240410;095935;164;30;10083876850;B
20240410;095935;164;200;10083876851;B
20240410;095935;164;1000;10083876852;B
20240410;095935;164;1590;10083876853;B
20240410;095935;164;5220;10083876854;B
20240410;095935;164;1600;10083876855;B
20240410;095935;164;20;10083876856;B
20240410;095935;164;200;10083876857;B
20240410;095935;164;250;10083876858;B
20240410;095935;164;500;10083876859;B
20240410;095935;164;620;10083876860;B
20240410;095935;164;50;10083876861;B
20240410;095935;164;40;10083876862;S
20240410;095935;164;20;10083876863;S
20240410;095935;164;10;10083876864;S
20240410;095935;164;10;10083876865;S
20240410;095935;164;10;10083876866;S
20240410;095935;164;30;10083876867;S
20240410;095935;164;30;10083876868;S
20240410;095935;164;10;10083876869;S
20240410;095935;164;10;10083876870;S
20240410;095935;164;10;10083876871;S
20240410;095935;164;30;10083876872;S
20240410;095935;164;20;10083876873;S
20240410;095935;164;10;10083876874;S
20240410;095935;164;190;10083876875;S
20240410;095935;164;10;10083876876;S
20240410;095935;164;200;10083876877;B
20240410;095935;164;100;10083876878;S
20240410;095935;164;10;10083876879;S
20240410;095935;164;10;10083876880;S
20240410;095935;164;50;10083876881;S
20240410;095935;164;10;10083876882;S
20240410;095935;164;10;10083876883;S
20240410;095935;164;1910;10083876884;S
20240410;095935;164;60;10083876885;S
20240410;095935;164;10;10083876886;S
20240410;095935;164;10;10083876887;S
20240410;095935;164;10;10083876888;S
20240410;095935;164;30;10083876889;S
20240410;095935;164;10;10083876890;S
20240410;095935;164;2000;10083876891;S
20240410;095935;164;140;10083876892;S
20240410;095935;164;100;10083876893;S
20240410;095935;164;10;10083876894;S
20240410;095935;164;70;10083876895;S
20240410;095935;164;20;10083876896;S
20240410;095935;164;10;10083876897;S
20240410;095935;164;310;10083876898;S
20240410;095935;164;100;10083876899;S
20240410;095935;164;10;10083876900;S
20240410;095935;164;20;10083876901;S
20240410;095935;164;10;10083876902;S
20240410;095935;164;70;10083876903;S
20240410;095935;164;10;10083876904;S
20240410;095935;164;80;10083876905;S
20240410;095935;164;20;10083876906;S
20240410;095935;164;10;10083876907;S
20240410;095935;164;50;10083876908;S
20240410;095935;164;10;10083876909;S
20240410;095935;164;20;10083876910;S
20240410;095935;164;10;10083876911;S
20240410;095935;164;100;10083876912;S
20240410;095935;164;30;10083876913;S
20240410;095935;164;30;10083876914;S
20240410;095935;164;20;10083876915;S
20240410;095935;164;50;10083876916;S
20240410;095935;164;110;10083876917;S
20240410;095935;164;110;10083876918;S
20240410;095935;164;710;10083876919;S
20240410;095935;164;290;10083876920;S
20240410;095935;164;100;10083876921;S
20240410;095935;164;50;10083876922;S
20240410;095935;164;10;10083876923;S
20240410;095935;164;100;10083876924;S
20240410;095935;164;10;10083876925;S
20240410;095935;164;10;10083876926;S
20240410;095935;164;10;10083876927;S
20240410;095935;164;20;10083876928;S
20240410;095935;164;10;10083876929;B
20240410;095935;164;10;10083876930;B
20240410;095935;164;10;10083876931;B
20240410;095935;164;10;10083876932;B
20240410;095935;164;10;10083876933;B
20240410;095935;164;10;10083876934;B
20240410;095935;164;20;10083876935;B
20240410;095935;164;10;10083876936;B
20240410;095935;164;70;10083876937;B
20240410;095935;164;10;10083876938;B
20240410;095935;164;20;10083876939;B
20240410;095935;164;20;10083876940;B
20240410;095935;164;70;10083876941;B
20240410;095935;164;100;10083876942;B
20240410;095935;164;10;10083876943;B
20240410;095935;164;100;10083876944;B
20240410;095935;164;20;10083876945;B
20240410;095935;164;10;10083876946;B
20240410;095935;164;450;10083876947;B
20240410;095935;164;50;10083876948;B
20240410;095935;164;20;10083876949;B
20240410;095935;164;30;10083876950;B
20240410;095935;164;10;10083876951;B
20240410;095935;164;10;10083876952;B
20240410;095935;164;20;10083876953;B
20240410;095935;164;20;10083876954;B
20240410;095935;164;50;10083876955;B
20240410;095935;164;30;10083876956;B
20240410;095935;164;90;10083876957;B
20240410;095935;164;10;10083876958;B
20240410;095935;164;10;10083876959;B
20240410;095935;164;40;10083876960;B
20240410;095935;164;100;10083876961;B
20240410;095935;164;10;10083876962;B
20240410;095935;164;30;10083876963;B
20240410;095935;164;590;10083876964;B
20240410;095935;164;200;10083876965;B
20240410;095935;164;10;10083876966;B
20240410;095935;164;10;10083876967;B
20240410;095935;164;100;10083876968;B
20240410;095935;164;10;10083876969;B
20240410;095935;164;2000;10083876970;B
20240410;095935;164;20;10083876971;B
20240410;095935;164;10;10083876972;B
20240410;095935;164;10;10083876973;B
20240410;095935;164;2040;10083876974;B
20240410;095935;164;50;10083876975;B
20240410;095935;164;10;10083876976;B
20240410;095935;164;10;10083876977;B
20240410;095935;164;4890;10083876978;B
20240410;095935;164;10;10083876979;B
20240410;095935;164;40;10083876980;B
20240410;095935;164;60;10083876981;B
20240410;095935;164;260;10083876982;B
20240410;095935;164;3100;10083876983;B
20240410;095935;164;10;10083876984;B
20240410;095935;164;970;10083876985;B
20240410;095935;164;10;10083876986;B
20240410;095935;164;100;10083876987;B
20240410;095935;164;120;10083876988;B
20240410;095935;164;1370;10083876989;B
20240410;095935;164;1000;10083876990;B
20240410;095935;164;100;10083876991;B
20240410;095935;164;700;10083876992;B
20240410;095935;164;200;10083876993;B
20240410;095935;164;10;10083876994;B
20240410;095935;164;30;10083876995;B
20240410;095935;164;390;10083876996;B
20240410;095935;164;10;10083876997;B
20240410;095935;164;300;10083876998;B
20240410;095935;164;30;10083876999;B
20240410;095935;164;100;10083877000;B
20240410;095935;164;100;10083877001;B
20240410;095935;164;2000;10083877002;B
20240410;095935;164;450;10083877003;B
20240410;095935;164;30;10083877004;B
20240410;095935;164;200;10083877005;B
20240410;095935;164;10;10083877006;B
20240410;095935;164;990;10083877007;B
20240410;095935;164;610;10083877008;B
20240410;095935;164;10;10083877009;B
20240410;095935;164;10;10083877010;B
20240410;095935;164;50;10083877011;B
20240410;095935;164;10;10083877012;B
20240410;095935;164;200;10083877013;B
20240410;095935;164;70;10083877014;B
20240410;095935;164;10;10083877015;B
20240410;095935;164;20;10083877016;B
20240410;095935;164;80;10083877017;B
20240410;095935;164;100;10083877018;B
20240410;095935;164;20;10083877019;B
20240410;095935;164;10;10083877020;B
20240410;095935;164;100;10083877021;B
20240410;095935;164;100;10083877022;B
20240410;095935;164;100;10083877023;B
20240410;095935;164;10;10083877024;B
20240410;095935;164;660;10083877025;B
20240410;095935;164;1840;10083877026;B
20240410;095935;164;10;10083877027;B
20240410;095935;164;200;10083877028;B
20240410;095935;164;10;10083877029;B
20240410;095935;164;500;10083877030;B
20240410;095935;164;200;10083877031;S
20240410;095935;164;300;10083877032;S
20240410;095935;164;50;10083877033;S
20240410;095935;164;10;10083877034;S
20240410;095935;164;10;10083877035;S
20240410;095935;164;100;10083877036;S
20240410;095935;164;110;10083877037;S
20240410;095935;164;110;10083877038;S
20240410;095935;164;100;10083877039;S
20240410;095935;164;50;10083877040;S
20240410;095935;164;10;10083877041;S
20240410;095935;164;1390;10083877042;S
20240410;095935;164;40;10083877043;S
20240410;095935;164;10;10083877044;S
20240410;095935;164;100;10083877045;S
20240410;095935;164;20;10083877046;S
20240410;095935;164;1000;10083877047;S
20240410;095935;164;1000;10083877048;S
20240410;095935;164;100;10083877049;S
20240410;095935;164;50;10083877050;S
20240410;095935;164;10;10083877051;S
20240410;095935;164;10;10083877052;S
20240410;095935;164;100;10083877053;S
20240410;095935;164;20;10083877054;S
20240410;095935;164;10;10083877055;S
20240410;095935;164;100;10083877056;S
20240410;095935;164;10;10083877057;B
20240410;095935;164;10;10083877058;B
20240410;095935;164;40;10083877059;B
20240410;095935;164;10;10083877060;B
20240410;095935;164;1000;10083877061;B
20240410;095935;164;4020;10083877062;B
20240410;095935;164;10;10083877063;B
20240410;095935;164;10;10083877064;B
20240410;095935;164;20;10083877065;B
20240410;095935;164;60;10083877066;B
20240410;095935;164;60;10083877067;B
20240410;095935;164;1300;10083877068;B
20240410;095935;164;10;10083877069;B
20240410;095935;164;30;10083877070;B
20240410;095935;164;1450;10083877071;B
20240410;095935;164;50;10083877072;B
20240410;095935;164;10;10083877073;B
20240410;095935;164;10;10083877074;B
20240410;095935;164;50;10083877075;B
20240410;095935;164;10;10083877076;B
20240410;095935;164;420;10083877077;B
20240410;095935;164;10;10083877078;B
20240410;095935;164;500;10083877079;B
20240410;095935;164;30;10083877080;B
20240410;095935;164;40;10083877081;B
20240410;095935;164;10;10083877082;S
20240410;095935;164;170;10083877083;S
20240410;095935;164;10;10083877084;S
20240410;095935;164;100;10083877085;S
20240410;095935;164;110;10083877086;S
20240410;095935;164;190;10083877087;S
20240410;095935;164;110;10083877088;S
20240410;095935;164;100;10083877089;S
20240410;095935;164;100;10083877090;S
20240410;095935;164;2490;10083877091;S
20240410;095935;164;100;10083877092;S
20240410;095935;164;400;10083877093;S
20240410;095935;164;20;10083877094;S
20240410;095935;164;6000;10083877095;S
20240410;095935;164;250;10083877096;S
20240410;095935;164;10000;10083877097;S
20240410;095935;164;10;10083877098;S
20240410;095935;164;730;10083877099;S
20240410;095935;164;200;10083877100;S
20240410;095935;164;10;10083877101;S
20240410;095935;164;1160;10083877102;S
20240410;095935;164;290;10083877103;S
20240410;100000;164.02;90;10083882962;B
20240410;100000;164.02;20;10083882963;B
20240410;100000;164.02;110;10083882964;B
20240410;100000;164.02;100;10083882965;B
20240410;100000;164.04;180;10083882966;B
20240410;100000;164.04;10;10083882986;B
20240410;100000;164.04;30;10083883087;B
20240410;100000;164.04;780;10083883088;B
20240410;100000;164.04;110;10083883089;B
20240410;100000;164.04;100;10083883090;B
20240410;100000;164.06;20;10083883091;B
20240410;100000;164.06;110;10083883092;B
20240410;100000;164.06;110;10083883093;B
20240410;100000;164.06;30;10083883094;B
20240410;100000;164.08;10;10083883095;B
20240410;100000;164.08;110;10083883096;B
20240410;100000;164.08;110;10083883097;B
20240410;100000;164.08;110;10083883098;B
20240410;100000;164.08;10;10083883099;B
20240410;100000;164.1;10;10083883100;B
20240410;100000;164.1;20;10083883101;B
20240410;100000;164.1;100;10083883102;B
20240410;100000;164.1;10;10083883103;B
20240410;100000;164.1;500;10083883104;B
20240410;100000;164.1;110;10083883105;B
20240410;100000;164.1;110;10083883106;B
20240410;100000;164.1;10;10083883107;B
20240410;100000;164.1;1000;10083883108;B
20240410;100000;164.1;100;10083883109;B
20240410;100000;164.1;120;10083883110;B
20240410;100000;164.14;10;10083883111;B
20240410;100000;164.14;190;10083883112;B
20240410;100000;164.14;110;10083883113;B
20240410;100000;164.14;100;10083883114;B
20240410;100000;164.16;10;10083883115;B
20240410;100000;164.16;110;10083883116;B
20240410;100000;164.18;10;10083883117;B
20240410;100000;164.2;10;10083883118;B
20240410;100000;164.2;100;10083883119;B
20240410;100000;164.2;10;10083883120;B
20240410;100000;164.2;500;10083883121;B
20240410;100000;164.2;140;10083883122;B
20240410;100000;164;190;10083883130;S
20240410;100000;164.2;60;10083883135;B
20240410;100000;164.2;10;10083883136;B
20240410;100000;164.2;50;10083883137;B
20240410;100000;164.22;10;10083883138;B
20240410;100000;164.22;40;10083883139;B
20240410;100000;164.24;10;10083883140;B
20240410;100000;164.24;10;10083883141;B
20240410;100000;164.24;500;10083883142;B
20240410;100000;164.26;10;10083883143;B
20240410;100000;164.26;300;10083883144;B
20240410;100000;164.26;700;10083883149;B
20240410;100000;164.26;300;10083883150;B
20240410;100000;164.24;50;10083883161;S
20240410;100000;164.2;40;10083883162;S
20240410;100000;164.2;10;10083883163;S
20240410;100000;164.2;30;10083883164;S
20240410;100000;164.2;40;10083883165;S
20240410;100000;164.18;30;10083883166;S
20240410;100000;164.2;40;10083883170;S
20240410;100000;164.18;2970;10083883171;S
20240410;100000;164;360;10083883172;S
20240410;100000;164;2000;10083883173;S
20240410;100000;164;870;10083883174;S
20240410;100000;164.2;40;10083883176;S
20240410;100000;164;1130;10083883210;S
20240410;100000;164;1000;10083883211;S
20240410;100000;164;10;10083883212;S
20240410;100000;164;50;10083883213;S
20240410;100000;164;150;10083883214;S
20240410;100000;164;200;10083883279;S
20240410;100000;164;650;10083883342;S
20240410;100000;164;10;10083883343;S
20240410;100000;164;100;10083883344;S
20240410;100000;164;500;10083883345;S
20240410;100000;164;10;10083883346;S
20240410;100000;164;100;10083883347;S
20240410;100000;164;80;10083883348;S
20240410;100000;164;550;10083883349;S
20240410;100000;164;90;10083883350;S
20240410;100000;164;7510;10083883351;S
20240410;100000;164.02;60;10083883363;B
20240410;100000;164.14;10;10083883364;B
20240410;100000;164.22;30;10083883365;B
20240410;100000;164;100;10083883366;S
20240410;100000;164.22;10;10083883506;B
20240410;100000;164.22;10;10083883509;B
20240410;100000;164.24;490;10083883510;B
20240410;100000;164.24;730;10083883524;B
20240410;100000;164.26;700;10083883525;B
20240410;100000;164.26;10;10083883526;B
20240410;100000;164.26;20;10083883527;B
20240410;100000;164.28;10;10083883528;B
20240410;100000;164.28;10;10083883529;B
20240410;100000;164.28;500;10083883530;B
20240410;100000;164.28;20;10083883531;B
20240410;100000;164.2;10;10083883544;S
20240410;100000;164.08;1830;10083883545;S
20240410;100000;164.06;1160;10083883546;S
20240410;100001;164.12;90;10083883840;S
20240410;100001;164.04;110;10083883841;S
20240410;100001;164.04;30;10083883859;S
20240410;100001;164.1;10;10083883992;B
20240410;100001;164.06;50;10083884002;S
20240410;100001;164.06;60;10083884020;S
20240410;100001;164.1;40;10083884160;B
20240410;100001;164.1;60;10083884161;B
20240410;100001;164.1;130;10083884168;B
20240410;100001;164.1;10;10083884192;B
20240410;100001;164.16;90;10083884193;B
20240410;100001;164.08;10;10083884290;S
20240410;100001;164.1;10;10083884291;B
20240410;100002;164.08;100;10083884393;S
20240410;100002;164.08;90;10083884470;S
20240410;100002;164.08;10;10083884471;S
20240410;100002;164.1;90;10083884495;B
20240410;100002;164.1;100;10083884496;B
20240410;100002;164.12;70;10083884497;B
20240410;100002;164.16;50;10083884498;B
20240410;100002;164.18;290;10083884499;B
20240410;100002;164.16;70;10083884532;B
20240410;100002;164.1;40;10083884594;B
20240410;100002;164.16;130;10083884595;B
20240410;100002;164.18;130;10083884596;B
20240410;100002;164.08;70;10083884600;S
20240410;100002;164.08;30;10083884601;S
20240410;100002;164.18;200;10083884602;B
20240410;100002;164.16;30;10083884617;S
20240410;100002;164.18;380;10083884631;B
20240410;100002;164.2;20;10083884632;B
20240410;100002;164.2;40;10083884633;B
20240410;100002;164.2;60;10083884634;B
20240410;100002;164.2;440;10083884713;B
20240410;100002;164.2;30;10083884714;B
20240410;100002;164.26;10;10083884715;B
20240410;100002;164.28;20;10083884716;B
20240410;100002;164.16;570;10083884734;S
20240410;100002;164.1;230;10083884735;S
20240410;100002;164.28;60;10083884790;B
20240410;100002;164.28;1220;10083884791;B
20240410;100002;164.28;1530;10083884792;B
20240410;100002;164.3;100;10083884793;B
20240410;100002;164.3;100;10083884794;B
20240410;100002;164.3;100;10083884795;B
20240410;100002;164.3;50;10083884796;B
20240410;100002;164.3;1500;10083884797;B
20240410;100002;164.32;270;10083884798;B
20240410;100002;164.34;10;10083884799;B
20240410;100002;164.34;2000;10083884800;B
20240410;100002;164.34;2060;10083884801;B
20240410;100002;164.36;110;10083884802;B
20240410;100002;164.38;10;10083884803;B
20240410;100002;164.38;880;10083884804;B
20240410;100002;164.14;200;10083884922;S
20240410;100002;164.14;100;10083884923;S
20240410;100003;164.32;100;10083885054;B
20240410;100003;164.3;50;10083885055;S
20240410;100003;164.32;100;10083885056;B
20240410;100003;164.32;1220;10083885057;B
20240410;100003;164.34;2680;10083885058;B
20240410;100003;164.3;230;10083885059;S
20240410;100003;164.16;200;10083885060;S
20240410;100003;164.12;20;10083885061;S
20240410;100003;164.1;50;10083885062;S
20240410;100003;164.28;110;10083885120;B
20240410;100003;164.32;200;10083885121;B
20240410;100003;164.32;1690;10083885122;B
20240410;100003;164.32;250;10083885272;B
20240410;100003;164.18;250;10083885292;S
20240410;100003;164.12;200;10083885293;S
20240410;100003;164.12;1940;10083885294;S
20240410;100003;164.1;5950;10083885295;S
20240410;100003;164.1;3560;10083885296;S
20240410;100003;164.08;170;10083885297;S
20240410;100003;164.08;250;10083885298;S
20240410;100003;164.08;1220;10083885299;S
20240410;100003;164.08;2000;10083885300;S
20240410;100003;164.06;2000;10083885301;S
20240410;100003;164.06;10;10083885302;S
20240410;100003;164.04;500;10083885303;S
20240410;100003;164.04;2160;10083885304;S
20240410;100003;164.02;1000;10083885305;S
20240410;100003;164.02;390;10083885306;S
20240410;100003;164.02;2000;10083885307;S
20240410;100003;164;6400;10083885308;S
20240410;100003;164.3;30;10083885370;B
20240410;100003;164.3;20;10083885384;B
20240410;100003;164.3;10;10083885405;B
20240410;100004;164.22;40;10083885463;S
20240410;100004;164.22;50;10083885489;S
20240410;100004;164.3;140;10083885587;B
20240410;100004;164.3;40;10083885588;B
20240410;100004;164.32;1220;10083885589;B
20240410;100004;164.32;1530;10083885590;B
20240410;100004;164.32;1750;10083885591;B
20240410;100004;164.34;720;10083885592;B
20240410;100004;164.28;40;10083885594;S
20240410;100004;164.22;160;10083885595;S
20240410;100004;164.2;250;10083885596;S
20240410;100004;164.16;30;10083885597;S
20240410;100004;164.08;400;10083885598;S
20240410;100004;164.08;10;10083885599;S
20240410;100004;164.06;2000;10083885600;S
20240410;100004;164.02;200;10083885601;S
20240410;100004;164.02;1220;10083885602;S
20240410;100004;164;15690;10083885603;S
20240410;100004;164.02;50;10083885609;S
20240410;100004;164.26;50;10083885701;B
20240410;100004;164.24;1030;10083885724;B
20240410;100004;164.24;90;10083885782;B
20240410;100004;164.24;1000;10083885785;B
20240410;100005;164.24;20;10083886012;B
20240410;100005;164.24;1740;10083886015;B
20240410;100005;164.24;10;10083886016;B
20240410;100005;164.24;500;10083886024;B
20240410;100005;164.24;80;10083886059;B
20240410;100005;164.24;220;10083886184;B
20240410;100005;164.26;150;10083886185;B
20240410;100005;164.26;50;10083886186;B
20240410;100005;164.26;790;10083886187;B
20240410;100005;164.06;250;10083886265;S
20240410;100005;164.02;200;10083886266;S
20240410;100005;164.02;40;10083886267;S
20240410;100005;164.16;10;10083886444;B
20240410;100005;164.3;50;10083886448;B
20240410;100005;164.3;10;10083886450;B
20240410;100005;164.1;10;10083886455;S
20240410;100005;164.3;50;10083886466;B
20240410;100005;164.1;490;10083886547;S
20240410;100005;164.04;200;10083886548;S
20240410;100005;164.02;110;10083886549;S
20240410;100005;164.2;10;10083886562;B
20240410;100005;164.04;20;10083886567;S
20240410;100005;164.2;10;10083886569;B
20240410;100005;164.2;10;10083886574;B
20240410;100005;164.2;20;10083886678;B
20240410;100005;164.2;60;10083886686;B
20240410;100005;164.2;10;10083886691;B
20240410;100005;164.2;10;10083886694;B
20240410;100005;164.2;10;10083886699;B
20240410;100005;164.2;10;10083886705;B
20240410;100005;164.06;20;10083887236;S
20240410;100005;164.2;10;10083887347;B
20240410;100005;164.2;40;10083887350;B
20240410;100005;164.2;210;10083887351;B
20240410;100005;164.2;100;10083887354;B
20240410;100005;164.06;20;10083887355;S
20240410;100005;164.06;20;10083887361;S
20240410;100005;164.06;10;10083887443;S
20240410;100005;164.18;10;10083887448;B
20240410;100005;164.18;10;10083887452;B
20240410;100005;164.18;60;10083887684;B
20240410;100005;164.18;10;10083887757;B
20240410;100005;164.18;10;10083887760;B
20240410;100005;164.18;100;10083887766;B
20240410;100006;164.2;60;10083887897;B
20240410;100006;164.2;10;10083887903;B
20240410;100006;164.2;10;10083888105;B
20240410;100006;164.2;10;10083888113;B
20240410;100006;164.06;100;10083888117;S
20240410;100006;164.06;20;10083888209;S
20240410;100006;164.06;10;10083888214;S
20240410;100006;164.06;190;10083888215;S
20240410;100006;164.12;10;10083888393;B
20240410;100006;164.18;10;10083888394;B
20240410;100006;164.18;200;10083888395;B
20240410;100006;164.2;260;10083888396;B
20240410;100006;164.2;180;10083888446;B
20240410;100006;164.2;20;10083888447;B
20240410;100006;164.22;20;10083888448;B
20240410;100006;164.22;2420;10083888449;B
20240410;100006;164.2;40;10083888548;B
20240410;100006;164.22;640;10083888549;B
20240410;100006;164.22;970;10083888550;B
20240410;100006;164.22;20;10083888580;B
20240410;100006;164.24;1840;10083888581;B
20240410;100006;164.26;4140;10083888582;B
20240410;100006;164.14;50;10083888947;B
20240410;100006;164.14;10;10083888948;B
20240410;100006;164.1;400;10083888953;S
20240410;100006;164.14;10;10083888956;B
20240410;100006;164.1;820;10083888960;S
20240410;100006;164.08;200;10083888961;S
20240410;100006;164.04;100;10083888962;S
20240410;100006;164.04;1000;10083888963;S
20240410;100006;164.02;1220;10083888964;S
20240410;100006;164.14;180;10083888966;B
20240410;100006;164.32;1220;10083888967;B
20240410;100006;164.32;1600;10083888968;B
20240410;100006;164.3;10;10083889051;B
20240410;100006;164.3;10;10083889055;B
20240410;100006;164.08;10;10083889057;S
20240410;100006;164.3;100;10083889060;B
20240410;100006;164.3;80;10083889182;B
20240410;100006;164.3;120;10083889183;B
20240410;100006;164.28;10;10083889343;B
20240410;100006;164.3;10;10083889344;B
20240410;100006;164.3;10;10083889345;B
20240410;100006;164.32;40;10083889346;B
20240410;100006;164.16;10;10083889446;S
20240410;100006;164.34;20;10083889447;B
20240410;100006;164.34;10;10083889448;B
20240410;100007;164.2;100;10083889735;S
20240410;100007;164.26;10;10083889737;B
20240410;100007;164.26;10;10083889738;B
20240410;100007;164.2;10;10083889800;S
20240410;100007;164.26;40;10083889936;B
20240410;100007;164.22;10;10083889956;S
20240410;100007;164.22;10;10083889958;S
20240410;100007;164.26;10;10083889965;B
20240410;100007;164.26;10;10083889970;B
20240410;100007;164.26;10;10083889986;B
20240410;100007;164.26;410;10083889990;B
20240410;100007;164.32;10;10083889991;B
20240410;100007;164.34;3180;10083889992;B
20240410;100007;164.34;10;10083890117;B
20240410;100007;164.34;20;10083890118;B
20240410;100007;164.34;10;10083890120;B
20240410;100007;164.34;10;10083890121;B
20240410;100007;164.34;1000;10083890122;B
20240410;100007;164.32;10;10083890189;S
20240410;100007;164.34;500;10083890251;B
20240410;100007;164.34;280;10083890256;B
20240410;100007;164.22;10;10083890508;S
20240410;100007;164.34;1560;10083890552;B
20240410;100007;164.36;20;10083890553;B
20240410;100007;164.36;20;10083890554;B
20240410;100007;164.38;120;10083890555;B
20240410;100007;164.38;10;10083890556;B
20240410;100007;164.38;2000;10083890557;B
20240410;100007;164.4;10;10083890561;B
20240410;100007;164.4;10;10083890564;B
20240410;100007;164.4;10;10083890573;B
20240410;100007;164.4;10;10083890575;B
20240410;100007;164.38;270;10083890590;S
20240410;100007;164.24;190;10083890591;S
20240410;100007;164.22;70;10083890592;S
20240410;100007;164.22;270;10083890593;S
20240410;100007;164.38;10;10083890602;B
20240410;100008;164.38;170;10083890778;B
20240410;100008;164.4;60;10083890784;B
20240410;100008;164.4;10;10083890785;B
20240410;100008;164.4;30;10083890786;B
20240410;100008;164.4;10;10083890856;B
20240410;100008;164.4;10;10083890857;B
20240410;100008;164.4;50;10083890858;B
20240410;100008;164.4;110;10083890859;B
20240410;100008;164.4;110;10083890860;B
20240410;100008;164.4;10;10083890861;B
20240410;100008;164.38;230;10083890862;S
20240410;100008;164.36;980;10083890863;S
20240410;100008;164.4;20;10083890864;B
20240410;100008;164.36;190;10083890981;S
20240410;100008;164.4;260;10083891044;B
20240410;100008;164.4;10;10083891045;B
20240410;100008;164.42;30;10083891046;B
20240410;100008;164.4;60;10083891113;S
20240410;100008;164.42;90;10083891215;B
20240410;100008;164.42;1220;10083891216;B
20240410;100008;164.42;10;10083891217;B
20240410;100008;164.44;10;10083891218;B
20240410;100008;164.44;170;10083891219;B
20240410;100008;164.42;1000;10083891241;B
20240410;100008;164.4;200;10083891245;S
20240410;100008;164.4;40;10083891252;S
20240410;100008;164.42;210;10083891287;B
20240410;100009;164.42;250;10083891337;B
20240410;100009;164.42;760;10083891381;B
20240410;100009;164.44;4830;10083891382;B
20240410;100009;164.46;20;10083891383;B
20240410;100009;164.46;110;10083891384;B
20240410;100009;164.46;70;10083891385;B
20240410;100009;164.46;100;10083891386;B
20240410;100009;164.48;110;10083891387;B
20240410;100009;164.48;10;10083891388;B
20240410;100009;164.48;200;10083891389;B
20240410;100009;164.48;1530;10083891390;B
20240410;100009;164.5;10;10083891391;B
20240410;100009;164.5;10;10083891392;B
20240410;100009;164.5;10;10083891393;B
20240410;100009;164.5;20;10083891394;B
20240410;100009;164.5;20;10083891395;B
20240410;100009;164.5;10;10083891396;B
20240410;100009;164.5;300;10083891397;B
20240410;100009;164.5;60;10083891398;B
20240410;100009;164.5;20;10083891399;B
20240410;100009;164.5;100;10083891400;B
20240410;100009;164.5;10;10083891401;B
20240410;100009;164.5;1000;10083891402;B
20240410;100009;164.5;2000;10083891403;B
20240410;100009;164.5;10;10083891404;B
20240410;100009;164.5;1000;10083891405;B
20240410;100009;164.5;250;10083891406;B
20240410;100009;164.5;400;10083891407;B
20240410;100009;164.5;100;10083891408;B
20240410;100009;164.5;1930;10083891409;B
20240410;100009;164.48;200;10083891484;B
20240410;100009;164.48;300;10083891533;B
20240410;100009;164.48;10;10083891534;B
20240410;100009;164.48;30;10083891535;B
20240410;100009;164.42;190;10083891577;S
20240410;100009;164.42;100;10083891578;S
20240410;100009;164.4;2200;10083891579;S
20240410;100009;164.4;50;10083891580;S
20240410;100009;164.38;50;10083891587;S
20240410;100009;164.4;100;10083891663;B
20240410;100009;164.4;1500;10083891669;B
20240410;100009;164.4;300;10083891673;B
20240410;100009;164.4;5560;10083891674;B
20240410;100009;164.4;1500;10083891675;B
20240410;100009;164.42;190;10083891676;B
20240410;100009;164.46;10;10083891680;B
20240410;100009;164.42;10;10083891684;S
20240410;100009;164.42;490;10083891692;S
20240410;100009;164.46;390;10083891693;B
20240410;100009;164.48;110;10083891694;B
20240410;100009;164.48;30;10083891695;B
20240410;100009;164.42;20;10083891720;S
20240410;100009;164.46;10;10083891739;B
20240410;100009;164.48;280;10083891740;B
20240410;100010;164.42;40;10083891803;S
20240410;100010;164.44;150;10083891846;S
20240410;100010;164.42;100;10083891847;S
20240410;100010;164.48;60;10083891858;B
20240410;100010;164.48;10;10083891907;B
20240410;100010;164.48;380;10083891928;B
20240410;100010;164.44;10;10083892026;S
20240410;100010;164.48;100;10083892033;B
20240410;100010;164.48;110;10083892047;B
20240410;100010;164.44;90;10083892093;S
20240410;100010;164.44;10;10083892094;S
20240410;100010;164.44;140;10083892103;S
20240410;100010;164.44;150;10083892104;S
20240410;100010;164.44;150;10083892105;S
20240410;100010;164.42;2090;10083892106;S
20240410;100010;164.42;190;10083892107;S
20240410;100010;164.38;50;10083892108;S
20240410;100010;164.38;380;10083892109;S
20240410;100010;164.46;20;10083892114;B
20240410;100010;164.46;50;10083892119;B
20240410;100010;164.46;110;10083892127;B
20240410;100010;164.48;190;10083892128;B
20240410;100010;164.46;10;10083892158;S
20240410;100010;164.48;10;10083892167;B
20240410;100010;164.48;30;10083892174;B
20240410;100010;164.46;40;10083892212;S
20240410;100010;164.4;500;10083892213;S
20240410;100010;164.38;220;10083892214;S
20240410;100010;164.38;10;10083892215;S
20240410;100010;164.38;50;10083892216;S
20240410;100010;164.38;300;10083892217;S
20240410;100010;164.36;300;10083892218;S
20240410;100010;164.36;150;10083892219;S
20240410;100010;164.36;180;10083892220;S
20240410;100010;164.32;250;10083892221;S
20240410;100010;164.48;60;10083892252;B
20240410;100011;164.4;30;10083892362;S
20240410;100011;164.44;50;10083892395;B
20240410;100011;164.42;10;10083892439;B
20240410;100011;164.4;20;10083892445;S
20240410;100011;164.4;4000;10083892483;S
20240410;100011;164.4;760;10083892544;S
20240410;100011;164.4;20;10083892562;S
20240410;100012;164.4;20;10083892630;S
20240410;100012;164.42;240;10083892660;B
20240410;100012;164.42;60;10083892661;B
20240410;100012;164.42;40;10083892750;B
20240410;100012;164.44;120;10083892751;B
20240410;100012;164.44;340;10083892752;B
20240410;100012;164.44;30;10083892771;B
20240410;100012;164.44;500;10083892790;B
20240410;100012;164.44;500;10083892803;B
20240410;100012;164.44;1530;10083892804;B
20240410;100012;164.44;20;10083892805;B
20240410;100012;164.44;1220;10083892806;B
20240410;100012;164.46;730;10083892807;B
20240410;100012;164.44;1220;10083892847;B
20240410;100012;164.44;260;10083892848;B
20240410;100012;164.4;200;10083892851;S
20240410;100012;164.4;150;10083892852;S
20240410;100012;164.4;20;10083892853;S
20240410;100012;164.36;130;10083892854;S
20240410;100013;164.38;10;10083892873;B
20240410;100013;164.38;250;10083892879;B
20240410;100013;164.38;50;10083892904;B
20240410;100013;164.36;70;10083892970;S
20240410;100013;164.32;30;10083892971;S
20240410;100013;164.38;660;10083893001;B
20240410;100013;164.4;140;10083893002;B
20240410;100013;164.4;1080;10083893018;B
20240410;100013;164.42;1000;10083893019;B
20240410;100013;164.44;1270;10083893020;B
20240410;100013;164.44;30;10083893021;B
20240410;100013;164.46;1270;10083893022;B
20240410;100013;164.46;1000;10083893023;B
20240410;100013;164.48;200;10083893024;B
20240410;100013;164.48;100;10083893025;B
20240410;100013;164.48;1310;10083893026;B
20240410;100014;164.32;220;10083893122;S
20240410;100014;164.3;200;10083893123;S
20240410;100014;164.28;10;10083893124;S
20240410;100014;164.28;200;10083893125;S
20240410;100014;164.26;170;10083893126;S
20240410;100014;164.24;180;10083893127;S
20240410;100014;164.38;10;10083893134;B
20240410;100014;164.38;20;10083893158;B
20240410;100014;164.36;30;10083893165;B
20240410;100015;164.3;140;10083893202;B
20240410;100015;164.32;1220;10083893203;B
20240410;100015;164.34;2500;10083893204;B
20240410;100015;164.36;10;10083893205;B
20240410;100015;164.4;330;10083893206;B
20240410;100015;164.34;30;10083893225;B
20240410;100015;164.34;10;10083893230;B
20240410;100015;164.38;10;10083893231;B
20240410;100015;164.32;1000;10083893246;B
20240410;100015;164.32;40;10083893247;B
20240410;100015;164.36;250;10083893248;B
20240410;100015;164.38;90;10083893249;B
20240410;100015;164.38;200;10083893250;B
20240410;100015;164.4;1200;10083893251;B
20240410;100015;164.4;1220;10083893252;B
20240410;100015;164.42;4050;10083893253;B
20240410;100015;164.42;1000;10083893254;B
20240410;100015;164.44;5000;10083893255;B
20240410;100015;164.44;200;10083893256;B
20240410;100015;164.44;200;10083893257;B
20240410;100015;164.5;8070;10083893258;B
20240410;100015;164.5;50;10083893259;B
20240410;100015;164.5;20;10083893260;B
20240410;100015;164.5;500;10083893261;B
20240410;100015;164.5;270;10083893262;B
20240410;100015;164.5;300;10083893263;B
20240410;100015;164.5;30;10083893264;B
20240410;100015;164.5;10;10083893265;B
20240410;100015;164.5;30;10083893266;B
20240410;100015;164.5;3000;10083893267;B
20240410;100015;164.5;400;10083893268;B
20240410;100015;164.5;250;10083893269;B
20240410;100015;164.5;200;10083893270;B
20240410;100015;164.52;20;10083893271;B
20240410;100015;164.52;100;10083893272;B
20240410;100015;164.54;10;10083893273;B
20240410;100015;164.54;360;10083893274;B
20240410;100015;164.56;1000;10083893275;B
20240410;100015;164.56;100;10083893276;B
20240410;100015;164.58;800;10083893277;B
20240410;100015;164.58;10;10083893278;B
20240410;100015;164.58;10;10083893279;B
20240410;100015;164.58;100;10083893280;B
20240410;100015;164.58;50;10083893281;B
20240410;100015;164.6;990;10083893282;B
20240410;100015;164.6;30;10083893283;B
20240410;100015;164.6;500;10083893284;B
20240410;100015;164.6;20;10083893285;B
20240410;100015;164.6;4500;10083893286;B
20240410;100015;164.64;10;10083893287;B
20240410;100015;164.66;700;10083893288;B
20240410;100015;164.66;1000;10083893289;B
20240410;100015;164.68;10;10083893290;B
20240410;100015;164.68;1270;10083893291;B
20240410;100015;164.68;1000;10083893292;B
20240410;100015;164.7;2000;10083893293;B
20240410;100015;164.7;90;10083893294;B
20240410;100015;164.7;100;10083893295;B
20240410;100015;164.74;10;10083893296;B
20240410;100015;164.74;2450;10083893297;B
20240410;100015;164.74;10;10083893298;B
20240410;100015;164.74;1000;10083893299;B
20240410;100015;164.74;400;10083893300;B
20240410;100015;164.74;40;10083893301;B
20240410;100015;164.76;10;10083893302;B
20240410;100015;164.76;6500;10083893303;B
20240410;100015;164.76;10;10083893304;B
20240410;100015;164.78;10;10083893305;B
20240410;100015;164.78;10;10083893306;B
20240410;100015;164.8;20;10083893307;B
20240410;100015;164.8;30;10083893308;B
20240410;100015;164.8;10;10083893309;B
20240410;100015;164.8;100;10083893310;B
20240410;100015;164.8;50;10083893311;B
20240410;100015;164.8;5000;10083893312;B
20240410;100015;164.8;200;10083893313;B
20240410;100015;164.8;500;10083893314;B
20240410;100015;164.82;10;10083893315;B
20240410;100015;164.82;50;10083893316;B
20240410;100015;164.82;100;10083893317;B
20240410;100015;164.84;30;10083893318;B
20240410;100015;164.84;10;10083893319;B
20240410;100015;164.86;50;10083893320;B
20240410;100015;164.86;10000;10083893321;B
20240410;100015;164.88;10;10083893322;B
20240410;100015;164.88;10;10083893323;B
20240410;100015;164.88;30;10083893324;B
20240410;100015;164.88;10;10083893325;B
20240410;100015;164.88;200;10083893326;B
20240410;100015;164.88;10;10083893327;B
20240410;100015;164.88;50;10083893328;B
20240410;100015;164.88;10;10083893329;B
20240410;100015;164.88;10;10083893330;B
20240410;100015;164.88;10;10083893331;B
20240410;100015;164.88;10;10083893332;B
20240410;100015;164.88;10;10083893333;B
20240410;100015;164.88;100;10083893334;B
20240410;100015;164.88;560;10083893335;B
20240410;100015;164.32;200;10083893339;S
20240410;100015;164.3;500;10083893340;S
20240410;100015;164.4;2500;10083893347;B
20240410;100015;164.38;200;10083893348;B
20240410;100015;164.26;10;10083893349;S
20240410;100015;164.4;30;10083893411;B
20240410;100015;164.4;800;10083893412;B
20240410;100015;164.3;200;10083893414;S
20240410;100015;164.3;500;10083893415;S
20240410;100015;164.3;50;10083893429;S
20240410;100015;164.3;10;10083893453;S
20240410;100016;164.34;10;10083893458;B
20240410;100016;164.4;40;10083893474;B
20240410;100016;164.4;60;10083893475;B
20240410;100016;164.34;250;10083893476;S
20240410;100016;164.34;750;10083893477;S
20240410;100016;164.4;10;10083893517;B
20240410;100016;164.4;40;10083893545;B
20240410;100016;164.42;960;10083893569;S
20240410;100016;164.38;200;10083893570;S
20240410;100016;164.38;2590;10083893571;S
20240410;100016;164.52;200;10083893602;B
20240410;100016;164.52;100;10083893603;B
20240410;100016;164.56;30;10083893604;B
20240410;100016;164.56;1170;10083893605;B
20240410;100016;164.56;1530;10083893606;B
20240410;100016;164.58;1970;10083893607;B
20240410;100016;164.42;50;10083893624;S
20240410;100016;164.42;1150;10083893625;S
20240410;100016;164.56;30;10083893626;B
20240410;100017;164.5;10;10083893643;B
20240410;100017;164.48;50;10083893656;S
20240410;100017;164.48;50;10083893674;B
20240410;100017;164.5;30;10083893675;B
20240410;100017;164.44;50;10083893685;S
20240410;100017;164.5;50;10083893686;B
20240410;100017;164.52;150;10083893687;B
20240410;100017;164.52;100;10083893703;B
20240410;100017;164.54;150;10083893704;B
20240410;100017;164.56;250;10083893705;B
20240410;100017;164.48;10;10083893711;S
20240410;100017;164.44;20;10083893712;S
20240410;100017;164.48;200;10083893743;S
20240410;100017;164.44;30;10083893744;S
20240410;100017;164.44;170;10083893745;S
20240410;100017;164.56;200;10083893749;B
20240410;100017;164.58;670;10083893750;B
20240410;100017;164.58;1330;10083893751;B
20240410;100017;164.6;600;10083893884;B
20240410;100017;164.6;500;10083893896;B
20240410;100018;164.52;600;10083894037;S
20240410;100018;164.52;10;10083894038;S
20240410;100018;164.52;50;10083894040;S
20240410;100018;164.54;10;10083894096;S
20240410;100018;164.52;50;10083894097;S
20240410;100018;164.56;100;10083894100;B
20240410;100018;164.6;300;10083894101;B
20240410;100018;164.6;10;10083894150;B
20240410;100018;164.6;6810;10083894188;B
20240410;100018;164.6;30;10083894237;B
20240410;100018;164.6;60;10083894280;B
20240410;100018;164.6;10;10083894379;B
20240410;100018;164.6;50;10083894415;B
20240410;100018;164.6;500;10083894417;B
20240410;100018;164.6;50;10083894424;B
20240410;100018;164.54;20;10083894464;S
20240410;100018;164.52;290;10083894465;S
20240410;100018;164.52;190;10083894466;S
20240410;100018;164.52;20;10083894479;S
20240410;100019;164.6;1000;10083894532;B
20240410;100019;164.6;30;10083894553;B
20240410;100019;164.6;5050;10083894580;B
20240410;100019;164.6;30;10083894581;B
20240410;100019;164.6;10;10083894582;B
20240410;100019;164.62;20;10083894583;B
20240410;100019;164.64;50;10083894606;B
20240410;100019;164.64;20;10083894607;B
20240410;100019;164.68;30;10083894682;B
20240410;100019;164.68;10;10083894690;B
20240410;100019;164.68;410;10083894843;B
20240410;100020;164.68;30;10083894873;B
20240410;100020;164.64;40;10083894899;S
20240410;100020;164.68;10;10083895009;B
20240410;100020;164.64;100;10083895030;S
20240410;100020;164.68;20;10083895057;B
20240410;100020;164.68;10;10083895059;B
20240410;100020;164.68;30;10083895074;B
20240410;100020;164.66;10;10083895077;S
20240410;100020;164.64;140;10083895078;S
20240410;100020;164.64;200;10083895079;S
20240410;100020;164.64;10;10083895080;S
20240410;100020;164.62;50;10083895081;S
20240410;100020;164.62;10;10083895082;S
20240410;100020;164.62;100;10083895083;S
20240410;100020;164.6;480;10083895084;S
20240410;100020;164.6;20;10083895129;S
20240410;100020;164.64;250;10083895166;B
20240410;100020;164.66;1430;10083895167;B
20240410;100021;164.66;30;10083895202;B
20240410;100021;164.66;100;10083895286;B
20240410;100021;164.66;30;10083895322;B
20240410;100021;164.66;750;10083895335;B
20240410;100021;164.62;10;10083895356;S
20240410;100021;164.6;20;10083895360;S
20240410;100021;164.6;30;10083895361;S
20240410;100021;164.64;40;10083895376;B
20240410;100021;164.66;560;10083895377;B
20240410;100021;164.66;30;10083895445;B
20240410;100021;164.66;940;10083895481;B
20240410;100021;164.68;60;10083895482;B
20240410;100022;164.66;60;10083895488;B
20240410;100022;164.66;1120;10083895491;B
20240410;100022;164.6;70;10083895511;S
20240410;100022;164.58;10;10083895512;S
20240410;100022;164.58;60;10083895513;S
20240410;100022;164.62;10;10083895545;B
20240410;100022;164.62;30;10083895549;B
20240410;100022;164.58;30;10083895563;S
20240410;100022;164.62;100;10083895616;B
20240410;100022;164.64;20;10083895617;B
20240410;100022;164.66;910;10083895618;B
20240410;100022;164.58;110;10083895638;S
20240410;100022;164.56;1000;10083895639;S
20240410;100022;164.56;200;10083895640;S
20240410;100022;164.54;10;10083895641;S
20240410;100022;164.54;180;10083895642;S
20240410;100022;164.64;30;10083895645;B
20240410;100022;164.58;10;10083895673;S
20240410;100022;164.56;200;10083895674;S
20240410;100022;164.54;20;10083895675;S
20240410;100022;164.54;10;10083895676;S
20240410;100022;164.54;2500;10083895677;S
20240410;100022;164.52;10;10083895678;S
20240410;100022;164.52;50;10083895679;S
20240410;100022;164.52;200;10083895680;S
20240410;100023;164.5;10;10083895810;S
20240410;100023;164.5;10;10083895811;S
20240410;100023;164.5;2000;10083895812;S
20240410;100023;164.48;1000;10083895813;S
20240410;100023;164.48;4480;10083895814;S
20240410;100023;164.56;10;10083895839;B
20240410;100023;164.58;10;10083895840;B
20240410;100024;164.56;30;10083895944;B
20240410;100024;164.48;1100;10083895947;S
20240410;100024;164.56;70;10083895948;B
20240410;100024;164.58;190;10083895949;B
20240410;100024;164.6;200;10083895950;B
20240410;100024;164.6;50;10083895951;B
20240410;100024;164.6;680;10083895952;B
20240410;100024;164.62;200;10083895953;B
20240410;100024;164.62;310;10083895954;B
20240410;100024;164.58;150;10083896019;B
20240410;100024;164.5;4150;10083896060;S
20240410;100024;164.58;30;10083896088;B
20240410;100024;164.5;40;10083896089;S
20240410;100025;164.58;50;10083896118;B
20240410;100025;164.6;140;10083896119;B
20240410;100025;164.6;10;10083896144;B
20240410;100025;164.52;100;10083896185;S
20240410;100025;164.6;20;10083896305;B
20240410;100025;164.6;10;10083896311;B
20240410;100026;164.54;10;10083896357;S
20240410;100026;164.56;20;10083896410;B
20240410;100026;164.58;10;10083896411;B
20240410;100026;164.6;20;10083896412;B
20240410;100026;164.6;10;10083896413;B
20240410;100026;164.6;40;10083896414;B
20240410;100026;164.6;190;10083896415;B
20240410;100026;164.58;1000;10083896425;S
20240410;100026;164.6;10;10083896457;B
20240410;100026;164.6;100;10083896493;B
20240410;100026;164.58;100;10083896510;S
20240410;100026;164.58;50;10083896527;S
20240410;100027;164.6;10;10083896628;B
20240410;100027;164.58;60;10083896655;S
20240410;100027;164.58;50;10083896656;S
20240410;100027;164.54;40;10083896657;S
20240410;100027;164.54;150;10083896659;S
20240410;100027;164.54;70;10083896683;S
20240410;100027;164.54;70;10083896684;S
20240410;100027;164.54;80;10083896704;S
20240410;100027;164.54;80;10083896711;S
20240410;100027;164.6;1500;10083896745;B
20240410;100027;164.6;600;10083896834;B
20240410;100027;164.6;20;10083896840;B
20240410;100027;164.58;10;10083896846;S
20240410;100027;164.54;500;10083896847;S
20240410;100027;164.54;10;10083896848;S
20240410;100027;164.52;100;10083896849;S
20240410;100027;164.52;50;10083896850;S
20240410;100027;164.52;250;10083896851;S
20240410;100027;164.5;4080;10083896852;S
20240410;100027;164.52;200;10083896904;S
20240410;100027;164.5;9730;10083896905;S
20240410;100027;164.48;70;10083896906;S
20240410;100028;164.6;20;10083896938;B
20240410;100028;164.5;70;10083896943;S
20240410;100028;164.5;130;10083896992;S
20240410;100028;164.5;10;10083896993;S
20240410;100028;164.5;10;10083897060;B
20240410;100028;164.48;290;10083897095;S
20240410;100028;164.5;200;10083897101;B
20240410;100028;164.52;200;10083897102;B
20240410;100028;164.56;280;10083897103;B
20240410;100028;164.56;1000;10083897104;B
20240410;100028;164.58;140;10083897105;B
20240410;100028;164.58;500;10083897106;B
20240410;100028;164.6;3180;10083897107;B
20240410;100028;164.58;300;10083897134;B
20240410;100028;164.58;200;10083897135;B
20240410;100028;164.6;1760;10083897136;B
20240410;100028;164.6;50;10083897137;B
20240410;100028;164.6;1170;10083897138;B
20240410;100028;164.62;130;10083897139;B
20240410;100028;164.62;1000;10083897140;B
20240410;100028;164.62;20;10083897141;B
20240410;100028;164.62;200;10083897142;B
20240410;100028;164.64;50;10083897143;B
20240410;100028;164.66;5000;10083897144;B
20240410;100028;164.66;120;10083897145;B
20240410;100028;164.6;500;10083897156;S
20240410;100028;164.64;10;10083897179;B
20240410;100028;164.52;20;10083897249;S
20240410;100028;164.5;200;10083897261;S
20240410;100028;164.5;2300;10083897262;S
20240410;100029;164.54;190;10083897309;B
20240410;100029;164.5;110;10083897321;S
20240410;100029;164.5;90;10083897322;S
20240410;100029;164.54;10;10083897332;B
20240410;100029;164.56;250;10083897333;B
20240410;100029;164.58;1740;10083897334;B
20240410;100029;164.5;110;10083897359;S
20240410;100029;164.48;1890;10083897360;S
20240410;100029;164.52;1000;10083897459;B
20240410;100029;164.56;200;10083897460;B
20240410;100029;164.58;1260;10083897461;B
20240410;100029;164.6;390;10083897462;B
20240410;100030;164.6;2000;10083897482;S
20240410;100030;164.62;50;10083897490;B
20240410;100030;164.62;200;10083897491;B
20240410;100030;164.62;50;10083897492;B
20240410;100030;164.64;310;10083897493;B
20240410;100030;164.6;1000;10083897511;S
20240410;100030;164.64;40;10083897609;B
20240410;100030;164.64;60;10083897610;B
20240410;100030;164.6;150;10083897642;S
20240410;100030;164.6;750;10083897643;S
20240410;100030;164.52;100;10083897644;S
20240410;100030;164.54;250;10083897654;S
20240410;100030;164.52;520;10083897655;S
20240410;100030;164.6;200;10083897678;B
20240410;100030;164.64;130;10083897679;B
20240410;100030;164.64;2300;10083897680;B
20240410;100030;164.64;2000;10083897681;B
20240410;100030;164.64;5370;10083897682;B
20240410;100030;164.64;100;10083897688;B
20240410;100031;164.64;350;10083897706;B
20240410;100031;164.64;1820;10083897717;B
20240410;100031;164.64;20;10083897735;B
20240410;100031;164.6;10;10083897771;S
20240410;100031;164.58;200;10083897772;S
20240410;100031;164.56;190;10083897773;S
20240410;100031;164.62;200;10083897840;B
20240410;100031;164.62;10;10083897841;B
20240410;100031;164.64;40;10083897842;B
20240410;100031;164.64;200;10083897843;B
20240410;100031;164.66;880;10083897844;B
20240410;100031;164.66;130;10083897845;B
20240410;100031;164.66;100;10083897853;B
20240410;100031;164.58;140;10083897904;S
20240410;100031;164.64;20;10083897939;B
20240410;100031;164.64;80;10083897940;B
20240410;100031;164.64;20;10083897944;B
20240410;100032;164.56;200;10083897953;S
20240410;100032;164.56;50;10083897954;S
20240410;100032;164.6;10;10083898006;S
20240410;100032;164.6;20;10083898007;S
20240410;100032;164.6;970;10083898008;B
20240410;100032;164.64;30;10083898009;B
20240410;100032;164.6;20;10083898017;S
20240410;100032;164.58;40;10083898018;S
20240410;100032;164.58;1000;10083898019;S
20240410;100032;164.58;200;10083898020;S
20240410;100032;164.56;950;10083898021;S
20240410;100032;164.54;10;10083898022;S
20240410;100032;164.52;1280;10083898023;S
20240410;100032;164.54;200;10083898047;S
20240410;100032;164.52;300;10083898048;S
20240410;100032;164.52;7900;10083898049;S
20240410;100032;164.52;200;10083898050;S
20240410;100032;164.5;830;10083898051;S
20240410;100032;164.5;2000;10083898052;S
20240410;100032;164.48;2170;10083898053;S
20240410;100032;164.48;500;10083898054;S
20240410;100032;164.48;1600;10083898055;S
20240410;100032;164.6;100;10083898061;B
20240410;100032;164.6;10;10083898062;B
20240410;100032;164.6;90;10083898063;B
20240410;100032;164.62;280;10083898064;B
20240410;100032;164.64;140;10083898065;B
20240410;100032;164.64;20;10083898066;B
20240410;100032;164.64;250;10083898067;B
20240410;100032;164.66;1770;10083898068;B
20240410;100032;164.66;300;10083898069;B
20240410;100032;164.68;3000;10083898070;B
20240410;100032;164.68;500;10083898071;B
20240410;100032;164.68;10;10083898072;B
20240410;100032;164.7;200;10083898073;B
20240410;100032;164.7;3440;10083898074;B
20240410;100032;164.62;940;10083898089;S
20240410;100033;164.6;10;10083898125;S
20240410;100033;164.6;1000;10083898139;S
20240410;100033;164.6;10;10083898145;S
20240410;100033;164.68;200;10083898147;B
20240410;100033;164.6;310;10083898198;S
20240410;100033;164.6;20;10083898199;S
20240410;100033;164.56;200;10083898200;S
20240410;100033;164.56;100;10083898201;S
20240410;100033;164.54;2370;10083898202;S
20240410;100033;164.68;10;10083898229;B
20240410;100033;164.58;200;10083898251;S
20240410;100033;164.56;800;10083898252;S
20240410;100033;164.68;190;10083898259;B
20240410;100033;164.7;10;10083898260;B
20240410;100033;164.68;150;10083898290;B
20240410;100034;164.66;20;10083898299;B
20240410;100034;164.6;100;10083898303;S
20240410;100034;164.54;10;10083898329;S
20240410;100034;164.66;180;10083898333;B
20240410;100034;164.68;50;10083898334;B
20240410;100034;164.7;270;10083898335;B
20240410;100034;164.56;200;10083898388;S
20240410;100034;164.54;2860;10083898389;S
20240410;100034;164.52;140;10083898414;S
20240410;100035;164.68;200;10083898463;B
20240410;100035;164.7;230;10083898464;B
20240410;100035;164.54;5000;10083898510;S
20240410;100035;164.5;100;10083898555;S
20240410;100036;164.54;200;10083898659;B
20240410;100036;164.54;100;10083898660;B
20240410;100036;164.56;60;10083898683;B
20240410;100036;164.5;150;10083898685;S
20240410;100036;164.5;1000;10083898686;S
20240410;100036;164.5;200;10083898687;S
20240410;100036;164.5;20;10083898688;S
20240410;100036;164.5;40;10083898778;B
20240410;100037;164.5;10;10083898898;B
20240410;100037;164.48;600;10083898918;S
20240410;100037;164.5;3580;10083898979;B
20240410;100037;164.5;250;10083898980;B
20240410;100037;164.52;200;10083898981;B
20240410;100037;164.52;100;10083898982;B
20240410;100037;164.56;40;10083898983;B
20240410;100037;164.6;200;10083898984;B
20240410;100037;164.6;2000;10083898985;B
20240410;100037;164.62;20;10083898986;B
20240410;100037;164.62;1000;10083898987;B
20240410;100037;164.62;2610;10083898988;B
20240410;100037;164.56;10;10083899044;B
20240410;100037;164.56;90;10083899045;B
20240410;100038;164.56;300;10083899085;B
20240410;100038;164.56;10;10083899099;B
20240410;100038;164.56;100;10083899100;B
20240410;100038;164.62;200;10083899101;B
20240410;100038;164.62;190;10083899115;B
20240410;100038;164.64;50;10083899116;B
20240410;100038;164.66;160;10083899117;B
20240410;100038;164.7;600;10083899118;B
20240410;100038;164.6;100;10083899119;S
20240410;100038;164.54;900;10083899120;S
20240410;100038;164.68;60;10083899122;B
20240410;100038;164.7;1000;10083899171;B
20240410;100038;164.6;100;10083899275;S
20240410;100038;164.58;200;10083899276;S
20240410;100038;164.56;3660;10083899277;S
20240410;100038;164.54;1030;10083899278;S
20240410;100039;164.56;50;10083899365;B
20240410;100039;164.68;100;10083899408;B
20240410;100039;164.68;100;10083899429;B
20240410;100039;164.68;860;10083899430;B
20240410;100039;164.68;240;10083899447;B
20240410;100039;164.56;450;10083899488;S
20240410;100039;164.54;200;10083899489;S
20240410;100039;164.54;10;10083899490;S
20240410;100039;164.52;10;10083899491;S
20240410;100039;164.52;200;10083899492;S
20240410;100039;164.52;1130;10083899493;S
20240410;100039;164.52;10;10083899494;S
20240410;100040;164.66;10;10083899512;B
20240410;100040;164.66;200;10083899513;B
20240410;100040;164.68;790;10083899514;B
20240410;100040;164.68;140;10083899520;B
20240410;100040;164.68;600;10083899541;B
20240410;100040;164.66;50;10083899567;B
20240410;100040;164.66;180;10083899580;B
20240410;100040;164.66;20;10083899582;B
20240410;100040;164.68;80;10083899583;B
20240410;100040;164.68;50;10083899584;B
20240410;100040;164.68;100;10083899592;B
20240410;100040;164.68;800;10083899594;B
20240410;100040;164.7;4450;10083899595;B
20240410;100040;164.74;10;10083899596;B
20240410;100040;164.74;3500;10083899597;B
20240410;100040;164.76;100;10083899598;B
20240410;100040;164.76;2500;10083899599;B
20240410;100040;164.78;100;10083899600;B
20240410;100040;164.78;30;10083899601;B
20240410;100040;164.78;5000;10083899602;B
20240410;100040;164.78;300;10083899603;B
20240410;100040;164.78;100;10083899604;B
20240410;100040;164.78;6610;10083899605;B
20240410;100040;164.8;100;10083899608;B
20240410;100040;164.8;500;10083899609;B
20240410;100040;164.8;1000;10083899610;B
20240410;100040;164.8;150;10083899611;B
20240410;100040;164.8;100;10083899612;B
20240410;100040;164.8;1440;10083899613;B
20240410;100041;164.66;10;10083899682;B
20240410;100041;164.68;20;10083899695;B
20240410;100041;164.64;10;10083899698;S
20240410;100041;164.68;30;10083899701;B
20240410;100041;164.68;150;10083899759;B
20240410;100041;164.68;100;10083899791;B
20240410;100041;164.66;50;10083899795;S
20240410;100041;164.66;150;10083899796;S
20240410;100041;164.68;200;10083899840;B
20240410;100041;164.68;200;10083899841;B
20240410;100041;164.7;10;10083899842;B
20240410;100042;164.7;2590;10083899937;S
20240410;100042;164.7;50;10083899938;S
20240410;100042;164.7;10;10083899939;S
20240410;100042;164.66;200;10083899940;S
20240410;100042;164.64;190;10083899941;S
20240410;100042;164.6;10;10083899942;S
20240410;100042;164.6;250;10083899943;S
20240410;100042;164.58;1000;10083899944;S
20240410;100042;164.58;10;10083899945;S
20240410;100042;164.58;10;10083899946;S
20240410;100042;164.58;10;10083899947;S
20240410;100042;164.56;10;10083899948;S
20240410;100042;164.56;5500;10083899949;S
20240410;100042;164.56;160;10083899950;S
20240410;100042;164.66;50;10083899953;B
20240410;100042;164.58;200;10083899983;S
20240410;100042;164.56;200;10083899984;S
20240410;100042;164.56;3660;10083899985;S
20240410;100042;164.54;2000;10083899986;S
20240410;100042;164.54;10;10083899987;S
20240410;100042;164.54;250;10083899988;S
20240410;100042;164.52;5000;10083899989;S
20240410;100042;164.52;10;10083899990;S
20240410;100042;164.5;10000;10083899991;S
20240410;100042;164.48;230;10083899992;S
20240410;100042;164.48;200;10083899993;S
20240410;100042;164.48;10;10083899994;S
20240410;100042;164.46;500;10083899995;S
20240410;100042;164.44;200;10083899996;S
20240410;100042;164.44;200;10083899997;S
20240410;100042;164.44;8060;10083899998;S
20240410;100042;164.42;110;10083899999;S
20240410;100042;164.42;10;10083900000;S
20240410;100042;164.42;120;10083900001;S
20240410;100042;164.4;5000;10083900002;S
20240410;100042;164.4;3960;10083900003;S
20240410;100042;164.4;50;10083900004;S
20240410;100042;164.4;75530;10083900005;B
20240410;100042;164.4;200;10083900006;B
20240410;100042;164.4;10;10083900014;B
20240410;100042;164.4;120;10083900019;B
20240410;100042;164.38;10;10083900029;S
20240410;100042;164.38;20;10083900037;S
20240410;100042;164.34;20;10083900038;S
20240410;100042;164.38;200;10083900048;B
20240410;100042;164.38;150;10083900057;B
20240410;100042;164.4;280;10083900058;B
20240410;100042;164.4;1000;10083900087;B
20240410;100042;164.4;1000;10083900089;B
20240410;100042;164.4;70;10083900094;B
20240410;100043;164.34;80;10083900203;S
20240410;100043;164.34;20;10083900204;S
20240410;100043;164.34;100;10083900226;S
20240410;100044;164.38;10;10083900325;B
20240410;100044;164.38;240;10083900334;B
20240410;100044;164.4;22160;10083900335;B
20240410;100044;164.38;150;10083900341;B
20240410;100044;164.36;40;10083900343;S
20240410;100044;164.34;110;10083900344;S
20240410;100044;164.34;10;10083900369;S
20240410;100044;164.4;500;10083900375;B
20240410;100044;164.4;1000;10083900377;B
20240410;100044;164.4;100;10083900396;B
20240410;100045;164.4;1000;10083900486;B
20240410;100045;164.4;3000;10083900500;B
20240410;100045;164.4;200;10083900501;B
20240410;100045;164.4;50;10083900508;B
20240410;100045;164.36;1500;10083900515;S
20240410;100045;164.34;50;10083900516;S
20240410;100045;164.34;100;10083900517;S
20240410;100045;164.32;10;10083900518;S
20240410;100045;164.3;440;10083900519;S
20240410;100045;164.3;10;10083900520;S
20240410;100045;164.3;200;10083900521;S
20240410;100045;164.3;200;10083900522;S
20240410;100045;164.28;3660;10083900523;S
20240410;100045;164.26;200;10083900524;S
20240410;100045;164.26;1530;10083900525;S
20240410;100045;164.26;2100;10083900526;S
20240410;100045;164.38;200;10083900527;B
20240410;100045;164.4;3800;10083900528;B
20240410;100045;164.46;1000;10083900529;B
20240410;100045;164.48;1200;10083900537;B
20240410;100045;164.44;40;10083900556;S
20240410;100045;164.42;100;10083900557;S
20240410;100045;164.36;80;10083900558;S
20240410;100045;164.48;120;10083900586;B
20240410;100045;164.36;1000;10083900605;S
20240410;100045;164.34;530;10083900612;S
20240410;100045;164.28;20;10083900681;S
20240410;100045;164.44;50;10083900684;B
20240410;100045;164.54;10;10083900688;B
20240410;100045;164.4;200;10083900690;S
20240410;100045;164.48;200;10083900716;B
20240410;100045;164.48;300;10083900717;B
20240410;100046;164.34;140;10083900733;S
20240410;100046;164.48;1000;10083900753;B
20240410;100046;164.34;60;10083900761;S
20240410;100046;164.34;50;10083900762;S
20240410;100046;164.28;890;10083900763;S
20240410;100046;164.26;50;10083900786;S
20240410;100046;164.26;50;10083900815;S
20240410;100046;164.4;200;10083900854;B
20240410;100046;164.44;1330;10083900855;B
20240410;100046;164.44;500;10083900856;B
20240410;100046;164.46;50;10083900857;B
20240410;100046;164.46;2040;10083900858;B
20240410;100046;164.54;10;10083900868;B
20240410;100046;164.56;100;10083900869;B
20240410;100046;164.56;1660;10083900870;B
20240410;100046;164.38;100;10083900904;S
20240410;100046;164.3;200;10083900923;S
20240410;100046;164.3;1220;10083900924;S
20240410;100046;164.3;1530;10083900925;S
20240410;100046;164.28;50;10083900926;S
20240410;100046;164.28;800;10083900927;S
20240410;100046;164.28;300;10083900928;S
20240410;100046;164.28;900;10083900929;S
20240410;100047;164.38;120;10083900978;B
20240410;100047;164.3;280;10083900981;S
20240410;100047;164.34;20;10083901006;B
20240410;100047;164.34;150;10083901007;B
20240410;100047;164.34;420;10083901018;B
20240410;100047;164.26;500;10083901025;S
20240410;100047;164.34;40;10083901052;B
20240410;100047;164.26;720;10083901082;S
20240410;100047;164.24;1000;10083901083;S
20240410;100047;164.24;50;10083901084;S
20240410;100047;164.22;50;10083901085;S
20240410;100047;164.22;500;10083901086;S
20240410;100047;164.22;30;10083901087;S
20240410;100047;164.22;10;10083901088;S
20240410;100047;164.22;10;10083901089;S
20240410;100047;164.22;200;10083901090;S
20240410;100047;164.22;490;10083901091;S
20240410;100047;164.2;100;10083901105;S
20240410;100048;164.2;100;10083901167;S
20240410;100048;164.2;50;10083901168;S
20240410;100048;164.2;150;10083901205;S
20240410;100048;164.34;1370;10083901206;B
20240410;100048;164.34;200;10083901207;B
20240410;100048;164.38;380;10083901208;B
20240410;100048;164.38;50;10083901209;B
20240410;100048;164.38;500;10083901289;B
20240410;100048;164.36;200;10083901297;B
20240410;100048;164.3;50;10083901311;B
20240410;100048;164.3;40;10083901359;B
20240410;100048;164.26;200;10083901376;S
20240410;100048;164.22;1220;10083901377;S
20240410;100048;164.22;80;10083901378;S
20240410;100049;164.22;30;10083901507;S
20240410;100049;164.36;10;10083901509;B
20240410;100049;164.24;20;10083901535;S
20240410;100049;164.22;1150;10083901541;S
20240410;100049;164.24;400;10083901575;B
20240410;100049;164.26;100;10083901576;B
20240410;100049;164.26;30;10083901588;B
20240410;100049;164.26;10;10083901590;B
20240410;100049;164.2;500;10083901601;S
20240410;100049;164.18;10;10083901602;S
20240410;100049;164.18;500;10083901603;S
20240410;100049;164.18;200;10083901604;S
20240410;100049;164.18;1170;10083901605;S
20240410;100049;164.16;60;10083901606;S
20240410;100049;164.16;420;10083901607;S
20240410;100049;164.16;2140;10083901608;S
20240410;100049;164.24;60;10083901614;B
20240410;100050;164.14;1000;10083901680;S
20240410;100050;164.1;150;10083901681;S
20240410;100050;164.1;100;10083901682;S
20240410;100050;164.1;60;10083901683;S
20240410;100050;164.1;1000;10083901684;S
20240410;100050;164.1;200;10083901685;S
20240410;100050;164.08;10;10083901686;S
20240410;100050;164.08;10000;10083901687;S
20240410;100050;164.08;1040;10083901688;S
20240410;100050;164.06;200;10083901734;S
20240410;100050;164.06;140;10083901735;B
20240410;100050;164.04;2170;10083901799;S
20240410;100050;164.04;500;10083901800;S
20240410;100050;164.04;10;10083901801;S
20240410;100050;164.04;1000;10083901802;S
20240410;100050;164.02;10;10083901803;S
20240410;100050;164.02;2500;10083901804;S
20240410;100050;164.02;200;10083901805;S
20240410;100050;164.02;700;10083901806;S
20240410;100050;164.02;1000;10083901807;S
20240410;100050;164.02;10;10083901808;S
20240410;100050;164.02;10;10083901809;S
20240410;100050;164.02;10;10083901810;S
20240410;100050;164.02;10;10083901811;S
20240410;100050;164;2670;10083901812;S
20240410;100050;164;10000;10083901817;S
20240410;100050;164;20;10083901822;S
20240410;100050;164.04;200;10083901823;B
20240410;100050;164.06;660;10083901824;B
20240410;100050;164.06;40;10083901825;B
20240410;100050;164.06;20;10083901826;B
20240410;100050;164.2;1080;10083901827;B
20240410;100050;164.1;200;10083901828;S
20240410;100050;164.06;50;10083901831;S
20240410;100050;164.06;150;10083901832;S
20240410;100050;164;20;10083901835;S
20240410;100050;164;6230;10083901844;S
20240410;100051;164;20000;10083901849;S
20240410;100051;164;400;10083901860;S
20240410;100051;164.04;200;10083901862;B
20240410;100051;164.06;30;10083901863;B
20240410;100051;164;960;10083901867;S
20240410;100051;164;40;10083901868;S
20240410;100051;164;10;10083901879;S
20240410;100051;164;250;10083901880;S
20240410;100051;164;50;10083901881;S
20240410;100051;164;950;10083901894;S
20240410;100051;164;1000;10083901895;S
20240410;100051;164;30;10083901896;S
20240410;100051;164;800;10083901897;S
20240410;100051;164;10;10083901898;S
20240410;100051;164;10;10083901899;S
20240410;100051;164;100;10083901900;S
20240410;100051;164;250;10083901901;S
20240410;100051;164;3350;10083901902;S
20240410;100051;164;8000;10083901903;S
20240410;100051;164;1000;10083901906;S
20240410;100051;164;100;10083901920;S
20240410;100051;164;5000;10083901921;S
20240410;100051;164;40;10083901922;S
20240410;100051;164;190;10083901931;S
20240410;100051;164;400;10083901932;S
20240410;100051;164;1000;10083901936;S
20240410;100051;164;3000;10083901937;S
20240410;100051;164;1520;10083901945;S
20240410;100051;164;100;10083901946;S
20240410;100051;164;1000;10083901947;S
20240410;100051;164;10;10083901948;S
20240410;100051;164;90;10083901949;S
20240410;100051;164;90;10083901950;S
20240410;100051;164;10;10083901951;S
20240410;100051;164;10;10083901952;S
20240410;100051;164;1670;10083901953;S
20240410;100051;164;10;10083901954;S
20240410;100051;164;1560;10083901955;S
20240410;100051;164;40;10083901958;S
20240410;100051;164;200;10083901959;S
20240410;100051;164;50;10083901963;S
20240410;100051;164;150;10083901964;S
20240410;100051;164;850;10083901965;S
20240410;100051;164;210;10083901966;S
20240410;100051;164;670;10083901987;S
20240410;100051;164;500;10083901988;S
20240410;100051;163.98;50;10083902003;S
20240410;100051;163.98;10;10083902004;S
20240410;100051;163.98;100;10083902005;S
20240410;100051;163.98;50;10083902006;S
20240410;100051;163.98;10;10083902007;S
20240410;100051;163.98;10;10083902008;S
20240410;100051;163.98;10;10083902009;S
20240410;100051;163.98;160;10083902010;S
20240410;100051;163.98;50;10083902011;S
20240410;100051;163.98;160;10083902014;S
20240410;100051;163.98;10;10083902015;S
20240410;100051;163.98;20;10083902016;S
20240410;100051;163.98;20;10083902017;S
20240410;100051;163.98;100;10083902018;S
20240410;100051;163.98;10;10083902019;S
20240410;100051;163.98;20;10083902020;S
20240410;100051;163.98;500;10083902021;S
20240410;100051;163.98;200;10083902022;S
20240410;100051;163.98;10;10083902023;S
20240410;100051;163.98;250;10083902024;S
20240410;100051;163.92;10000;10083902025;S
20240410;100051;163.9;10;10083902026;S
20240410;100051;163.9;490;10083902027;S
20240410;100051;163.9;110;10083902028;S
20240410;100051;163.9;1220;10083902029;S
20240410;100051;163.9;1000;10083902030;S
20240410;100051;163.9;50;10083902031;S
20240410;100051;163.8;100;10083902032;S
20240410;100051;163.8;10;10083902033;S
20240410;100051;163.8;20;10083902034;S
20240410;100051;163.8;200;10083902035;S
20240410;100051;163.8;10;10083902036;S
20240410;100051;163.8;200;10083902037;S
20240410;100051;163.78;800;10083902038;S
20240410;100051;163.78;500;10083902039;S
20240410;100051;163.76;6100;10083902040;S
20240410;100051;163.72;1220;10083902041;S
20240410;100051;163.7;290;10083902042;S
20240410;100051;163.7;1000;10083902043;S
20240410;100051;163.68;2370;10083902044;S
20240410;100051;163.88;50;10083902045;B
20240410;100051;163.88;50;10083902046;B
20240410;100051;163.78;200;10083902053;S
20240410;100051;163.78;100;10083902054;S
20240410;100051;163.76;100;10083902055;S
20240410;100051;163.74;50;10083902056;B
20240410;100051;163.74;50;10083902057;B
20240410;100051;163.74;50;10083902058;B
20240410;100051;163.7;150;10083902062;S
20240410;100051;163.7;210;10083902065;S
20240410;100051;163.7;100;10083902066;S
20240410;100051;163.7;760;10083902067;S
20240410;100051;163.68;250;10083902068;S
20240410;100051;163.7;80;10083902075;S
20240410;100051;163.7;100;10083902076;S
20240410;100051;163.7;20;10083902078;S
20240410;100051;163.7;190;10083902086;S
20240410;100051;163.74;50;10083902128;B
20240410;100051;163.76;500;10083902129;B
20240410;100051;163.76;350;10083902130;B
20240410;100051;163.74;10;10083902151;B
20240410;100051;163.7;830;10083902152;S
20240410;100051;163.68;3480;10083902153;S
20240410;100051;163.68;8690;10083902154;S
20240410;100051;163.68;500;10083902155;S
20240410;100052;163.66;1000;10083902160;S
20240410;100052;163.66;30;10083902161;S
20240410;100052;163.64;100;10083902162;S
20240410;100052;163.64;1250;10083902163;S
20240410;100052;163.62;200;10083902164;S
20240410;100052;163.62;200;10083902165;S
20240410;100052;163.62;1220;10083902166;S
20240410;100052;163.6;10;10083902167;S
20240410;100052;163.6;40;10083902168;S
20240410;100052;163.62;100;10083902171;S
20240410;100052;163.62;230;10083902172;S
20240410;100052;163.62;890;10083902173;S
20240410;100052;163.6;60;10083902174;S
20240410;100052;163.6;10;10083902175;S
20240410;100052;163.6;20;10083902176;S
20240410;100052;163.6;5820;10083902177;S
20240410;100052;163.64;200;10083902181;B
20240410;100052;163.66;4800;10083902182;B
20240410;100052;163.64;200;10083902186;B
20240410;100052;163.66;4200;10083902187;B
20240410;100052;163.6;290;10083902188;S
20240410;100052;163.56;10;10083902189;S
20240410;100052;163.62;200;10083902201;S
20240410;100052;163.62;200;10083902205;S
20240410;100052;163.56;800;10083902206;S
20240410;100052;163.64;200;10083902210;B
20240410;100052;163.58;200;10083902212;S
20240410;100052;163.56;160;10083902213;S
20240410;100052;163.56;30;10083902214;S
20240410;100052;163.56;30;10083902215;S
20240410;100052;163.64;50;10083902219;B
20240410;100052;163.56;1310;10083902220;S
20240410;100052;163.56;1220;10083902221;S
20240410;100052;163.56;200;10083902222;S
20240410;100052;163.54;1000;10083902223;S
20240410;100052;163.54;50;10083902224;S
20240410;100052;163.54;2220;10083902225;S
20240410;100052;163.54;890;10083902233;S
20240410;100052;163.52;1110;10083902234;S
20240410;100052;163.52;1000;10083902235;S
20240410;100052;163.52;2890;10083902236;S
20240410;100052;163.52;60;10083902237;S
20240410;100052;163.52;50;10083902238;S
20240410;100052;163.52;150;10083902242;S
20240410;100052;163.52;160;10083902243;S
20240410;100052;163.64;150;10083902245;B
20240410;100052;163.64;520;10083902246;B
20240410;100052;163.52;10;10083902247;S
20240410;100052;163.52;1360;10083902248;S
20240410;100052;163.52;200;10083902249;S
20240410;100052;163.5;500;10083902250;S
20240410;100052;163.5;500;10083902251;S
20240410;100052;163.5;10;10083902252;S
20240410;100052;163.5;100;10083902253;S
20240410;100052;163.5;20;10083902254;S
20240410;100052;163.5;100;10083902255;S
20240410;100052;163.5;100;10083902256;S
20240410;100052;163.5;500;10083902257;S
20240410;100052;163.5;50;10083902258;S
20240410;100052;163.5;300;10083902259;S
20240410;100052;163.5;20;10083902260;S
20240410;100052;163.5;150;10083902261;S
20240410;100052;163.5;600;10083902262;S
20240410;100052;163.5;200;10083902263;S
20240410;100052;163.5;1500;10083902264;S
20240410;100052;163.5;6000;10083902265;S
20240410;100052;163.5;10;10083902266;S
20240410;100052;163.5;400;10083902267;S
20240410;100052;163.5;7380;10083902268;S
20240410;100052;163.54;250;10083902272;S
20240410;100052;163.54;400;10083902278;S
20240410;100052;163.62;20;10083902279;B
20240410;100052;163.54;210;10083902282;S
20240410;100052;163.62;50;10083902287;B
20240410;100052;163.54;1000;10083902295;S
20240410;100052;163.54;140;10083902310;S
20240410;100052;163.48;100;10083902311;S
20240410;100052;163.48;70;10083902312;S
20240410;100052;163.48;200;10083902313;S
20240410;100052;163.48;500;10083902314;S
20240410;100052;163.48;200;10083902315;S
20240410;100052;163.44;70;10083902316;S
20240410;100052;163.44;10;10083902323;S
20240410;100052;163.44;1390;10083902324;S
20240410;100052;163.44;400;10083902325;S
20240410;100052;163.42;100;10083902326;S
20240410;100052;163.4;200;10083902327;S
20240410;100052;163.4;510;10083902328;S
20240410;100052;163.56;10;10083902346;B
20240410;100052;163.4;150;10083902353;S
20240410;100052;163.4;550;10083902356;S
20240410;100052;163.4;210;10083902359;S
20240410;100052;163.4;300;10083902360;S
20240410;100052;163.56;30;10083902367;B
20240410;100052;163.4;100;10083902371;S
20240410;100052;163.4;920;10083902386;S
20240410;100052;163.4;400;10083902387;S
20240410;100052;163.38;680;10083902388;S
20240410;100052;163.38;220;10083902389;S
20240410;100052;163.54;100;10083902392;B
20240410;100052;163.54;100;10083902402;B
20240410;100053;163.46;1300;10083902408;S
20240410;100053;163.46;330;10083902409;S
20240410;100053;163.46;100;10083902412;S
20240410;100053;163.46;270;10083902413;S
20240410;100053;163.42;40;10083902414;S
20240410;100053;163.38;600;10083902415;S
20240410;100053;163.38;1530;10083902416;S
20240410;100053;163.36;1100;10083902417;S
20240410;100053;163.36;1000;10083902418;S
20240410;100053;163.36;200;10083902419;S
20240410;100053;163.34;900;10083902420;S
20240410;100053;163.32;220;10083902421;S
20240410;100053;163.32;450;10083902422;S
20240410;100053;163.36;10;10083902428;B
20240410;100053;163.32;30;10083902433;S
20240410;100053;163.36;200;10083902436;B
20240410;100053;163.38;300;10083902437;B
20240410;100053;163.34;560;10083902461;S
20240410;100053;163.34;40;10083902465;S
20240410;100053;163.34;620;10083902466;S
20240410;100053;163.34;380;10083902467;S
20240410;100053;163.34;40;10083902474;S
20240410;100053;163.34;80;10083902483;S
20240410;100053;163.34;1100;10083902489;S
20240410;100053;163.32;1000;10083902490;S
20240410;100053;163.3;200;10083902491;S
20240410;100053;163.28;1220;10083902492;S
20240410;100053;163.26;500;10083902493;S
20240410;100053;163.26;500;10083902494;S
20240410;100053;163.24;10;10083902495;S
20240410;100053;163.24;1470;10083902496;S
20240410;100053;163.24;530;10083902497;S
20240410;100053;163.22;200;10083902498;S
20240410;100053;163.2;100;10083902499;S
20240410;100053;163.2;520;10083902500;S
20240410;100053;163.2;100;10083902501;S
20240410;100053;163.2;100;10083902502;S
20240410;100053;163.2;1530;10083902503;S
20240410;100053;163.2;420;10083902504;B
20240410;100053;163.14;60;10083902515;S
20240410;100053;163.14;100;10083902516;S
20240410;100053;163.14;1220;10083902517;S
20240410;100053;163.14;760;10083902518;S
20240410;100053;163.14;230;10083902519;S
20240410;100053;163.14;90;10083902524;S
20240410;100053;163.16;30;10083902527;B
20240410;100053;163.2;250;10083902530;B
20240410;100053;163.2;60;10083902535;B
20240410;100053;163.2;500;10083902538;B
20240410;100053;163.16;470;10083902542;S
20240410;100053;163.14;1220;10083902543;S
20240410;100053;163.14;1310;10083902544;S
20240410;100053;163.14;130;10083902547;S
20240410;100053;163.2;500;10083902548;B
20240410;100053;163.14;1000;10083902559;S
20240410;100053;163.14;1530;10083902561;S
20240410;100053;163.14;1220;10083902562;S
20240410;100053;163.12;1000;10083902563;S
20240410;100053;163.12;5000;10083902564;S
20240410;100053;163.12;100;10083902565;S
20240410;100053;163.12;340;10083902566;S
20240410;100053;163.14;200;10083902567;S
20240410;100053;163.2;190;10083902581;B
20240410;100053;163.22;200;10083902582;B
20240410;100053;163.26;110;10083902583;B
20240410;100053;163.14;1020;10083902584;S
20240410;100053;163.12;1660;10083902585;S
20240410;100053;163.12;13000;10083902586;S
20240410;100053;163.12;2000;10083902587;S
20240410;100053;163.12;3000;10083902588;S
20240410;100053;163.1;50;10083902589;S
20240410;100053;163.1;40;10083902590;S
20240410;100053;163.1;100;10083902591;S
20240410;100053;163.1;200;10083902592;S
20240410;100053;163.04;1000;10083902593;S
20240410;100053;163.04;500;10083902594;S
20240410;100053;163.04;7430;10083902595;S
20240410;100053;163.1;200;10083902598;B
20240410;100053;163.12;300;10083902599;B
20240410;100053;163.14;200;10083902602;B
20240410;100053;163.16;2800;10083902603;B
20240410;100053;163.22;2000;10083902625;S
20240410;100053;163.08;1220;10083902626;S
20240410;100053;163.08;450;10083902627;S
20240410;100053;163.14;200;10083902635;B
20240410;100053;163.16;50;10083902636;B
20240410;100053;163.2;140;10083902651;B
20240410;100053;163.08;150;10083902660;S
20240410;100053;163.08;200;10083902662;S
20240410;100053;163.14;200;10083902670;B
20240410;100054;163.2;200;10083902677;B
20240410;100054;163.22;2800;10083902678;B
20240410;100054;163.08;1000;10083902680;S
20240410;100054;163.14;40;10083902681;B
20240410;100054;163.08;200;10083902684;S
20240410;100054;163.14;250;10083902686;B
20240410;100054;163.08;190;10083902696;S
20240410;100054;163.08;200;10083902726;S
20240410;100054;163.08;940;10083902728;S
20240410;100054;163.08;60;10083902729;S
20240410;100054;163.14;10;10083902730;B
20240410;100054;163.14;110;10083902732;B
20240410;100054;163.14;10;10083902736;B
20240410;100054;163.08;140;10083902746;S
20240410;100054;163.08;560;10083902747;S
20240410;100054;163.08;100;10083902748;S
20240410;100054;163.14;190;10083902749;B
20240410;100054;163.14;90;10083902753;B
20240410;100054;163.14;140;10083902754;B
20240410;100054;163.16;180;10083902755;B
20240410;100054;163.2;80;10083902756;B
20240410;100054;163.22;50;10083902757;B
20240410;100054;163.1;20;10083902759;S
20240410;100054;163.08;120;10083902760;S
20240410;100054;163.08;160;10083902761;S
20240410;100054;163.08;70;10083902764;S
20240410;100054;163.08;400;10083902766;S
20240410;100054;163.08;500;10083902767;S
20240410;100054;163.08;20;10083902770;S
20240410;100054;163.08;110;10083902771;S
20240410;100054;163.16;200;10083902780;B
20240410;100054;163.18;440;10083902781;B
20240410;100054;163.08;1000;10083902784;S
20240410;100054;163.08;50;10083902786;S
20240410;100054;163.1;20;10083902791;S
20240410;100054;163.08;250;10083902792;S
20240410;100054;163.08;500;10083902793;S
20240410;100054;163.08;190;10083902857;S
20240410;100054;163.16;50;10083902880;B
20240410;100054;163.18;260;10083902881;B
20240410;100054;163.16;290;10083902887;S
20240410;100054;163.16;200;10083902888;S
20240410;100054;163.14;510;10083902889;S
20240410;100054;163.14;20;10083902892;S
20240410;100054;163.18;200;10083902913;B
20240410;100054;163.2;300;10083902914;B
20240410;100054;163.2;1700;10083902915;B
20240410;100054;163.22;200;10083902916;B
20240410;100054;163.24;20;10083902917;B
20240410;100054;163.24;80;10083902918;B
20240410;100054;163.24;1920;10083902919;B
20240410;100054;163.26;890;10083902920;B
20240410;100054;163.28;370;10083902921;B
20240410;100055;163.22;1000;10083902924;S
20240410;100055;163.26;20;10083902926;S
20240410;100055;163.24;50;10083902927;S
20240410;100055;163.22;450;10083902928;S
20240410;100055;163.3;410;10083902936;S
20240410;100055;163.3;10;10083902959;S
20240410;100055;163.3;70;10083902966;S
20240410;100055;163.32;20;10083902968;B
20240410;100055;163.34;80;10083902969;B
20240410;100055;163.34;920;10083902987;B
20240410;100055;163.42;1000;10083903047;B
20240410;100055;163.38;100;10083903059;S
20240410;100055;163.42;50;10083903061;B
20240410;100055;163.4;100;10083903063;S
20240410;100055;163.38;100;10083903064;S
20240410;100055;163.42;450;10083903070;B
20240410;100055;163.42;70;10083903071;B
20240410;100055;163.42;20;10083903074;S
20240410;100055;163.42;250;10083903076;S
20240410;100055;163.42;500;10083903082;S
20240410;100055;163.42;110;10083903093;S
20240410;100055;163.4;400;10083903094;S
20240410;100055;163.4;30;10083903095;S
20240410;100055;163.4;20;10083903096;S
20240410;100055;163.38;100;10083903097;S
20240410;100055;163.38;20;10083903098;S
20240410;100055;163.38;80;10083903099;S
20240410;100056;163.46;10;10083903106;B
20240410;100056;163.48;10;10083903107;B
20240410;100056;163.5;240;10083903108;B
20240410;100056;163.44;20;10083903119;S
20240410;100056;163.42;50;10083903120;S
20240410;100056;163.38;1000;10083903121;S
20240410;100056;163.44;150;10083903124;B
20240410;100056;163.44;20;10083903127;S
20240410;100056;163.5;760;10083903171;B
20240410;100056;163.5;240;10083903172;B
20240410;100056;163.44;30;10083903182;S
20240410;100056;163.44;20;10083903183;S
20240410;100056;163.44;260;10083903184;S
20240410;100056;163.44;150;10083903185;S
20240410;100056;163.38;1530;10083903186;S
20240410;100056;163.38;200;10083903187;S
20240410;100056;163.38;300;10083903188;S
20240410;100056;163.36;1080;10083903189;S
20240410;100056;163.36;200;10083903190;S
20240410;100056;163.36;250;10083903191;S
20240410;100056;163.34;980;10083903192;S
20240410;100056;163.42;200;10083903197;B
20240410;100056;163.44;200;10083903198;B
20240410;100056;163.34;100;10083903205;S
20240410;100056;163.42;150;10083903206;B
20240410;100056;163.36;40;10083903214;S
20240410;100056;163.36;460;10083903232;S
20240410;100056;163.36;50;10083903233;S
20240410;100056;163.34;320;10083903234;S
20240410;100056;163.34;240;10083903235;S
20240410;100056;163.34;60;10083903263;S
20240410;100056;163.34;120;10083903264;S
20240410;100056;163.36;120;10083903273;B
20240410;100056;163.38;1880;10083903274;B
20240410;100056;163.38;10;10083903287;B
20240410;100057;163.36;10;10083903399;B
20240410;100057;163.38;100;10083903431;B
20240410;100057;163.36;500;10083903468;S
20240410;100057;163.36;10;10083903507;B
20240410;100057;163.36;1490;10083903525;B
20240410;100057;163.38;10;10083903526;B
20240410;100057;163.38;10;10083903527;B
20240410;100057;163.42;1490;10083903528;B
20240410;100057;163.34;20;10083903535;S
20240410;100057;163.34;60;10083903542;S
20240410;100057;163.34;10;10083903543;S
20240410;100057;163.32;250;10083903544;S
20240410;100057;163.32;20;10083903545;S
20240410;100057;163.32;10;10083903546;S
20240410;100057;163.32;460;10083903547;B
20240410;100057;163.3;610;10083903549;S
20240410;100058;163.32;300;10083903551;B
20240410;100058;163.32;340;10083903552;B
20240410;100058;163.36;80;10083903553;B
20240410;100058;163.38;20;10083903554;B
20240410;100058;163.38;1560;10083903555;B
20240410;100058;163.36;10;10083903686;S
20240410;100058;163.32;190;10083903687;S
20240410;100058;163.38;10;10083903688;S
20240410;100058;163.36;10;10083903726;B
20240410;100058;163.36;180;10083903731;B
20240410;100058;163.36;130;10083903732;B
20240410;100058;163.28;10;10083903740;S
20240410;100058;163.34;200;10083903747;B
20240410;100058;163.36;200;10083903779;S
20240410;100058;163.3;10;10083903780;S
20240410;100058;163.3;40;10083903781;S
20240410;100058;163.28;190;10083903782;S
20240410;100058;163.26;100;10083903783;S
20240410;100058;163.24;70;10083903784;S
20240410;100058;163.24;280;10083903788;S
20240410;100058;163.24;200;10083903789;S
20240410;100058;163.22;200;10083903790;S
20240410;100058;163.22;20;10083903791;S
20240410;100058;163.2;10;10083903792;S
20240410;100058;163.18;10;10083903793;S
20240410;100058;163.18;250;10083903794;S
20240410;100058;163.18;1390;10083903795;S
20240410;100058;163.24;10;10083903805;B
20240410;100059;163.3;190;10083903814;B
20240410;100059;163.34;810;10083903815;B
20240410;100059;163.18;210;10083903825;S
20240410;100059;163.2;10;10083903870;S
20240410;100059;163.18;430;10083903871;S
20240410;100059;163.3;10;10083903872;B
20240410;100059;163.2;70;10083903907;B
20240410;100059;163.18;200;10083903936;S
20240410;100059;163.16;10;10083903937;S
20240410;100059;163.16;400;10083903938;S
20240410;100059;163.2;360;10083903949;B
20240410;100059;163.2;1170;10083903952;B
20240410;100059;163.2;2000;10083903953;B
20240410;100059;163.2;200;10083903954;B
20240410;100059;163.3;2630;10083903955;B
20240410;100059;163.2;10;10083903964;S
20240410;100059;163.2;290;10083903973;S
20240410;100059;163.18;200;10083903974;S
20240410;100059;163.18;10;10083903975;S
20240410;100059;163.28;200;10083903980;B
20240410;100059;163.3;2800;10083903981;B
20240410;100059;163.32;60;10083903982;B
20240410;100059;163.18;200;10083903993;S
20240410;100100;163.16;50;10083904077;S
20240410;100100;163.16;2550;10083904155;S
20240410;100100;163.16;200;10083904156;S
20240410;100100;163.14;960;10083904157;S
20240410;100100;163.2;2500;10083904244;S
20240410;100100;163.18;780;10083904245;S
20240410;100100;163.18;40;10083904249;S
20240410;100100;163.24;10;10083904262;B
20240410;100101;163.22;30;10083904298;B
20240410;100101;163.18;430;10083904330;S
20240410;100101;163.18;10;10083904331;S
20240410;100101;163.14;40;10083904332;S
20240410;100101;163.14;220;10083904333;S
20240410;100101;163.22;10;10083904373;B
20240410;100101;163.22;960;10083904431;B
20240410;100101;163.22;200;10083904432;B
20240410;100101;163.26;500;10083904433;B
20240410;100101;163.26;250;10083904434;B
20240410;100101;163.26;10;10083904435;B
20240410;100101;163.3;1970;10083904436;B
20240410;100101;163.3;10;10083904454;B
20240410;100101;163.3;1340;10083904462;B
20240410;100101;163.32;3500;10083904463;B
20240410;100101;163.34;10000;10083904464;B
20240410;100101;163.36;20;10083904465;B
20240410;100101;163.38;10;10083904466;B
20240410;100101;163.42;10000;10083904467;B
20240410;100101;163.42;140;10083904468;B
20240410;100101;163.42;20;10083904469;B
20240410;100101;163.42;10;10083904470;B
20240410;100101;163.44;100;10083904471;B
20240410;100101;163.46;1220;10083904472;B
20240410;100101;163.48;20;10083904473;B
20240410;100101;163.48;20;10083904474;B
20240410;100101;163.48;2000;10083904475;B
20240410;100101;163.5;1560;10083904476;B
20240410;100101;163.5;20;10083904477;B
20240410;100101;163.5;20;10083904478;B
20240410;100101;163.46;10;10083904497;S
20240410;100102;163.5;20;10083904512;B
20240410;100102;163.5;10;10083904546;B
20240410;100102;163.4;200;10083904557;S
20240410;100102;163.46;10;10083904648;B
20240410;100102;163.42;10;10083904681;S
20240410;100102;163.36;1530;10083904682;S
20240410;100102;163.36;2460;10083904683;S
20240410;100102;163.46;590;10083904688;B
20240410;100102;163.46;410;10083904689;B
20240410;100102;163.46;90;10083904690;B
20240410;100102;163.5;50;10083904691;B
20240410;100102;163.5;10;10083904692;B
20240410;100102;163.5;500;10083904693;B
20240410;100102;163.5;350;10083904694;B
20240410;100103;163.38;50;10083904728;S
20240410;100103;163.52;20;10083904730;B
20240410;100103;163.52;10;10083904737;B
20240410;100103;163.5;10;10083904744;S
20240410;100103;163.5;10;10083904870;B
20240410;100103;163.44;50;10083904879;S
20240410;100103;163.42;100;10083904880;S
20240410;100103;163.42;1020;10083904881;S
20240410;100103;163.4;200;10083904882;S
20240410;100103;163.4;500;10083904883;S
20240410;100103;163.38;150;10083904884;S
20240410;100103;163.38;100;10083904885;S
20240410;100103;163.36;3500;10083904886;S
20240410;100103;163.36;10000;10083904887;S
20240410;100103;163.34;2380;10083904888;S
20240410;100103;163.4;10;10083904893;S
20240410;100104;163.38;10;10083904953;S
20240410;100104;163.36;500;10083904960;S
20240410;100104;163.4;10;10083905005;B
20240410;100104;163.36;100;10083905041;S
20240410;100104;163.34;10;10083905042;S
20240410;100104;163.34;60;10083905043;S
20240410;100105;163.38;10;10083905077;S
20240410;100105;163.34;90;10083905153;S
20240410;100105;163.3;50;10083905154;S
20240410;100105;163.28;200;10083905155;S
20240410;100105;163.24;250;10083905156;S
20240410;100105;163.24;410;10083905157;S
20240410;100105;163.22;1000;10083905207;S
20240410;100105;163.18;100;10083905208;S
20240410;100105;163.18;500;10083905209;S
20240410;100105;163.18;10;10083905210;S
20240410;100105;163.18;1550;10083905211;S
20240410;100105;163.18;200;10083905212;S
20240410;100105;163.16;20;10083905213;S
20240410;100105;163.16;10;10083905214;S
20240410;100105;163.16;290;10083905215;S
20240410;100106;163.2;30;10083905301;B
20240410;100106;163.18;100;10083905327;S
20240410;100106;163.28;60;10083905366;S
20240410;100106;163.28;940;10083905369;S
20240410;100106;163.2;100;10083905370;S
20240410;100106;163.18;400;10083905371;S
20240410;100106;163.18;560;10083905372;S
20240410;100106;163.3;200;10083905396;B
20240410;100107;163.18;70;10083905506;B
20240410;100107;163.16;10;10083905560;S
20240410;100107;163.16;200;10083905561;S
20240410;100107;163.14;200;10083905562;S
20240410;100107;163.14;300;10083905593;S
20240410;100107;163.14;500;10083905594;S
20240410;100107;163.14;20;10083905595;S
20240410;100107;163.12;2000;10083905596;S
20240410;100107;163.1;2880;10083905597;S
20240410;100107;163.1;100;10083905598;S
20240410;100107;163.1;4200;10083905599;S
20240410;100107;163.1;2200;10083905619;S
20240410;100107;163.16;20;10083905637;B
20240410;100108;163.16;180;10083905642;B
20240410;100108;163.18;70;10083905643;B
20240410;100108;163.16;200;10083905649;B
20240410;100108;163.18;860;10083905650;B
20240410;100108;163.2;10;10083905678;S
20240410;100108;163.22;10;10083905697;S
20240410;100108;163.2;1320;10083905698;S
20240410;100108;163.2;10;10083905714;S
20240410;100108;163.2;10;10083905773;S
20240410;100108;163.22;40;10083905794;B
20240410;100108;163.2;120;10083905795;S
20240410;100108;163.2;400;10083905809;S
20240410;100109;163.2;1000;10083905829;S
20240410;100109;163.22;10;10083905836;B
20240410;100109;163.2;490;10083905848;S
20240410;100109;163.22;10;10083905866;B
20240410;100109;163.22;10;10083905897;B
20240410;100109;163.2;500;10083905901;S
20240410;100109;163.22;30;10083905924;B
20240410;100109;163.2;4000;10083905937;S
20240410;100109;163.2;1080;10083905947;S
20240410;100109;163.2;10;10083905948;S
20240410;100109;163.14;200;10083905949;S
20240410;100109;163.12;250;10083905950;S
20240410;100109;163.12;10;10083905951;S
20240410;100109;163.1;600;10083905952;S
20240410;100109;163.1;500;10083905953;S
20240410;100109;163.1;350;10083905954;S
20240410;100109;163.1;200;10083905981;S
20240410;100110;163.2;10;10083906029;S
20240410;100110;163.22;140;10083906033;B
20240410;100110;163.22;10;10083906097;B
20240410;100110;163.24;10;10083906104;B
20240410;100110;163.24;10;10083906154;B
20240410;100110;163.2;20;10083906157;B
20240410;100110;163.2;100;10083906164;S
20240410;100111;163.2;200;10083906220;S
20240410;100111;163.2;200;10083906222;S
20240410;100111;163.22;20;10083906224;B
20240410;100111;163.22;50;10083906240;B
20240410;100111;163.2;2520;10083906264;S
20240410;100111;163.14;300;10083906265;S
20240410;100111;163.12;1530;10083906266;S
20240410;100111;163.1;10;10083906267;S
20240410;100111;163.1;1450;10083906268;S
20240410;100111;163.1;200;10083906269;S
20240410;100111;163.1;500;10083906270;S
20240410;100111;163.08;200;10083906271;S
20240410;100111;163.08;2410;10083906272;S
20240410;100111;163.08;880;10083906273;S
20240410;100111;163.08;10;10083906295;S
20240410;100111;163.22;10;10083906378;B
20240410;100111;163.12;270;10083906417;S
20240410;100112;163.14;10;10083906509;S
20240410;100112;163.12;30;10083906510;S
20240410;100112;163.12;10;10083906511;S
20240410;100112;163.16;2500;10083906532;B
20240410;100112;163.18;400;10083906533;B
20240410;100112;163.18;480;10083906534;B
20240410;100112;163.18;200;10083906535;B
20240410;100112;163.2;100;10083906536;B
20240410;100112;163.22;170;10083906537;B
20240410;100112;163.24;10;10083906538;B
20240410;100112;163.26;240;10083906539;B
20240410;100112;163.12;40;10083906592;S
20240410;100113;163.12;200;10083906646;S
20240410;100113;163.14;10;10083906655;B
20240410;100113;163.12;50;10083906700;S
20240410;100113;163.1;30;10083906701;S
20240410;100113;163.08;20;10083906702;S
20240410;100113;163.08;30;10083906703;S
20240410;100113;163.06;910;10083906704;S
20240410;100113;163.06;1160;10083906705;S
20240410;100113;163.06;100;10083906706;S
20240410;100113;163.06;250;10083906707;S
20240410;100113;163.06;2450;10083906708;S
20240410;100113;163.14;10;10083906712;B
20240410;100113;163.14;10;10083906719;B
20240410;100113;163.14;220;10083906722;B
20240410;100113;163.16;10;10083906723;B
20240410;100113;163.16;170;10083906724;B
20240410;100114;163.14;100;10083906764;B
20240410;100114;163.12;30;10083906788;S
20240410;100114;163.08;1130;10083906789;S
20240410;100114;163.14;300;10083906830;B
20240410;100114;163.14;1000;10083906831;B
20240410;100114;163.14;30;10083906832;B
20240410;100114;163.16;200;10083906833;B
20240410;100114;163.18;570;10083906834;B
20240410;100114;163.18;2900;10083906835;B
20240410;100114;163.2;10;10083906836;B
20240410;100114;163.2;40;10083906843;B
20240410;100115;163.08;50;10083906891;S
20240410;100115;163.18;30;10083906901;B
20240410;100115;163.2;50;10083906902;B
20240410;100115;163.2;100;10083906903;B
20240410;100115;163.2;20;10083906904;B
20240410;100115;163.2;10;10083906905;B
20240410;100115;163.2;20;10083906906;B
20240410;100115;163.2;10;10083906907;B
20240410;100115;163.22;560;10083906908;B
20240410;100115;163.14;100;10083906957;S
20240410;100115;163.12;30;10083906958;S
20240410;100115;163.08;150;10083906959;S
20240410;100115;163.08;100;10083906960;S
20240410;100115;163.08;100;10083906961;S
20240410;100115;163.08;100;10083906962;S
20240410;100115;163.08;100;10083906963;S
20240410;100115;163.08;100;10083906964;S
20240410;100115;163.08;3460;10083906965;S
20240410;100115;163.08;20;10083906966;S
20240410;100115;163.08;840;10083906967;S
20240410;100115;163.22;10;10083907056;B
20240410;100115;163.18;30;10083907131;B
20240410;100115;163.2;100;10083907132;B
20240410;100115;163.22;990;10083907133;B
20240410;100115;163.24;100;10083907134;B
20240410;100115;163.24;50;10083907135;B
20240410;100115;163.26;3660;10083907136;B
20240410;100115;163.28;4500;10083907137;B
20240410;100115;163.28;570;10083907138;B
20240410;100115;163.28;310;10083907139;B
20240410;100116;163.16;1010;10083907170;S
20240410;100116;163.14;50;10083907175;S
20240410;100116;163.16;10;10083907229;S
20240410;100116;163.16;30;10083907230;B
20240410;100116;163.16;100;10083907240;B
20240410;100116;163.14;950;10083907278;S
20240410;100116;163.14;50;10083907279;S
20240410;100117;163.14;10;10083907329;S
20240410;100117;163.14;100;10083907330;S
20240410;100117;163.12;100;10083907331;S
20240410;100117;163.1;100;10083907332;S
20240410;100117;163.1;250;10083907333;S
20240410;100117;163.1;880;10083907334;S
20240410;100117;163.1;2000;10083907335;S
20240410;100117;163.1;30;10083907336;S
20240410;100117;163.08;1530;10083907337;S
20240410;100117;163.16;100;10083907338;B
20240410;100117;163.16;10;10083907343;B
20240410;100117;163.08;100;10083907347;S
20240410;100117;163.16;100;10083907357;B
20240410;100117;163.16;50;10083907361;B
20240410;100117;163.16;100;10083907362;B
20240410;100117;163.16;200;10083907363;B
20240410;100117;163.18;200;10083907364;B
20240410;100117;163.2;1200;10083907365;B
20240410;100117;163.22;500;10083907366;B
20240410;100117;163.24;860;10083907367;B
20240410;100117;163.3;30;10083907383;B
20240410;100117;163.3;30;10083907426;B
20240410;100117;163.22;200;10083907428;S
20240410;100117;163.22;1530;10083907429;S
20240410;100117;163.2;3270;10083907430;S
20240410;100117;163.26;250;10083907457;S
20240410;100117;163.3;10;10083907458;B
20240410;100117;163.26;320;10083907460;S
20240410;100118;163.26;10;10083907479;S
20240410;100118;163.26;100;10083907550;S
20240410;100118;163.26;1000;10083907605;S
20240410;100118;163.26;50;10083907611;S
20240410;100118;163.28;300;10083907614;B
20240410;100119;163.26;20;10083907704;S
20240410;100119;163.26;1340;10083907721;S
20240410;100119;163.28;500;10083907762;B
20240410;100119;163.26;50;10083907767;S
20240410;100119;163.26;1860;10083907848;S
20240410;100119;163.26;250;10083907849;S
20240410;100119;163.24;250;10083907850;S
20240410;100119;163.22;20;10083907851;S
20240410;100119;163.2;1730;10083907852;S
20240410;100119;163.18;30;10083907853;S
20240410;100119;163.18;200;10083907854;S
20240410;100119;163.18;10;10083907855;S
20240410;100119;163.16;250;10083907856;S
20240410;100119;163.16;400;10083907857;S
20240410;100120;163.26;200;10083907878;B
20240410;100120;163.28;150;10083907879;B
20240410;100120;163.18;200;10083907880;S
20240410;100120;163.18;10;10083907881;S
20240410;100120;163.16;620;10083907882;S
20240410;100120;163.28;20;10083907891;B
20240410;100120;163.18;1500;10083907910;S
20240410;100120;163.16;340;10083907911;S
20240410;100120;163.2;30;10083907933;B
20240410;100120;163.16;500;10083907968;S
20240410;100120;163.18;30;10083907998;S
20240410;100120;163.2;120;10083908000;B
20240410;100121;163.18;10;10083908044;S
20240410;100121;163.18;60;10083908059;S
20240410;100121;163.2;10;10083908111;B
20240410;100121;163.18;50;10083908137;S
20240410;100121;163.16;450;10083908138;S
20240410;100121;163.16;40;10083908163;S
20240410;100122;163.2;90;10083908191;B
20240410;100122;163.2;10;10083908192;B
20240410;100122;163.2;10;10083908194;B
20240410;100122;163.2;30;10083908201;B
20240410;100122;163.18;500;10083908202;S
20240410;100122;163.18;100;10083908206;B
20240410;100122;163.16;10;10083908257;S
20240410;100122;163.16;10;10083908258;S
20240410;100122;163.16;280;10083908259;S
20240410;100122;163.18;100;10083908272;B
20240410;100122;163.18;100;10083908274;B
20240410;100122;163.18;30;10083908305;B
20240410;100122;163.18;100;10083908311;B
20240410;100122;163.18;70;10083908315;B
20240410;100122;163.2;100;10083908316;B
20240410;100122;163.16;1000;10083908327;S
20240410;100123;163.16;10;10083908384;S
20240410;100123;163.16;710;10083908388;S
20240410;100123;163.14;290;10083908389;S
20240410;100123;163.14;40;10083908500;S
20240410;100124;163.2;50;10083908614;B
20240410;100124;163.2;1450;10083908615;B
20240410;100124;163.18;190;10083908620;B
20240410;100124;163.18;10;10083908689;B
20240410;100124;163.18;100;10083908690;B
20240410;100124;163.18;180;10083908691;B
20240410;100124;163.16;100;10083908692;S
20240410;100124;163.14;170;10083908693;S
20240410;100124;163.14;10;10083908694;S
20240410;100124;163.14;4720;10083908695;S
20240410;100124;163.18;60;10083908696;B
20240410;100124;163.14;40;10083908700;S
20240410;100124;163.14;100;10083908732;S
20240410;100124;163.14;10;10083908750;S
20240410;100125;163.14;130;10083908832;S
20240410;100125;163.14;200;10083908833;S
20240410;100125;163.14;200;10083908834;S
20240410;100125;163.14;100;10083908835;S
20240410;100125;163.14;200;10083908836;S
20240410;100125;163.12;80;10083908837;S
20240410;100125;163.12;10;10083908838;S
20240410;100125;163.12;2000;10083908839;S
20240410;100125;163.1;10;10083908840;S
20240410;100125;163.1;1700;10083908841;S
20240410;100125;163.08;200;10083908842;S
20240410;100125;163.08;10;10083908843;S
20240410;100125;163.08;400;10083908844;S
20240410;100125;163.08;200;10083908845;S
20240410;100125;163.06;1000;10083908846;S
20240410;100125;163.06;500;10083908847;S
20240410;100125;163.06;30;10083908848;S
20240410;100125;163.06;610;10083908849;S
20240410;100125;163.04;280;10083908850;S
20240410;100125;163.04;30;10083908851;S
20240410;100125;163.04;700;10083908852;S
20240410;100125;163.04;10;10083908853;S
20240410;100125;163.04;2500;10083908854;S
20240410;100125;163.02;10;10083908855;S
20240410;100125;163.02;10;10083908856;S
20240410;100125;163.02;300;10083908857;S
20240410;100125;163.02;300;10083908858;S
20240410;100125;163.02;780;10083908859;S
20240410;100125;163.04;200;10083908862;S
20240410;100125;163.04;100;10083908863;S
20240410;100125;163.18;10;10083908866;B
20240410;100125;163.18;200;10083908867;B
20240410;100125;163.2;960;10083908868;B
20240410;100125;163.1;80;10083908870;S
20240410;100125;163.04;500;10083908879;S
20240410;100125;163.04;200;10083908880;S
20240410;100125;163.02;300;10083908881;S
20240410;100125;163.04;140;10083908940;S
20240410;100125;163.04;60;10083908942;S
20240410;100125;163.04;250;10083908943;S
20240410;100125;163.02;1190;10083908944;S
20240410;100125;163.1;20;10083908970;B
20240410;100125;163.04;400;10083908992;S
20240410;100125;163.04;1130;10083908993;S
20240410;100125;163.02;1370;10083908994;S
20240410;100125;163.02;290;10083909006;S
20240410;100125;163.08;10;10083909017;B
20240410;100126;163.08;240;10083909018;B
20240410;100126;163.08;10;10083909019;B
20240410;100126;163.1;180;10083909020;B
20240410;100126;163.1;500;10083909021;B
20240410;100126;163.12;70;10083909022;B
20240410;100126;163.02;10;10083909044;S
20240410;100126;163.02;100;10083909051;S
20240410;100126;163.02;960;10083909054;S
20240410;100126;163.02;50;10083909055;S
20240410;100126;163.02;740;10083909056;S
20240410;100126;163.02;3030;10083909057;S
20240410;100126;163.02;1000;10083909072;S
20240410;100126;163.08;100;10083909107;B
20240410;100126;163.1;200;10083909108;B
20240410;100126;163.12;700;10083909109;B
20240410;100126;163.02;1230;10083909110;S
20240410;100126;163.02;200;10083909111;S
20240410;100126;163;570;10083909112;S
20240410;100126;163;1930;10083909114;S
20240410;100126;163;70;10083909115;S
20240410;100126;163;930;10083909116;S
20240410;100126;163;100;10083909117;S
20240410;100126;163;10;10083909118;S
20240410;100126;163;180;10083909119;S
20240410;100126;163;150;10083909120;S
20240410;100126;163;300;10083909121;S
20240410;100126;163.1;30;10083909128;B
20240410;100126;163;1760;10083909130;S
20240410;100126;163;4380;10083909339;S
20240410;100126;163;1300;10083909354;S
20240410;100126;163;1290;10083909355;S
20240410;100126;163;530;10083909357;S
20240410;100126;163;10000;10083909380;S
20240410;100126;163;110;10083909382;S
20240410;100126;163;10;10083909383;S
20240410;100126;163;10;10083909384;S
20240410;100126;163;10;10083909385;S
20240410;100126;163;140;10083909386;S
20240410;100126;163;10;10083909387;S
20240410;100126;163;60;10083909388;S
20240410;100126;163;140;10083909389;S
20240410;100126;163;10;10083909390;S
20240410;100126;163;100;10083909391;S
20240410;100126;163;250;10083909392;S
20240410;100126;163;750;10083909393;S
20240410;100126;163;10;10083909394;S
20240410;100126;163;10;10083909395;S
20240410;100126;163;100;10083909396;S
20240410;100126;163;100;10083909397;S
20240410;100126;163;10;10083909398;S
20240410;100126;163;500;10083909399;S
20240410;100126;163;100;10083909400;S
20240410;100126;163;10;10083909401;S
20240410;100126;163;50;10083909402;S
20240410;100126;163;10;10083909403;S
20240410;100126;163;30;10083909404;S
20240410;100126;163;10;10083909405;S
20240410;100126;163;1000;10083909406;S
20240410;100126;163;300;10083909407;S
20240410;100126;163;1000;10083909408;S
20240410;100126;163;20;10083909409;S
20240410;100126;163;200;10083909410;S
20240410;100126;163;100;10083909411;S
20240410;100126;163;100;10083909412;S
20240410;100126;163;60;10083909413;S
20240410;100126;163;100;10083909414;S
20240410;100126;163;300;10083909415;S
20240410;100126;163;100;10083909416;S
20240410;100126;163;20;10083909417;S
20240410;100126;163;10;10083909418;S
20240410;100126;163;200;10083909419;S
20240410;100126;163;30;10083909420;S
20240410;100126;162.98;10;10083909421;S
20240410;100126;162.98;10;10083909422;S
20240410;100126;162.98;310;10083909423;S
20240410;100126;162.98;1530;10083909424;S
20240410;100126;162.96;10;10083909425;S
20240410;100126;162.96;2100;10083909426;S
20240410;100126;162.96;10000;10083909427;S
20240410;100126;162.94;430;10083909428;S
20240410;100126;162.94;10;10083909429;S
20240410;100126;162.94;20;10083909430;S
20240410;100126;162.94;1000;10083909431;S
20240410;100126;162.94;30;10083909432;S
20240410;100126;162.92;10;10083909433;S
20240410;100126;162.92;1000;10083909434;S
20240410;100126;162.92;100;10083909435;S
20240410;100126;162.92;1000;10083909436;S
20240410;100126;162.92;2000;10083909437;S
20240410;100126;162.9;10;10083909438;S
20240410;100126;162.9;5000;10083909439;S
20240410;100126;162.9;190;10083909440;S
20240410;100126;162.92;1530;10083909444;S
20240410;100126;162.92;500;10083909445;S
20240410;100126;162.9;810;10083909446;S
20240410;100126;162.9;610;10083909447;S
20240410;100126;162.9;40;10083909448;S
20240410;100126;162.9;10;10083909449;S
20240410;100126;162.9;200;10083909450;S
20240410;100126;162.88;30;10083909451;S
20240410;100126;162.88;10;10083909452;S
20240410;100126;162.88;2260;10083909453;S
20240410;100126;162.92;300;10083909460;S
20240410;100126;162.9;200;10083909461;S
20240410;100126;162.9;300;10083909462;S
20240410;100126;162.9;100;10083909467;S
20240410;100126;162.9;130;10083909468;S
20240410;100126;162.9;500;10083909469;S
20240410;100126;162.9;500;10083909478;S
20240410;100127;163;10;10083909494;S
20240410;100127;162.96;50;10083909512;B
20240410;100127;162.9;50;10083909518;S
20240410;100127;162.9;650;10083909549;S
20240410;100127;162.9;1530;10083909550;S
20240410;100127;162.88;470;10083909551;S
20240410;100127;162.96;160;10083909552;B
20240410;100127;162.98;6560;10083909553;B
20240410;100127;162.98;930;10083909554;B
20240410;100127;162.98;2240;10083909555;B
20240410;100127;163.02;110;10083909557;S
20240410;100127;162.9;1000;10083909558;S
20240410;100127;162.9;830;10083909559;S
20240410;100127;162.88;730;10083909560;S
20240410;100127;162.88;10;10083909567;S
20240410;100127;162.88;20;10083909572;S
20240410;100127;162.88;1500;10083909592;S
20240410;100127;162.92;200;10083909595;B
20240410;100127;162.88;100;10083909596;S
20240410;100127;162.88;300;10083909600;S
20240410;100127;162.88;2410;10083909601;S
20240410;100127;162.88;650;10083909602;S
20240410;100127;162.88;20;10083909605;S
20240410;100127;162.88;100;10083909608;S
20240410;100127;162.92;200;10083909618;B
20240410;100127;162.92;300;10083909622;S
20240410;100127;162.92;470;10083909626;S
20240410;100127;162.92;30;10083909627;S
20240410;100127;162.92;900;10083909628;S
20240410;100127;162.94;250;10083909629;B
20240410;100127;162.92;100;10083909633;S
20240410;100127;162.88;9900;10083909634;S
20240410;100127;162.88;500;10083909637;S
20240410;100127;162.88;200;10083909641;S
20240410;100127;162.88;6390;10083909642;S
20240410;100127;162.88;500;10083909644;S
20240410;100127;162.88;3000;10083909646;S
20240410;100127;162.88;200;10083909648;S
20240410;100127;162.88;800;10083909649;S
20240410;100127;162.88;7500;10083909650;S
20240410;100127;162.88;113890;10083909652;S
20240410;100127;162.88;30;10083909653;S
20240410;100127;162.88;1000;10083909654;S
20240410;100127;162.88;1000;10083909655;S
20240410;100127;162.86;10;10083909657;S
20240410;100127;162.86;10;10083909658;S
20240410;100127;162.86;300;10083909659;S
20240410;100127;162.86;250;10083909660;S
20240410;100127;162.84;1000;10083909661;S
20240410;100127;162.84;10;10083909662;S
20240410;100127;162.84;30;10083909663;S
20240410;100127;162.82;10;10083909664;S
20240410;100127;162.82;10;10083909665;S
20240410;100127;162.82;370;10083909666;S
20240410;100127;162.82;10;10083909667;S
20240410;100127;162.82;120;10083909668;S
20240410;100127;162.82;30;10083909669;S
20240410;100127;162.82;70;10083909670;S
20240410;100127;162.82;30;10083909671;S
20240410;100127;162.82;470;10083909672;S
20240410;100127;162.8;10;10083909673;S
20240410;100127;162.8;1220;10083909674;S
20240410;100127;162.8;1090;10083909675;S
20240410;100127;162.8;500;10083909693;S
20240410;100127;162.8;150;10083909724;S
20240410;100127;162.8;150;10083909726;S
20240410;100127;162.8;3000;10083909729;S
20240410;100127;162.8;390;10083909731;S
20240410;100127;162.8;10;10083909732;S
20240410;100127;162.78;10;10083909733;S
20240410;100127;162.76;30;10083909734;S
20240410;100127;162.9;1500;10083909736;B
20240410;100127;162.9;200;10083909737;B
20240410;100127;162.92;250;10083909738;B
20240410;100127;162.78;100;10083909760;S
20240410;100127;162.9;10;10083909761;B
20240410;100128;162.9;190;10083909769;B
20240410;100128;162.92;2310;10083909770;B
20240410;100128;162.9;160;10083909774;B
20240410;100128;162.92;340;10083909775;B
20240410;100128;162.8;200;10083909786;S
20240410;100128;162.78;400;10083909787;S
20240410;100128;162.9;200;10083909788;B
20240410;100128;162.94;100;10083909789;B
20240410;100128;162.94;1700;10083909790;B
20240410;100128;162.78;1000;10083909801;S
20240410;100128;162.78;100;10083909807;S
20240410;100128;162.78;400;10083909808;S
20240410;100128;162.8;100;10083909848;S
20240410;100128;162.8;10;10083909849;S
20240410;100128;162.78;750;10083909850;S
20240410;100128;162.76;130;10083909851;S
20240410;100128;162.9;800;10083909883;B
20240410;100128;162.76;650;10083909884;S
20240410;100128;162.78;60;10083909892;S
20240410;100128;162.8;100;10083909903;S
20240410;100128;162.8;10;10083909904;S
20240410;100128;162.78;190;10083909905;S
20240410;100128;162.78;10;10083909908;S
20240410;100128;162.76;190;10083909909;S
20240410;100128;162.76;10;10083909910;S
20240410;100128;162.76;10;10083909911;S
20240410;100128;162.74;10;10083909912;S
20240410;100128;162.74;10;10083909913;S
20240410;100128;162.74;500;10083909914;S
20240410;100128;162.72;10;10083909915;S
20240410;100128;162.72;100;10083909916;S
20240410;100128;162.72;200;10083909917;S
20240410;100128;162.72;2000;10083909918;S
20240410;100128;162.7;10;10083909919;S
20240410;100128;162.7;10;10083909920;S
20240410;100128;162.7;10;10083909921;S
20240410;100128;162.7;60;10083909922;S
20240410;100128;162.7;500;10083909923;S
20240410;100128;162.7;500;10083909924;S
20240410;100128;162.7;250;10083909925;S
20240410;100128;162.68;10;10083909926;S
20240410;100128;162.68;1600;10083909927;S
20240410;100128;162.7;200;10083909933;S
20240410;100128;162.68;10570;10083909934;S
20240410;100128;162.66;10;10083909935;S
20240410;100128;162.66;2500;10083909936;S
20240410;100128;162.68;300;10083909938;B
20240410;100128;162.64;1000;10083909952;S
20240410;100128;162.68;2000;10083909953;B
20240410;100128;162.68;10;10083909960;B
20240410;100129;162.64;10;10083909984;S
20240410;100129;162.64;10;10083909985;S
20240410;100129;162.62;10;10083909986;S
20240410;100129;162.62;250;10083909987;S
20240410;100129;162.62;50;10083909988;S
20240410;100129;162.62;670;10083909989;S
20240410;100129;162.62;10;10083909990;S
20240410;100129;162.66;200;10083909999;B
20240410;100129;162.68;300;10083910000;B
20240410;100129;162.64;90;10083910004;S
20240410;100129;162.64;10;10083910008;S
20240410;100129;162.62;490;10083910009;S
20240410;100129;162.62;100;10083910013;S
20240410;100129;162.62;500;10083910024;S
20240410;100129;162.66;100;10083910038;B
20240410;100129;162.64;50;10083910044;B
20240410;100129;162.62;100;10083910052;S
20240410;100129;162.64;50;10083910056;B
20240410;100129;162.64;50;10083910057;B
20240410;100129;162.62;1000;10083910070;S
20240410;100129;162.62;30;10083910071;S
20240410;100129;162.62;50;10083910077;S
20240410;100129;162.62;50;10083910087;S
20240410;100129;162.62;50;10083910088;S
20240410;100129;162.62;20;10083910093;S
20240410;100129;162.66;100;10083910097;B
20240410;100130;162.66;10;10083910148;S
20240410;100130;162.66;190;10083910149;S
20240410;100130;162.66;1000;10083910152;S
20240410;100130;162.66;400;10083910166;S
20240410;100130;162.66;300;10083910186;S
20240410;100130;162.68;10;10083910191;B
20240410;100130;162.68;50;10083910193;B
20240410;100130;162.66;150;10083910197;S
20240410;100130;162.68;10;10083910202;B
20240410;100130;162.64;10;10083910217;S
20240410;100130;162.64;200;10083910234;S
20240410;100130;162.68;10;10083910253;B
20240410;100130;162.66;50;10083910293;S
20240410;100130;162.68;10;10083910305;B
20240410;100130;162.68;30;10083910308;B
20240410;100130;162.68;500;10083910312;B
20240410;100130;162.66;450;10083910324;S
20240410;100130;162.66;150;10083910325;S
20240410;100130;162.66;1250;10083910331;S
20240410;100130;162.66;1000;10083910332;S
20240410;100130;162.66;10;10083910333;S
20240410;100130;162.66;270;10083910334;S
20240410;100131;162.66;10;10083910349;S
20240410;100131;162.68;160;10083910361;B
20240410;100131;162.68;500;10083910367;B
20240410;100131;162.68;10;10083910370;B
20240410;100131;162.66;170;10083910494;S
20240410;100131;162.68;250;10083910497;B
20240410;100131;162.68;500;10083910500;B
20240410;100131;162.66;200;10083910502;S
20240410;100131;162.66;300;10083910548;S
20240410;100131;162.68;250;10083910584;B
20240410;100131;162.66;10;10083910589;S
20240410;100131;162.66;10;10083910590;S
20240410;100131;162.68;250;10083910614;B
20240410;100131;162.66;200;10083910620;S
20240410;100131;162.66;200;10083910621;S
20240410;100131;162.66;10;10083910622;S
20240410;100131;162.66;50;10083910624;B
20240410;100131;162.64;10;10083910635;S
20240410;100132;162.66;10;10083910658;B
20240410;100132;162.64;230;10083910667;S
20240410;100132;162.64;200;10083910668;S
20240410;100132;162.64;130;10083910669;S
20240410;100132;162.64;120;10083910674;S
20240410;100132;162.64;30;10083910675;S
20240410;100132;162.66;10;10083910678;B
20240410;100132;162.64;500;10083910680;S
20240410;100132;162.66;10;10083910689;B
20240410;100132;162.66;250;10083910695;B
20240410;100132;162.66;10;10083910717;B
20240410;100132;162.64;10;10083910718;S
20240410;100132;162.64;1460;10083910721;S
20240410;100132;162.64;500;10083910722;S
20240410;100132;162.64;40;10083910723;S
20240410;100132;162.64;210;10083910728;S
20240410;100132;162.64;200;10083910729;S
20240410;100132;162.64;440;10083910740;S
20240410;100132;162.66;10;10083910759;B
20240410;100132;162.64;100;10083910767;S
20240410;100133;162.64;1260;10083910779;S
20240410;100133;162.64;500;10083910780;S
20240410;100133;162.64;10;10083910781;S
20240410;100133;162.62;350;10083910782;S
20240410;100133;162.62;2130;10083910800;S
20240410;100133;162.6;80;10083910879;S
20240410;100133;162.6;10;10083910880;S
20240410;100133;162.6;200;10083910881;S
20240410;100133;162.6;10;10083910882;S
20240410;100133;162.6;530;10083910883;S
20240410;100133;162.6;1970;10083910884;S
20240410;100133;162.6;300;10083910885;S
20240410;100133;162.6;2000;10083910886;S
20240410;100133;162.6;500;10083910887;S
20240410;100133;162.6;100;10083910888;S
20240410;100134;162.58;10;10083910934;S
20240410;100134;162.58;250;10083910945;S
20240410;100134;162.58;30;10083910946;S
20240410;100134;162.56;250;10083910947;S
20240410;100134;162.56;10;10083910948;S
20240410;100134;162.56;200;10083910949;S
20240410;100134;162.54;100;10083910950;S
20240410;100134;162.54;10;10083910951;S
20240410;100134;162.54;100;10083910952;S
20240410;100134;162.54;200;10083910953;S
20240410;100134;162.52;500;10083910954;S
20240410;100134;162.52;2350;10083910955;S
20240410;100134;162.52;130;10083910958;S
20240410;100134;162.52;800;10083911031;S
20240410;100134;162.54;10;10083911131;S
20240410;100134;162.52;20;10083911136;S
20240410;100134;162.54;250;10083911140;S
20240410;100134;162.54;1750;10083911142;S
20240410;100134;162.52;3250;10083911143;S
20240410;100134;162.52;2000;10083911144;S
20240410;100134;162.52;1450;10083911160;S
20240410;100134;162.52;2000;10083911161;S
20240410;100134;162.52;10;10083911162;S
20240410;100134;162.52;5000;10083911163;S
20240410;100134;162.5;80;10083911172;S
20240410;100134;162.5;10;10083911173;S
20240410;100134;162.5;1130;10083911174;S
20240410;100135;162.5;1250;10083911203;S
20240410;100135;162.5;100;10083911211;S
20240410;100135;162.5;500;10083911220;S
20240410;100135;162.54;80;10083911236;B
20240410;100135;162.56;1250;10083911237;B
20240410;100135;162.56;200;10083911238;B
20240410;100135;162.6;20;10083911239;B
20240410;100135;162.62;20;10083911240;B
20240410;100135;162.62;10;10083911241;B
20240410;100135;162.64;70;10083911242;B
20240410;100135;162.66;210;10083911243;B
20240410;100135;162.66;10;10083911244;B
20240410;100135;162.66;4000;10083911245;B
20240410;100135;162.66;130;10083911246;B
20240410;100135;162.64;10;10083911255;B
20240410;100135;162.52;1000;10083911266;S
20240410;100135;162.64;190;10083911278;B
20240410;100135;162.66;810;10083911279;B
20240410;100135;162.52;40;10083911286;S
20240410;100135;162.52;10;10083911295;S
20240410;100135;162.52;150;10083911320;S
20240410;100135;162.5;2020;10083911321;S
20240410;100135;162.5;330;10083911322;S
20240410;100135;162.5;320;10083911333;S
20240410;100135;162.5;300;10083911334;S
20240410;100135;162.5;360;10083911335;S
20240410;100135;162.5;70;10083911336;S
20240410;100135;162.5;1000;10083911337;S
20240410;100135;162.48;10;10083911338;S
20240410;100135;162.48;30;10083911339;S
20240410;100135;162.48;30;10083911340;S
20240410;100135;162.46;1000;10083911341;S
20240410;100135;162.46;10;10083911342;S
20240410;100135;162.46;200;10083911343;S
20240410;100135;162.44;10;10083911344;S
20240410;100135;162.44;100;10083911345;S
20240410;100135;162.44;250;10083911346;S
20240410;100135;162.44;250;10083911347;S
20240410;100135;162.44;250;10083911348;S
20240410;100135;162.44;2000;10083911349;S
20240410;100135;162.44;100;10083911350;S
20240410;100135;162.44;100;10083911351;S
20240410;100135;162.42;10;10083911352;S
20240410;100135;162.42;610;10083911353;S
20240410;100135;162.42;2990;10083911354;S
20240410;100135;162.42;200;10083911355;S
20240410;100135;162.44;200;10083911356;S
20240410;100135;162.4;40;10083911357;S
20240410;100135;162.4;10;10083911358;S
20240410;100135;162.4;10;10083911359;S
20240410;100135;162.4;30;10083911360;S
20240410;100135;162.4;10;10083911361;S
20240410;100135;162.56;20;10083911362;B
20240410;100135;162.6;200;10083911363;B
20240410;100135;162.6;3660;10083911364;B
20240410;100135;162.62;20;10083911365;B
20240410;100135;162.62;3000;10083911366;B
20240410;100135;162.62;3660;10083911367;B
20240410;100135;162.64;1400;10083911368;B
20240410;100135;162.64;3040;10083911369;B
20240410;100135;162.56;200;10083911370;S
20240410;100135;162.54;800;10083911371;S
20240410;100135;162.62;200;10083911376;B
20240410;100135;162.66;560;10083911377;B
20240410;100135;162.66;500;10083911378;B
20240410;100135;162.66;1000;10083911388;S
20240410;100135;162.68;10;10083911397;B
20240410;100135;162.66;50;10083911398;S
20240410;100135;162.66;50;10083911407;S
20240410;100136;162.66;480;10083911426;S
20240410;100136;162.68;50;10083911434;B
20240410;100136;162.66;300;10083911437;S
20240410;100136;162.66;100;10083911451;S
20240410;100136;162.66;150;10083911462;S
20240410;100136;162.68;10;10083911467;B
20240410;100136;162.66;30;10083911490;S
20240410;100136;162.68;10;10083911507;B
20240410;100136;162.66;10;10083911513;S
20240410;100136;162.66;200;10083911514;S
20240410;100136;162.66;10;10083911515;S
20240410;100136;162.68;50;10083911517;B
20240410;100136;162.66;300;10083911518;S
20240410;100136;162.66;200;10083911527;S
20240410;100136;162.68;10;10083911548;B
20240410;100136;162.66;30;10083911556;S
20240410;100136;162.66;190;10083911568;S
20240410;100136;162.66;1650;10083911569;S
20240410;100136;162.68;500;10083911570;B
20240410;100136;162.68;500;10083911571;B
20240410;100136;162.68;500;10083911573;B
20240410;100136;162.68;200;10083911578;B
20240410;100137;162.66;500;10083911583;S
20240410;100137;162.68;50;10083911585;B
20240410;100137;162.66;100;10083911591;S
20240410;100137;162.66;590;10083911626;S
20240410;100137;162.68;360;10083911630;B
20240410;100137;162.68;50;10083911631;B
20240410;100137;162.66;200;10083911632;S
20240410;100137;162.68;10;10083911657;B
20240410;100137;162.66;2590;10083911663;S
20240410;100137;162.68;50;10083911669;B
20240410;100137;162.66;700;10083911673;S
20240410;100137;162.68;310;10083911677;B
20240410;100137;162.68;50;10083911710;B
20240410;100137;162.66;100;10083911719;S
20240410;100138;162.68;20;10083911735;B
20240410;100138;162.68;310;10083911750;B
20240410;100138;162.66;500;10083911772;S
20240410;100138;162.66;350;10083911773;S
20240410;100138;162.68;2000;10083911779;B
20240410;100138;162.66;10;10083911792;S
20240410;100138;162.68;830;10083911809;B
20240410;100138;162.68;100;10083911810;B
20240410;100138;162.68;10;10083911811;B
20240410;100138;162.7;200;10083911812;B
20240410;100138;162.72;100;10083911813;B
20240410;100138;162.74;1760;10083911814;B
20240410;100138;162.74;10;10083911818;B
20240410;100138;162.68;300;10083911850;S
20240410;100138;162.68;90;10083911851;S
20240410;100138;162.74;230;10083911862;B
20240410;100138;162.74;80;10083911863;B
20240410;100138;162.68;500;10083911882;S
20240410;100139;162.74;50;10083911915;B
20240410;100139;162.74;70;10083911918;B
20240410;100139;162.76;30;10083911919;B
20240410;100139;162.7;200;10083911934;S
20240410;100139;162.68;500;10083911935;S
20240410;100139;162.76;50;10083911940;B
20240410;100139;162.76;150;10083911952;B
20240410;100139;162.78;2350;10083911953;B
20240410;100139;162.76;50;10083911965;B
20240410;100139;162.76;50;10083911971;B
20240410;100139;162.72;20;10083911976;S
20240410;100139;162.74;100;10083911987;S
20240410;100139;162.72;80;10083911988;S
20240410;100139;162.7;190;10083911989;S
20240410;100139;162.76;50;10083911990;B
20240410;100139;162.74;30;10083911996;B
20240410;100139;162.76;20;10083911997;B
20240410;100139;162.7;50;10083912004;S
20240410;100139;162.74;20;10083912016;B
20240410;100139;162.76;30;10083912017;B
20240410;100140;162.76;50;10083912035;B
20240410;100140;162.76;20;10083912044;B
20240410;100140;162.76;50;10083912045;B
20240410;100140;162.76;20;10083912051;B
20240410;100140;162.78;30;10083912052;B
20240410;100140;162.78;50;10083912059;B
20240410;100140;162.76;10;10083912068;S
20240410;100140;162.76;270;10083912077;S
20240410;100140;162.78;50;10083912080;B
20240410;100140;162.78;1250;10083912100;B
20240410;100140;162.76;20;10083912101;S
20240410;100140;162.76;1500;10083912102;S
20240410;100140;162.74;100;10083912103;S
20240410;100140;162.74;3010;10083912104;S
20240410;100140;162.78;650;10083912114;B
20240410;100140;162.78;850;10083912115;S
20240410;100140;162.8;370;10083912120;B
20240410;100140;162.82;100;10083912121;B
20240410;100140;162.84;200;10083912126;S
20240410;100140;162.82;80;10083912129;S
20240410;100141;162.82;1350;10083912166;S
20240410;100141;162.82;100;10083912230;S
20240410;100141;162.82;1100;10083912251;S
20240410;100141;162.84;300;10083912257;B
20240410;100141;162.86;200;10083912258;B
20240410;100141;162.88;500;10083912259;B
20240410;100141;162.88;500;10083912265;B
20240410;100141;162.88;250;10083912266;B
20240410;100141;162.9;100;10083912267;B
20240410;100141;162.9;300;10083912268;B
20240410;100141;162.92;850;10083912269;B
20240410;100141;162.86;70;10083912286;S
20240410;100141;162.86;10;10083912295;S
20240410;100142;162.88;10;10083912375;S
20240410;100142;162.88;20;10083912376;S
20240410;100142;162.9;50;10083912383;B
20240410;100142;162.88;100;10083912412;S
20240410;100142;162.9;20;10083912426;B
20240410;100142;162.88;1080;10083912431;S
20240410;100142;162.88;920;10083912432;S
20240410;100142;162.92;3050;10083912436;B
20240410;100142;162.92;10;10083912437;B
20240410;100142;162.94;30;10083912438;B
20240410;100142;162.96;40;10083912439;B
20240410;100142;162.96;2450;10083912440;B
20240410;100142;162.96;30;10083912441;B
20240410;100142;162.98;200;10083912442;B
20240410;100142;163;490;10083912443;B
20240410;100142;163;250;10083912444;B
20240410;100142;163;70;10083912445;B
20240410;100142;163;150;10083912446;B
20240410;100142;163;210;10083912447;B
20240410;100142;163;80;10083912448;B
20240410;100142;163;40;10083912449;B
20240410;100142;163;500;10083912450;B
20240410;100142;163;20;10083912451;B
20240410;100142;163;500;10083912452;B
20240410;100142;163;500;10083912453;B
20240410;100142;163;300;10083912454;B
20240410;100142;163.02;400;10083912455;B
20240410;100142;163.02;100;10083912456;B
20240410;100142;163.04;500;10083912457;B
20240410;100142;163.04;50;10083912458;B
20240410;100142;163.04;5030;10083912459;B
20240410;100142;162.94;200;10083912483;S
20240410;100142;162.92;10;10083912497;S
20240410;100142;162.88;630;10083912498;S
20240410;100142;162.88;100;10083912506;S
20240410;100142;163.02;50;10083912521;S
20240410;100142;162.94;1250;10083912525;S
20240410;100143;162.98;100;10083912584;S
20240410;100143;162.96;150;10083912585;S
20240410;100143;162.96;100;10083912604;S
20240410;100143;162.98;20;10083912608;S
20240410;100143;162.96;750;10083912609;S
20240410;100143;162.92;200;10083912610;S
20240410;100143;162.92;20;10083912611;S
20240410;100143;162.92;50;10083912612;S
20240410;100143;162.92;100;10083912613;S
20240410;100143;162.9;200;10083912614;S
20240410;100143;162.9;2270;10083912615;S
20240410;100143;162.9;10;10083912616;S
20240410;100143;162.9;2410;10083912617;S
20240410;100143;162.88;350;10083912618;S
20240410;100143;162.88;100;10083912619;S
20240410;100143;162.88;20;10083912620;S
20240410;100143;162.88;20;10083912621;S
20240410;100143;162.88;480;10083912622;S
20240410;100143;162.9;50;10083912640;S
20240410;100143;163;10;10083912656;B
20240410;100143;162.92;1460;10083912657;S
20240410;100143;162.96;10;10083912669;S
20240410;100143;163;90;10083912677;B
20240410;100143;163;200;10083912678;B
20240410;100143;163.02;10;10083912679;B
20240410;100143;163.02;90;10083912687;B
20240410;100143;163.02;250;10083912688;B
20240410;100143;163.02;200;10083912689;B
20240410;100143;163.04;200;10083912690;B
20240410;100143;163.04;500;10083912691;B
20240410;100143;163.06;1760;10083912692;B
20240410;100143;162.98;10;10083912701;S
20240410;100144;163.04;50;10083912752;B
20240410;100144;163.08;1950;10083912753;B
20240410;100144;163.04;50;10083912780;B
20240410;100144;163.04;10;10083912781;B
20240410;100144;163.06;540;10083912782;B
20240410;100144;162.98;50;10083912808;S
20240410;100144;162.98;100;10083912809;S
20240410;100144;163.04;100;10083912814;B
20240410;100144;163.06;400;10083912815;B
20240410;100144;162.96;500;10083912824;S
20240410;100144;163.04;1000;10083912863;B
20240410;100144;163.06;300;10083912864;B
20240410;100145;163.04;200;10083912921;B
20240410;100145;163.04;300;10083912942;S
20240410;100145;163;40;10083912943;S
20240410;100145;162.98;200;10083912944;S
20240410;100145;162.98;450;10083912945;S
20240410;100145;162.98;110;10083913022;S
20240410;100145;163.04;10;10083913023;B
20240410;100145;163.06;90;10083913024;B
20240410;100146;163.02;20;10083913087;S
20240410;100146;163.04;780;10083913103;B
20240410;100146;162.98;50;10083913111;S
20240410;100146;162.98;1400;10083913143;S
20240410;100146;162.98;10;10083913182;S
20240410;100146;163;100;10083913185;S
20240410;100146;162.98;430;10083913186;S
20240410;100146;162.96;100;10083913187;S
20240410;100146;162.94;50;10083913188;S
20240410;100146;162.94;200;10083913189;S
20240410;100146;162.94;220;10083913190;S
20240410;100146;162.94;900;10083913192;S
20240410;100146;162.92;200;10083913207;S
20240410;100147;163;200;10083913219;B
20240410;100147;163.02;420;10083913220;B
20240410;100147;163.02;80;10083913241;B
20240410;100147;163.04;220;10083913242;B
20240410;100147;163.04;100;10083913243;B
20240410;100147;163.04;200;10083913244;B
20240410;100147;163.06;670;10083913245;B
20240410;100147;163.06;50;10083913246;B
20240410;100147;163.06;250;10083913247;B
20240410;100147;163.06;100;10083913248;B
20240410;100147;163.06;330;10083913249;B
20240410;100147;163;500;10083913302;B
20240410;100147;163.04;100;10083913323;S
20240410;100147;163.06;20;10083913324;B
20240410;100147;163.02;200;10083913336;S
20240410;100147;163;770;10083913337;S
20240410;100148;163.04;20;10083913368;B
20240410;100148;163;1000;10083913375;S
20240410;100148;163.04;180;10083913401;B
20240410;100148;163.04;500;10083913402;B
20240410;100148;163.04;4320;10083913403;S
20240410;100148;163.02;200;10083913421;S
20240410;100148;163;30;10083913422;S
20240410;100148;163;20;10083913433;S
20240410;100148;163;2680;10083913434;S
20240410;100148;163;10;10083913435;S
20240410;100148;163.02;50;10083913567;B
20240410;100148;163.04;200;10083913568;B
20240410;100148;163.06;850;10083913569;B
20240410;100148;163.06;50;10083913570;B
20240410;100148;163.08;50;10083913571;B
20240410;100148;163.08;150;10083913572;B
20240410;100148;162.96;10;10083913575;S
20240410;100148;162.96;10;10083913576;S
20240410;100148;162.96;200;10083913577;S
20240410;100148;162.94;100;10083913578;S
20240410;100148;162.94;100;10083913579;S
20240410;100148;162.92;50;10083913581;S
20240410;100148;162.92;10;10083913582;S
20240410;100148;162.92;1000;10083913583;S
20240410;100148;162.94;10;10083913589;B
20240410;100149;162.94;100;10083913592;B
20240410;100149;162.9;10;10083913619;S
20240410;100149;162.9;90;10083913622;S
20240410;100149;162.9;10;10083913623;S
20240410;100149;162.9;1990;10083913650;S
20240410;100149;162.9;30;10083913651;S
20240410;100149;162.88;250;10083913663;S
20240410;100149;162.86;200;10083913664;S
20240410;100149;162.86;640;10083913665;S
20240410;100150;162.92;100;10083913807;B
20240410;100150;162.92;40;10083913853;B
20240410;100151;162.92;10;10083913951;B
20240410;100151;162.92;30;10083913960;B
20240410;100151;162.92;100;10083913961;B
20240410;100152;162.92;10;10083914044;B
20240410;100152;162.86;1360;10083914070;S
20240410;100152;162.86;200;10083914071;S
20240410;100152;162.84;10;10083914072;S
20240410;100152;162.82;100;10083914073;S
20240410;100152;162.82;2000;10083914074;S
20240410;100152;162.82;190;10083914075;S
20240410;100152;162.8;90;10083914076;S
20240410;100152;162.8;250;10083914077;S
20240410;100152;162.78;10;10083914078;S
20240410;100152;162.78;4500;10083914079;S
20240410;100152;162.78;10000;10083914080;S
20240410;100152;162.74;80;10083914081;S
20240410;100152;162.74;500;10083914082;S
20240410;100152;162.74;10000;10083914083;S
20240410;100152;162.72;10;10083914084;S
20240410;100152;162.72;2500;10083914085;S
20240410;100152;162.72;250;10083914086;S
20240410;100152;162.72;10;10083914087;S
20240410;100152;162.72;10000;10083914088;S
20240410;100152;162.7;10;10083914089;S
20240410;100152;162.68;2000;10083914090;S
20240410;100152;162.68;50;10083914091;S
20240410;100152;162.68;10;10083914092;S
20240410;100152;162.66;1000;10083914093;S
20240410;100152;162.66;10;10083914094;S
20240410;100152;162.66;100;10083914095;S
20240410;100152;162.66;2000;10083914096;S
20240410;100152;162.66;200;10083914097;S
20240410;100152;162.66;10;10083914098;S
20240410;100152;162.64;30;10083914099;S
20240410;100152;162.62;10;10083914100;S
20240410;100152;162.62;300;10083914101;S
20240410;100152;162.62;2000;10083914102;S
20240410;100152;162.6;10;10083914103;S
20240410;100152;162.6;2000;10083914104;S
20240410;100152;162.6;400;10083914105;S
20240410;100152;162.6;530;10083914106;S
20240410;100152;162.6;1000;10083914107;S
20240410;100152;162.56;250;10083914108;S
20240410;100152;162.54;10;10083914109;S
20240410;100152;162.54;100;10083914110;S
20240410;100152;162.54;40;10083914111;S
20240410;100152;162.54;100;10083914112;S
20240410;100152;162.54;800;10083914113;S
20240410;100152;162.54;30;10083914114;S
20240410;100152;162.54;400;10083914115;S
20240410;100152;162.54;2000;10083914116;S
20240410;100152;162.52;630;10083914117;S
20240410;100152;162.52;200;10083914118;S
20240410;100152;162.5;700;10083914119;S
20240410;100152;162.5;20;10083914120;S
20240410;100152;162.5;100;10083914121;S
20240410;100152;162.5;100;10083914122;S
20240410;100152;162.5;100;10083914123;S
20240410;100152;162.5;2000;10083914124;S
20240410;100152;162.5;10000;10083914125;S
20240410;100152;162.5;10;10083914126;S
20240410;100152;162.48;2000;10083914127;S
20240410;100152;162.48;100;10083914128;S
20240410;100152;162.46;1000;10083914129;S
20240410;100152;162.44;40;10083914130;S
20240410;100152;162.44;300;10083914131;S
20240410;100152;162.42;10;10083914132;S
20240410;100152;162.4;3990;10083914133;S
20240410;100152;162.4;100;10083914134;S
20240410;100152;162.4;250;10083914135;S
20240410;100152;162.38;10;10083914136;S
20240410;100152;162.38;30;10083914137;S
20240410;100152;162.38;2000;10083914138;S
20240410;100152;162.36;10;10083914139;S
20240410;100152;162.36;10;10083914140;S
20240410;100152;162.36;2000;10083914141;S
20240410;100152;162.36;2000;10083914142;S
20240410;100152;162.36;100;10083914143;S
20240410;100152;162.34;10;10083914144;S
20240410;100152;162.34;5000;10083914145;S
20240410;100152;162.32;10;10083914146;S
20240410;100152;162.32;200;10083914147;S
20240410;100152;162.32;1000;10083914148;S
20240410;100152;162.3;10;10083914149;S
20240410;100152;162.3;2000;10083914150;S
20240410;100152;162.28;10;10083914151;S
20240410;100152;162.28;250;10083914152;S
20240410;100152;162.28;1000;10083914153;S
20240410;100152;162.26;10;10083914154;S
20240410;100152;162.26;110;10083914155;S
20240410;100152;162.26;2000;10083914156;S
20240410;100152;162.26;100;10083914157;S
20240410;100152;162.26;1000;10083914158;S
20240410;100152;162.26;20000;10083914159;S
20240410;100152;162.24;10;10083914160;S
20240410;100152;162.24;50;10083914161;S
20240410;100152;162.24;6070;10083914162;S
20240410;100152;162.24;2000;10083914163;S
20240410;100152;162.24;250;10083914164;S
20240410;100152;162.22;10;10083914165;S
20240410;100152;162.2;1000;10083914166;S
20240410;100152;162.2;100;10083914167;S
20240410;100152;162.2;80;10083914168;S
20240410;100152;162.2;10;10083914169;S
20240410;100152;162.2;5000;10083914170;S
20240410;100152;162.2;40;10083914171;S
20240410;100152;162.2;1000;10083914172;S
20240410;100152;162.2;150;10083914173;S
20240410;100152;162.2;100;10083914174;S
20240410;100152;162.2;250;10083914175;S
20240410;100152;162.2;100;10083914176;S
20240410;100152;162.2;100;10083914177;S
20240410;100152;162.2;250;10083914178;S
20240410;100152;162.18;10;10083914179;S
20240410;100152;162.18;180;10083914180;S
20240410;100152;162.18;500;10083914181;S
20240410;100152;162.18;2410;10083914182;S
20240410;100152;162.18;500;10083914183;S
20240410;100152;162.16;10;10083914184;S
20240410;100152;162.16;100;10083914185;S
20240410;100152;162.16;10000;10083914186;S
20240410;100152;162.16;100;10083914187;S
20240410;100152;162.16;400;10083914188;S
20240410;100152;162.14;10;10083914189;S
20240410;100152;162.14;500;10083914190;S
20240410;100152;162.14;1000;10083914191;S
20240410;100152;162.14;10000;10083914192;S
20240410;100152;162.12;20;10083914193;S
20240410;100152;162.12;10;10083914194;S
20240410;100152;162.12;5550;10083914195;S
20240410;100152;162.1;10;10083914196;S
20240410;100152;162.1;80;10083914197;S
20240410;100152;162.1;10;10083914198;S
20240410;100152;162.1;500;10083914199;S
20240410;100152;162.1;10000;10083914200;S
20240410;100152;162.1;73550;10083914201;S
20240410;100152;162.56;500;10083914203;S
20240410;100152;162.54;200;10083914206;S
20240410;100152;162.52;750;10083914207;S
20240410;100152;162.5;50;10083914216;S
20240410;100152;162.5;150;10083914219;S
20240410;100152;162.5;10;10083914220;S
20240410;100152;162.36;120;10083914221;S
20240410;100152;162.34;720;10083914222;S
20240410;100152;162.52;7500;10083914223;B
20240410;100152;162.52;1700;10083914237;S
20240410;100152;162.72;50;10083914238;B
20240410;100152;162.58;60;10083914248;S
20240410;100152;162.36;360;10083914249;S
20240410;100152;162.54;6000;10083914260;B
20240410;100152;162.5;1100;10083914266;S
20240410;100152;162.5;270;10083914268;S
20240410;100153;162.5;230;10083914299;S
20240410;100153;162.4;10000;10083914300;S
20240410;100153;162.34;1100;10083914301;S
20240410;100153;162.26;500;10083914302;S
20240410;100153;162.2;10;10083914303;S
20240410;100153;162.14;500;10083914304;S
20240410;100153;162.1;17660;10083914305;S
20240410;100153;162.1;20;10083914320;S
20240410;100153;162.4;40;10083914328;B
20240410;100153;162.44;200;10083914439;B
20240410;100153;162.5;300;10083914440;B
20240410;100154;162.4;100;10083914455;S
20240410;100154;162.4;200;10083914456;S
20240410;100154;162.38;300;10083914457;S
20240410;100154;162.36;200;10083914458;S
20240410;100154;162.36;60;10083914459;S
20240410;100154;162.34;140;10083914460;S
20240410;100154;162.44;50;10083914463;B
20240410;100154;162.54;500;10083914476;B
20240410;100154;162.44;40;10083914498;S
20240410;100154;162.54;200;10083914501;B
20240410;100154;162.58;250;10083914502;B
20240410;100154;162.58;50;10083914503;B
20240410;100154;162.56;10;10083914512;B
20240410;100154;162.48;10;10083914529;B
20240410;100154;162.46;100;10083914540;S
20240410;100154;162.46;400;10083914561;B
20240410;100154;162.46;10;10083914569;B
20240410;100154;162.44;120;10083914579;S
20240410;100154;162.46;10;10083914588;B
20240410;100155;162.44;110;10083914627;S
20240410;100155;162.44;10;10083914664;S
20240410;100155;162.44;10;10083914727;S
20240410;100155;162.46;100;10083914734;B
20240410;100155;162.46;30;10083914740;B
20240410;100156;162.46;300;10083914754;B
20240410;100156;162.46;10;10083914761;B
20240410;100156;162.46;100;10083914816;B
20240410;100157;162.44;20;10083914886;S
20240410;100157;162.46;440;10083914935;B
20240410;100157;162.46;10;10083914936;B
20240410;100157;162.46;100;10083914943;S
20240410;100157;162.5;10;10083914956;B
20240410;100157;162.52;10;10083914957;B
20240410;100157;162.52;10;10083914958;B
20240410;100157;162.52;200;10083914959;B
20240410;100157;162.54;30;10083914960;B
20240410;100157;162.54;500;10083914961;B
20240410;100157;162.56;100;10083914962;B
20240410;100157;162.56;250;10083914963;B
20240410;100157;162.58;4500;10083914964;B
20240410;100157;162.58;10;10083914965;B
20240410;100157;162.58;2000;10083914966;B
20240410;100157;162.6;7580;10083914967;B
20240410;100157;162.52;200;10083914991;S
20240410;100157;162.5;2800;10083914992;S
20240410;100158;162.64;10;10083915056;B
20240410;100158;162.66;500;10083915057;B
20240410;100158;162.66;200;10083915058;B
20240410;100158;162.68;1000;10083915059;B
20240410;100158;162.68;10;10083915060;B
20240410;100158;162.68;500;10083915061;B
20240410;100158;162.68;210;10083915062;B
20240410;100158;162.68;3660;10083915063;B
20240410;100158;162.7;500;10083915064;B
20240410;100158;162.7;500;10083915065;B
20240410;100158;162.72;300;10083915066;B
20240410;100158;162.72;1000;10083915067;B
20240410;100158;162.72;3610;10083915068;B
20240410;100158;162.74;600;10083915069;B
20240410;100158;162.64;2000;10083915086;S
20240410;100158;162.72;200;10083915087;B
20240410;100158;162.74;1400;10083915088;B
20240410;100158;162.78;2000;10083915089;B
20240410;100158;162.78;10;10083915090;B
20240410;100158;162.78;30;10083915091;B
20240410;100158;162.66;10;10083915101;S
20240410;100158;162.74;10;10083915160;B
20240410;100158;162.74;90;10083915175;B
20240410;100158;162.76;100;10083915176;B
20240410;100158;162.76;110;10083915177;S
20240410;100158;162.68;10;10083915178;S
20240410;100158;162.68;200;10083915179;S
20240410;100158;162.66;250;10083915180;S
20240410;100158;162.66;290;10083915181;S
20240410;100158;162.74;310;10083915182;B
20240410;100158;162.76;690;10083915183;S
20240410;100159;162.72;10;10083915227;S
20240410;100159;162.7;10;10083915240;S
20240410;100159;162.68;10;10083915241;S
20240410;100159;162.68;40;10083915242;S
20240410;100159;162.66;10;10083915243;S
20240410;100159;162.66;200;10083915244;S
20240410;100159;162.66;100;10083915245;S
20240410;100159;162.64;10;10083915263;S
20240410;100159;162.66;1630;10083915264;B
20240410;100159;162.68;200;10083915265;B
20240410;100159;162.74;540;10083915266;B
20240410;100159;162.74;20;10083915267;B
20240410;100159;162.74;10;10083915268;B
20240410;100159;162.76;100;10083915269;B
20240410;100159;162.78;200;10083915270;B
20240410;100159;162.78;290;10083915271;B
20240410;100159;162.8;10;10083915272;B
20240410;100159;162.7;200;10083915288;S
20240410;100159;162.72;20;10083915363;B
20240410;100159;162.66;200;10083915365;S
20240410;100200;162.7;20;10083915391;B
20240410;100200;162.7;30;10083915417;B
20240410;100200;162.68;10;10083915418;S
20240410;100200;162.68;200;10083915518;B
20240410;100201;162.68;30;10083915576;S
20240410;100201;162.68;20;10083915577;S
20240410;100201;162.7;100;10083915586;B
20240410;100201;162.68;1060;10083915634;S
20240410;100201;162.68;500;10083915637;S
20240410;100201;162.68;8190;10083915638;S
20240410;100201;162.66;50;10083915660;S
20240410;100201;162.66;60;10083915661;S
20240410;100201;162.64;50;10083915662;S
20240410;100202;162.62;200;10083915701;S
20240410;100202;162.62;100;10083915712;S
20240410;100202;162.62;200;10083915713;S
20240410;100202;162.58;100;10083915759;S
20240410;100202;162.58;100;10083915760;S
20240410;100202;162.64;20;10083915819;B
20240410;100202;162.66;200;10083915820;B
20240410;100202;162.68;400;10083915821;B
20240410;100202;162.68;10;10083915822;B
20240410;100202;162.68;370;10083915823;S
20240410;100202;162.64;10;10083915837;B
20240410;100202;162.58;20;10083915845;S
20240410;100202;162.58;10;10083915853;S
20240410;100203;162.64;10;10083915919;B
20240410;100203;162.68;100;10083915936;B
20240410;100203;162.58;350;10083915944;S
20240410;100203;162.6;10;10083916029;S
20240410;100203;162.62;100;10083916032;B
20240410;100203;162.66;10;10083916035;S
20240410;100203;162.62;220;10083916039;S
20240410;100204;162.62;4680;10083916160;S
20240410;100204;162.64;10;10083916179;B
20240410;100204;162.66;60;10083916186;B
20240410;100204;162.66;10;10083916190;B
20240410;100205;162.62;10;10083916285;S
20240410;100205;162.58;130;10083916286;S
20240410;100205;162.66;100;10083916291;B
20240410;100205;162.6;10;10083916332;S
20240410;100205;162.6;300;10083916333;S
20240410;100205;162.64;20;10083916339;B
20240410;100205;162.66;30;10083916340;B
20240410;100205;162.66;50;10083916341;B
20240410;100206;162.6;1700;10083916358;S
20240410;100206;162.58;800;10083916359;S
20240410;100206;162.66;80;10083916468;B
20240410;100206;162.68;50;10083916469;B
20240410;100206;162.68;50;10083916470;B
20240410;100206;162.68;130;10083916471;B
20240410;100206;162.58;100;10083916473;S
20240410;100206;162.58;400;10083916477;S
20240410;100206;162.66;10;10083916505;S
20240410;100207;162.64;10;10083916641;B
20240410;100207;162.64;10;10083916644;B
20240410;100207;162.6;200;10083916689;S
20240410;100207;162.58;190;10083916690;S
20240410;100207;162.58;200;10083916691;S
20240410;100207;162.58;760;10083916692;S
20240410;100207;162.58;50;10083916712;S
20240410;100208;162.58;2850;10083916767;S
20240410;100208;162.58;150;10083916768;S
20240410;100208;162.6;1000;10083916791;S
20240410;100209;162.62;20;10083916849;B
20240410;100209;162.62;80;10083916880;B
20240410;100209;162.64;20;10083916881;B
20240410;100209;162.58;1800;10083916980;S
20240410;100209;162.6;6290;10083916990;S
20240410;100209;162.6;1710;10083916991;S
20240410;100209;162.6;10;10083916995;S
20240410;100210;162.62;10;10083916999;B
20240410;100210;162.62;20;10083917000;B
20240410;100210;162.64;210;10083917001;B
20240410;100210;162.64;250;10083917002;B
20240410;100210;162.64;50;10083917003;B
20240410;100210;162.66;200;10083917004;B
20240410;100210;162.66;540;10083917005;S
20240410;100210;162.66;720;10083917006;S
20240410;100210;162.62;10;10083917013;S
20240410;100210;162.62;80;10083917028;S
20240410;100210;162.62;110;10083917113;S
20240410;100210;162.6;110;10083917114;S
20240410;100210;162.6;440;10083917158;S
20240410;100210;162.6;290;10083917197;S
20240410;100210;162.6;230;10083917289;S
20240410;100210;162.6;150;10083917326;S
20240410;100210;162.6;120;10083917342;S
20240410;100210;162.6;180;10083917363;S
20240410;100210;162.64;20;10083917365;S
20240410;100211;162.6;700;10083917459;S
20240410;100211;162.6;730;10083917510;S
20240410;100211;162.6;50;10083917568;S
20240410;100211;162.62;120;10083917602;S
20240410;100211;162.6;500;10083917631;S
20240410;100211;162.6;60;10083917642;S
20240410;100211;162.58;50;10083917643;S
20240410;100211;162.58;1000;10083917644;S
20240410;100211;162.58;120;10083917645;S
20240410;100211;162.58;200;10083917646;S
20240410;100211;162.58;20;10083917647;S
20240410;100211;162.6;10;10083917649;B
20240410;100211;162.56;190;10083917711;S
20240410;100212;162.6;30;10083917730;B
20240410;100212;162.6;70;10083917731;B
20240410;100212;162.6;130;10083917739;B
20240410;100212;162.62;290;10083917740;B
20240410;100212;162.6;1000;10083917745;S
20240410;100212;162.56;3790;10083917828;S
20240410;100212;162.56;26020;10083917829;S
20240410;100212;162.54;10;10083917830;S
20240410;100212;162.54;190;10083917831;S
20240410;100212;162.52;850;10083917832;S
20240410;100212;162.5;100;10083917833;S
20240410;100212;162.5;400;10083917834;S
20240410;100212;162.5;500;10083917835;S
20240410;100212;162.5;7510;10083917836;S
20240410;100212;162.5;5000;10083917837;S
20240410;100212;162.5;200;10083917838;S
20240410;100212;162.5;200;10083917839;S
20240410;100212;162.5;200;10083917840;S
20240410;100212;162.5;250;10083917841;S
20240410;100212;162.46;10;10083917842;S
20240410;100212;162.44;10;10083917879;S
20240410;100212;162.44;290;10083917880;S
20240410;100212;162.54;200;10083917889;B
20240410;100212;162.54;540;10083917890;B
20240410;100212;162.42;40;10083917895;S
20240410;100213;162.52;30;10083917901;B
20240410;100213;162.52;170;10083917929;B
20240410;100213;162.54;1450;10083917930;B
20240410;100213;162.56;3660;10083917931;B
20240410;100213;162.58;290;10083917932;B
20240410;100213;162.58;430;10083917933;B
20240410;100213;162.42;10;10083917985;S
20240410;100213;162.42;70;10083917986;S
20240410;100213;162.56;70;10083918028;B
20240410;100213;162.56;20;10083918029;B
20240410;100213;162.58;3230;10083918030;B
20240410;100213;162.6;300;10083918031;B
20240410;100213;162.6;500;10083918032;B
20240410;100213;162.6;1480;10083918033;B
20240410;100213;162.6;4300;10083918034;B
20240410;100213;162.6;460;10083918048;B
20240410;100213;162.62;40;10083918049;B
20240410;100214;162.5;10;10083918247;B
20240410;100214;162.48;200;10083918252;S
20240410;100215;162.48;150;10083918424;S
20240410;100215;162.48;100;10083918443;S
20240410;100215;162.48;100;10083918444;S
20240410;100215;162.5;80;10083918482;B
20240410;100216;162.5;210;10083918512;B
20240410;100216;162.5;500;10083918513;B
20240410;100216;162.58;20;10083918526;B
20240410;100216;162.6;300;10083918527;B
20240410;100216;162.6;80;10083918528;B
20240410;100216;162.58;2000;10083918535;S
20240410;100216;162.58;100;10083918598;B
20240410;100216;162.5;150;10083918703;S
20240410;100217;162.5;1490;10083918884;S
20240410;100217;162.52;20;10083918891;B
20240410;100217;162.52;300;10083918893;B
20240410;100217;162.5;10;10083918910;S
20240410;100217;162.52;60;10083918914;B
20240410;100218;162.5;240;10083918926;S
20240410;100218;162.52;2120;10083918927;B
20240410;100218;162.54;130;10083918928;B
20240410;100218;162.54;120;10083918929;B
20240410;100218;162.56;250;10083918930;B
20240410;100218;162.58;510;10083918931;B
20240410;100218;162.58;20;10083918932;B
20240410;100218;162.6;1500;10083918933;B
20240410;100218;162.6;350;10083918934;S
20240410;100218;162.52;60;10083918977;S
20240410;100218;162.6;10;10083918978;B
20240410;100218;162.52;140;10083918981;S
20240410;100218;162.5;400;10083918982;S
20240410;100218;162.5;10;10083918983;S
20240410;100218;162.5;130;10083918984;S
20240410;100218;162.5;630;10083918985;S
20240410;100218;162.58;500;10083919033;B
20240410;100218;162.6;50;10083919034;B
20240410;100218;162.6;20;10083919035;B
20240410;100218;162.62;670;10083919036;B
20240410;100218;162.62;50;10083919037;B
20240410;100218;162.62;250;10083919038;B
20240410;100218;162.62;3460;10083919039;B
20240410;100218;162.52;30;10083919097;S
20240410;100218;162.6;30;10083919098;B
20240410;100219;162.6;10;10083919112;B
20240410;100219;162.6;100;10083919130;B
20240410;100219;162.6;1500;10083919131;B
20240410;100219;162.62;2320;10083919132;B
20240410;100219;162.66;1000;10083919133;B
20240410;100219;162.66;80;10083919134;B
20240410;100219;162.58;2000;10083919204;S
20240410;100219;162.66;30;10083919215;B
20240410;100219;162.6;500;10083919291;S
20240410;100220;162.66;100;10083919299;B
20240410;100221;162.6;30;10083919532;S
20240410;100221;162.62;300;10083919579;S
20240410;100221;162.6;470;10083919580;S
20240410;100221;162.6;530;10083919581;S
20240410;100221;162.6;50;10083919582;S
20240410;100221;162.66;10;10083919641;B
20240410;100222;162.6;420;10083919718;S
20240410;100222;162.6;100;10083919719;S
20240410;100222;162.58;580;10083919720;S
20240410;100222;162.58;200;10083919721;S
20240410;100222;162.58;700;10083919722;S
20240410;100222;162.66;80;10083919725;B
20240410;100222;162.68;920;10083919726;B
20240410;100222;162.6;30;10083919727;S
20240410;100222;162.6;220;10083919739;B
20240410;100222;162.66;50;10083919740;B
20240410;100222;162.66;10;10083919741;B
20240410;100222;162.66;2700;10083919742;S
20240410;100222;162.66;2020;10083919743;S
20240410;100222;162.58;50;10083919746;S
20240410;100222;162.68;150;10083919749;B
20240410;100222;162.58;450;10083919834;S
20240410;100222;162.58;200;10083919835;S
20240410;100222;162.56;250;10083919836;S
20240410;100223;162.58;40;10083919932;S
20240410;100223;162.58;210;10083920055;S
20240410;100223;162.56;200;10083920056;S
20240410;100223;162.54;790;10083920057;S
20240410;100224;162.66;20;10083920283;B
20240410;100224;162.62;100;10083920297;S
20240410;100225;162.66;100;10083920409;B
20240410;100225;162.6;100;10083920435;S
20240410;100225;162.64;1160;10083920436;S
20240410;100225;162.64;3840;10083920437;S
20240410;100226;162.6;80;10083920607;S
20240410;100226;162.6;160;10083920608;S
20240410;100226;162.6;100;10083920635;S
20240410;100226;162.6;3000;10083920638;S
20240410;100227;162.62;10;10083920679;S
20240410;100227;162.64;50;10083920802;B
20240410;100227;162.66;50;10083920803;B
20240410;100227;162.66;20;10083920816;B
20240410;100228;162.66;10;10083920827;B
20240410;100228;162.66;50;10083920828;B
20240410;100228;162.66;250;10083920829;B
20240410;100228;162.68;300;10083920830;B
20240410;100228;162.68;250;10083920831;B
20240410;100228;162.68;190;10083920832;B
20240410;100228;162.68;100;10083920833;B
20240410;100228;162.68;200;10083920834;B
20240410;100228;162.68;2000;10083920835;B
20240410;100228;162.7;10;10083920836;B
20240410;100228;162.7;680;10083920837;B
20240410;100228;162.7;50;10083920838;B
20240410;100228;162.7;100;10083920839;B
20240410;100228;162.72;200;10083920840;B
20240410;100228;162.72;10;10083920841;B
20240410;100228;162.72;100;10083920842;B
20240410;100228;162.72;40;10083920843;B
20240410;100228;162.72;50;10083920844;B
20240410;100228;162.72;50;10083920845;B
20240410;100228;162.74;100;10083920846;B
20240410;100228;162.74;1420;10083920847;B
20240410;100228;162.76;50;10083920848;B
20240410;100228;162.76;250;10083920849;B
20240410;100228;162.76;10;10083920850;B
20240410;100228;162.76;250;10083920851;B
20240410;100228;162.78;2000;10083920852;B
20240410;100228;162.78;60;10083920853;B
20240410;100228;162.78;300;10083920854;B
20240410;100228;162.78;500;10083920855;B
20240410;100228;162.8;2400;10083920856;B
20240410;100228;162.8;20;10083920857;B
20240410;100228;162.8;10;10083920858;B
20240410;100228;162.8;10;10083920859;B
20240410;100228;162.8;1000;10083920860;B
20240410;100228;162.8;790;10083920861;B
20240410;100228;162.7;10;10083920862;S
20240410;100228;162.72;70;10083921060;S
20240410;100228;162.78;20;10083921061;B
20240410;100228;162.78;10;10083921067;B
20240410;100229;162.76;50;10083921095;S
20240410;100229;162.74;250;10083921108;S
20240410;100229;162.72;130;10083921109;S
20240410;100229;162.7;120;10083921110;S
20240410;100229;162.76;10;10083921132;S
20240410;100229;162.72;100;10083921155;S
20240410;100229;162.74;50;10083921194;S
20240410;100229;162.72;2550;10083921195;S
20240410;100230;162.72;200;10083921259;S
20240410;100230;162.76;20;10083921422;B
20240410;100230;162.72;910;10083921446;S
20240410;100230;162.72;20;10083921447;S
20240410;100230;162.72;270;10083921452;S
20240410;100231;162.72;100;10083921653;S
20240410;100231;162.7;20;10083921695;S
20240410;100232;162.72;20;10083921772;S
20240410;100232;162.74;100;10083921858;B
20240410;100232;162.72;40;10083921865;S
20240410;100233;162.7;1170;10083922085;S
20240410;100233;162.72;330;10083922099;B
20240410;100233;162.74;150;10083922100;B
20240410;100233;162.76;120;10083922101;B
20240410;100233;162.78;170;10083922102;B
20240410;100233;162.78;230;10083922103;B
20240410;100234;162.74;10;10083922384;S
20240410;100235;162.74;90;10083922425;S
20240410;100235;162.74;10;10083922426;S
20240410;100235;162.72;400;10083922427;S
20240410;100235;162.78;20;10083922512;B
20240410;100235;162.78;30;10083922513;B
20240410;100235;162.78;10;10083922514;B
20240410;100235;162.8;200;10083922515;B
20240410;100235;162.8;200;10083922516;B
20240410;100235;162.8;1000;10083922517;B
20240410;100235;162.82;2730;10083922518;B
20240410;100235;162.82;250;10083922519;B
20240410;100235;162.84;100;10083922520;B
20240410;100235;162.84;100;10083922521;B
20240410;100235;162.84;10;10083922522;B
20240410;100235;162.84;100;10083922523;B
20240410;100235;162.86;300;10083922524;B
20240410;100235;162.86;10;10083922525;B
20240410;100235;162.88;100;10083922526;B
20240410;100235;162.88;100;10083922527;B
20240410;100235;162.88;10;10083922528;B
20240410;100235;162.88;10;10083922529;B
20240410;100235;162.88;10;10083922530;B
20240410;100235;162.88;20;10083922531;B
20240410;100235;162.88;200;10083922532;B
20240410;100235;162.9;10;10083922533;B
20240410;100235;162.9;10;10083922534;B
20240410;100235;162.9;3660;10083922535;B
20240410;100235;162.9;20;10083922536;B
20240410;100235;162.9;500;10083922537;B
20240410;100235;162.92;10;10083922538;B
20240410;100235;162.92;280;10083922539;B
20240410;100235;162.92;80;10083922544;B
20240410;100235;162.92;20;10083922545;B
20240410;100235;162.92;30;10083922546;B
20240410;100235;162.92;10;10083922584;B
20240410;100236;162.92;300;10083922663;B
20240410;100236;162.86;200;10083922741;S
20240410;100236;162.84;100;10083922742;S
20240410;100236;162.92;100;10083922745;B
20240410;100236;162.92;10;10083922746;B
20240410;100236;162.94;940;10083922747;B
20240410;100236;162.94;50;10083922748;B
20240410;100236;162.94;940;10083922749;B
20240410;100236;162.94;10;10083922750;B
20240410;100236;162.96;10;10083922751;B
20240410;100236;162.96;10;10083922752;B
20240410;100236;162.96;260;10083922753;B
20240410;100236;162.98;50;10083922754;B
20240410;100236;162.98;100;10083922755;B
20240410;100236;162.98;50;10083922756;B
20240410;100236;162.98;2000;10083922757;B
20240410;100236;162.98;10;10083922758;B
20240410;100236;162.98;25460;10083922759;B
20240410;100236;162.9;100;10083922777;S
20240410;100237;162.86;200;10083922813;S
20240410;100237;162.84;3660;10083922814;S
20240410;100237;162.84;3660;10083922815;S
20240410;100237;162.82;2480;10083922816;S
20240410;100237;162.78;200;10083922836;S
20240410;100237;162.74;2000;10083922837;S
20240410;100237;162.74;200;10083922838;S
20240410;100237;162.72;920;10083922839;S
20240410;100237;162.72;50;10083922928;S
20240410;100237;162.72;400;10083922937;S
20240410;100237;162.9;200;10083922962;B
20240410;100237;162.92;300;10083922963;B
20240410;100238;162.9;120;10083922996;B
20240410;100238;162.82;200;10083923014;S
20240410;100238;162.8;800;10083923015;S
20240410;100238;162.76;10;10083923019;S
20240410;100238;162.72;490;10083923020;S
20240410;100239;162.88;500;10083923089;B
20240410;100239;162.74;10;10083923185;S
20240410;100239;162.72;30;10083923186;S
20240410;100240;162.82;20;10083923346;B
20240410;100240;162.82;10;10083923347;B
20240410;100240;162.74;10;10083923366;S
20240410;100240;162.72;300;10083923367;S
20240410;100240;162.72;250;10083923368;S
20240410;100240;162.72;100;10083923369;S
20240410;100240;162.7;1300;10083923370;S
20240410;100240;162.7;170;10083923374;S
20240410;100241;162.7;2220;10083923378;S
20240410;100241;162.7;50;10083923379;S
20240410;100241;162.76;810;10083923474;S
20240410;100241;162.72;100;10083923475;S
20240410;100241;162.7;90;10083923476;S
20240410;100241;162.8;50;10083923477;B
20240410;100241;162.82;20;10083923478;B
20240410;100241;162.82;50;10083923479;B
20240410;100241;162.84;100;10083923480;B
20240410;100241;162.84;200;10083923481;B
20240410;100241;162.86;50;10083923482;B
20240410;100241;162.86;500;10083923483;B
20240410;100241;162.86;370;10083923484;S
20240410;100241;162.86;1420;10083923485;S
20240410;100241;162.72;200;10083923493;S
20240410;100242;162.78;10;10083923567;B
20240410;100242;162.78;10;10083923679;B
20240410;100243;162.78;20;10083923793;B
20240410;100243;162.76;150;10083923858;B
20240410;100244;162.78;10;10083923915;B
20240410;100244;162.78;150;10083924015;B
20240410;100244;162.78;100;10083924016;B
20240410;100244;162.8;50;10083924017;B
20240410;100244;162.8;200;10083924021;B
20240410;100244;162.8;10;10083924022;B
20240410;100244;162.76;100;10083924026;S
20240410;100245;162.8;50;10083924120;B
20240410;100246;162.76;750;10083924294;S
20240410;100246;162.72;5250;10083924295;S
20240410;100246;162.76;10;10083924316;B
20240410;100246;162.76;40;10083924332;B
20240410;100246;162.74;100;10083924346;S
20240410;100247;162.76;550;10083924367;B
20240410;100247;162.78;180;10083924368;B
20240410;100247;162.8;210;10083924369;B
20240410;100247;162.82;50;10083924370;B
20240410;100247;162.84;100;10083924371;B
20240410;100247;162.84;50;10083924372;B
20240410;100247;162.84;70;10083924373;B
20240410;100247;162.84;790;10083924374;B
20240410;100247;162.84;20;10083924484;B
20240410;100248;162.84;190;10083924619;B
20240410;100248;162.86;10;10083924620;B
20240410;100248;162.88;500;10083924621;B
20240410;100248;162.88;50;10083924622;B
20240410;100248;162.88;450;10083924623;B
20240410;100249;162.88;50;10083924671;B
20240410;100249;162.88;120;10083924672;B
20240410;100249;162.9;200;10083924673;B
20240410;100249;162.9;50;10083924674;B
20240410;100249;162.92;80;10083924675;B
20240410;100250;162.84;10;10083924842;S
20240410;100250;162.84;10;10083924843;S
20240410;100250;162.82;10;10083924844;S
20240410;100250;162.92;300;10083924899;B
20240410;100250;162.94;100;10083924900;B
20240410;100250;162.82;90;10083924934;S
20240410;100250;162.8;100;10083924935;S
20240410;100250;162.8;250;10083924936;S
20240410;100250;162.78;200;10083924937;S
20240410;100250;162.78;1260;10083924938;S
20240410;100251;162.78;10;10083925010;S
20240410;100251;162.78;100;10083925012;S
20240410;100251;162.78;250;10083925020;S
20240410;100251;162.88;40;10083925022;B
20240410;100252;162.78;640;10083925200;S
20240410;100252;162.78;200;10083925201;S
20240410;100252;162.78;80;10083925202;S
20240410;100252;162.76;1080;10083925203;S
20240410;100252;162.74;30;10083925216;S
20240410;100253;162.84;190;10083925234;S
20240410;100253;162.76;100;10083925273;S
20240410;100253;162.74;470;10083925275;S
20240410;100253;162.74;100;10083925276;S
20240410;100253;162.72;100;10083925277;S
20240410;100253;162.72;10;10083925278;S
20240410;100253;162.72;110;10083925279;S
20240410;100253;162.72;210;10083925280;S
20240410;100253;162.72;920;10083925361;S
20240410;100253;162.78;100;10083925369;B
20240410;100254;162.78;20;10083925378;B
20240410;100254;162.72;30;10083925436;S
20240410;100254;162.72;70;10083925437;S
20240410;100254;162.72;40;10083925482;S
20240410;100254;162.72;90;10083925507;S
20240410;100254;162.7;860;10083925508;S
20240410;100254;162.7;50;10083925509;S
20240410;100254;162.7;200;10083925510;S
20240410;100254;162.7;100;10083925511;S
20240410;100254;162.7;100;10083925512;S
20240410;100254;162.7;10;10083925513;S
20240410;100254;162.7;1000;10083925514;S
20240410;100254;162.7;500;10083925515;S
20240410;100254;162.7;3090;10083925516;S
20240410;100255;162.78;10;10083925619;B
20240410;100255;162.78;70;10083925627;B
20240410;100255;162.78;20;10083925628;B
20240410;100256;162.76;40;10083925699;B
20240410;100256;162.76;160;10083925773;B
20240410;100256;162.76;50;10083925774;B
20240410;100256;162.78;140;10083925775;B
20240410;100257;162.76;10;10083925854;S
20240410;100257;162.78;100;10083925910;B
20240410;100258;162.78;240;10083925961;B
20240410;100258;162.78;250;10083925962;B
20240410;100258;162.78;10;10083925963;B
20240410;100259;162.78;150;10083926033;B
20240410;100259;162.8;200;10083926034;B
20240410;100259;162.8;4650;10083926035;B
20240410;100259;162.8;750;10083926092;B
20240410;100259;162.8;90;10083926093;B
20240410;100259;162.84;150;10083926094;B
20240410;100259;162.84;10;10083926095;B
20240410;100259;162.74;2000;10083926106;S
20240410;100259;162.72;100;10083926107;S
20240410;100259;162.72;500;10083926108;S
20240410;100259;162.72;10;10083926109;S
20240410;100259;162.7;390;10083926110;S
20240410;100259;162.84;1000;10083926126;B
20240410;100259;162.78;10;10083926169;S
20240410;100259;162.76;50;10083926170;S
20240410;100259;162.74;40;10083926171;S
20240410;100259;162.82;40;10083926176;B
20240410;100259;162.84;1960;10083926177;B
20240410;100259;162.84;10;10083926213;B
20240410;100302;162.78;50;10083926766;S
20240410;100302;162.76;50;10083926767;S
20240410;100302;162.76;50;10083926774;S
20240410;100302;162.74;150;10083926775;S
20240410;100303;162.76;10;10083926858;S
20240410;100303;162.74;10;10083926859;S
20240410;100303;162.74;100;10083926860;S
20240410;100303;162.74;80;10083926861;S
20240410;100303;162.74;360;10083926869;S
20240410;100303;162.78;1310;10083926873;B
20240410;100303;162.78;420;10083926874;B
20240410;100303;162.82;150;10083926875;B
20240410;100303;162.84;500;10083926876;B
20240410;100303;162.86;50;10083926877;B
20240410;100303;162.86;3660;10083926878;B
20240410;100303;162.86;1910;10083926879;B
20240410;100304;162.8;50;10083927009;B
20240410;100305;162.8;60;10083927292;B
20240410;100305;162.78;130;10083927414;S
20240410;100306;162.8;60;10083927455;B
20240410;100306;162.8;20;10083927467;B
20240410;100306;162.84;10;10083927468;B
20240410;100306;162.84;40;10083927469;B
20240410;100306;162.84;60;10083927482;B
20240410;100306;162.84;100;10083927597;B
20240410;100306;162.84;420;10083927598;B
20240410;100306;162.84;130;10083927599;B
20240410;100306;162.84;1000;10083927626;S
20240410;100307;162.88;10;10083927694;B
20240410;100308;162.84;1000;10083927733;S
20240410;100308;162.84;400;10083927756;S
20240410;100308;162.84;1010;10083927760;S
20240410;100308;162.86;50;10083927782;B
20240410;100308;162.86;80;10083927783;S
20240410;100308;162.86;370;10083927784;S
20240410;100308;162.86;1000;10083927842;S
20240410;100309;162.86;400;10083927845;S
20240410;100309;162.84;640;10083927860;S
20240410;100309;162.84;200;10083927861;S
20240410;100309;162.8;160;10083927862;S
20240410;100309;162.78;50;10083927874;S
20240410;100309;162.78;50;10083927875;S
20240410;100309;162.78;500;10083927876;S
20240410;100309;162.8;100;10083927920;S
20240410;100310;162.78;200;10083928013;S
20240410;100310;162.78;50;10083928014;S
20240410;100310;162.78;1800;10083928024;B
20240410;100310;162.76;50;10083928063;S
20240410;100310;162.78;100;10083928073;B
20240410;100310;162.76;50;10083928115;S
20240410;100310;162.74;100;10083928116;S
20240410;100310;162.72;10;10083928117;S
20240410;100310;162.72;10;10083928118;S
20240410;100312;162.74;50;10083928316;B
20240410;100312;162.76;60;10083928317;B
20240410;100312;162.72;40;10083928388;S
20240410;100312;162.72;100;10083928389;S
20240410;100312;162.72;100;10083928390;S
20240410;100312;162.72;760;10083928391;S
20240410;100312;162.76;10;10083928425;B
20240410;100313;162.76;20;10083928543;B
20240410;100314;162.76;10;10083928664;B
20240410;100314;162.76;40;10083928710;B
20240410;100315;162.74;10;10083928780;S
20240410;100315;162.76;60;10083928833;B
20240410;100315;162.74;40;10083928837;S
20240410;100315;162.74;100;10083928838;S
20240410;100315;162.72;860;10083928839;S
20240410;100315;162.76;40;10083928867;B
20240410;100315;162.76;10;10083928874;B
20240410;100315;162.72;200;10083928934;S
20240410;100316;162.72;50;10083928977;S
20240410;100316;162.74;50;10083929025;S
20240410;100317;162.74;10;10083929124;S
20240410;100317;162.76;90;10083929222;B
20240410;100318;162.76;200;10083929252;B
20240410;100319;162.76;20;10083929338;B
20240410;100319;162.74;400;10083929447;S
20240410;100319;162.76;200;10083929453;B
20240410;100320;162.74;10;10083929531;S
20240410;100320;162.76;640;10083929536;B
20240410;100320;162.76;200;10083929537;B
20240410;100320;162.76;300;10083929538;B
20240410;100320;162.76;50;10083929539;B
20240410;100320;162.78;2850;10083929540;B
20240410;100320;162.8;100;10083929561;S
20240410;100321;162.8;50;10083929739;S
20240410;100321;162.8;10;10083929747;S
20240410;100321;162.82;10;10083929790;B
20240410;100321;162.82;10;10083929791;B
20240410;100321;162.82;180;10083929792;B
20240410;100321;162.82;500;10083929862;B
20240410;100321;162.8;130;10083929867;S
20240410;100322;162.82;10;10083929890;B
20240410;100322;162.8;70;10083929903;S
20240410;100322;162.82;10;10083929924;B
20240410;100322;162.82;20;10083929940;B
20240410;100322;162.82;40;10083930092;B
20240410;100323;162.8;5560;10083930211;S
20240410;100323;162.76;1630;10083930212;S
20240410;100323;162.76;2530;10083930213;S
20240410;100323;162.74;280;10083930214;S
20240410;100323;162.74;300;10083930228;S
20240410;100323;162.82;10;10083930252;B
20240410;100323;162.8;1220;10083930274;B
20240410;100323;162.82;780;10083930275;B
20240410;100323;162.82;100;10083930276;B
20240410;100323;162.74;190;10083930361;S
20240410;100324;162.74;70;10083930515;S
20240410;100324;162.76;50;10083930524;S
20240410;100325;162.74;2000;10083930676;S
20240410;100325;162.76;20;10083930684;B
20240410;100325;162.76;680;10083930691;B
20240410;100325;162.78;1090;10083930692;B
20240410;100325;162.8;10;10083930693;B
20240410;100325;162.8;1220;10083930694;B
20240410;100325;162.8;100;10083930759;S
20240410;100325;162.8;1600;10083930771;S
20240410;100325;162.82;10;10083930773;B
20240410;100325;162.82;1450;10083930793;B
20240410;100325;162.84;360;10083930794;B
20240410;100325;162.84;160;10083930795;S
20240410;100325;162.84;30;10083930811;S
20240410;100325;162.82;200;10083930812;S
20240410;100325;162.8;100;10083930813;S
20240410;100326;162.84;200;10083930881;B
20240410;100326;162.86;10;10083930882;B
20240410;100326;162.86;1000;10083930883;B
20240410;100326;162.86;1220;10083930884;B
20240410;100326;162.88;2570;10083930885;B
20240410;100326;162.86;2000;10083930915;B
20240410;100326;162.86;10;10083930973;B
20240410;100327;162.84;20;10083931066;S
20240410;100327;162.84;230;10083931119;S
20240410;100327;162.84;250;10083931120;S
20240410;100327;162.82;20;10083931121;S
20240410;100327;162.82;130;10083931128;S
20240410;100327;162.86;490;10083931133;B
20240410;100327;162.88;2420;10083931134;B
20240410;100327;162.88;600;10083931135;B
20240410;100327;162.9;5000;10083931136;B
20240410;100327;162.9;10;10083931137;B
20240410;100327;162.9;150;10083931138;B
20240410;100327;162.92;610;10083931139;B
20240410;100327;162.92;100;10083931140;B
20240410;100327;162.92;4540;10083931141;B
20240410;100327;162.94;2280;10083931142;B
20240410;100327;162.9;50;10083931186;S
20240410;100327;162.84;200;10083931187;S
20240410;100327;162.82;100;10083931188;S
20240410;100327;162.82;1050;10083931189;S
20240410;100328;162.92;200;10083931278;B
20240410;100328;162.94;200;10083931279;B
20240410;100328;162.86;10;10083931320;S
20240410;100328;162.84;10;10083931321;S
20240410;100328;162.82;200;10083931322;S
20240410;100328;162.82;1220;10083931323;S
20240410;100328;162.82;2000;10083931324;S
20240410;100328;162.8;420;10083931325;S
20240410;100328;162.9;50;10083931386;B
20240410;100328;162.9;30;10083931412;B
20240410;100329;162.86;70;10083931448;S
20240410;100329;162.9;100;10083931497;B
20240410;100329;162.86;20;10083931503;S
20240410;100330;162.86;1130;10083931579;S
20240410;100330;162.86;70;10083931580;S
20240410;100330;162.86;20;10083931584;S
20240410;100330;162.9;20;10083931620;B
20240410;100330;162.88;30;10083931731;S
20240410;100330;162.9;50;10083931732;B
20240410;100330;162.92;150;10083931733;B
20240410;100331;162.9;400;10083931816;S
20240410;100331;162.9;100;10083931904;S
20240410;100332;162.9;10;10083931927;S
20240410;100332;162.9;490;10083931960;S
20240410;100332;162.9;10;10083931961;S
20240410;100332;162.9;200;10083931962;S
20240410;100332;162.88;70;10083931963;S
20240410;100332;162.86;110;10083931964;S
20240410;100332;162.86;170;10083931965;S
20240410;100332;162.86;500;10083931966;S
20240410;100332;162.84;280;10083931967;S
20240410;100332;162.84;10;10083932005;S
20240410;100333;162.9;30;10083932153;B
20240410;100333;162.9;20;10083932192;B
20240410;100334;162.9;120;10083932218;S
20240410;100334;162.9;1880;10083932219;S
20240410;100334;162.9;2120;10083932253;S
20240410;100334;162.9;30;10083932267;B
20240410;100335;162.88;10;10083932363;B
20240410;100336;162.86;10;10083932728;B
20240410;100337;162.86;40;10083932748;B
20240410;100337;162.88;30;10083932749;B
20240410;100337;162.88;160;10083932795;B
20240410;100337;162.9;250;10083932796;B
20240410;100337;162.9;90;10083932797;B
20240410;100337;162.9;10;10083932852;B
20240410;100337;162.9;310;10083932853;B
20240410;100337;162.84;40;10083932862;S
20240410;100338;162.9;690;10083932939;B
20240410;100339;162.92;50;10083933006;B
20240410;100339;162.9;10;10083933031;S
20240410;100339;162.92;2300;10083933045;B
20240410;100339;162.92;120;10083933046;B
20240410;100339;162.92;50;10083933047;B
20240410;100339;162.92;20;10083933048;B
20240410;100339;162.94;510;10083933049;B
20240410;100340;162.94;500;10083933199;B
20240410;100340;162.9;100;10083933215;S
20240410;100340;162.9;200;10083933238;S
20240410;100340;162.9;3000;10083933239;S
20240410;100340;162.9;200;10083933240;S
20240410;100340;162.9;30;10083933241;S
20240410;100340;162.9;30;10083933242;S
20240410;100340;162.9;30;10083933243;S
20240410;100340;162.9;30;10083933244;S
20240410;100340;162.86;50;10083933270;S
20240410;100340;162.84;1670;10083933271;S
20240410;100340;162.84;3000;10083933272;S
20240410;100340;162.84;40;10083933273;S
20240410;100340;162.84;30;10083933274;S
20240410;100340;162.84;30;10083933275;S
20240410;100340;162.84;30;10083933276;S
20240410;100340;162.84;30;10083933277;S
20240410;100340;162.84;30;10083933278;S
20240410;100340;162.84;30;10083933279;S
20240410;100340;162.84;10;10083933280;S
20240410;100340;162.84;30;10083933281;S
20240410;100340;162.84;20;10083933282;S
20240410;100341;162.84;380;10083933420;S
20240410;100341;162.84;30;10083933421;S
20240410;100341;162.84;100;10083933422;S
20240410;100341;162.84;30;10083933423;S
20240410;100342;162.84;70;10083933483;B
20240410;100342;162.84;610;10083933484;B
20240410;100342;162.88;820;10083933485;B
20240410;100342;162.82;100;10083933513;S
20240410;100342;162.88;10;10083933568;B
20240410;100344;162.86;250;10083933730;B
20240410;100344;162.88;10;10083933731;B
20240410;100344;162.9;1640;10083933732;B
20240410;100344;162.9;260;10083933765;B
20240410;100344;162.84;30;10083933777;S
20240410;100344;162.82;400;10083933778;S
20240410;100344;162.82;30;10083933779;S
20240410;100344;162.82;20;10083933780;S
20240410;100344;162.8;1520;10083933781;S
20240410;100344;162.88;10;10083933792;B
20240410;100344;162.9;10;10083933793;B
20240410;100344;162.84;30;10083933800;S
20240410;100344;162.8;270;10083933801;S
20240410;100345;162.84;30;10083933897;S
20240410;100345;162.84;30;10083933898;S
20240410;100346;162.84;10;10083934002;B
20240410;100346;162.82;10;10083934117;S
20240410;100346;162.82;290;10083934118;S
20240410;100346;162.84;10;10083934119;B
20240410;100348;162.84;20;10083934410;B
20240410;100348;162.84;30;10083934411;B
20240410;100349;162.84;10;10083934541;B
20240410;100349;162.8;10;10083934562;S
20240410;100349;162.8;50;10083934588;S
20240410;100349;162.8;30;10083934590;S
20240410;100350;162.8;20;10083934692;S
20240410;100350;162.8;3000;10083934786;S
20240410;100350;162.84;650;10083934803;B
20240410;100351;162.8;700;10083934870;S
20240410;100351;162.84;10;10083934974;B
20240410;100352;162.82;100;10083935009;S
20240410;100352;162.82;50;10083935108;B
20240410;100352;162.84;300;10083935109;B
20240410;100352;162.84;150;10083935110;B
20240410;100352;162.84;50;10083935117;B
20240410;100353;162.84;30;10083935243;B
20240410;100354;162.84;70;10083935466;B
20240410;100356;162.84;20;10083935638;S
20240410;100356;162.86;10;10083935648;B
20240410;100356;162.86;290;10083935649;B
20240410;100356;162.86;10;10083935762;B
20240410;100356;162.86;10;10083935764;B
20240410;100356;162.88;10;10083935765;B
20240410;100356;162.84;10;10083935770;S
20240410;100356;162.84;10;10083935771;S
20240410;100356;162.8;60;10083935772;S
20240410;100357;162.84;10;10083935877;B
20240410;100357;162.86;10;10083935878;B
20240410;100358;162.86;10;10083935956;B
20240410;100358;162.88;10;10083935957;B
20240410;100358;162.8;100;10083936017;S
20240410;100358;162.88;250;10083936029;B
20240410;100358;162.88;50;10083936038;B
20240410;100358;162.86;50;10083936043;S
20240410;100359;162.84;50;10083936149;B
20240410;100359;162.88;270;10083936150;B
20240410;100359;162.88;180;10083936151;B
20240410;100359;162.88;500;10083936169;B
20240410;100359;162.88;500;10083936187;B
20240410;100400;162.88;820;10083936280;B
20240410;100400;162.88;100;10083936281;B
20240410;100400;162.9;9410;10083936282;B
20240410;100400;162.9;10;10083936283;B
20240410;100400;162.9;100;10083936284;B
20240410;100400;162.9;10;10083936285;B
20240410;100400;162.9;1170;10083936286;B
20240410;100400;162.9;1000;10083936287;B
20240410;100400;162.9;4000;10083936288;B
20240410;100400;162.9;500;10083936289;B
20240410;100400;162.9;200;10083936290;B
20240410;100400;162.92;10;10083936291;B
20240410;100400;162.94;1510;10083936292;B
20240410;100400;162.94;50;10083936293;B
20240410;100400;162.96;550;10083936300;B
20240410;100400;162.94;200;10083936341;S
20240410;100400;162.94;100;10083936384;S
20240410;100400;162.94;40;10083936424;S
20240410;100400;162.96;100;10083936448;B
20240410;100400;162.96;400;10083936449;B
20240410;100401;162.94;200;10083936515;S
20240410;100401;162.94;4000;10083936548;S
20240410;100401;162.94;400;10083936550;S
20240410;100401;162.94;100;10083936551;S
20240410;100401;162.88;20;10083936614;S
20240410;100401;162.88;10;10083936675;S
20240410;100402;162.94;20;10083936744;B
20240410;100402;162.96;180;10083936745;B
20240410;100403;162.92;20;10083937000;B
20240410;100403;162.94;10;10083937001;B
20240410;100403;162.94;450;10083937002;B
20240410;100403;162.96;120;10083937003;B
20240410;100404;162.92;10;10083937097;S
20240410;100404;162.94;100;10083937154;B
20240410;100404;162.94;30;10083937156;B
20240410;100404;162.96;20;10083937157;B
20240410;100404;162.92;120;10083937177;S
20240410;100404;162.92;80;10083937179;S
20240410;100405;162.92;20;10083937211;S
20240410;100405;162.92;50;10083937212;S
20240410;100405;162.9;230;10083937213;S
20240410;100407;162.9;50;10083937520;S
20240410;100407;162.9;10;10083937521;S
20240410;100407;162.9;20;10083937522;S
20240410;100408;162.9;60;10083937621;S
20240410;100408;162.88;20;10083937622;S
20240410;100408;162.92;100;10083937665;B
20240410;100409;162.9;10;10083937680;B
20240410;100409;162.9;20;10083937681;B
20240410;100409;162.88;30;10083937685;S
20240410;100409;162.88;200;10083937686;S
20240410;100409;162.86;160;10083937687;S
20240410;100409;162.86;400;10083937738;S
20240410;100409;162.9;20;10083937760;B
20240410;100410;162.9;50;10083937840;B
20240410;100410;162.9;10;10083937841;B
20240410;100410;162.92;100;10083937842;B
20240410;100410;162.94;340;10083937843;B
20240410;100410;162.94;300;10083937857;B
20240410;100410;162.94;10;10083937874;B
20240410;100411;162.92;90;10083938063;S
20240410;100411;162.92;20;10083938065;S
20240410;100411;162.96;100;10083938068;B
20240410;100411;162.94;490;10083938083;B
20240410;100411;162.94;30;10083938090;S
20240410;100411;162.92;20;10083938091;S
20240410;100411;162.92;70;10083938140;S
20240410;100412;162.92;200;10083938217;S
20240410;100412;162.9;50;10083938218;S
20240410;100412;162.9;440;10083938219;S
20240410;100412;162.9;1330;10083938221;B
20240410;100412;162.9;100;10083938291;B
20240410;100412;162.9;370;10083938317;B
20240410;100412;162.9;130;10083938318;B
20240410;100413;162.9;20;10083938333;B
20240410;100413;162.86;940;10083938366;S
20240410;100413;162.86;100;10083938367;S
20240410;100413;162.86;10;10083938368;S
20240410;100413;162.86;50;10083938369;S
20240410;100413;162.86;10;10083938370;S
20240410;100413;162.84;3000;10083938371;S
20240410;100413;162.84;1100;10083938372;S
20240410;100413;162.84;80;10083938373;S
20240410;100413;162.84;200;10083938374;S
20240410;100413;162.84;2000;10083938375;S
20240410;100413;162.84;440;10083938376;S
20240410;100413;162.82;10;10083938377;S
20240410;100413;162.82;10;10083938378;S
20240410;100413;162.82;100;10083938379;S
20240410;100413;162.82;20;10083938380;S
20240410;100413;162.82;10;10083938381;S
20240410;100413;162.82;200;10083938382;S
20240410;100413;162.82;310;10083938383;S
20240410;100413;162.82;860;10083938384;S
20240410;100413;162.8;9020;10083938385;S
20240410;100413;162.8;10;10083938386;S
20240410;100413;162.8;10290;10083938387;S
20240410;100413;162.8;1000;10083938388;S
20240410;100413;162.8;40;10083938389;S
20240410;100413;162.8;40;10083938390;S
20240410;100413;162.8;300;10083938391;S
20240410;100413;162.8;10;10083938392;S
20240410;100413;162.8;60;10083938393;S
20240410;100413;162.8;100;10083938394;S
20240410;100413;162.8;10000;10083938395;S
20240410;100413;162.8;10;10083938396;S
20240410;100413;162.8;100;10083938397;S
20240410;100413;162.8;10;10083938398;S
20240410;100413;162.8;500;10083938399;S
20240410;100413;162.8;4890;10083938400;S
20240410;100413;162.78;50;10083938402;S
20240410;100413;162.78;10;10083938403;S
20240410;100413;162.76;20;10083938404;S
20240410;100413;162.76;10;10083938405;S
20240410;100413;162.76;50;10083938406;S
20240410;100413;162.76;10;10083938407;S
20240410;100413;162.76;10;10083938408;S
20240410;100413;162.76;500;10083938409;S
20240410;100413;162.76;200;10083938410;S
20240410;100413;162.74;1140;10083938411;S
20240410;100413;162.76;200;10083938434;S
20240410;100413;162.74;1800;10083938435;S
20240410;100413;162.74;70;10083938441;S
20240410;100414;162.78;500;10083938589;B
20240410;100414;162.74;100;10083938679;S
20240410;100414;162.76;80;10083938698;B
20240410;100415;162.76;20;10083938805;B
20240410;100415;162.76;20;10083938806;B
20240410;100415;162.76;10;10083938898;B
20240410;100415;162.76;70;10083938908;B
20240410;100415;162.78;200;10083938909;B
20240410;100415;162.8;10;10083938910;B
20240410;100415;162.84;1220;10083938911;B
20240410;100415;162.84;1530;10083938912;B
20240410;100415;162.84;870;10083938913;B
20240410;100415;162.74;30;10083938952;S
20240410;100416;162.82;50;10083938997;B
20240410;100416;162.84;130;10083939021;B
20240410;100416;162.84;370;10083939022;B
20240410;100416;162.84;850;10083939078;B
20240410;100416;162.84;190;10083939079;B
20240410;100416;162.86;3000;10083939080;B
20240410;100416;162.88;3660;10083939081;B
20240410;100416;162.88;3660;10083939082;B
20240410;100416;162.88;140;10083939083;B
20240410;100416;162.76;100;10083939095;S
20240410;100417;162.78;130;10083939211;B
20240410;100417;162.86;10;10083939239;B
20240410;100418;162.86;20;10083939375;B
20240410;100418;162.8;50;10083939420;S
20240410;100418;162.86;170;10083939438;B
20240410;100419;162.86;830;10083939449;S
20240410;100419;162.8;150;10083939450;S
20240410;100419;162.8;1220;10083939451;S
20240410;100419;162.8;1530;10083939452;S
20240410;100419;162.78;100;10083939453;S
20240410;100419;162.78;3000;10083939454;S
20240410;100419;162.76;3660;10083939455;S
20240410;100419;162.76;3660;10083939456;S
20240410;100419;162.76;80;10083939457;S
20240410;100419;162.76;10;10083939458;S
20240410;100419;162.74;420;10083939459;S
20240410;100419;162.88;500;10083939460;B
20240410;100419;162.88;100;10083939610;B
20240410;100419;162.88;10;10083939616;B
20240410;100419;162.88;500;10083939710;B
20240410;100420;162.88;100;10083939741;B
20240410;100421;162.84;10;10083939959;B
20240410;100421;162.84;100;10083939991;B
20240410;100422;162.8;20;10083940017;S
20240410;100425;162.8;30;10083940463;S
20240410;100425;162.76;200;10083940512;S
20240410;100425;162.76;100;10083940513;S
20240410;100425;162.76;10;10083940514;S
20240410;100425;162.74;3180;10083940515;S
20240410;100425;162.74;100;10083940516;S
20240410;100425;162.74;100;10083940517;S
20240410;100425;162.74;110;10083940518;S
20240410;100425;162.74;150;10083940519;S
20240410;100425;162.74;100;10083940562;S
20240410;100426;162.74;1300;10083940606;S
20240410;100426;162.78;200;10083940651;B
20240410;100426;162.8;690;10083940652;B
20240410;100426;162.84;270;10083940653;B
20240410;100427;162.82;200;10083940690;B
20240410;100427;162.84;300;10083940691;B
20240410;100427;162.82;10;10083940741;B
20240410;100427;162.84;650;10083940742;B
20240410;100427;162.84;3660;10083940743;B
20240410;100427;162.84;20;10083940744;B
20240410;100427;162.86;100;10083940745;B
20240410;100427;162.86;300;10083940746;B
20240410;100427;162.86;500;10083940747;B
20240410;100427;162.86;10;10083940748;B
20240410;100427;162.86;20;10083940749;B
20240410;100427;162.86;10;10083940750;B
20240410;100427;162.86;2450;10083940751;B
20240410;100427;162.88;2500;10083940752;B
20240410;100427;162.88;1530;10083940753;B
20240410;100427;162.9;4400;10083940754;B
20240410;100427;162.9;120;10083940755;B
20240410;100427;162.9;400;10083940756;B
20240410;100427;162.9;250;10083940757;B
20240410;100427;162.9;300;10083940758;B
20240410;100427;162.9;10;10083940759;B
20240410;100427;162.9;30;10083940760;B
20240410;100427;162.92;760;10083940761;B
20240410;100427;162.92;500;10083940762;B
20240410;100427;162.92;120;10083940763;B
20240410;100427;162.92;1450;10083940764;B
20240410;100427;162.94;2000;10083940765;B
20240410;100427;162.94;10;10083940766;B
20240410;100427;162.94;4500;10083940767;B
20240410;100427;162.96;540;10083940768;B
20240410;100427;162.96;1000;10083940769;B
20240410;100427;162.96;4000;10083940770;B
20240410;100427;162.96;500;10083940771;B
20240410;100427;162.96;100;10083940772;B
20240410;100427;162.96;200;10083940773;B
20240410;100427;162.96;10000;10083940774;B
20240410;100427;162.98;1000;10083940775;B
20240410;100427;162.98;1190;10083940776;B
20240410;100427;162.98;400;10083940777;B
20240410;100427;162.98;250;10083940778;B
20240410;100427;162.98;500;10083940779;B
20240410;100427;162.98;1000;10083940780;B
20240410;100427;162.98;10000;10083940781;B
20240410;100427;163;100;10083940782;B
20240410;100427;163;2700;10083940783;B
20240410;100427;163;100;10083940784;B
20240410;100427;163;2600;10083940785;B
20240410;100427;163;1000;10083940786;B
20240410;100427;163;500;10083940787;B
20240410;100427;163;300;10083940788;B
20240410;100427;163;2000;10083940789;B
20240410;100427;163;10;10083940790;B
20240410;100427;163;200;10083940791;B
20240410;100427;163;70;10083940792;B
20240410;100427;163;10;10083940793;B
20240410;100427;163;100;10083940794;B
20240410;100427;163;30;10083940795;B
20240410;100427;163;200;10083940796;B
20240410;100427;163;20;10083940797;B
20240410;100427;163;10;10083940798;B
20240410;100427;163;10;10083940799;B
20240410;100427;163;50;10083940800;B
20240410;100427;163;200;10083940801;B
20240410;100427;163;250;10083940802;B
20240410;100427;163;150;10083940803;B
20240410;100427;163;100;10083940804;B
20240410;100427;163;30;10083940805;B
20240410;100427;163;300;10083940806;B
20240410;100427;163;50;10083940807;B
20240410;100427;163;30;10083940808;B
20240410;100427;163;60;10083940809;B
20240410;100427;163;200;10083940810;B
20240410;100427;163;20;10083940811;B
20240410;100427;163;100;10083940812;B
20240410;100427;163;50;10083940813;B
20240410;100427;163;10;10083940814;B
20240410;100427;163.02;30;10083940815;B
20240410;100427;163.02;60;10083940816;B
20240410;100427;163.04;30;10083940817;B
20240410;100427;163.04;30;10083940818;B
20240410;100427;163.04;250;10083940819;B
20240410;100427;163.04;3000;10083940820;B
20240410;100427;163.04;100;10083940821;B
20240410;100427;163.06;10000;10083940822;B
20240410;100427;163.06;30;10083940823;B
20240410;100427;163.06;10;10083940824;B
20240410;100427;163.08;6880;10083940825;B
20240410;100427;163.08;50;10083940826;B
20240410;100427;163.1;600;10083940827;B
20240410;100427;163.1;300;10083940828;B
20240410;100427;163.1;3100;10083940829;B
20240410;100427;163.1;30;10083940830;B
20240410;100427;163.12;50;10083940831;B
20240410;100427;163.14;500;10083940832;B
20240410;100427;163.14;670;10083940833;B
20240410;100427;163.16;100;10083940834;B
20240410;100427;163.16;10;10083940835;B
20240410;100427;163.16;30;10083940836;B
20240410;100427;163.18;40;10083940837;B
20240410;100427;163.18;2000;10083940838;B
20240410;100427;163.18;30;10083940839;B
20240410;100427;163.2;10;10083940840;B
20240410;100427;163.2;150;10083940841;B
20240410;100427;163.2;30;10083940842;B
20240410;100427;163.22;50;10083940843;B
20240410;100427;163.22;30;10083940844;B
20240410;100427;163.22;300;10083940845;B
20240410;100427;163.24;800;10083940846;B
20240410;100427;163.24;30;10083940847;B
20240410;100427;163.24;30;10083940848;B
20240410;100427;163.24;30;10083940849;B
20240410;100427;163.24;10;10083940850;B
20240410;100427;163.26;30;10083940851;B
20240410;100427;163.28;2760;10083940852;B
20240410;100427;163.28;1000;10083940853;B
20240410;100427;163.3;10;10083940854;B
20240410;100427;163.3;60;10083940855;B
20240410;100427;163.3;1000;10083940856;B
20240410;100427;163.3;100;10083940857;B
20240410;100427;163.3;200;10083940858;B
20240410;100427;163.32;250;10083940859;B
20240410;100427;163.32;100;10083940860;B
20240410;100427;163.34;2000;10083940861;B
20240410;100427;163.34;280;10083940862;B
20240410;100427;163.34;1500;10083940863;B
20240410;100427;163.34;10;10083940864;B
20240410;100427;163.36;250;10083940865;B
20240410;100427;163.38;100;10083940866;B
20240410;100427;163.38;300;10083940867;B
20240410;100427;163.38;5180;10083940868;B
20240410;100427;163.4;2500;10083940869;B
20240410;100427;163.4;150;10083940870;B
20240410;100427;163.4;40;10083940871;B
20240410;100427;163.42;20;10083940872;B
20240410;100427;163.42;2000;10083940873;B
20240410;100427;163.44;2000;10083940874;B
20240410;100427;163.44;100;10083940875;B
20240410;100427;163.46;10;10083940876;B
20240410;100427;163.46;2000;10083940877;B
20240410;100427;163.46;1000;10083940878;B
20240410;100427;163.48;70;10083940879;B
20240410;100427;163.48;8480;10083940880;B
20240410;100427;163.48;10;10083940881;B
20240410;100427;163.48;10;10083940882;B
20240410;100427;163.48;10;10083940883;B
20240410;100427;163.5;200;10083940884;B
20240410;100427;163.5;200;10083940885;B
20240410;100427;163.5;5000;10083940886;B
20240410;100427;163.5;50;10083940887;B
20240410;100427;163.5;1000;10083940888;B
20240410;100427;163.5;30;10083940889;B
20240410;100427;163.5;10;10083940890;B
20240410;100427;163.5;200;10083940891;B
20240410;100427;163.5;500;10083940892;B
20240410;100427;163.5;20;10083940893;B
20240410;100427;163.5;5000;10083940894;B
20240410;100427;163.5;10;10083940895;B
20240410;100427;163.52;10;10083940896;B
20240410;100427;163.54;10;10083940897;B
20240410;100427;163.56;10;10083940898;B
20240410;100427;163.58;2000;10083940899;B
20240410;100427;163.58;20000;10083940900;B
20240410;100427;163.6;6110;10083940901;B
20240410;100427;163.6;6110;10083940902;B
20240410;100427;163.66;10;10083940903;B
20240410;100427;163.66;5000;10083940904;B
20240410;100427;163.68;2000;10083940905;B
20240410;100427;163.68;170;10083940906;B
20240410;100427;163.7;200;10083940907;B
20240410;100427;163.7;150;10083940908;B
20240410;100427;163.72;1000;10083940909;B
20240410;100427;163.74;1250;10083940910;B
20240410;100427;163.76;150;10083940911;B
20240410;100427;163.76;6100;10083940912;B
20240410;100427;163.8;200;10083940913;B
20240410;100427;163.8;660;10083940914;B
20240410;100427;163.8;200;10083940915;B
20240410;100427;163.8;700;10083940916;B
20240410;100427;163.8;30;10083940917;B
20240410;100427;163.8;10;10083940918;B
20240410;100427;163.84;30;10083940919;B
20240410;100427;163.84;250;10083940920;B
20240410;100427;163.86;3000;10083940921;B
20240410;100427;163.86;1400;10083940922;B
20240410;100427;163.88;100;10083940923;B
20240410;100427;163.9;1500;10083940924;B
20240410;100427;163.9;30;10083940925;B
20240410;100427;163.9;100;10083940926;B
20240410;100427;163.92;500;10083940927;B
20240410;100427;163.92;10;10083940928;B
20240410;100427;163.96;10;10083940929;B
20240410;100427;163.96;2500;10083940930;B
20240410;100427;163.96;6100;10083940931;B
20240410;100427;163.98;100;10083940932;B
20240410;100427;163.98;100;10083940933;B
20240410;100427;163.98;10;10083940934;B
20240410;100427;163.98;100;10083940935;B
20240410;100427;163.98;150;10083940936;B
20240410;100427;163.98;4000;10083940937;B
20240410;100427;163.98;10;10083940938;B
20240410;100427;164;1000;10083940939;B
20240410;100427;164;400;10083940940;B
20240410;100427;164;150;10083940941;B
20240410;100427;164;100;10083940942;B
20240410;100427;164;50;10083940943;B
20240410;100427;164;150;10083940944;B
20240410;100427;164;3000;10083940945;B
20240410;100427;164;20;10083940946;B
20240410;100427;164;640;10083940947;B
20240410;100427;164;3100;10083940948;B
20240410;100427;164;60;10083940949;B
20240410;100427;164;100;10083940950;B
20240410;100427;164;150;10083940951;B
20240410;100427;162.94;500;10083940953;B
20240410;100427;162.98;200;10083940954;B
20240410;100427;163.44;50;10083940955;B
20240410;100427;163.04;400;10083940956;B
20240410;100427;163.08;200;10083940960;B
20240410;100427;163.04;200;10083940969;S
20240410;100427;163.02;700;10083940970;S
20240410;100427;163;10;10083940972;B
20240410;100427;163.08;500;10083940974;B
20240410;100427;163.06;50;10083941002;S
20240410;100427;163.2;10;10083941004;B
20240410;100427;163.2;500;10083941005;B
20240410;100427;163.24;140;10083941006;B
20240410;100427;163.24;60;10083941007;B
20240410;100427;163.2;100;10083941008;B
20240410;100427;163.4;10;10083941010;B
20240410;100427;163.42;60;10083941013;B
20240410;100427;163.42;1160;10083941019;B
20240410;100427;163.44;1340;10083941020;B
20240410;100427;163.3;300;10083941021;S
20240410;100427;163.24;5000;10083941023;S
20240410;100427;163.28;1500;10083941025;B
20240410;100427;163.22;700;10083941037;B
20240410;100428;163.24;500;10083941051;B
20240410;100428;163.3;2000;10083941075;B
20240410;100428;163.14;200;10083941079;S
20240410;100428;163.04;1220;10083941080;S
20240410;100428;163.04;580;10083941081;S
20240410;100428;163.12;500;10083941083;B
20240410;100429;163.12;200;10083941241;S
20240410;100429;163.08;1300;10083941242;S
20240410;100429;163.1;100;10083941246;S
20240410;100430;163.2;50;10083941309;B
20240410;100430;163.2;200;10083941310;B
20240410;100430;163.22;300;10083941323;B
20240410;100430;163.3;100;10083941324;B
20240410;100430;163.34;80;10083941355;B
20240410;100431;163.34;120;10083941409;B
20240410;100431;163.38;100;10083941431;B
20240410;100431;163.32;150;10083941442;S
20240410;100431;163.36;310;10083941544;S
20240410;100432;163.38;10;10083941576;B
20240410;100432;163.36;30;10083941585;S
20240410;100432;163.36;90;10083941588;B
20240410;100432;163.36;350;10083941595;B
20240410;100432;163.36;30;10083941615;B
20240410;100432;163.36;30;10083941622;B
20240410;100432;163.36;30;10083941669;B
20240410;100433;163.36;10;10083941699;B
20240410;100433;163.36;20;10083941766;B
20240410;100434;163.36;410;10083941822;B
20240410;100434;163.36;10;10083941823;B
20240410;100434;163.36;10;10083941824;B
20240410;100434;163.36;300;10083941828;B
20240410;100434;163.34;1000;10083941926;B
20240410;100434;163.32;150;10083941942;S
20240410;100434;163.28;350;10083941943;S
20240410;100434;163.28;1000;10083941944;S
20240410;100434;163.26;200;10083941945;S
20240410;100434;163.24;250;10083941946;S
20240410;100434;163.24;690;10083941947;S
20240410;100434;163.24;10;10083941948;S
20240410;100434;163.22;350;10083941949;S
20240410;100435;163.32;200;10083941990;B
20240410;100435;163.34;10;10083941991;B
20240410;100435;163.34;1220;10083941992;B
20240410;100435;163.34;10;10083941993;B
20240410;100435;163.36;6000;10083941994;B
20240410;100435;163.38;190;10083941995;B
20240410;100435;163.38;250;10083941996;B
20240410;100435;163.38;10;10083941997;B
20240410;100435;163.4;2000;10083941998;B
20240410;100435;163.42;10000;10083941999;B
20240410;100435;163.5;40;10083942000;B
20240410;100435;163.5;70;10083942001;B
20240410;100435;163.38;200;10083942037;S
20240410;100435;163.44;30;10083942091;B
20240410;100435;163.5;10;10083942092;B
20240410;100435;163.58;60;10083942093;B
20240410;100435;163.6;10;10083942120;B
20240410;100435;163.6;10;10083942121;B
20240410;100435;163.64;40;10083942122;B
20240410;100435;163.56;200;10083942123;S
20240410;100436;163.62;350;10083942205;B
20240410;100436;163.62;10;10083942224;B
20240410;100437;163.6;200;10083942299;B
20240410;100437;163.6;1220;10083942300;B
20240410;100437;163.62;2000;10083942301;B
20240410;100437;163.62;780;10083942302;S
20240410;100437;163.58;10;10083942378;B
20240410;100437;163.56;10;10083942398;S
20240410;100438;163.56;100;10083942448;S
20240410;100438;163.58;150;10083942449;B
20240410;100438;163.58;470;10083942450;B
20240410;100438;163.58;380;10083942451;B
20240410;100438;163.56;100;10083942462;S
20240410;100438;163.56;100;10083942463;S
20240410;100438;163.52;10;10083942464;S
20240410;100438;163.52;30;10083942465;S
20240410;100438;163.52;350;10083942466;S
20240410;100438;163.5;4410;10083942467;S
20240410;100439;163.56;10;10083942567;B
20240410;100439;163.54;10;10083942584;B
20240410;100439;163.54;50;10083942585;B
20240410;100439;163.56;20;10083942586;B
20240410;100439;163.58;20;10083942587;B
20240410;100440;163.54;10;10083942760;B
20240410;100440;163.56;1000;10083942761;B
20240410;100440;163.56;20;10083942762;B
20240410;100440;163.58;100;10083942763;B
20240410;100440;163.6;110;10083942764;B
20240410;100440;163.6;1220;10083942765;B
20240410;100440;163.6;1530;10083942766;B
20240410;100440;163.6;10;10083942767;B
20240410;100440;163.6;50;10083942768;B
20240410;100440;163.6;50;10083942769;B
20240410;100440;163.62;50;10083942770;B
20240410;100440;163.62;3850;10083942771;B
20240410;100440;163.58;10;10083942776;B
20240410;100440;163.58;20;10083942851;B
20240410;100441;163.52;20;10083942901;S
20240410;100441;163.56;10;10083942919;B
20240410;100441;163.58;290;10083942920;B
20240410;100441;163.52;180;10083942942;S
20240410;100441;163.52;10;10083942943;S
20240410;100441;163.5;200;10083942944;S
20240410;100441;163.5;170;10083942945;S
20240410;100441;163.5;2000;10083942946;S
20240410;100441;163.5;50;10083942955;B
20240410;100442;163.48;2500;10083943053;S
20240410;100442;163.44;560;10083943054;S
20240410;100442;163.46;20;10083943060;S
20240410;100442;163.46;20;10083943069;S
20240410;100442;163.48;200;10083943071;B
20240410;100442;163.5;30;10083943072;B
20240410;100442;163.5;10;10083943081;B
20240410;100443;163.46;40;10083943089;S
20240410;100443;163.44;10;10083943090;S
20240410;100443;163.48;10;10083943150;B
20240410;100443;163.5;290;10083943151;B
20240410;100444;163.44;50;10083943218;S
20240410;100445;163.44;20;10083943326;S
20240410;100445;163.5;10;10083943391;B
20240410;100445;163.5;200;10083943392;B
20240410;100445;163.5;10;10083943419;B
20240410;100445;163.48;70;10083943425;B
20240410;100446;163.48;30;10083943460;B
20240410;100446;163.48;1220;10083943461;B
20240410;100446;163.48;500;10083943462;B
20240410;100446;163.5;840;10083943463;B
20240410;100446;163.5;500;10083943464;B
20240410;100446;163.5;1910;10083943465;B
20240410;100446;163.48;10;10083943467;B
20240410;100446;163.44;190;10083943479;S
20240410;100446;163.42;10;10083943480;S
20240410;100446;163.46;1220;10083943508;B
20240410;100446;163.48;490;10083943509;B
20240410;100446;163.5;290;10083943510;B
20240410;100446;163.42;90;10083943579;S
20240410;100446;163.38;50;10083943580;S
20240410;100446;163.38;100;10083943581;S
20240410;100446;163.38;200;10083943582;S
20240410;100446;163.38;90;10083943583;S
20240410;100446;163.38;6970;10083943584;B
20240410;100446;163.38;1220;10083943585;B
20240410;100447;163.38;100;10083943628;S
20240410;100447;163.38;100;10083943664;S
20240410;100447;163.36;300;10083943665;S
20240410;100447;163.36;100;10083943666;S
20240410;100447;163.4;200;10083943667;B
20240410;100448;163.44;10;10083943779;B
20240410;100448;163.38;100;10083943819;S
20240410;100448;163.36;140;10083943820;S
20240410;100448;163.32;2760;10083943821;S
20240410;100448;163.44;10;10083943845;B
20240410;100448;163.4;10;10083943854;S
20240410;100449;163.42;150;10083943905;B
20240410;100449;163.44;350;10083943906;B
20240410;100449;163.44;500;10083943907;B
20240410;100449;163.46;100;10083943911;B
20240410;100449;163.46;150;10083943961;B
20240410;100450;163.46;50;10083943988;B
20240410;100450;163.46;150;10083943989;B
20240410;100450;163.46;10;10083943994;B
20240410;100450;163.46;30;10083944034;B
20240410;100450;163.46;10;10083944071;B
20240410;100450;163.44;300;10083944074;S
20240410;100450;163.48;400;10083944103;B
20240410;100451;163.48;400;10083944136;B
20240410;100451;163.44;200;10083944138;S
20240410;100451;163.48;50;10083944143;B
20240410;100451;163.48;500;10083944144;B
20240410;100451;163.48;1220;10083944145;B
20240410;100451;163.5;800;10083944146;B
20240410;100451;163.5;2580;10083944147;B
20240410;100451;163.48;920;10083944148;B
20240410;100451;163.48;1220;10083944149;B
20240410;100451;163.48;1220;10083944150;B
20240410;100451;163.5;460;10083944152;B
20240410;100451;163.5;550;10083944153;B
20240410;100451;163.5;50;10083944154;B
20240410;100452;163.52;10;10083944277;B
20240410;100452;163.46;40;10083944318;S
20240410;100452;163.44;160;10083944319;S
20240410;100452;163.52;150;10083944322;B
20240410;100452;163.5;20;10083944337;S
20240410;100452;163.44;780;10083944338;S
20240410;100452;163.52;90;10083944340;B
20240410;100452;163.44;300;10083944341;S
20240410;100452;163.44;190;10083944348;S
20240410;100452;163.44;300;10083944362;S
20240410;100452;163.44;1500;10083944363;S
20240410;100453;163.48;50;10083944420;B
20240410;100453;163.5;20;10083944421;B
20240410;100453;163.52;100;10083944422;B
20240410;100453;163.52;330;10083944423;B
20240410;100453;163.52;890;10083944427;B
20240410;100453;163.54;1000;10083944428;B
20240410;100453;163.54;10;10083944429;B
20240410;100453;163.56;110;10083944430;B
20240410;100453;163.56;1530;10083944431;B
20240410;100453;163.56;310;10083944432;B
20240410;100453;163.56;2150;10083944433;B
20240410;100453;163.54;250;10083944436;B
20240410;100453;163.54;500;10083944437;B
20240410;100453;163.54;50;10083944460;B
20240410;100453;163.54;10;10083944474;B
20240410;100453;163.54;10;10083944504;B
20240410;100454;163.5;50;10083944594;B
20240410;100454;163.54;300;10083944595;B
20240410;100455;163.52;10;10083944690;B
20240410;100455;163.54;1160;10083944691;B
20240410;100455;163.54;1220;10083944692;B
20240410;100455;163.54;80;10083944693;B
20240410;100455;163.56;1740;10083944694;B
20240410;100455;163.56;10;10083944695;B
20240410;100455;163.58;40;10083944696;B
20240410;100455;163.58;6500;10083944697;B
20240410;100455;163.58;100;10083944698;B
20240410;100455;163.58;900;10083944699;B
20240410;100455;163.62;10;10083944700;B
20240410;100455;163.62;10;10083944701;B
20240410;100455;163.64;10;10083944702;B
20240410;100455;163.64;400;10083944703;B
20240410;100455;163.64;2000;10083944704;B
20240410;100455;163.66;2000;10083944705;B
20240410;100455;163.66;2760;10083944706;B
20240410;100455;163.68;30;10083944707;B
20240410;100455;163.68;20;10083944708;B
20240410;100455;163.7;140;10083944709;B
20240410;100455;163.7;630;10083944710;B
20240410;100455;163.7;230;10083944711;B
20240410;100456;163.6;20;10083944900;S
20240410;100456;163.56;200;10083944901;S
20240410;100456;163.56;5000;10083944902;S
20240410;100456;163.54;10000;10083944903;S
20240410;100456;163.52;2000;10083944904;S
20240410;100456;163.5;500;10083944905;S
20240410;100456;163.52;40;10083944959;S
20240410;100456;163.6;10;10083944973;B
20240410;100456;163.64;10;10083944994;B
20240410;100457;163.52;100;10083945035;S
20240410;100457;163.62;10;10083945066;B
20240410;100457;163.52;60;10083945069;S
20240410;100457;163.52;40;10083945070;S
20240410;100457;163.66;10;10083945079;B
20240410;100457;163.66;200;10083945080;B
20240410;100457;163.66;40;10083945081;B
20240410;100457;163.6;10;10083945115;B
20240410;100457;163.6;140;10083945122;B
20240410;100457;163.66;120;10083945123;B
20240410;100457;163.54;200;10083945155;S
20240410;100459;163.56;10;10083945335;S
20240410;100459;163.54;200;10083945336;S
20240410;100459;163.5;590;10083945337;S
20240410;100459;163.62;10;10083945341;B
20240410;100459;163.66;60;10083945357;B
20240410;100459;163.66;100;10083945358;B
20240410;100459;163.68;30;10083945359;B
20240410;100459;163.7;110;10083945360;B
20240410;100459;163.68;150;10083945390;B
20240410;100459;163.6;50;10083945416;S
20240410;100500;163.68;200;10083945445;B
20240410;100500;163.7;1220;10083945446;B
20240410;100500;163.72;770;10083945447;B
20240410;100500;163.74;10;10083945448;B
20240410;100500;163.74;1530;10083945449;B
20240410;100500;163.74;10000;10083945450;B
20240410;100500;163.76;210;10083945451;B
20240410;100500;163.76;500;10083945452;B
20240410;100500;163.78;560;10083945453;B
20240410;100500;163.56;10;10083945454;S
20240410;100500;163.54;190;10083945455;S
20240410;100500;163.58;90;10083945465;S
20240410;100500;163.58;110;10083945540;S
20240410;100500;163.54;130;10083945541;S
20240410;100500;163.66;100;10083945546;B
20240410;100501;163.62;40;10083945587;B
20240410;100501;163.66;100;10083945597;B
20240410;100501;163.64;150;10083945617;S
20240410;100501;163.68;1220;10083945627;B
20240410;100501;163.68;90;10083945628;B
20240410;100501;163.7;1320;10083945629;B
20240410;100501;163.7;680;10083945630;B
20240410;100501;163.7;500;10083945631;B
20240410;100501;163.7;100;10083945632;B
20240410;100502;163.68;50;10083945686;B
20240410;100502;163.68;1170;10083945699;B
20240410;100502;163.68;1060;10083945700;B
20240410;100502;163.64;300;10083945708;B
20240410;100502;163.6;10;10083945739;S
20240410;100502;163.6;10;10083945772;S
20240410;100502;163.64;920;10083945773;B
20240410;100502;163.64;80;10083945774;B
20240410;100502;163.64;1320;10083945797;B
20240410;100503;163.6;180;10083945803;S
20240410;100503;163.6;20;10083945804;S
20240410;100503;163.58;10;10083945828;S
20240410;100503;163.56;20;10083945829;S
20240410;100503;163.56;180;10083945908;S
20240410;100503;163.54;160;10083945909;S
20240410;100503;163.52;3660;10083945910;S
20240410;100503;163.52;1000;10083945911;S
20240410;100503;163.64;10;10083945925;B
20240410;100503;163.64;130;10083945926;B
20240410;100503;163.56;10;10083945997;B
20240410;100503;163.56;200;10083945999;B
20240410;100503;163.58;1010;10083946000;B
20240410;100504;163.58;30;10083946147;B
20240410;100504;163.58;50;10083946152;B
20240410;100504;163.54;10;10083946159;S
20240410;100504;163.58;10;10083946181;B
20240410;100504;163.54;40;10083946183;S
20240410;100504;163.52;40;10083946184;S
20240410;100505;163.52;160;10083946276;S
20240410;100505;163.52;380;10083946277;S
20240410;100505;163.52;140;10083946278;S
20240410;100505;163.5;5910;10083946279;S
20240410;100505;163.5;10;10083946280;S
20240410;100505;163.5;10;10083946281;S
20240410;100505;163.5;1000;10083946282;S
20240410;100505;163.48;80;10083946283;S
20240410;100505;163.46;10;10083946284;S
20240410;100505;163.46;120;10083946285;S
20240410;100505;163.46;1000;10083946286;S
20240410;100505;163.46;500;10083946287;S
20240410;100505;163.46;680;10083946288;S
20240410;100505;163.46;1150;10083946356;S
20240410;100506;163.48;10;10083946507;B
20240410;100506;163.48;10;10083946541;B
20240410;100506;163.44;10;10083946542;S
20240410;100506;163.44;100;10083946543;S
20240410;100506;163.42;200;10083946544;S
20240410;100506;163.42;680;10083946545;S
20240410;100506;163.48;180;10083946570;B
20240410;100506;163.48;1220;10083946571;B
20240410;100506;163.48;970;10083946572;B
20240410;100506;163.42;20;10083946574;S
20240410;100507;163.46;60;10083946594;B
20240410;100507;163.48;540;10083946595;B
20240410;100507;163.44;10;10083946601;S
20240410;100507;163.42;70;10083946602;S
20240410;100507;163.4;20;10083946603;S
20240410;100507;163.4;70;10083946617;S
20240410;100507;163.4;1400;10083946685;S
20240410;100507;163.4;200;10083946686;S
20240410;100507;163.4;1400;10083946687;S
20240410;100508;163.4;50;10083946967;S
20240410;100509;163.44;10;10083947071;B
20240410;100510;163.44;10;10083947333;B
20240410;100511;163.44;180;10083947396;B
20240410;100511;163.46;20;10083947397;B
20240410;100511;163.48;680;10083947398;B
20240410;100511;163.48;200;10083947399;B
20240410;100511;163.48;470;10083947400;B
20240410;100511;163.46;100;10083947470;B
20240410;100511;163.48;500;10083947517;B
20240410;100511;163.48;10;10083947546;B
20240410;100512;163.44;100;10083947579;S
20240410;100512;163.44;200;10083947652;B
20240410;100512;163.42;100;10083947680;S
20240410;100512;163.42;40;10083947685;S
20240410;100512;163.42;60;10083947686;S
20240410;100513;163.44;20;10083947697;B
20240410;100513;163.44;10;10083947709;B
20240410;100513;163.4;30;10083947710;S
20240410;100513;163.44;1170;10083947773;B
20240410;100513;163.44;10;10083947774;B
20240410;100513;163.46;100;10083947775;B
20240410;100513;163.48;3520;10083947776;B
20240410;100513;163.48;200;10083947777;B
20240410;100514;163.42;200;10083947837;S
20240410;100514;163.42;800;10083947838;B
20240410;100514;163.42;50;10083947859;B
20240410;100514;163.44;370;10083947895;B
20240410;100514;163.44;200;10083947896;B
20240410;100514;163.42;10;10083947915;S
20240410;100515;163.46;80;10083948001;B
20240410;100515;163.46;10;10083948044;B
20240410;100515;163.42;10;10083948098;S
20240410;100515;163.42;200;10083948099;S
20240410;100515;163.42;380;10083948100;S
20240410;100515;163.4;410;10083948101;S
20240410;100515;163.44;170;10083948131;B
20240410;100516;163.4;7090;10083948140;S
20240410;100516;163.4;20;10083948141;S
20240410;100516;163.38;200;10083948142;S
20240410;100516;163.38;900;10083948143;S
20240410;100516;163.38;380;10083948144;S
20240410;100516;163.38;200;10083948145;S
20240410;100516;163.36;8860;10083948146;S
20240410;100516;163.34;10;10083948150;S
20240410;100516;163.34;20;10083948275;S
20240410;100516;163.34;800;10083948276;S
20240410;100516;163.32;380;10083948277;S
20240410;100516;163.32;200;10083948278;S
20240410;100516;163.3;500;10083948279;S
20240410;100516;163.3;100;10083948280;S
20240410;100517;163.36;10;10083948412;B
20240410;100518;163.3;40;10083948458;S
20240410;100518;163.36;10;10083948503;B
20240410;100518;163.3;10;10083948548;S
20240410;100518;163.3;150;10083948573;S
20240410;100519;163.3;200;10083948599;S
20240410;100519;163.3;10;10083948600;S
20240410;100520;163.3;350;10083948740;S
20240410;100520;163.34;500;10083948752;B
20240410;100520;163.38;200;10083948753;B
20240410;100520;163.38;100;10083948754;B
20240410;100520;163.38;350;10083948755;B
20240410;100520;163.38;350;10083948756;B
20240410;100521;163.3;10;10083948841;S
20240410;100521;163.34;10;10083948866;B
20240410;100521;163.28;10;10083948869;S
20240410;100522;163.28;10;10083948973;S
20240410;100522;163.28;90;10083948974;S
20240410;100522;163.34;70;10083949085;B
20240410;100522;163.36;200;10083949086;B
20240410;100522;163.36;300;10083949087;B
20240410;100522;163.38;1530;10083949088;B
20240410;100522;163.38;160;10083949089;B
20240410;100522;163.36;20;10083949094;B
20240410;100522;163.36;10;10083949101;B
20240410;100523;163.3;100;10083949203;S
20240410;100523;163.36;10;10083949272;B
20240410;100523;163.34;10;10083949329;B
20240410;100523;163.36;40;10083949330;B
20240410;100523;163.32;380;10083949331;S
20240410;100523;163.3;100;10083949332;S
20240410;100523;163.3;10;10083949333;S
20240410;100523;163.3;2000;10083949334;S
20240410;100523;163.28;2510;10083949335;S
20240410;100524;163.28;700;10083949373;S
20240410;100524;163.26;300;10083949374;S
20240410;100524;163.3;190;10083949434;B
20240410;100524;163.28;40;10083949508;B
20240410;100524;163.26;200;10083949511;S
20240410;100525;163.28;80;10083949631;B
20240410;100525;163.26;100;10083949634;S
20240410;100525;163.26;10;10083949639;S
20240410;100526;163.26;200;10083949686;S
20240410;100526;163.28;100;10083949738;B
20240410;100527;163.28;90;10083949880;B
20240410;100527;163.26;10;10083949890;S
20240410;100527;163.26;170;10083949893;S
20240410;100527;163.26;10;10083949894;S
20240410;100527;163.24;100;10083949895;S
20240410;100528;163.2;20;10083950146;S
20240410;100528;163.2;100;10083950147;S
20240410;100528;163.18;200;10083950148;S
20240410;100528;163.18;180;10083950149;S
20240410;100529;163.2;30;10083950225;S
20240410;100529;163.18;30;10083950226;S
20240410;100529;163.16;30;10083950227;S
20240410;100529;163.16;410;10083950228;S
20240410;100530;163.16;30;10083950343;S
20240410;100530;163.18;10;10083950462;B
20240410;100531;163.18;480;10083950493;B
20240410;100531;163.2;200;10083950494;B
20240410;100531;163.2;720;10083950495;B
20240410;100531;163.22;60;10083950503;B
20240410;100531;163.2;40;10083950515;B
20240410;100531;163.22;10;10083950526;B
20240410;100531;163.18;200;10083950540;S
20240410;100532;163.2;100;10083950595;B
20240410;100532;163.16;560;10083950681;S
20240410;100532;163.14;500;10083950682;S
20240410;100532;163.14;370;10083950683;S
20240410;100532;163.12;50;10083950684;S
20240410;100532;163.12;200;10083950685;S
20240410;100532;163.12;500;10083950686;S
20240410;100532;163.1;500;10083950687;S
20240410;100532;163.1;1000;10083950688;S
20240410;100532;163.1;10;10083950689;S
20240410;100532;163.1;10;10083950690;S
20240410;100532;163.1;2000;10083950691;S
20240410;100532;163.1;1000;10083950692;S
20240410;100532;163.1;3300;10083950693;S
20240410;100532;163.22;60;10083950698;B
20240410;100533;163.1;350;10083950776;S
20240410;100533;163.1;200;10083950777;S
20240410;100533;163.08;30;10083950778;S
20240410;100533;163.08;150;10083950779;S
20240410;100533;163.08;370;10083950780;S
20240410;100533;163.06;27900;10083950781;S
20240410;100533;163.06;2100;10083950871;S
20240410;100533;163.06;10;10083950872;S
20240410;100533;163.06;200;10083950873;S
20240410;100533;163.06;740;10083950874;B
20240410;100533;163.08;200;10083950876;B
20240410;100533;163.18;820;10083950893;B
20240410;100534;163.06;100;10083950987;B
20240410;100534;163.04;100;10083951032;S
20240410;100534;163.04;50;10083951058;S
20240410;100535;163.12;1000;10083951095;S
20240410;100535;163.14;80;10083951186;S
20240410;100535;163.12;680;10083951191;S
20240410;100535;163.16;10;10083951200;B
20240410;100536;163.18;200;10083951266;B
20240410;100536;163.2;200;10083951267;S
20240410;100536;163.12;400;10083951268;S
20240410;100537;163.12;70;10083951315;S
20240410;100537;163.12;850;10083951448;S
20240410;100537;163.1;150;10083951449;S
20240410;100538;163.14;1530;10083951489;B
20240410;100538;163.16;150;10083951490;B
20240410;100538;163.12;10;10083951545;B
20240410;100538;163.12;10;10083951571;B
20240410;100539;163.12;10;10083951635;B
20240410;100539;163.12;10;10083951824;B
20240410;100540;163.08;100;10083952129;S
20240410;100540;163.06;370;10083952130;S
20240410;100540;163.04;350;10083952131;S
20240410;100540;163.04;200;10083952132;S
20240410;100540;163.02;10;10083952133;S
20240410;100540;163.02;820;10083952134;S
20240410;100540;163;500;10083952135;S
20240410;100540;163;30;10083952136;S
20240410;100540;163;30;10083952137;S
20240410;100540;163;30;10083952138;S
20240410;100540;163;10;10083952139;S
20240410;100540;163;1050;10083952140;S
20240410;100540;163.04;250;10083952188;S
20240410;100540;163;950;10083952189;S
20240410;100540;163;10;10083952190;S
20240410;100540;163;200;10083952191;S
20240410;100540;163;1000;10083952192;S
20240410;100540;163;200;10083952193;S
20240410;100540;163;120;10083952194;S
20240410;100540;163;270;10083952195;S
20240410;100541;163.1;200;10083952221;B
20240410;100541;163.1;30;10083952266;S
20240410;100541;163.12;30;10083952267;B
20240410;100541;163.1;230;10083952278;S
20240410;100541;163.12;100;10083952320;B
20240410;100541;163.1;10;10083952327;S
20240410;100541;163.12;30;10083952386;B
20240410;100541;163.1;1000;10083952408;S
20240410;100542;163.1;400;10083952419;S
20240410;100542;163.1;2800;10083952442;S
20240410;100542;163.1;2000;10083952456;S
20240410;100542;163.1;600;10083952561;S
20240410;100542;163.1;100;10083952566;S
20240410;100543;163.12;20;10083952597;B
20240410;100543;163.1;70;10083952605;S
20240410;100543;163.12;200;10083952639;B
20240410;100543;163.1;20;10083952669;S
20240410;100543;163.12;10;10083952670;B
20240410;100543;163.12;410;10083952707;B
20240410;100543;163.14;1530;10083952708;B
20240410;100543;163.14;360;10083952709;B
20240410;100543;163.14;200;10083952710;B
20240410;100543;163.16;1500;10083952711;B
20240410;100544;163.12;50;10083952864;S
20240410;100545;163.12;500;10083952930;B
20240410;100545;163.12;10;10083953068;B
20240410;100547;163.12;200;10083953214;B
20240410;100547;163.1;10;10083953217;S
20240410;100547;163.12;100;10083953245;B
20240410;100547;163.12;140;10083953336;B
20240410;100547;163.12;160;10083953337;B
20240410;100548;163.12;300;10083953345;B
20240410;100548;163.1;530;10083953351;S
20240410;100548;163.1;10;10083953352;S
20240410;100548;163.1;460;10083953353;S
20240410;100548;163.1;20;10083953361;S
20240410;100548;163.1;20;10083953387;S
20240410;100549;163.12;670;10083953642;B
20240410;100549;163.14;150;10083953643;B
20240410;100549;163.14;680;10083953644;B
20240410;100549;163.14;850;10083953677;B
20240410;100549;163.16;4150;10083953678;B
20240410;100549;163.14;850;10083953679;B
20240410;100549;163.14;10;10083953809;B
20240410;100549;163.16;230;10083953872;B
20240410;100549;163.16;2000;10083953877;B
20240410;100549;163.12;50;10083953899;S
20240410;100550;163.12;150;10083953921;S
20240410;100550;163.12;350;10083953922;S
20240410;100550;163.12;10;10083953953;S
20240410;100550;163.1;200;10083954044;S
20240410;100551;163.1;10;10083954235;S
20240410;100552;163.16;600;10083954385;B
20240410;100552;163.1;250;10083954399;S
20240410;100552;163.12;1570;10083954400;B
20240410;100553;163.12;370;10083954439;S
20240410;100553;163.1;940;10083954440;S
20240410;100553;163.1;500;10083954441;S
20240410;100553;163.1;290;10083954442;S
20240410;100553;163.1;30;10083954518;S
20240410;100553;163.1;10;10083954524;S
20240410;100553;163.12;200;10083954595;B
20240410;100554;163.1;60;10083954609;S
20240410;100554;163.1;50;10083954613;S
20240410;100554;163.1;640;10083954743;S
20240410;100555;163.1;920;10083954803;S
20240410;100555;163.1;40;10083954804;S
20240410;100555;163.1;40;10083954805;S
20240410;100555;163.1;10;10083954806;S
20240410;100555;163.1;370;10083954807;S
20240410;100555;163.08;120;10083954808;S
20240410;100555;163.08;1880;10083954868;S
20240410;100555;163.06;200;10083954869;S
20240410;100555;163.06;370;10083954870;S
20240410;100555;163.04;250;10083954871;S
20240410;100555;163.04;200;10083954872;S
20240410;100555;163;500;10083954873;S
20240410;100555;163;10;10083954874;S
20240410;100555;163;350;10083954875;S
20240410;100555;163;310;10083954876;S
20240410;100555;163;20;10083954877;S
20240410;100555;163;10;10083954878;S
20240410;100555;163;10;10083954879;S
20240410;100555;163;1890;10083954880;B
20240410;100555;163.02;200;10083954882;B
20240410;100555;163.08;100;10083954945;B
20240410;100556;162.98;30;10083954969;S
20240410;100556;162.96;70;10083954970;S
20240410;100556;162.96;2430;10083955006;S
20240410;100556;162.96;200;10083955007;S
20240410;100556;162.94;500;10083955008;S
20240410;100556;162.94;370;10083955009;S
20240410;100556;162.92;1500;10083955010;S
20240410;100556;163.04;200;10083955026;B
20240410;100556;163.06;300;10083955027;B
20240410;100557;162.94;200;10083955186;S
20240410;100557;162.94;300;10083955187;S
20240410;100557;162.92;500;10083955188;S
20240410;100557;162.94;100;10083955207;S
20240410;100558;163.04;80;10083955272;B
20240410;100559;162.94;10;10083955461;S
20240410;100559;163.02;10;10083955466;B
20240410;100559;162.94;90;10083955467;S
20240410;100559;162.94;10;10083955468;S
20240410;100559;162.94;200;10083955469;S
20240410;100559;163.02;10;10083955486;B
20240410;100600;163.02;60;10083955548;B
20240410;100600;163.02;10;10083955611;B
20240410;100601;162.92;300;10083955675;S
20240410;100601;162.92;180;10083955709;S
20240410;100601;162.96;1120;10083955769;S
20240410;100601;162.94;370;10083955770;S
20240410;100601;162.94;10;10083955771;S
20240410;100601;162.92;3500;10083955772;S
20240410;100602;162.98;200;10083955891;B
20240410;100602;163;410;10083955892;B
20240410;100602;162.92;100;10083956023;S
20240410;100603;162.98;10;10083956180;B
20240410;100604;162.92;30;10083956357;S
20240410;100604;162.92;50;10083956358;S
20240410;100604;162.92;170;10083956359;S
20240410;100604;162.9;50;10083956378;S
20240410;100605;162.92;10;10083956585;B
20240410;100605;162.94;30;10083956586;B
20240410;100606;162.9;50;10083956630;S
20240410;100606;162.9;170;10083956631;S
20240410;100606;162.9;200;10083956769;S
20240410;100608;162.94;1000;10083956900;B
20240410;100608;162.94;10;10083957003;B
20240410;100609;162.9;10;10083957120;S
20240410;100610;162.9;120;10083957205;S
20240410;100610;162.9;30;10083957206;S
20240410;100610;162.9;850;10083957207;S
20240410;100610;162.9;150;10083957232;S
20240410;100610;162.9;370;10083957233;S
20240410;100610;162.9;300;10083957234;S
20240410;100610;162.88;1180;10083957235;S
20240410;100610;162.94;480;10083957239;B
20240410;100611;162.88;10;10083957427;S
20240410;100611;162.9;200;10083957560;B
20240410;100611;162.92;400;10083957561;B
20240410;100611;162.88;100;10083957583;S
20240410;100611;162.94;100;10083957590;B
20240410;100612;162.94;50;10083957669;B
20240410;100612;162.94;330;10083957733;B
20240410;100612;162.94;120;10083957734;B
20240410;100613;162.92;100;10083957858;S
20240410;100613;162.9;20;10083957901;S
20240410;100613;162.9;300;10083957902;S
20240410;100613;162.9;180;10083957903;S
20240410;100614;162.98;10;10083958036;B
20240410;100615;162.98;100;10083958190;B
20240410;100615;162.98;80;10083958197;B
20240410;100615;162.98;10;10083958198;B
20240410;100615;162.98;350;10083958199;B
20240410;100615;162.98;50;10083958200;B
20240410;100616;162.96;380;10083958272;S
20240410;100616;162.94;150;10083958273;S
20240410;100616;162.94;470;10083958274;S
20240410;100616;163;650;10083958308;B
20240410;100616;162.94;180;10083958392;S
20240410;100617;162.98;490;10083958472;B
20240410;100617;162.96;10;10083958491;S
20240410;100617;162.96;130;10083958500;S
20240410;100617;163;20;10083958538;B
20240410;100618;162.96;100;10083958616;S
20240410;100618;163;1000;10083958621;B
20240410;100619;162.98;380;10083959104;S
20240410;100619;162.96;1290;10083959105;S
20240410;100619;162.94;830;10083959106;S
20240410;100620;162.96;600;10083959177;S
20240410;100620;162.96;10;10083959231;S
20240410;100621;163;480;10083959391;B
20240410;100621;163;50;10083959392;B
20240410;100621;163;50;10083959393;B
20240410;100621;163;400;10083959394;B
20240410;100621;163;20;10083959395;B
20240410;100622;162.96;10;10083959535;S
20240410;100622;163;100;10083959601;B
20240410;100622;162.96;50;10083959631;S
20240410;100623;163;20;10083959737;B
20240410;100623;162.98;200;10083959866;S
20240410;100623;162.98;100;10083959903;S
20240410;100624;162.98;200;10083959990;B
20240410;100624;163;100;10083960059;B
20240410;100625;162.98;100;10083960173;S
20240410;100625;162.98;30;10083960174;S
20240410;100625;162.98;50;10083960175;S
20240410;100625;162.96;820;10083960176;S
20240410;100625;162.98;70;10083960223;S
20240410;100625;162.98;80;10083960258;S
20240410;100626;162.96;10;10083960428;S
20240410;100626;162.96;30;10083960429;S
20240410;100626;162.96;30;10083960430;S
20240410;100626;162.96;30;10083960431;S
20240410;100626;162.96;30;10083960432;S
20240410;100626;162.96;350;10083960496;S
20240410;100626;162.96;70;10083960497;S
20240410;100627;162.98;40;10083960762;B
20240410;100628;162.96;1000;10083960778;S
20240410;100628;162.98;90;10083960866;B
20240410;100628;162.98;10;10083960867;B
20240410;100628;162.98;10;10083960868;B
20240410;100628;162.96;50;10083960880;S
20240410;100629;162.98;10;10083961093;B
20240410;100629;162.98;50;10083961094;B
20240410;100629;162.98;40;10083961095;B
20240410;100629;162.96;560;10083961112;S
20240410;100630;162.96;10;10083961123;S
20240410;100630;162.96;20;10083961124;S
20240410;100630;162.96;130;10083961125;B
20240410;100630;162.94;30;10083961126;S
20240410;100630;162.94;20;10083961128;S
20240410;100630;162.94;10;10083961134;S
20240410;100630;162.94;30;10083961137;S
20240410;100630;162.94;40;10083961138;S
20240410;100630;162.94;10;10083961140;S
20240410;100630;162.94;30;10083961141;S
20240410;100630;162.94;30;10083961142;S
20240410;100630;162.94;40;10083961143;S
20240410;100630;162.94;70;10083961144;S
20240410;100630;162.94;30;10083961145;S
20240410;100630;162.94;60;10083961147;S
20240410;100630;162.94;40;10083961151;S
20240410;100630;162.94;30;10083961153;S
20240410;100630;162.94;30;10083961154;S
20240410;100630;162.94;40;10083961155;S
20240410;100630;162.98;160;10083961156;B
20240410;100630;162.94;30;10083961157;S
20240410;100630;162.94;10;10083961158;S
20240410;100630;162.94;10;10083961159;S
20240410;100630;162.94;20;10083961160;S
20240410;100630;162.94;30;10083961161;S
20240410;100630;162.94;70;10083961162;S
20240410;100630;162.94;30;10083961163;S
20240410;100630;162.94;30;10083961164;S
20240410;100630;162.94;30;10083961165;S
20240410;100630;162.98;60;10083961166;B
20240410;100630;162.94;10;10083961353;S
20240410;100631;162.94;200;10083961395;S
20240410;100632;162.96;160;10083961565;S
20240410;100632;162.98;10;10083961601;B
20240410;100632;162.98;20;10083961658;B
20240410;100632;162.96;270;10083961660;B
20240410;100633;162.94;5000;10083961749;S
20240410;100634;162.96;10;10083962085;S
20240410;100634;162.94;620;10083962086;S
20240410;100634;162.94;200;10083962087;S
20240410;100634;162.94;170;10083962088;S
20240410;100635;162.98;20;10083962192;B
20240410;100635;162.98;20;10083962193;B
20240410;100636;162.98;100;10083962661;B
20240410;100637;162.96;10;10083962876;S
20240410;100637;162.96;40;10083962877;S
20240410;100637;162.94;10;10083962878;S
20240410;100637;162.98;1410;10083962884;B
20240410;100637;162.98;880;10083962885;B
20240410;100638;162.94;20;10083963135;S
20240410;100639;162.98;50;10083963409;B
20240410;100641;162.98;10;10083963657;B
20240410;100642;162.94;10;10083963869;S
20240410;100644;162.94;10;10083964167;S
20240410;100644;162.92;200;10083964168;S
20240410;100644;162.92;100;10083964169;S
20240410;100644;162.92;10;10083964170;S
20240410;100644;162.92;1080;10083964171;S
20240410;100644;162.92;10;10083964239;S
20240410;100645;162.92;100;10083964383;S
20240410;100646;162.94;10;10083964460;B
20240410;100647;162.92;700;10083964734;S
20240410;100647;162.94;100;10083964757;B
20240410;100647;162.94;50;10083964805;B
20240410;100648;162.94;100;10083964811;B
20240410;100648;162.94;40;10083965082;B
20240410;100648;162.92;1810;10083965101;S
20240410;100648;162.92;150;10083965102;S
20240410;100648;162.92;30;10083965103;S
20240410;100648;162.92;30;10083965104;S
20240410;100648;162.92;2000;10083965105;S
20240410;100648;162.92;390;10083965106;S
20240410;100648;162.9;10;10083965107;S
20240410;100648;162.9;100;10083965108;S
20240410;100648;162.9;1000;10083965109;S
20240410;100648;162.9;10;10083965110;S
20240410;100648;162.9;50;10083965111;S
20240410;100648;162.9;100;10083965112;S
20240410;100648;162.9;40;10083965113;S
20240410;100648;162.9;20;10083965114;S
20240410;100648;162.9;250;10083965115;S
20240410;100648;162.9;6100;10083965116;S
20240410;100648;162.9;1310;10083965117;S
20240410;100648;162.9;100;10083965118;S
20240410;100648;162.9;20;10083965119;S
20240410;100648;162.9;160;10083965120;S
20240410;100648;162.9;16320;10083965121;S
20240410;100649;162.9;10;10083965218;S
20240410;100649;162.9;250;10083965219;S
20240410;100649;162.88;710;10083965220;S
20240410;100649;162.88;20;10083965221;S
20240410;100649;162.88;20;10083965222;S
20240410;100649;162.88;80;10083965223;S
20240410;100649;162.92;10;10083965341;B
20240410;100649;162.9;40;10083965342;S
20240410;100649;162.88;410;10083965343;S
20240410;100649;162.88;350;10083965344;S
20240410;100649;162.88;170;10083965345;S
20240410;100649;162.88;30;10083965346;S
20240410;100649;162.88;30;10083965347;S
20240410;100649;162.88;30;10083965348;S
20240410;100649;162.86;40;10083965349;S
20240410;100649;162.86;6110;10083965350;S
20240410;100649;162.86;100;10083965351;S
20240410;100649;162.86;30;10083965352;S
20240410;100649;162.86;10;10083965353;S
20240410;100649;162.86;200;10083965354;S
20240410;100649;162.86;390;10083965355;S
20240410;100649;162.84;2000;10083965356;S
20240410;100649;162.84;30;10083965391;S
20240410;100649;162.82;10;10083965392;S
20240410;100649;162.86;10;10083965412;B
20240410;100650;162.86;150;10083965459;B
20240410;100650;162.86;10;10083965472;B
20240410;100650;162.82;20;10083965536;S
20240410;100650;162.82;30;10083965537;S
20240410;100650;162.82;150;10083965538;S
20240410;100650;162.82;540;10083965539;S
20240410;100650;162.82;10000;10083965575;S
20240410;100650;162.82;630;10083965613;S
20240410;100651;162.88;20;10083965651;B
20240410;100652;162.84;10;10083965875;B
20240410;100652;162.82;2510;10083965877;S
20240410;100652;162.8;300;10083965878;S
20240410;100652;162.8;10;10083965879;S
20240410;100652;162.8;100;10083965880;S
20240410;100652;162.8;580;10083965881;S
20240410;100652;162.8;30;10083965969;S
20240410;100653;162.8;190;10083966060;S
20240410;100653;162.8;100;10083966061;S
20240410;100653;162.8;500;10083966062;S
20240410;100653;162.8;210;10083966063;S
20240410;100653;162.8;230;10083966105;S
20240410;100653;162.8;7770;10083966106;S
20240410;100653;162.8;30;10083966131;S
20240410;100653;162.82;500;10083966132;B
20240410;100653;162.8;150;10083966133;S
20240410;100654;162.8;2220;10083966177;S
20240410;100654;162.8;300;10083966183;S
20240410;100654;162.82;50;10083966186;B
20240410;100654;162.8;3830;10083966204;S
20240410;100654;162.8;2000;10083966205;S
20240410;100654;162.8;10;10083966206;S
20240410;100654;162.8;220;10083966207;S
20240410;100654;162.8;40;10083966208;S
20240410;100654;162.8;250;10083966209;S
20240410;100654;162.8;10;10083966210;S
20240410;100654;162.8;3640;10083966211;S
20240410;100654;162.8;1360;10083966212;S
20240410;100654;162.78;100;10083966213;S
20240410;100654;162.78;500;10083966215;S
20240410;100654;162.78;30;10083966230;S
20240410;100654;162.78;30;10083966231;S
20240410;100654;162.78;70;10083966232;S
20240410;100654;162.76;170;10083966233;S
20240410;100654;162.82;10;10083966245;B
20240410;100654;162.82;40;10083966246;B
20240410;100654;162.82;220;10083966247;B
20240410;100654;162.76;830;10083966322;S
20240410;100654;162.76;30;10083966323;S
20240410;100654;162.76;100;10083966324;S
20240410;100654;162.74;10;10083966325;S
20240410;100654;162.74;200;10083966326;S
20240410;100654;162.74;1830;10083966327;S
20240410;100654;162.82;10;10083966328;B
20240410;100654;162.82;80;10083966340;B
20240410;100654;162.82;190;10083966341;B
20240410;100654;162.82;20;10083966342;B
20240410;100654;162.84;10;10083966343;B
20240410;100655;162.76;10;10083966388;S
20240410;100655;162.74;160;10083966389;S
20240410;100655;162.74;10;10083966390;S
20240410;100655;162.74;20;10083966391;S
20240410;100656;162.74;280;10083966641;S
20240410;100656;162.74;150;10083966642;S
20240410;100656;162.74;150;10083966643;S
20240410;100656;162.72;10;10083966644;S
20240410;100656;162.72;30;10083966645;S
20240410;100656;162.72;390;10083966646;S
20240410;100656;162.7;600;10083966647;S
20240410;100656;162.7;10;10083966648;S
20240410;100656;162.7;1000;10083966649;S
20240410;100656;162.7;200;10083966650;S
20240410;100656;162.7;1000;10083966651;S
20240410;100656;162.7;1000;10083966652;S
20240410;100656;162.7;500;10083966653;S
20240410;100656;162.7;80;10083966654;S
20240410;100656;162.7;10;10083966655;S
20240410;100656;162.7;100;10083966656;S
20240410;100656;162.7;50;10083966657;S
20240410;100656;162.68;2000;10083966658;S
20240410;100656;162.68;150;10083966659;S
20240410;100656;162.68;100;10083966660;S
20240410;100656;162.68;190;10083966661;S
20240410;100656;162.76;20;10083966696;B
20240410;100656;162.76;280;10083966697;B
20240410;100656;162.68;60;10083966728;S
20240410;100656;162.76;300;10083966735;B
20240410;100658;162.72;50;10083966983;B
20240410;100658;162.68;10;10083967044;S
20240410;100658;162.68;50;10083967045;S
20240410;100659;162.72;50;10083967108;B
20240410;100659;162.68;30;10083967114;S
20240410;100659;162.7;20;10083967132;B
20240410;100659;162.7;60;10083967146;S
20240410;100659;162.7;2960;10083967255;S
20240410;100659;162.68;270;10083967256;S
20240410;100659;162.68;390;10083967257;S
20240410;100659;162.68;1220;10083967258;S
20240410;100659;162.66;10;10083967259;S
20240410;100659;162.66;110;10083967260;S
20240410;100659;162.66;20;10083967261;S
20240410;100659;162.66;1020;10083967262;S
20240410;100700;162.7;1000;10083967352;B
20240410;100700;162.72;70;10083967353;B
20240410;100700;162.72;10;10083967354;B
20240410;100700;162.74;600;10083967355;B
20240410;100700;162.76;20;10083967356;B
20240410;100700;162.76;3660;10083967357;B
20240410;100700;162.76;1220;10083967358;B
20240410;100700;162.78;2480;10083967359;B
20240410;100700;162.8;730;10083967360;B
20240410;100700;162.76;10;10083967453;B
20240410;100701;162.76;10;10083967477;B
20240410;100701;162.76;500;10083967478;B
20240410;100701;162.78;180;10083967479;B
20240410;100701;162.8;2930;10083967480;B
20240410;100701;162.8;5000;10083967481;B
20240410;100701;162.8;350;10083967550;S
20240410;100701;162.8;1000;10083967578;S
20240410;100702;162.82;250;10083967677;B
20240410;100702;162.8;10;10083967742;S
20240410;100702;162.8;20;10083967767;S
20240410;100702;162.72;390;10083967768;S
20240410;100702;162.7;180;10083967769;S
20240410;100702;162.7;350;10083967770;S
20240410;100702;162.7;10;10083967771;S
20240410;100702;162.7;20;10083967772;S
20240410;100702;162.7;350;10083967773;S
20240410;100702;162.68;680;10083967774;S
20240410;100703;162.78;180;10083967971;B
20240410;100703;162.78;20;10083967972;B
20240410;100703;162.8;10;10083968027;B
20240410;100703;162.8;500;10083968028;B
20240410;100703;162.76;10;10083968133;B
20240410;100704;162.7;10;10083968260;S
20240410;100704;162.78;350;10083968442;B
20240410;100704;162.8;140;10083968443;B
20240410;100704;162.7;10;10083968446;S
20240410;100705;162.7;160;10083968492;S
20240410;100705;162.68;40;10083968493;S
20240410;100705;162.74;200;10083968580;B
20240410;100705;162.74;100;10083968595;B
20240410;100706;162.7;390;10083968776;S
20240410;100706;162.7;10;10083968777;S
20240410;100707;162.7;240;10083968950;S
20240410;100707;162.7;20;10083968951;S
20240410;100707;162.7;100;10083968952;S
20240410;100707;162.68;210;10083968953;S
20240410;100707;162.68;590;10083968954;S
20240410;100707;162.72;10;10083968999;B
20240410;100707;162.68;3050;10083969028;S
20240410;100707;162.68;10;10083969029;S
20240410;100707;162.68;2160;10083969030;S
20240410;100707;162.66;300;10083969031;S
20240410;100707;162.66;5000;10083969032;S
20240410;100707;162.66;900;10083969033;S
20240410;100707;162.66;500;10083969034;S
20240410;100707;162.66;180;10083969035;S
20240410;100707;162.66;390;10083969036;S
20240410;100707;162.64;100;10083969037;S
20240410;100707;162.64;3660;10083969038;S
20240410;100707;162.64;500;10083969039;S
20240410;100707;162.62;5000;10083969040;S
20240410;100707;162.62;100;10083969041;S
20240410;100707;162.62;10;10083969042;S
20240410;100707;162.62;20;10083969043;S
20240410;100707;162.62;10;10083969044;S
20240410;100707;162.62;50;10083969045;S
20240410;100707;162.62;10;10083969046;S
20240410;100707;162.62;30;10083969047;S
20240410;100707;162.62;1000;10083969048;S
20240410;100707;162.62;50;10083969049;S
20240410;100707;162.62;30;10083969050;S
20240410;100707;162.62;30;10083969051;S
20240410;100707;162.62;1000;10083969052;S
20240410;100707;162.62;1220;10083969053;S
20240410;100707;162.62;10;10083969054;S
20240410;100707;162.62;200;10083969055;S
20240410;100707;162.6;150;10083969056;S
20240410;100707;162.6;350;10083969057;S
20240410;100707;162.6;10;10083969058;S
20240410;100707;162.6;920;10083969059;S
20240410;100707;162.6;1000;10083969060;S
20240410;100707;162.6;7050;10083969061;S
20240410;100708;162.64;10;10083969301;S
20240410;100708;162.62;190;10083969302;S
20240410;100708;162.62;30;10083969303;S
20240410;100708;162.6;270;10083969304;S
20240410;100709;162.6;17680;10083969402;S
20240410;100709;162.6;22320;10083969403;S
20240410;100710;162.64;120;10083969484;S
20240410;100710;162.62;390;10083969485;S
20240410;100710;162.6;2680;10083969486;S
20240410;100710;162.6;20;10083969487;S
20240410;100710;162.6;160;10083969488;S
20240410;100710;162.6;10000;10083969489;S
20240410;100710;162.6;180;10083969490;S
20240410;100710;162.6;30;10083969491;S
20240410;100710;162.6;1000;10083969492;S
20240410;100710;162.6;20;10083969493;S
20240410;100710;162.6;10;10083969494;S
20240410;100710;162.6;100;10083969495;S
20240410;100710;162.58;50;10083969496;S
20240410;100710;162.58;30;10083969497;S
20240410;100710;162.58;30;10083969498;S
20240410;100710;162.58;30;10083969499;S
20240410;100710;162.58;30;10083969500;S
20240410;100710;162.56;10;10083969509;S
20240410;100710;162.56;200;10083969548;S
20240410;100710;162.56;70;10083969575;S
20240410;100710;162.58;10;10083969617;B
20240410;100710;162.56;1720;10083969621;S
20240410;100710;162.56;10;10083969622;S
20240410;100710;162.56;250;10083969623;S
20240410;100710;162.54;20;10083969624;S
20240410;100711;162.54;30;10083969682;S
20240410;100711;162.54;300;10083969690;S
20240410;100711;162.56;10;10083969728;B
20240410;100711;162.54;1250;10083969755;S
20240410;100712;162.56;300;10083969819;B
20240410;100712;162.54;400;10083969837;S
20240410;100712;162.54;400;10083969838;S
20240410;100712;162.54;1000;10083969885;S
20240410;100712;162.54;10;10083969962;S
20240410;100712;162.56;40;10083969967;B
20240410;100712;162.54;10;10083969976;S
20240410;100713;162.54;490;10083970047;S
20240410;100713;162.56;20;10083970111;B
20240410;100713;162.56;30;10083970112;B
20240410;100713;162.54;90;10083970157;S
20240410;100713;162.54;30;10083970158;S
20240410;100713;162.52;500;10083970159;S
20240410;100713;162.52;10;10083970160;S
20240410;100713;162.52;100;10083970161;S
20240410;100713;162.52;1220;10083970162;S
20240410;100713;162.5;120;10083970163;S
20240410;100713;162.5;100;10083970164;S
20240410;100713;162.5;10;10083970165;S
20240410;100713;162.5;210;10083970166;S
20240410;100713;162.5;2350;10083970167;S
20240410;100713;162.5;20;10083970168;S
20240410;100713;162.5;300;10083970169;S
20240410;100713;162.5;500;10083970170;S
20240410;100713;162.5;300;10083970171;S
20240410;100713;162.5;150;10083970172;S
20240410;100713;162.5;100;10083970173;S
20240410;100713;162.5;10;10083970174;S
20240410;100713;162.5;500;10083970175;S
20240410;100713;162.5;800;10083970176;S
20240410;100713;162.5;50;10083970177;S
20240410;100713;162.5;10;10083970178;S
20240410;100713;162.5;160;10083970179;S
20240410;100713;162.5;70;10083970180;S
20240410;100713;162.5;80;10083970181;S
20240410;100713;162.5;2000;10083970182;S
20240410;100713;162.5;20;10083970183;S
20240410;100713;162.5;190;10083970184;S
20240410;100713;162.54;10;10083970195;B
20240410;100714;162.54;10;10083970278;B
20240410;100714;162.54;50;10083970283;B
20240410;100714;162.54;40;10083970284;B
20240410;100714;162.54;90;10083970322;B
20240410;100714;162.56;910;10083970323;B
20240410;100714;162.52;20;10083970328;S
20240410;100715;162.54;200;10083970485;B
20240410;100715;162.54;20;10083970486;B
20240410;100715;162.54;530;10083970487;B
20240410;100715;162.54;20;10083970549;B
20240410;100716;162.52;1200;10083970579;S
20240410;100716;162.52;800;10083970580;S
20240410;100716;162.52;370;10083970614;S
20240410;100716;162.52;10;10083970649;S
20240410;100716;162.52;400;10083970659;S
20240410;100716;162.52;250;10083970745;S
20240410;100716;162.52;60;10083970746;S
20240410;100716;162.54;90;10083970748;B
20240410;100716;162.54;2660;10083970786;B
20240410;100716;162.56;520;10083970787;B
20240410;100716;162.56;150;10083970788;B
20240410;100716;162.56;500;10083970789;B
20240410;100717;162.56;10;10083970810;S
20240410;100717;162.56;340;10083970833;S
20240410;100717;162.58;10;10083970888;B
20240410;100718;162.58;500;10083970996;B
20240410;100718;162.56;100;10083971093;S
20240410;100719;162.58;4600;10083971096;B
20240410;100719;162.58;400;10083971097;B
20240410;100719;162.56;4000;10083971123;S
20240410;100719;162.56;1000;10083971151;S
20240410;100719;162.58;350;10083971388;B
20240410;100720;162.56;500;10083971637;S
20240410;100721;162.58;20;10083971667;B
20240410;100722;162.58;30;10083971954;B
20240410;100722;162.58;200;10083972079;B
20240410;100722;162.58;100;10083972080;B
20240410;100723;162.58;10;10083972164;B
20240410;100723;162.56;220;10083972196;S
20240410;100723;162.56;20;10083972197;S
20240410;100723;162.56;840;10083972198;S
20240410;100723;162.56;20;10083972214;S
20240410;100723;162.56;120;10083972216;S
20240410;100723;162.58;10;10083972232;B
20240410;100723;162.58;30;10083972233;B
20240410;100724;162.56;1000;10083972369;S
20240410;100724;162.56;1520;10083972403;S
20240410;100724;162.56;10;10083972404;S
20240410;100724;162.54;400;10083972405;S
20240410;100724;162.54;730;10083972406;S
20240410;100724;162.52;10;10083972407;S
20240410;100724;162.52;200;10083972408;S
20240410;100724;162.52;1220;10083972409;S
20240410;100724;162.52;500;10083972410;S
20240410;100724;162.5;1810;10083972411;S
20240410;100724;162.5;30;10083972412;S
20240410;100724;162.5;10;10083972413;S
20240410;100724;162.5;100;10083972414;S
20240410;100724;162.5;1000;10083972415;S
20240410;100724;162.5;30;10083972416;S
20240410;100724;162.5;100;10083972417;S
20240410;100724;162.5;10;10083972418;S
20240410;100724;162.5;2000;10083972419;S
20240410;100724;162.5;500;10083972420;S
20240410;100724;162.48;20;10083972425;S
20240410;100724;162.5;20;10083972457;B
20240410;100724;162.5;20;10083972467;B
20240410;100724;162.5;20;10083972479;B
20240410;100725;162.48;30;10083972538;S
20240410;100725;162.5;90;10083972553;B
20240410;100725;162.48;450;10083972599;S
20240410;100725;162.48;20;10083972600;S
20240410;100725;162.46;100;10083972601;S
20240410;100725;162.46;430;10083972602;S
20240410;100727;162.48;20;10083972966;B
20240410;100727;162.48;20;10083972967;B
20240410;100727;162.46;1070;10083973062;S
20240410;100727;162.46;780;10083973063;S
20240410;100728;162.46;350;10083973279;S
20240410;100729;162.46;870;10083973365;S
20240410;100729;162.44;10;10083973366;S
20240410;100729;162.44;10;10083973367;S
20240410;100729;162.44;2000;10083973368;S
20240410;100729;162.42;10;10083973369;S
20240410;100729;162.42;100;10083973370;S
20240410;100729;162.44;100;10083973464;S
20240410;100730;162.44;10;10083973506;S
20240410;100730;162.46;120;10083973507;B
20240410;100730;162.46;80;10083973563;B
20240410;100730;162.48;240;10083973564;B
20240410;100730;162.48;10;10083973568;B
20240410;100730;162.44;140;10083973589;S
20240410;100730;162.44;260;10083973590;S
20240410;100730;162.44;260;10083973600;S
20240410;100730;162.48;20;10083973618;B
20240410;100731;162.46;10;10083973852;B
20240410;100731;162.46;40;10083973869;B
20240410;100731;162.48;60;10083973870;B
20240410;100731;162.44;700;10083973885;S
20240410;100731;162.42;900;10083973886;S
20240410;100731;162.42;210;10083973887;S
20240410;100731;162.42;200;10083973888;S
20240410;100731;162.42;100;10083973889;S
20240410;100731;162.42;360;10083973890;S
20240410;100731;162.4;10;10083973891;S
20240410;100731;162.4;20;10083973892;S
20240410;100731;162.4;40;10083973919;S
20240410;100731;162.44;10;10083973948;B
20240410;100731;162.44;190;10083974021;B
20240410;100731;162.44;10;10083974037;S
20240410;100731;162.42;200;10083974038;S
20240410;100731;162.42;190;10083974039;S
20240410;100732;162.42;500;10083974222;S
20240410;100732;162.46;10;10083974430;B
20240410;100732;162.46;250;10083974489;B
20240410;100733;162.42;260;10083974758;S
20240410;100733;162.4;1460;10083974849;S
20240410;100734;162.42;200;10083974952;S
20240410;100734;162.44;100;10083975022;B
20240410;100735;162.42;10;10083975197;S
20240410;100735;162.42;140;10083975247;S
20240410;100736;162.42;70;10083975306;B
20240410;100736;162.42;90;10083975348;B
20240410;100736;162.44;60;10083975349;B
20240410;100736;162.4;20;10083975375;S
20240410;100736;162.44;140;10083975376;B
20240410;100736;162.44;100;10083975377;B
20240410;100736;162.44;300;10083975410;S
20240410;100736;162.46;30;10083975415;B
20240410;100737;162.44;100;10083975474;S
20240410;100737;162.46;200;10083975513;B
20240410;100738;162.46;10;10083975889;B
20240410;100738;162.44;40;10083975898;S
20240410;100738;162.44;260;10083975921;S
20240410;100738;162.44;150;10083975968;S
20240410;100739;162.46;10;10083975982;B
20240410;100739;162.46;90;10083975983;B
20240410;100739;162.44;250;10083976014;S
20240410;100739;162.46;10;10083976089;B
20240410;100740;162.46;10;10083976179;B
20240410;100741;162.44;210;10083976368;S
20240410;100741;162.44;70;10083976442;S
20240410;100741;162.44;530;10083976443;S
20240410;100741;162.44;1000;10083976501;S
20240410;100742;162.44;10;10083976531;S
20240410;100742;162.44;50;10083976532;S
20240410;100742;162.44;10;10083976535;S
20240410;100742;162.46;90;10083976594;B
20240410;100742;162.46;50;10083976595;B
20240410;100742;162.46;120;10083976681;S
20240410;100742;162.46;140;10083976682;S
20240410;100742;162.46;30;10083976729;S
20240410;100742;162.44;630;10083976730;S
20240410;100743;162.44;10;10083976823;S
20240410;100743;162.44;300;10083976848;S
20240410;100743;162.44;1700;10083976850;S
20240410;100743;162.46;10;10083976918;B
20240410;100744;162.46;100;10083977005;B
20240410;100744;162.44;300;10083977044;S
20240410;100744;162.46;2860;10083977111;B
20240410;100744;162.48;470;10083977112;B
20240410;100744;162.48;50;10083977113;B
20240410;100744;162.48;10;10083977114;B
20240410;100744;162.48;100;10083977115;B
20240410;100744;162.48;80;10083977116;B
20240410;100744;162.5;1430;10083977117;B
20240410;100745;162.5;50;10083977194;B
20240410;100747;162.5;10;10083977621;B
20240410;100747;162.46;20;10083977739;S
20240410;100749;162.5;500;10083978149;B
20240410;100749;162.46;10;10083978218;S
20240410;100749;162.46;10;10083978219;S
20240410;100750;162.44;390;10083978287;S
20240410;100750;162.46;380;10083978350;B
20240410;100750;162.48;190;10083978351;B
20240410;100750;162.5;930;10083978352;B
20240410;100751;162.5;1300;10083978633;B
20240410;100752;162.46;80;10083978707;S
20240410;100752;162.44;40;10083978708;S
20240410;100752;162.44;10;10083978825;S
20240410;100752;162.5;2920;10083978835;B
20240410;100752;162.5;50;10083978836;B
20240410;100752;162.5;300;10083978837;B
20240410;100752;162.5;1000;10083978838;B
20240410;100752;162.5;250;10083978839;B
20240410;100752;162.5;470;10083978840;B
20240410;100752;162.5;30;10083978891;B
20240410;100753;162.5;10;10083979066;B
20240410;100753;162.5;10;10083979092;B
20240410;100753;162.48;180;10083979136;S
20240410;100754;162.5;620;10083979307;B
20240410;100755;162.5;10;10083979337;B
20240410;100755;162.5;210;10083979394;B
20240410;100755;162.5;640;10083979530;B
20240410;100755;162.5;100;10083979531;B
20240410;100755;162.5;400;10083979532;B
20240410;100755;162.5;10;10083979533;B
20240410;100755;162.5;240;10083979534;B
20240410;100755;162.5;760;10083979535;B
20240410;100755;162.5;90;10083979552;B
20240410;100756;162.5;8500;10083979568;B
20240410;100756;162.5;640;10083979575;B
20240410;100756;162.52;130;10083979576;B
20240410;100756;162.52;80;10083979577;B
20240410;100756;162.5;310;10083979629;S
20240410;100756;162.52;250;10083979652;S
20240410;100756;162.5;50;10083979653;S
20240410;100756;162.5;390;10083979654;S
20240410;100756;162.5;390;10083979655;S
20240410;100757;162.5;10;10083979851;S
20240410;100757;162.5;70;10083979853;S
20240410;100758;162.54;10;10083980002;B
20240410;100759;162.5;220;10083980118;S
20240410;100759;162.5;40;10083980119;S
20240410;100759;162.5;100;10083980172;B
20240410;100800;162.5;500;10083980276;B
20240410;100800;162.48;100;10083980287;S
20240410;100800;162.5;10;10083980336;B
20240410;100800;162.5;30;10083980349;B
20240410;100800;162.5;30;10083980372;B
20240410;100800;162.48;40;10083980373;S
20240410;100801;162.5;10;10083980451;B
20240410;100801;162.5;250;10083980454;B
20240410;100801;162.5;100;10083980553;B
20240410;100802;162.48;300;10083980741;S
20240410;100802;162.5;310;10083980762;B
20240410;100803;162.5;10;10083980796;B
20240410;100803;162.48;80;10083980809;S
20240410;100803;162.48;300;10083980898;S
20240410;100803;162.48;10;10083980899;S
20240410;100803;162.48;90;10083980900;S
20240410;100805;162.5;10;10083981054;B
20240410;100805;162.5;20;10083981092;B
20240410;100805;162.5;480;10083981093;B
20240410;100805;162.5;10;10083981102;B
20240410;100807;162.5;130;10083981348;B
20240410;100807;162.5;3210;10083981451;B
20240410;100808;162.48;110;10083981489;S
20240410;100808;162.48;10;10083981490;S
20240410;100808;162.48;10;10083981491;S
20240410;100808;162.48;10;10083981492;S
20240410;100808;162.46;10;10083981493;S
20240410;100808;162.46;10;10083981494;S
20240410;100808;162.46;100;10083981495;S
20240410;100808;162.46;390;10083981496;S
20240410;100808;162.46;300;10083981501;B
20240410;100808;162.44;10;10083981569;S
20240410;100808;162.46;10;10083981614;B
20240410;100809;162.46;270;10083981642;B
20240410;100809;162.48;10;10083981647;B
20240410;100809;162.46;50;10083981671;S
20240410;100809;162.48;80;10083981713;B
20240410;100809;162.5;20;10083981714;B
20240410;100809;162.5;10;10083981754;B
20240410;100810;162.48;90;10083981845;B
20240410;100811;162.48;10;10083982051;B
20240410;100811;162.48;140;10083982084;B
20240410;100811;162.48;260;10083982097;B
20240410;100811;162.5;240;10083982098;B
20240410;100812;162.5;10;10083982274;B
20240410;100812;162.5;50;10083982307;B
20240410;100813;162.46;10;10083982357;S
20240410;100813;162.46;10;10083982358;S
20240410;100813;162.44;10;10083982359;S
20240410;100813;162.44;10;10083982360;S
20240410;100813;162.44;50;10083982361;S
20240410;100815;162.46;20;10083982955;B
20240410;100815;162.46;100;10083983001;B
20240410;100817;162.44;50;10083983290;S
20240410;100817;162.44;30;10083983291;S
20240410;100817;162.44;130;10083983413;S
20240410;100818;162.46;10;10083983531;B
20240410;100820;162.46;20;10083984372;B
20240410;100820;162.46;30;10083984373;B
20240410;100821;162.44;140;10083984648;S
20240410;100821;162.44;10;10083984649;S
20240410;100821;162.44;30;10083984650;S
20240410;100821;162.44;10;10083984651;S
20240410;100821;162.44;10;10083984652;S
20240410;100821;162.44;20;10083984653;S
20240410;100821;162.44;80;10083984654;S
20240410;100821;162.44;20;10083984655;S
20240410;100821;162.44;10;10083984656;S
20240410;100821;162.44;10;10083984657;S
20240410;100821;162.44;500;10083984658;S
20240410;100821;162.44;10;10083984659;S
20240410;100821;162.44;10;10083984660;S
20240410;100821;162.44;390;10083984661;S
20240410;100821;162.44;10;10083984662;S
20240410;100821;162.44;130;10083984663;S
20240410;100821;162.44;10;10083984664;S
20240410;100821;162.44;500;10083984665;S
20240410;100821;162.42;10;10083984666;S
20240410;100821;162.42;1530;10083984667;S
20240410;100821;162.42;1220;10083984668;S
20240410;100821;162.42;10;10083984669;S
20240410;100821;162.42;10;10083984670;S
20240410;100821;162.42;200;10083984671;S
20240410;100821;162.42;20;10083984672;S
20240410;100821;162.4;460;10083984673;S
20240410;100821;162.4;10;10083984674;S
20240410;100821;162.4;60;10083984675;S
20240410;100821;162.4;250;10083984676;S
20240410;100821;162.4;20;10083984677;S
20240410;100821;162.4;500;10083984678;S
20240410;100821;162.4;800;10083984679;S
20240410;100821;162.44;200;10083984681;B
20240410;100821;162.46;70;10083984732;B
20240410;100821;162.46;30;10083984733;B
20240410;100821;162.46;80;10083984734;B
20240410;100821;162.46;170;10083984735;B
20240410;100822;162.44;60;10083984788;S
20240410;100822;162.44;150;10083984790;S
20240410;100822;162.44;80;10083984792;S
20240410;100822;162.44;10;10083984795;S
20240410;100822;162.44;30;10083984796;S
20240410;100822;162.42;130;10083984798;S
20240410;100822;162.42;90;10083984802;S
20240410;100822;162.42;80;10083984803;S
20240410;100822;162.42;70;10083984804;S
20240410;100822;162.42;20;10083984805;S
20240410;100822;162.44;70;10083984807;S
20240410;100822;162.44;190;10083984808;S
20240410;100822;162.44;40;10083984809;S
20240410;100822;162.44;50;10083984812;S
20240410;100822;162.44;70;10083984814;S
20240410;100822;162.44;20;10083984815;S
20240410;100822;162.44;60;10083984832;S
20240410;100822;162.42;140;10083984833;S
20240410;100822;162.44;50;10083984992;S
20240410;100823;162.46;10;10083985089;B
20240410;100823;162.44;450;10083985099;S
20240410;100823;162.42;550;10083985100;S
20240410;100823;162.44;50;10083985105;S
20240410;100823;162.44;20;10083985167;S
20240410;100823;162.44;70;10083985206;S
20240410;100823;162.42;330;10083985207;S
20240410;100824;162.42;890;10083985406;S
20240410;100824;162.4;110;10083985407;S
20240410;100824;162.42;90;10083985410;S
20240410;100824;162.42;110;10083985411;S
20240410;100824;162.42;100;10083985412;S
20240410;100824;162.42;70;10083985414;S
20240410;100824;162.42;130;10083985415;S
20240410;100824;162.42;70;10083985420;S
20240410;100824;162.42;60;10083985421;S
20240410;100824;162.4;30;10083985422;S
20240410;100824;162.42;110;10083985423;S
20240410;100824;162.42;30;10083985424;S
20240410;100824;162.42;70;10083985426;S
20240410;100824;162.42;70;10083985431;S
20240410;100824;162.42;70;10083985432;S
20240410;100825;162.42;870;10083985557;S
20240410;100825;162.42;10;10083985558;S
20240410;100825;162.4;120;10083985559;S
20240410;100826;162.44;150;10083985806;B
20240410;100826;162.44;140;10083985821;B
20240410;100826;162.44;10;10083985822;B
20240410;100826;162.46;1270;10083985823;B
20240410;100826;162.46;30;10083985824;B
20240410;100826;162.46;100;10083985825;B
20240410;100826;162.46;10;10083985826;B
20240410;100826;162.48;10;10083985827;B
20240410;100826;162.48;220;10083985828;B
20240410;100826;162.48;200;10083985829;B
20240410;100826;162.48;310;10083985830;B
20240410;100826;162.48;110;10083985831;B
20240410;100826;162.48;10;10083985832;B
20240410;100826;162.48;100;10083985857;S
20240410;100826;162.5;200;10083985919;B
20240410;100827;162.48;980;10083985940;S
20240410;100827;162.48;60;10083986109;S
20240410;100827;162.5;1000;10083986117;B
20240410;100828;162.5;10;10083986179;B
20240410;100828;162.48;50;10083986296;S
20240410;100828;162.5;1000;10083986374;B
20240410;100829;162.48;250;10083986471;S
20240410;100829;162.48;140;10083986494;S
20240410;100829;162.48;10;10083986495;S
20240410;100829;162.46;390;10083986496;S
20240410;100831;162.44;500;10083987226;S
20240410;100832;162.46;160;10083987360;B
20240410;100832;162.5;10;10083987420;B
20240410;100832;162.48;200;10083987462;S
20240410;100833;162.5;10;10083987544;B
20240410;100833;162.5;200;10083987559;B
20240410;100833;162.5;10;10083987664;B
20240410;100834;162.5;30;10083987697;B
20240410;100834;162.5;1500;10083987768;B
20240410;100835;162.48;60;10083987927;S
20240410;100835;162.48;500;10083987928;S
20240410;100835;162.46;1840;10083987929;S
20240410;100835;162.46;390;10083987930;S
20240410;100835;162.44;10;10083987931;S
20240410;100835;162.44;30;10083987932;S
20240410;100835;162.42;390;10083987933;S
20240410;100835;162.44;200;10083987942;S
20240410;100835;162.44;70;10083988050;S
20240410;100835;162.5;1870;10083988062;B
20240410;100835;162.5;200;10083988063;B
20240410;100835;162.5;2480;10083988064;B
20240410;100835;162.5;600;10083988065;B
20240410;100835;162.5;50;10083988066;B
20240410;100835;162.5;60;10083988067;B
20240410;100835;162.5;100;10083988068;B
20240410;100835;162.5;10;10083988069;B
20240410;100835;162.5;390;10083988070;B
20240410;100835;162.5;20;10083988071;B
20240410;100836;162.44;30;10083988118;S
20240410;100836;162.44;240;10083988119;S
20240410;100836;162.5;100;10083988278;B
20240410;100837;162.44;240;10083988407;S
20240410;100837;162.44;260;10083988408;S
20240410;100837;162.5;1490;10083988413;B
20240410;100837;162.5;40;10083988414;B
20240410;100837;162.5;100;10083988415;B
20240410;100837;162.5;100;10083988416;B
20240410;100837;162.5;150;10083988417;B
20240410;100837;162.5;200;10083988418;B
20240410;100837;162.5;10;10083988419;B
20240410;100837;162.52;500;10083988420;B
20240410;100837;162.52;80;10083988421;B
20240410;100837;162.54;4990;10083988422;B
20240410;100837;162.54;240;10083988423;B
20240410;100837;162.56;550;10083988424;B
20240410;100837;162.56;100;10083988425;B
20240410;100837;162.56;220;10083988426;B
20240410;100837;162.56;330;10083988427;B
20240410;100837;162.58;2000;10083988428;B
20240410;100837;162.58;1000;10083988429;B
20240410;100837;162.6;100;10083988430;B
20240410;100837;162.6;10;10083988431;B
20240410;100837;162.6;5000;10083988432;B
20240410;100837;162.6;2000;10083988433;B
20240410;100837;162.62;10000;10083988434;B
20240410;100837;162.62;10000;10083988435;B
20240410;100837;162.62;800;10083988436;B
20240410;100837;162.66;50;10083988440;B
20240410;100837;162.7;160;10083988441;B
20240410;100837;162.7;50;10083988442;B
20240410;100837;162.7;100;10083988443;B
20240410;100837;162.78;10;10083988444;B
20240410;100837;162.8;30;10083988448;B
20240410;100837;162.8;900;10083988449;B
20240410;100837;162.8;40;10083988450;B
20240410;100837;162.7;100;10083988494;S
20240410;100837;162.8;1000;10083988509;B
20240410;100837;162.8;100;10083988537;B
20240410;100837;162.78;10;10083988565;S
20240410;100837;162.76;400;10083988577;S
20240410;100837;162.7;100;10083988578;S
20240410;100837;162.7;50;10083988584;S
20240410;100838;162.7;70;10083988595;S
20240410;100839;162.8;150;10083988786;B
20240410;100839;162.8;190;10083988787;B
20240410;100839;162.84;400;10083988808;B
20240410;100839;162.84;100;10083988849;B
20240410;100839;162.86;50;10083988850;B
20240410;100839;162.86;200;10083988851;B
20240410;100839;162.88;60;10083988880;B
20240410;100839;162.88;500;10083988881;B
20240410;100839;162.9;140;10083988882;B
20240410;100840;162.88;60;10083988976;S
20240410;100840;162.88;40;10083988977;S
20240410;100840;162.9;360;10083989022;B
20240410;100840;162.92;50;10083989023;B
20240410;100840;162.92;100;10083989024;B
20240410;100840;162.94;100;10083989025;B
20240410;100840;162.94;1630;10083989026;B
20240410;100840;162.98;300;10083989027;B
20240410;100840;162.98;50;10083989028;B
20240410;100840;162.98;1110;10083989029;B
20240410;100840;162.98;500;10083989030;B
20240410;100840;163;60;10083989031;B
20240410;100840;163;2000;10083989032;B
20240410;100840;163;100;10083989033;B
20240410;100840;163;10;10083989034;B
20240410;100840;163;50;10083989035;B
20240410;100840;163;1580;10083989036;B
20240410;100840;162.98;10;10083989066;B
20240410;100841;162.98;490;10083989081;B
20240410;100841;163;1010;10083989082;B
20240410;100841;162.92;10;10083989098;S
20240410;100841;162.98;10;10083989108;B
20240410;100841;163;90;10083989109;B
20240410;100841;163;300;10083989223;B
20240410;100842;162.96;10;10083989414;S
20240410;100842;162.94;30;10083989415;S
20240410;100843;163;600;10083989642;B
20240410;100843;162.98;50;10083989694;S
20240410;100843;162.96;10;10083989695;S
20240410;100843;162.94;60;10083989696;S
20240410;100843;162.94;100;10083989801;S
20240410;100844;162.92;190;10083990048;S
20240410;100844;162.92;1000;10083990049;S
20240410;100844;162.92;970;10083990050;S
20240410;100844;162.9;2840;10083990051;S
20240410;100848;162.9;220;10083990719;B
20240410;100848;162.92;30;10083990720;B
20240410;100849;162.9;10;10083990858;S
20240410;100849;162.88;1000;10083990859;S
20240410;100849;162.82;180;10083990860;S
20240410;100849;162.82;10;10083990861;S
20240410;100849;162.82;90;10083990893;S
20240410;100849;162.8;200;10083990894;S
20240410;100849;162.8;10;10083990895;S
20240410;100849;162.82;200;10083990981;S
20240410;100850;162.9;200;10083991124;B
20240410;100850;162.92;70;10083991125;B
20240410;100850;162.92;260;10083991126;B
20240410;100850;162.94;1300;10083991127;B
20240410;100850;162.96;170;10083991128;B
20240410;100851;162.92;10;10083991323;B
20240410;100851;162.94;20;10083991324;B
20240410;100852;162.94;10;10083991415;B
20240410;100853;162.88;10;10083991633;S
20240410;100853;162.88;200;10083991677;S
20240410;100854;162.9;20;10083991864;S
20240410;100855;162.94;40;10083992067;B
20240410;100858;162.94;130;10083992525;B
20240410;100858;162.94;330;10083992526;B
20240410;100858;162.94;10;10083992527;B
20240410;100858;162.98;2530;10083992528;B
20240410;100858;162.9;10;10083992547;S
20240410;100858;162.9;20;10083992592;S
20240410;100859;162.9;950;10083992778;S
20240410;100859;162.88;50;10083992779;S
20240410;100859;162.88;10;10083992929;S
20240410;100900;162.86;10;10083992949;S
20240410;100900;162.88;20;10083992987;B
20240410;100900;162.88;90;10083993016;B
20240410;100900;162.88;120;10083993026;B
20240410;100900;162.86;30;10083993036;S
20240410;100900;162.86;30;10083993083;S
20240410;100901;162.88;10;10083993243;B
20240410;100901;162.88;50;10083993244;B
20240410;100901;162.9;20;10083993245;B
20240410;100901;162.9;100;10083993246;B
20240410;100902;162.9;820;10083993296;S
20240410;100902;162.88;380;10083993297;S
20240410;100902;162.86;180;10083993298;S
20240410;100902;162.84;440;10083993299;S
20240410;100902;162.94;10;10083993312;B
20240410;100902;162.84;180;10083993425;S
20240410;100902;162.82;940;10083993426;S
20240410;100902;162.82;170;10083993427;S
20240410;100902;162.8;9810;10083993428;S
20240410;100903;162.78;10;10083993759;S
20240410;100903;162.76;10;10083993760;S
20240410;100904;162.7;10;10083993956;S
20240410;100905;162.68;30;10083994156;S
20240410;100906;162.76;10;10083994249;B
20240410;100906;162.78;10;10083994250;B
20240410;100907;162.68;490;10083994428;S
20240410;100907;162.64;380;10083994429;S
20240410;100907;162.62;190;10083994430;S
20240410;100907;162.62;4500;10083994431;S
20240410;100907;162.62;500;10083994432;S
20240410;100907;162.62;350;10083994433;S
20240410;100907;162.6;100;10083994434;S
20240410;100907;162.6;10000;10083994435;S
20240410;100907;162.58;2000;10083994436;S
20240410;100907;162.56;1490;10083994437;S
20240410;100907;162.64;100;10083994449;B
20240410;100907;162.56;50;10083994468;S
20240410;100907;162.62;10;10083994582;B
20240410;100907;162.64;100;10083994583;B
20240410;100907;162.66;30;10083994584;B
20240410;100908;162.64;10;10083994735;B
20240410;100909;162.56;20;10083995025;S
20240410;100910;162.6;20;10083995073;B
20240410;100910;162.56;440;10083995096;S
20240410;100910;162.54;50;10083995097;S
20240410;100910;162.52;50;10083995098;S
20240410;100910;162.52;260;10083995099;S
20240410;100911;162.6;10;10083995313;B
20240410;100911;162.6;20;10083995361;B
20240410;100913;162.52;290;10083995646;S
20240410;100915;162.52;210;10083995872;S
20240410;100915;162.52;130;10083995873;S
20240410;100915;162.5;20;10083995874;S
20240410;100915;162.5;2000;10083995875;S
20240410;100915;162.5;140;10083995876;S
20240410;100915;162.5;1000;10083995877;S
20240410;100915;162.5;1400;10083995878;S
20240410;100915;162.5;370;10083995879;S
20240410;100915;162.48;1000;10083995880;S
20240410;100915;162.48;2500;10083995881;S
20240410;100915;162.48;150;10083995882;S
20240410;100915;162.48;10;10083995883;S
20240410;100915;162.46;800;10083995884;S
20240410;100915;162.46;100;10083995885;S
20240410;100915;162.46;10;10083995886;S
20240410;100915;162.44;90;10083995887;S
20240410;100915;162.44;10;10083995888;S
20240410;100915;162.44;100;10083995889;S
20240410;100915;162.44;50;10083995890;S
20240410;100915;162.44;100;10083995891;S
20240410;100915;162.44;10;10083995892;S
20240410;100915;162.44;500;10083995893;S
20240410;100915;162.42;10;10083995894;S
20240410;100915;162.42;350;10083995895;S
20240410;100915;162.42;10;10083995896;S
20240410;100915;162.42;10;10083995897;S
20240410;100915;162.42;3900;10083995898;S
20240410;100915;162.4;20;10083995899;S
20240410;100915;162.52;120;10083995904;S
20240410;100916;162.46;380;10083996112;B
20240410;100917;162.46;10;10083996178;B
20240410;100917;162.42;10;10083996234;S
20240410;100917;162.42;30;10083996251;S
20240410;100920;162.44;20;10083996902;B
20240410;100921;162.42;100;10083997006;S
20240410;100921;162.44;10;10083997021;B
20240410;100921;162.42;100;10083997032;S
20240410;100923;162.42;10;10083997483;S
20240410;100923;162.44;30;10083997531;B
20240410;100923;162.46;20;10083997532;B
20240410;100923;162.46;10;10083997798;B
20240410;100923;162.46;5000;10083997900;B
20240410;100924;162.44;10;10083998096;S
20240410;100925;162.48;100;10083998693;B
20240410;100925;162.44;30;10083998728;S
20240410;100925;162.44;370;10083998729;S
20240410;100925;162.44;100;10083998730;B
20240410;100926;162.48;150;10083998935;B
20240410;100927;162.46;370;10083999164;S
20240410;100927;162.44;20;10083999165;S
20240410;100927;162.44;10;10083999166;S
20240410;100927;162.44;610;10083999167;S
20240410;100928;162.44;100;10083999206;S
20240410;100928;162.5;10;10083999368;B
20240410;100928;162.44;100;10083999394;S
20240410;100929;162.44;1220;10083999562;S
20240410;100929;162.44;900;10083999563;S
20240410;100929;162.44;880;10083999564;S
20240410;100930;162.5;70;10083999729;B
20240410;100930;162.48;10;10083999780;S
20240410;100930;162.46;40;10083999800;S
20240410;100930;162.46;210;10083999801;S
20240410;100931;162.44;10;10083999930;S
20240410;100931;162.44;1530;10083999931;S
20240410;100931;162.44;250;10083999932;S
20240410;100931;162.42;290;10083999933;S
20240410;100931;162.42;10;10083999934;S
20240410;100931;162.42;2000;10083999935;S
20240410;100931;162.42;2000;10083999936;S
20240410;100931;162.42;50;10083999937;S
20240410;100931;162.42;3860;10083999938;S
20240410;100932;162.48;30;10084000022;S
20240410;100932;162.46;50;10084000023;S
20240410;100932;162.42;910;10084000024;S
20240410;100932;162.42;10;10084000047;S
20240410;100932;162.5;70;10084000106;B
20240410;100932;162.5;60;10084000107;B
20240410;100932;162.5;1170;10084000108;B
20240410;100932;162.44;30;10084000174;S
20240410;100932;162.44;1530;10084000175;S
20240410;100932;162.42;440;10084000176;S
20240410;100933;162.44;10;10084000279;S
20240410;100933;162.42;20;10084000280;S
20240410;100933;162.5;10;10084000394;B
20240410;100934;162.5;10;10084000480;B
20240410;100934;162.42;120;10084000513;S
20240410;100935;162.46;200;10084000607;B
20240410;100935;162.46;30;10084000626;B
20240410;100936;162.44;50;10084000852;S
20240410;100937;162.46;20;10084000919;B
20240410;100937;162.46;10;10084000997;B
20240410;100938;162.46;180;10084001071;B
20240410;100938;162.44;150;10084001075;S
20240410;100939;162.44;10;10084001256;S
20240410;100939;162.44;10;10084001257;S
20240410;100939;162.44;30;10084001258;S
20240410;100939;162.46;10;10084001277;B
20240410;100939;162.46;20;10084001365;B
20240410;100939;162.46;30;10084001394;B
20240410;100940;162.46;10;10084001453;B
20240410;100940;162.44;20;10084001470;S
20240410;100940;162.44;410;10084001496;S
20240410;100940;162.44;100;10084001513;S
20240410;100941;162.44;30;10084001617;S
20240410;100941;162.46;90;10084001665;B
20240410;100941;162.44;300;10084001670;S
20240410;100941;162.44;30;10084001895;S
20240410;100942;162.44;30;10084002002;S
20240410;100942;162.46;70;10084002003;B
20240410;100942;162.46;330;10084002008;B
20240410;100942;162.46;10;10084002009;B
20240410;100942;162.48;300;10084002010;B
20240410;100942;162.48;860;10084002011;B
20240410;100942;162.44;20;10084002047;S
20240410;100942;162.48;30;10084002084;B
20240410;100943;162.44;600;10084002150;S
20240410;100943;162.48;20;10084002219;B
20240410;100943;162.48;330;10084002220;B
20240410;100943;162.5;130;10084002221;B
20240410;100943;162.5;500;10084002222;B
20240410;100943;162.5;2000;10084002223;B
20240410;100943;162.5;60;10084002258;S
20240410;100943;162.5;1960;10084002274;S
20240410;100943;162.5;370;10084002275;S
20240410;100943;162.46;500;10084002276;S
20240410;100943;162.46;2570;10084002277;B
20240410;100943;162.48;160;10084002287;B
20240410;100943;162.52;200;10084002288;B
20240410;100943;162.52;80;10084002289;B
20240410;100943;162.52;60;10084002290;B
20240410;100944;162.52;30;10084002459;B
20240410;100945;162.46;200;10084002588;S
20240410;100946;162.52;180;10084002852;B
20240410;100946;162.54;160;10084002854;B
20240410;100947;162.54;10;10084002942;B
20240410;100947;162.52;200;10084002988;S
20240410;100948;162.52;150;10084003094;S
20240410;100948;162.5;550;10084003095;S
20240410;100948;162.5;20;10084003146;S
20240410;100949;162.5;340;10084003156;S
20240410;100950;162.54;20;10084003286;B
20240410;100950;162.54;10;10084003386;B
20240410;100951;162.52;360;10084003488;S
20240410;100951;162.5;840;10084003489;S
20240410;100951;162.54;60;10084003506;B
20240410;100951;162.54;10;10084003549;B
20240410;100951;162.5;50;10084003562;S
20240410;100953;162.48;30;10084004035;S
20240410;100954;162.48;20;10084004107;S
20240410;100954;162.48;360;10084004108;S
20240410;100954;162.46;1000;10084004109;S
20240410;100954;162.46;150;10084004110;S
20240410;100954;162.46;30;10084004111;S
20240410;100954;162.44;930;10084004112;S
20240410;100954;162.44;200;10084004113;S
20240410;100954;162.44;10;10084004114;S
20240410;100954;162.44;10;10084004115;S
20240410;100954;162.44;50;10084004116;S
20240410;100954;162.44;10;10084004117;S
20240410;100954;162.44;50;10084004118;S
20240410;100954;162.44;50;10084004119;S
20240410;100954;162.44;50;10084004120;S
20240410;100954;162.42;2080;10084004121;S
20240410;100954;162.48;100;10084004252;B
20240410;100954;162.46;150;10084004270;S
20240410;100955;162.42;150;10084004345;S
20240410;100955;162.44;1530;10084004362;B
20240410;100956;162.44;300;10084004488;S
20240410;100957;162.48;100;10084004641;B
20240410;100958;162.48;50;10084004759;B
20240410;100958;162.48;10;10084004760;B
20240410;100958;162.48;590;10084004761;B
20240410;100958;162.52;120;10084004762;B
20240410;100958;162.52;100;10084004763;B
20240410;100958;162.54;1000;10084004764;B
20240410;100958;162.54;3220;10084004765;B
20240410;100958;162.54;50;10084004768;B
20240410;100958;162.56;100;10084004769;B
20240410;100958;162.56;30;10084004770;B
20240410;100958;162.58;330;10084004771;B
20240410;100958;162.58;50;10084004772;B
20240410;100958;162.6;20;10084004773;B
20240410;100959;162.54;410;10084004936;B
20240410;101000;162.52;10;10084005090;B
20240410;101000;162.54;10;10084005091;B
20240410;101001;162.54;10;10084005257;B
20240410;101001;162.5;70;10084005462;B
20240410;101002;162.5;10;10084005809;S
20240410;101003;162.5;10;10084005933;S
20240410;101003;162.54;10;10084006066;B
20240410;101004;162.54;50;10084006158;B
20240410;101004;162.54;10;10084006195;B
20240410;101004;162.5;40;10084006213;S
20240410;101005;162.54;620;10084006370;B
20240410;101006;162.5;90;10084006519;S
20240410;101006;162.5;10;10084006520;B
20240410;101007;162.5;30;10084006711;S
20240410;101011;162.5;30;10084007197;S
20240410;101012;162.5;10;10084007400;S
20240410;101013;162.54;420;10084007549;B
20240410;101013;162.54;10;10084007550;B
20240410;101013;162.56;60;10084007551;B
20240410;101013;162.56;10;10084007552;B
20240410;101014;162.52;360;10084007675;S
20240410;101014;162.5;290;10084007676;S
20240410;101014;162.5;400;10084007677;S
20240410;101014;162.48;150;10084007678;S
20240410;101014;162.48;340;10084007679;S
20240410;101014;162.46;10;10084007680;S
20240410;101014;162.46;50;10084007681;S
20240410;101014;162.46;200;10084007682;S
20240410;101014;162.46;900;10084007683;S
20240410;101015;162.46;1530;10084007755;S
20240410;101015;162.46;160;10084007756;S
20240410;101015;162.46;310;10084007757;S
20240410;101015;162.5;1300;10084007791;B
20240410;101015;162.5;10;10084007890;B
20240410;101015;162.46;40;10084007920;S
20240410;101016;162.46;10;10084007961;S
20240410;101016;162.5;20;10084007966;B
20240410;101016;162.48;10;10084007972;S
20240410;101017;162.48;130;10084008077;S
20240410;101017;162.5;120;10084008176;B
20240410;101017;162.54;10;10084008177;B
20240410;101017;162.54;400;10084008178;B
20240410;101019;162.54;90;10084008547;B
20240410;101019;162.54;10;10084008548;B
20240410;101019;162.54;60;10084008556;B
20240410;101020;162.54;10;10084008690;B
20240410;101020;162.54;80;10084008699;B
20240410;101020;162.54;20;10084008700;B
20240410;101020;162.54;10;10084008701;B
20240410;101021;162.54;10;10084008851;B
20240410;101021;162.52;10;10084008861;S
20240410;101021;162.52;10;10084008862;S
20240410;101021;162.5;200;10084008863;S
20240410;101021;162.5;350;10084008864;S
20240410;101021;162.5;100;10084008865;S
20240410;101021;162.5;330;10084008866;B
20240410;101021;162.54;160;10084008963;B
20240410;101021;162.54;4840;10084008964;B
20240410;101023;162.52;160;10084009122;S
20240410;101023;162.5;140;10084009123;S
20240410;101023;162.56;100;10084009159;B
20240410;101024;162.54;40;10084009276;S
20240410;101024;162.54;10;10084009277;S
20240410;101025;162.6;200;10084009399;B
20240410;101025;162.6;50;10084009400;B
20240410;101025;162.58;40;10084009416;S
20240410;101025;162.6;150;10084009446;B
20240410;101025;162.6;100;10084009447;B
20240410;101025;162.6;150;10084009448;B
20240410;101025;162.62;50;10084009467;B
20240410;101025;162.64;160;10084009468;B
20240410;101025;162.7;10;10084009475;B
20240410;101025;162.66;30;10084009485;S
20240410;101025;162.66;100;10084009532;S
20240410;101026;162.7;80;10084009610;B
20240410;101026;162.66;30;10084009614;S
20240410;101026;162.7;110;10084009615;B
20240410;101026;162.7;50;10084009616;B
20240410;101026;162.72;190;10084009629;S
20240410;101026;162.72;30;10084009641;S
20240410;101026;162.76;10;10084009644;B
20240410;101026;162.76;150;10084009665;B
20240410;101027;162.72;1000;10084009702;S
20240410;101027;162.72;370;10084009703;S
20240410;101027;162.7;3630;10084009704;S
20240410;101027;162.7;1210;10084009712;S
20240410;101027;162.66;1530;10084009713;S
20240410;101027;162.66;170;10084009714;S
20240410;101027;162.64;390;10084009715;S
20240410;101027;162.72;10;10084009813;B
20240410;101028;162.62;100;10084009956;S
20240410;101028;162.6;200;10084009957;S
20240410;101030;162.66;100;10084010238;B
20240410;101030;162.6;60;10084010247;S
20240410;101030;162.66;1500;10084010271;B
20240410;101031;162.6;110;10084010294;S
20240410;101031;162.6;290;10084010295;S
20240410;101032;162.68;170;10084010469;B
20240410;101032;162.7;330;10084010470;B
20240410;101033;162.62;190;10084010629;S
20240410;101033;162.62;210;10084010630;S
20240410;101033;162.6;10;10084010638;S
20240410;101034;162.6;30;10084010877;S
20240410;101034;162.6;310;10084010915;S
20240410;101034;162.6;30;10084010916;S
20240410;101034;162.6;30;10084010917;S
20240410;101035;162.6;430;10084011037;B
20240410;101035;162.64;20;10084011038;B
20240410;101035;162.66;170;10084011039;B
20240410;101035;162.66;10;10084011040;B
20240410;101035;162.66;4370;10084011041;B
20240410;101035;162.64;10;10084011114;B
20240410;101036;162.64;50;10084011155;B
20240410;101036;162.64;10;10084011164;B
20240410;101036;162.64;10;10084011176;B
20240410;101036;162.64;200;10084011185;B
20240410;101037;162.66;50;10084011357;B
20240410;101039;162.66;10;10084011557;B
20240410;101039;162.66;20;10084011709;B
20240410;101039;162.66;10;10084011710;B
20240410;101039;162.66;70;10084011711;B
20240410;101039;162.68;890;10084011712;B
20240410;101040;162.68;450;10084011788;B
20240410;101040;162.7;20;10084011808;B
20240410;101040;162.7;50;10084011844;B
20240410;101040;162.7;10;10084011845;B
20240410;101040;162.72;10;10084011846;B
20240410;101041;162.76;30;10084011912;B
20240410;101041;162.76;300;10084011918;B
20240410;101041;162.74;50;10084011944;S
20240410;101041;162.76;2000;10084011979;B
20240410;101041;162.74;10;10084011982;S
20240410;101041;162.76;40;10084012004;B
20240410;101042;162.74;440;10084012053;S
20240410;101042;162.76;1480;10084012094;B
20240410;101042;162.76;20;10084012095;B
20240410;101042;162.8;1000;10084012156;B
20240410;101042;162.82;270;10084012157;B
20240410;101042;162.84;300;10084012158;B
20240410;101042;162.84;430;10084012159;B
20240410;101044;162.8;40;10084012348;S
20240410;101044;162.8;10;10084012349;S
20240410;101044;162.78;150;10084012350;S
20240410;101044;162.78;200;10084012351;S
20240410;101044;162.84;20;10084012361;B
20240410;101044;162.86;20;10084012362;B
20240410;101044;162.86;10;10084012373;B
20240410;101045;162.8;90;10084012624;S
20240410;101045;162.82;10;10084012637;B
20240410;101046;162.8;70;10084012690;S
20240410;101046;162.82;140;10084012813;B
20240410;101046;162.84;100;10084012814;B
20240410;101046;162.86;120;10084012815;B
20240410;101046;162.86;440;10084012816;B
20240410;101046;162.86;1220;10084012817;B
20240410;101046;162.86;1530;10084012818;B
20240410;101046;162.88;1450;10084012819;B
20240410;101046;162.86;130;10084012821;B
20240410;101046;162.8;40;10084012841;S
20240410;101049;162.86;30;10084013242;B
20240410;101049;162.82;10;10084013263;S
20240410;101049;162.8;30;10084013264;S
20240410;101049;162.88;10;10084013322;B
20240410;101050;162.86;1220;10084013390;B
20240410;101050;162.88;630;10084013391;B
20240410;101050;162.88;150;10084013618;B
20240410;101050;162.88;290;10084013639;B
20240410;101050;162.88;70;10084013651;B
20240410;101050;162.88;30;10084013652;B
20240410;101050;162.88;130;10084013653;B
20240410;101050;162.88;10;10084013654;B
20240410;101051;162.88;30;10084013796;B
20240410;101051;162.88;50;10084013905;B
20240410;101051;162.9;950;10084013906;B
20240410;101051;162.84;60;10084013910;S
20240410;101052;162.88;10;10084014034;B
20240410;101052;162.88;10;10084014035;B
20240410;101052;162.9;230;10084014036;B
20240410;101053;162.88;10;10084014360;S
20240410;101054;162.88;10;10084014410;S
20240410;101055;162.9;30;10084014629;B
20240410;101055;162.88;10;10084014731;S
20240410;101055;162.88;40;10084014746;S
20240410;101056;162.88;100;10084014783;S
20240410;101056;162.9;10;10084014939;B
20240410;101057;162.88;150;10084015041;S
20240410;101057;162.88;10;10084015042;S
20240410;101057;162.88;50;10084015063;S
20240410;101057;162.88;30;10084015146;S
20240410;101058;162.9;380;10084015234;B
20240410;101058;162.9;180;10084015235;B
20240410;101058;162.9;1940;10084015236;B
20240410;101058;162.9;10;10084015331;B
20240410;101059;162.9;1550;10084015361;B
20240410;101059;162.9;1800;10084015362;B
20240410;101059;162.9;330;10084015363;B
20240410;101059;162.9;20;10084015364;B
20240410;101059;162.9;30;10084015365;B
20240410;101059;162.9;10;10084015366;B
20240410;101059;162.9;10;10084015367;B
20240410;101059;162.9;10;10084015368;B
20240410;101059;162.9;100;10084015400;S
20240410;101059;162.92;10;10084015457;B
20240410;101059;162.92;10;10084015458;B
20240410;101059;162.94;10;10084015459;B
20240410;101059;162.94;50;10084015460;B
20240410;101059;162.9;10;10084015468;S
20240410;101059;162.9;20;10084015682;S
20240410;101100;162.92;100;10084015793;B
20240410;101100;162.92;10;10084015794;B
20240410;101100;162.94;50;10084015819;B
20240410;101100;162.94;50;10084015820;B
20240410;101100;162.94;200;10084015856;B
20240410;101101;162.92;300;10084015899;S
20240410;101101;162.94;4750;10084016012;B
20240410;101101;162.94;30;10084016013;B
20240410;101101;162.94;10;10084016014;B
20240410;101101;162.96;10;10084016015;B
20240410;101101;162.96;10;10084016016;B
20240410;101101;162.96;10;10084016017;B
20240410;101101;162.96;30;10084016018;B
20240410;101101;162.96;400;10084016019;B
20240410;101101;162.98;10;10084016020;B
20240410;101101;162.98;870;10084016021;B
20240410;101101;162.98;4130;10084016038;B
20240410;101101;163;2810;10084016039;B
20240410;101101;163;100;10084016040;B
20240410;101101;163;400;10084016041;B
20240410;101101;163;100;10084016042;B
20240410;101101;163;600;10084016043;B
20240410;101101;163;50;10084016044;B
20240410;101101;163;50;10084016045;B
20240410;101101;163;20;10084016046;B
20240410;101101;163;300;10084016047;B
20240410;101101;163;1000;10084016048;B
20240410;101101;163;100;10084016049;B
20240410;101101;163;50;10084016050;B
20240410;101101;163;100;10084016051;B
20240410;101101;163;200;10084016052;B
20240410;101101;163;20;10084016053;B
20240410;101101;163;100;10084016054;B
20240410;101101;163;10;10084016055;B
20240410;101101;163;2000;10084016056;B
20240410;101101;163;50;10084016057;B
20240410;101101;163;80;10084016058;B
20240410;101101;163;10;10084016059;B
20240410;101101;163;70;10084016060;B
20240410;101101;163;10;10084016061;B
20240410;101101;163;10;10084016062;B
20240410;101101;163;10;10084016063;B
20240410;101101;163;10;10084016064;B
20240410;101101;163;50;10084016065;B
20240410;101101;163;1000;10084016066;B
20240410;101101;163;10;10084016067;B
20240410;101101;163;10;10084016068;B
20240410;101101;163;10;10084016069;B
20240410;101101;163;300;10084016070;B
20240410;101101;163;30;10084016071;B
20240410;101101;163;30;10084016072;B
20240410;101101;163;410;10084016073;B
20240410;101101;163;50;10084016074;B
20240410;101101;163.02;10;10084016075;B
20240410;101101;163.02;10;10084016076;B
20240410;101101;163.02;30;10084016077;B
20240410;101101;163.02;30;10084016078;B
20240410;101101;163.02;1000;10084016079;B
20240410;101101;163.02;2000;10084016080;B
20240410;101101;163.04;10;10084016081;B
20240410;101101;163.04;50;10084016082;B
20240410;101101;163.04;30;10084016083;B
20240410;101101;163.04;30;10084016084;B
20240410;101101;163.06;1000;10084016085;B
20240410;101101;163.06;500;10084016086;B
20240410;101101;163.06;180;10084016087;B
20240410;101101;163.08;10;10084016088;B
20240410;101101;163.08;500;10084016089;B
20240410;101101;163.08;8320;10084016090;B
20240410;101102;163;20;10084016140;S
20240410;101102;163.02;20;10084016144;B
20240410;101102;163.08;20;10084016186;B
20240410;101102;163.1;60;10084016187;B
20240410;101102;163.1;50;10084016188;B
20240410;101102;163.1;30;10084016189;B
20240410;101102;163.1;30;10084016190;B
20240410;101102;163.1;500;10084016191;B
20240410;101102;163.1;310;10084016192;B
20240410;101102;163.1;580;10084016196;B
20240410;101102;163.1;100;10084016276;B
20240410;101103;163.1;650;10084016327;B
20240410;101103;163.02;10;10084016411;S
20240410;101103;163.1;500;10084016431;B
20240410;101104;163.1;100;10084016493;B
20240410;101104;163.1;70;10084016494;B
20240410;101104;163.12;830;10084016495;B
20240410;101104;163.06;150;10084016521;S
20240410;101104;163.04;890;10084016522;S
20240410;101104;163.04;360;10084016523;S
20240410;101104;163.02;820;10084016524;S
20240410;101104;163;1000;10084016525;S
20240410;101104;163;1780;10084016526;S
20240410;101104;163.1;500;10084016686;B
20240410;101104;163.1;10;10084016709;B
20240410;101105;163.06;10;10084016829;B
20240410;101105;163.1;40;10084016830;B
20240410;101105;163.1;3110;10084016842;B
20240410;101105;163.1;150;10084016843;B
20240410;101105;163.1;10;10084016844;B
20240410;101105;163.1;1520;10084016845;B
20240410;101105;163.1;200;10084016868;S
20240410;101106;163.1;10;10084016953;S
20240410;101106;163.1;10;10084016966;B
20240410;101106;163.1;980;10084017062;B
20240410;101106;163.12;5520;10084017063;B
20240410;101106;163.12;20;10084017064;B
20240410;101106;163.12;1000;10084017065;B
20240410;101106;163.12;600;10084017066;B
20240410;101106;163.12;30;10084017067;B
20240410;101106;163.14;50;10084017068;B
20240410;101106;163.14;400;10084017069;B
20240410;101106;163.16;1220;10084017070;B
20240410;101106;163.16;180;10084017071;B
20240410;101107;163.04;500;10084017165;S
20240410;101107;163.16;1530;10084017198;B
20240410;101107;163.16;500;10084017199;B
20240410;101107;163.16;970;10084017200;B
20240410;101108;163.18;50;10084017298;B
20240410;101108;163.18;50;10084017299;B
20240410;101108;163.2;10;10084017300;B
20240410;101108;163.2;500;10084017301;B
20240410;101108;163.2;10;10084017302;B
20240410;101108;163.2;20;10084017303;B
20240410;101108;163.2;500;10084017304;B
20240410;101108;163.22;10;10084017328;B
20240410;101108;163.2;10;10084017402;S
20240410;101108;163.22;60;10084017474;B
20240410;101109;163.22;210;10084017483;B
20240410;101109;163.22;1070;10084017506;B
20240410;101109;163.26;500;10084017507;B
20240410;101109;163.28;10;10084017508;B
20240410;101109;163.28;150;10084017509;B
20240410;101109;163.28;30;10084017510;B
20240410;101109;163.3;30;10084017511;B
20240410;101109;163.3;30;10084017512;B
20240410;101109;163.3;30;10084017513;B
20240410;101109;163.3;50;10084017514;B
20240410;101109;163.3;100;10084017515;B
20240410;101109;163.3;1220;10084017516;B
20240410;101109;163.3;1530;10084017517;B
20240410;101109;163.3;1250;10084017518;B
20240410;101109;163.26;300;10084017551;B
20240410;101109;163.26;60;10084017559;B
20240410;101109;163.2;10;10084017571;S
20240410;101110;163.2;2170;10084017705;S
20240410;101110;163.2;40;10084017817;S
20240410;101111;163.2;100;10084017843;S
20240410;101111;163.2;1050;10084017845;S
20240410;101111;163.2;150;10084017883;S
20240410;101111;163.2;280;10084017889;S
20240410;101111;163.2;60;10084017890;S
20240410;101112;163.22;10;10084018065;B
20240410;101114;163.22;20;10084018326;B
20240410;101115;163.22;10;10084018477;B
20240410;101115;163.22;40;10084018484;B
20240410;101116;163.24;1300;10084018599;B
20240410;101116;163.24;30;10084018600;B
20240410;101116;163.26;1170;10084018601;B
20240410;101116;163.26;1220;10084018602;B
20240410;101116;163.26;200;10084018603;B
20240410;101116;163.26;10;10084018604;B
20240410;101116;163.28;5000;10084018605;B
20240410;101116;163.28;150;10084018606;B
20240410;101116;163.3;920;10084018607;B
20240410;101116;163.26;10;10084018631;S
20240410;101116;163.3;80;10084018636;B
20240410;101116;163.3;400;10084018637;B
20240410;101116;163.3;100;10084018638;B
20240410;101116;163.32;100;10084018639;B
20240410;101116;163.32;70;10084018640;B
20240410;101116;163.32;100;10084018697;B
20240410;101116;163.34;10;10084018718;B
20240410;101117;163.34;20;10084018846;B
20240410;101117;163.34;30;10084018847;B
20240410;101117;163.34;270;10084018848;B
20240410;101117;163.34;100;10084018880;B
20240410;101117;163.32;10;10084018912;B
20240410;101118;163.26;10;10084019019;S
20240410;101118;163.26;500;10084019101;S
20240410;101118;163.26;350;10084019102;S
20240410;101118;163.26;150;10084019103;S
20240410;101118;163.26;100;10084019108;S
20240410;101118;163.26;1000;10084019169;S
20240410;101118;163.26;1000;10084019204;S
20240410;101119;163.28;10;10084019229;B
20240410;101119;163.28;20;10084019232;B
20240410;101119;163.3;70;10084019233;B
20240410;101119;163.26;90;10084019356;S
20240410;101119;163.28;30;10084019420;B
20240410;101119;163.3;70;10084019421;B
20240410;101120;163.28;10;10084019472;B
20240410;101120;163.28;10;10084019473;B
20240410;101120;163.28;10;10084019561;B
20240410;101120;163.3;110;10084019562;B
20240410;101120;163.3;30;10084019563;B
20240410;101120;163.3;150;10084019564;B
20240410;101120;163.26;310;10084019568;S
20240410;101120;163.24;150;10084019569;S
20240410;101120;163.24;750;10084019570;S
20240410;101121;163.26;200;10084019588;S
20240410;101121;163.24;20;10084019589;S
20240410;101121;163.24;150;10084019611;S
20240410;101121;163.24;100;10084019658;S
20240410;101121;163.22;490;10084019686;S
20240410;101122;163.26;10;10084019875;B
20240410;101122;163.22;100;10084019878;S
20240410;101122;163.26;140;10084019935;B
20240410;101122;163.26;60;10084019936;B
20240410;101123;163.26;680;10084020065;B
20240410;101123;163.28;120;10084020066;B
20240410;101123;163.28;290;10084020137;B
20240410;101124;163.26;30;10084020252;B
20240410;101124;163.26;100;10084020253;B
20240410;101124;163.28;70;10084020254;B
20240410;101124;163.22;150;10084020281;S
20240410;101124;163.26;10;10084020327;B
20240410;101124;163.26;100;10084020364;B
20240410;101125;163.26;700;10084020377;B
20240410;101125;163.26;370;10084020380;B
20240410;101125;163.26;30;10084020381;B
20240410;101125;163.28;740;10084020382;B
20240410;101125;163.28;1530;10084020383;B
20240410;101125;163.28;2500;10084020384;B
20240410;101125;163.28;30;10084020385;B
20240410;101125;163.28;10;10084020386;B
20240410;101125;163.3;2600;10084020387;B
20240410;101125;163.3;1500;10084020388;B
20240410;101125;163.32;690;10084020389;B
20240410;101125;163.24;240;10084020455;B
20240410;101125;163.22;220;10084020456;S
20240410;101125;163.22;10;10084020457;S
20240410;101125;163.22;340;10084020458;S
20240410;101125;163.2;150;10084020459;S
20240410;101125;163.2;1000;10084020460;S
20240410;101125;163.2;480;10084020461;S
20240410;101125;163.2;200;10084020462;S
20240410;101125;163.24;10;10084020496;B
20240410;101125;163.24;50;10084020497;B
20240410;101125;163.24;40;10084020498;B
20240410;101125;163.24;10;10084020520;B
20240410;101125;163.24;60;10084020565;B
20240410;101126;163.2;510;10084020582;S
20240410;101126;163.16;150;10084020713;S
20240410;101126;163.16;30;10084020714;B
20240410;101126;163.22;150;10084020790;B
20240410;101127;163.22;40;10084020828;B
20240410;101127;163.22;10;10084020842;B
20240410;101127;163.16;70;10084020861;S
20240410;101127;163.22;10;10084020877;B
20240410;101128;163.16;80;10084021128;S
20240410;101128;163.14;20;10084021129;S
20240410;101129;163.18;10;10084021259;S
20240410;101129;163.16;30;10084021343;B
20240410;101129;163.18;150;10084021344;B
20240410;101129;163.2;950;10084021345;B
20240410;101130;163.12;60;10084021379;S
20240410;101130;163.12;600;10084021380;S
20240410;101130;163.1;20;10084021381;S
20240410;101130;163.1;140;10084021382;S
20240410;101131;163.16;70;10084021711;B
20240410;101131;163.18;150;10084021712;B
20240410;101132;163.18;30;10084021861;B
20240410;101132;163.18;20;10084021862;B
20240410;101134;163.14;10;10084022148;B
20240410;101134;163.12;10;10084022164;S
20240410;101134;163.14;10;10084022192;B
20240410;101134;163.12;10;10084022213;S
20240410;101134;163.14;10;10084022244;B
20240410;101134;163.12;150;10084022255;S
20240410;101135;163.14;10;10084022308;B
20240410;101136;163.14;60;10084022417;B
20240410;101136;163.14;30;10084022418;B
20240410;101136;163.14;10;10084022419;B
20240410;101137;163.14;20;10084022632;B
20240410;101137;163.14;30;10084022633;B
20240410;101137;163.14;30;10084022634;B
20240410;101137;163.16;10;10084022635;B
20240410;101137;163.16;10;10084022636;B
20240410;101137;163.12;10;10084022637;S
20240410;101137;163.16;1210;10084022670;B
20240410;101137;163.16;620;10084022671;B
20240410;101137;163.16;950;10084022672;B
20240410;101137;163.16;1000;10084022673;B
20240410;101137;163.18;10;10084022675;B
20240410;101137;163.18;10;10084022749;B
20240410;101137;163.18;30;10084022750;B
20240410;101137;163.18;10;10084022751;B
20240410;101138;163.16;10;10084022801;S
20240410;101138;163.18;10;10084022820;B
20240410;101138;163.18;10;10084022844;B
20240410;101139;163.18;40;10084022922;B
20240410;101139;163.18;10;10084022949;B
20240410;101139;163.18;3840;10084023030;B
20240410;101139;163.18;80;10084023031;B
20240410;101139;163.18;1220;10084023032;B
20240410;101139;163.2;100;10084023033;B
20240410;101139;163.2;300;10084023034;B
20240410;101139;163.2;340;10084023035;B
20240410;101139;163.2;40;10084023036;B
20240410;101139;163.22;30;10084023037;B
20240410;101139;163.22;300;10084023038;B
20240410;101139;163.22;490;10084023039;B
20240410;101140;163.22;20;10084023074;B
20240410;101141;163.2;70;10084023290;S
20240410;101141;163.22;140;10084023299;B
20240410;101141;163.22;160;10084023300;B
20240410;101141;163.22;760;10084023348;B
20240410;101142;163.22;110;10084023481;B
20240410;101144;163.2;20;10084024021;S
20240410;101144;163.2;210;10084024066;S
20240410;101144;163.2;90;10084024067;S
20240410;101144;163.2;10;10084024082;S
20240410;101144;163.2;340;10084024083;S
20240410;101145;163.18;20;10084024100;S
20240410;101145;163.2;50;10084024222;B
20240410;101145;163.2;10;10084024223;B
20240410;101145;163.22;20;10084024224;B
20240410;101145;163.24;40;10084024225;B
20240410;101146;163.18;50;10084024317;S
20240410;101146;163.2;150;10084024476;B
20240410;101147;163.22;10;10084024665;B
20240410;101148;163.18;80;10084024751;S
20240410;101148;163.18;30;10084024752;S
20240410;101149;163.18;100;10084024847;S
20240410;101149;163.18;870;10084024883;S
20240410;101149;163.18;300;10084024884;S
20240410;101149;163.18;150;10084024885;S
20240410;101149;163.18;330;10084024886;S
20240410;101149;163.18;40;10084025077;B
20240410;101149;163.16;100;10084025079;S
20240410;101150;163.18;640;10084025114;B
20240410;101150;163.18;2670;10084025124;B
20240410;101150;163.18;100;10084025125;S
20240410;101150;163.18;210;10084025137;S
20240410;101150;163.18;420;10084025162;S
20240410;101151;163.18;10;10084025251;S
20240410;101152;163.2;10;10084025316;B
20240410;101152;163.2;90;10084025317;B
20240410;101152;163.2;210;10084025403;B
20240410;101152;163.2;30;10084025404;B
20240410;101152;163.22;40;10084025405;B
20240410;101152;163.22;10;10084025406;B
20240410;101152;163.22;110;10084025407;B
20240410;101153;163.18;500;10084025501;S
20240410;101154;163.2;20;10084025753;B
20240410;101154;163.2;50;10084025754;B
20240410;101155;163.2;100;10084025783;B
20240410;101155;163.18;100;10084025792;S
20240410;101155;163.2;100;10084025829;B
20240410;101155;163.22;120;10084025830;B
20240410;101155;163.18;430;10084025856;S
20240410;101156;163.18;560;10084025937;S
20240410;101156;163.18;100;10084025938;S
20240410;101156;163.18;40;10084025939;S
20240410;101157;163.18;60;10084026049;S
20240410;101157;163.18;10;10084026050;S
20240410;101157;163.18;130;10084026051;S
20240410;101157;163.2;10;10084026162;S
20240410;101158;163.22;10;10084026248;B
20240410;101158;163.22;20;10084026263;B
20240410;101158;163.22;10;10084026264;B
20240410;101159;163.2;10;10084026349;S
20240410;101159;163.22;10;10084026437;B
20240410;101159;163.22;10;10084026482;B
20240410;101200;163.22;100;10084026572;B
20240410;101200;163.22;10;10084026593;B
20240410;101200;163.2;10;10084026600;S
20240410;101201;163.2;1130;10084026636;S
20240410;101201;163.2;10;10084026697;S
20240410;101202;163.22;10;10084026795;B
20240410;101203;163.22;10;10084026882;B
20240410;101203;163.22;10;10084026906;B
20240410;101203;163.22;10;10084026912;B
20240410;101203;163.2;290;10084026936;S
20240410;101203;163.22;100;10084026974;B
20240410;101203;163.2;10;10084026994;S
20240410;101204;163.2;10;10084027000;S
20240410;101204;163.2;10;10084027117;S
20240410;101205;163.2;100;10084027223;S
20240410;101206;163.22;20;10084027324;B
20240410;101206;163.22;10;10084027346;B
20240410;101206;163.2;50;10084027347;S
20240410;101206;163.22;10;10084027348;B
20240410;101206;163.2;250;10084027487;S
20240410;101206;163.22;20;10084027506;B
20240410;101207;163.2;10;10084027513;S
20240410;101207;163.22;30;10084027518;B
20240410;101207;163.2;150;10084027551;S
20240410;101207;163.2;50;10084027555;S
20240410;101207;163.22;50;10084027575;B
20240410;101208;163.2;380;10084027724;S
20240410;101208;163.2;120;10084027725;S
20240410;101208;163.2;100;10084027739;S
20240410;101208;163.2;50;10084027776;S
20240410;101208;163.2;10;10084027789;S
20240410;101209;163.22;50;10084027802;B
20240410;101209;163.22;200;10084027803;B
20240410;101209;163.22;500;10084027867;B
20240410;101209;163.2;10;10084027887;S
20240410;101209;163.22;1760;10084027905;B
20240410;101211;163.2;500;10084028061;S
20240410;101211;163.22;430;10084028062;B
20240410;101211;163.22;470;10084028063;B
20240410;101211;163.2;10;10084028100;S
20240410;101211;163.22;10;10084028131;B
20240410;101211;163.2;20;10084028151;S
20240410;101211;163.2;180;10084028152;S
20240410;101211;163.2;10;10084028183;B
20240410;101211;163.2;100;10084028189;B
20240410;101212;163.18;370;10084028196;S
20240410;101212;163.18;510;10084028197;S
20240410;101212;163.2;80;10084028231;B
20240410;101212;163.2;20;10084028232;B
20240410;101213;163.2;10;10084028311;B
20240410;101214;163.2;10;10084028451;B
20240410;101214;163.2;30;10084028472;B
20240410;101214;163.18;190;10084028484;S
20240410;101214;163.18;400;10084028485;S
20240410;101214;163.18;400;10084028486;S
20240410;101214;163.18;30;10084028487;S
20240410;101214;163.18;190;10084028503;S
20240410;101214;163.18;10;10084028504;S
20240410;101214;163.18;40;10084028542;S
20240410;101215;163.18;150;10084028619;S
20240410;101215;163.18;100;10084028620;S
20240410;101215;163.18;800;10084028621;S
20240410;101215;163.2;20;10084028635;B
20240410;101215;163.18;200;10084028647;S
20240410;101215;163.16;2300;10084028648;S
20240410;101216;163.18;200;10084028727;B
20240410;101216;163.16;1000;10084028865;S
20240410;101217;163.18;10;10084028902;B
20240410;101217;163.18;30;10084028922;B
20240410;101217;163.16;130;10084028973;S
20240410;101217;163.16;30;10084029015;S
20240410;101217;163.16;150;10084029020;S
20240410;101218;163.16;1600;10084029119;S
20240410;101218;163.16;900;10084029129;S
20240410;101218;163.16;100;10084029130;S
20240410;101219;163.16;50;10084029236;S
20240410;101219;163.16;90;10084029239;S
20240410;101219;163.16;30;10084029276;S
20240410;101219;163.18;1000;10084029285;B
20240410;101220;163.18;70;10084029346;B
20240410;101222;163.16;10;10084029787;S
20240410;101223;163.16;10;10084029878;S
20240410;101223;163.16;10;10084029929;S
20240410;101224;163.16;10;10084030082;S
20240410;101224;163.18;20;10084030118;B
20240410;101224;163.16;10;10084030142;S
20240410;101225;163.16;30;10084030208;S
20240410;101225;163.12;10;10084030233;S
20240410;101225;163.12;200;10084030282;S
20240410;101225;163.12;10;10084030312;S
20240410;101226;163.16;90;10084030387;B
20240410;101226;163.12;10;10084030396;S
20240410;101226;163.12;700;10084030427;S
20240410;101226;163.14;120;10084030436;B
20240410;101226;163.16;680;10084030437;B
20240410;101226;163.16;1220;10084030438;B
20240410;101226;163.16;460;10084030439;B
20240410;101226;163.18;850;10084030440;B
20240410;101227;163.14;10;10084030477;B
20240410;101227;163.14;150;10084030537;B
20240410;101227;163.14;150;10084030538;B
20240410;101227;163.12;10;10084030567;S
20240410;101228;163.12;10;10084030662;S
20240410;101228;163.12;50;10084030715;S
20240410;101228;163.12;10;10084030778;S
20240410;101229;163.14;10;10084030881;B
20240410;101229;163.14;40;10084031095;B
20240410;101229;163.16;60;10084031096;B
20240410;101230;163.12;10;10084031111;S
20240410;101230;163.12;1200;10084031116;S
20240410;101230;163.12;10;10084031254;S
20240410;101231;163.12;590;10084031370;S
20240410;101231;163.12;200;10084031371;S
20240410;101231;163.12;60;10084031372;S
20240410;101231;163.1;150;10084031373;S
20240410;101231;163.12;10;10084031378;B
20240410;101231;163.12;1000;10084031389;B
20240410;101231;163.1;10;10084031405;S
20240410;101232;163.1;10;10084031484;S
20240410;101232;163.12;10;10084031495;B
20240410;101232;163.12;100;10084031544;B
20240410;101232;163.1;100;10084031694;S
20240410;101232;163.1;10;10084031695;S
20240410;101233;163.1;720;10084031800;S
20240410;101233;163.1;10;10084031801;S
20240410;101233;163.1;150;10084031802;S
20240410;101233;163.1;750;10084031803;S
20240410;101233;163.1;340;10084031804;S
20240410;101233;163.08;1030;10084031805;S
20240410;101233;163.08;10;10084031841;S
20240410;101234;163.08;10;10084031932;S
20240410;101234;163.08;10;10084032005;S
20240410;101235;163.06;10;10084032095;S
20240410;101235;163.06;190;10084032116;S
20240410;101235;163.06;40;10084032117;S
20240410;101236;163.06;10;10084032212;S
20240410;101236;163.04;10;10084032295;S
20240410;101237;163.1;100;10084032319;B
20240410;101237;163.04;10;10084032349;S
20240410;101237;163.06;40;10084032439;B
20240410;101238;163.06;10;10084032499;S
20240410;101238;163.06;330;10084032503;S
20240410;101238;163.04;120;10084032504;S
20240410;101238;163.04;640;10084032545;S
20240410;101238;163.04;10;10084032575;S
20240410;101239;163.1;900;10084032652;B
20240410;101239;163.1;170;10084032653;B
20240410;101239;163.1;10;10084032654;B
20240410;101239;163.1;10;10084032664;S
20240410;101239;163.1;10;10084032755;S
20240410;101239;163.1;10;10084032760;S
20240410;101240;163.1;500;10084032764;S
20240410;101240;163.12;60;10084032822;B
20240410;101240;163.1;10;10084032895;S
20240410;101241;163.1;10;10084033007;S
20240410;101242;163.1;10;10084033107;S
20240410;101242;163.1;10;10084033117;S
20240410;101242;163.12;100;10084033128;B
20240410;101242;163.12;10;10084033135;B
20240410;101242;163.1;10;10084033206;S
20240410;101243;163.1;50;10084033253;S
20240410;101243;163.1;1000;10084033258;S
20240410;101243;163.12;10;10084033294;B
20240410;101243;163.12;40;10084033296;B
20240410;101243;163.1;10;10084033326;S
20240410;101244;163.1;10;10084033483;S
20240410;101244;163.1;6270;10084033505;S
20240410;101244;163.1;500;10084033506;S
20240410;101244;163.08;1220;10084033510;B
20240410;101244;163.1;1010;10084033511;B
20240410;101244;163.1;240;10084033512;B
20240410;101244;163.12;120;10084033513;B
20240410;101244;163.12;80;10084033514;B
20240410;101244;163.12;80;10084033515;B
20240410;101244;163.12;150;10084033516;B
20240410;101245;163.04;10;10084033650;S
20240410;101245;163.04;10;10084033774;S
20240410;101246;163.04;10;10084033872;S
20240410;101247;163.04;10;10084033973;S
20240410;101247;163.06;10;10084033998;B
20240410;101247;163.04;10;10084034127;S
20240410;101248;163.08;500;10084034188;B
20240410;101248;163.04;10;10084034238;S
20240410;101249;163.04;10;10084034345;S
20240410;101249;163.08;10;10084034396;B
20240410;101249;163.04;10;10084034520;S
20240410;101251;163.04;10;10084034774;S
20240410;101251;163.04;10;10084034910;S
20240410;101252;163.04;460;10084035032;S
20240410;101252;163.04;10;10084035083;S
20240410;101253;163.04;10;10084035385;S
20240410;101253;163.04;10;10084035531;S
20240410;101253;163.04;150;10084035532;S
20240410;101254;163.04;10;10084035707;S
20240410;101255;163.04;1500;10084035764;S
20240410;101255;163.04;700;10084035792;S
20240410;101255;163.06;10;10084035924;B
20240410;101255;163.04;10;10084035931;S
20240410;101256;163.06;10;10084035949;B
20240410;101256;163.04;10;10084035953;S
20240410;101256;163.04;10;10084036012;S
20240410;101256;163.04;210;10084036039;S
20240410;101256;163.06;10;10084036060;B
20240410;101256;163.04;700;10084036068;S
20240410;101257;163.06;70;10084036107;B
20240410;101257;163.06;10;10084036114;B
20240410;101257;163.06;250;10084036125;B
20240410;101257;163.04;200;10084036141;S
20240410;101257;163.04;10;10084036146;S
20240410;101257;163.06;220;10084036192;B
20240410;101257;163.06;320;10084036193;B
20240410;101257;163.06;1000;10084036194;B
20240410;101257;163.08;20;10084036195;B
20240410;101257;163.08;960;10084036196;B
20240410;101257;163.1;150;10084036197;B
20240410;101257;163.1;560;10084036198;B
20240410;101257;163.1;200;10084036199;B
20240410;101257;163.1;640;10084036200;B
20240410;101257;163.1;240;10084036201;B
20240410;101257;163.1;370;10084036202;B
20240410;101257;163.1;140;10084036203;B
20240410;101257;163.1;780;10084036204;B
20240410;101257;163.1;10;10084036205;B
20240410;101257;163.1;200;10084036206;B
20240410;101257;163.1;100;10084036207;B
20240410;101257;163.12;300;10084036208;B
20240410;101257;163.12;1530;10084036209;B
20240410;101257;163.12;90;10084036210;B
20240410;101257;163.12;390;10084036211;B
20240410;101257;163.12;800;10084036212;B
20240410;101257;163.12;100;10084036213;B
20240410;101257;163.12;10;10084036214;B
20240410;101257;163.12;1000;10084036215;B
20240410;101257;163.14;110;10084036216;B
20240410;101257;163.14;100;10084036217;B
20240410;101257;163.14;750;10084036218;B
20240410;101257;163.14;150;10084036219;B
20240410;101257;163.14;410;10084036220;B
20240410;101257;163.14;800;10084036221;B
20240410;101257;163.16;100;10084036222;B
20240410;101257;163.16;300;10084036223;B
20240410;101257;163.16;450;10084036224;B
20240410;101258;163.12;10;10084036320;S
20240410;101258;163.16;10;10084036410;B
20240410;101259;163.1;10;10084036428;S
20240410;101259;163.1;10;10084036496;S
20240410;101259;163.12;10;10084036524;S
20240410;101300;163.12;10;10084036619;S
20240410;101301;163.16;10;10084036718;B
20240410;101301;163.12;10;10084036752;S
20240410;101301;163.14;50;10084036779;B
20240410;101302;163.14;10;10084036861;B
20240410;101302;163.12;10;10084036886;S
20240410;101302;163.12;20;10084036938;S
20240410;101302;163.14;10;10084036969;B
20240410;101302;163.12;10;10084037007;S
20240410;101303;163.12;60;10084037089;S
20240410;101303;163.12;10;10084037090;S
20240410;101303;163.1;330;10084037091;S
20240410;101303;163.1;400;10084037102;S
20240410;101303;163.1;10;10084037114;S
20240410;101304;163.1;10;10084037273;S
20240410;101304;163.1;10;10084037362;S
20240410;101305;163.14;60;10084037451;B
20240410;101305;163.14;10;10084037464;B
20240410;101305;163.1;10;10084037497;S
20240410;101305;163.1;10;10084037602;S
20240410;101306;163.12;100;10084037643;B
20240410;101306;163.14;1390;10084037644;B
20240410;101306;163.14;550;10084037645;B
20240410;101306;163.16;490;10084037646;B
20240410;101306;163.16;310;10084037647;B
20240410;101306;163.16;1260;10084037648;B
20240410;101306;163.14;10;10084037681;B
20240410;101307;163.1;10;10084037881;S
20240410;101307;163.1;300;10084037890;S
20240410;101307;163.12;30;10084037899;B
20240410;101308;163.12;20;10084038116;B
20240410;101309;163.1;10;10084038195;S
20240410;101309;163.12;50;10084038275;B
20240410;101311;163.12;10;10084038379;B
20240410;101311;163.12;20;10084038389;B
20240410;101311;163.12;270;10084038451;B
20240410;101311;163.12;660;10084038452;B
20240410;101312;163.14;20;10084038465;B
20240410;101312;163.12;50;10084038467;S
20240410;101312;163.12;20;10084038470;S
20240410;101312;163.12;10;10084038505;S
20240410;101312;163.14;70;10084038528;B
20240410;101312;163.12;100;10084038659;S
20240410;101313;163.14;430;10084038742;B
20240410;101313;163.14;370;10084038743;B
20240410;101314;163.12;50;10084038878;S
20240410;101315;163.12;120;10084039089;S
20240410;101316;163.14;10;10084039190;B
20240410;101316;163.12;40;10084039201;S
20240410;101317;163.12;1000;10084039294;S
20240410;101317;163.12;10;10084039327;S
20240410;101317;163.14;10;10084039342;B
20240410;101317;163.12;300;10084039356;S
20240410;101318;163.12;60;10084039395;S
20240410;101318;163.14;10;10084039443;B
20240410;101319;163.12;640;10084039568;S
20240410;101319;163.12;500;10084039585;S
20240410;101319;163.12;10;10084039587;S
20240410;101319;163.14;10;10084039666;B
20240410;101320;163.12;100;10084039795;S
20240410;101321;163.14;10;10084039902;B
20240410;101321;163.12;1060;10084039958;S
20240410;101321;163.12;10;10084039959;S
20240410;101321;163.1;2730;10084039960;S
20240410;101322;163.12;10;10084040113;S
20240410;101322;163.1;40;10084040114;S
20240410;101323;163.12;250;10084040263;B
20240410;101324;163.14;100;10084040385;B
20240410;101324;163.12;240;10084040420;S
20240410;101324;163.1;760;10084040421;S
20240410;101326;163.1;350;10084040676;S
20240410;101326;163.1;150;10084040677;S
20240410;101326;163.1;50;10084040678;S
20240410;101326;163.1;9200;10084040679;S
20240410;101326;163.1;100;10084040680;S
20240410;101326;163.1;1700;10084040681;S
20240410;101326;163.08;20;10084040682;S
20240410;101326;163.08;50;10084040683;S
20240410;101326;163.08;340;10084040684;S
20240410;101326;163.06;20;10084040685;S
20240410;101326;163.06;11600;10084040686;S
20240410;101326;163.04;110;10084040687;S
20240410;101326;163.04;330;10084040688;S
20240410;101326;163.04;10;10084040689;S
20240410;101326;163.04;20;10084040690;S
20240410;101326;163.04;1000;10084040691;S
20240410;101326;163.04;5620;10084040692;S
20240410;101327;163.04;100;10084040850;S
20240410;101327;163.1;10;10084040951;B
20240410;101331;163.02;10;10084041497;S
20240410;101331;163.02;10;10084041549;S
20240410;101331;163.02;390;10084041550;S
20240410;101331;163.02;10;10084041551;S
20240410;101332;163.02;10;10084041595;S
20240410;101332;163.02;10;10084041624;S
20240410;101333;163.02;1240;10084041674;S
20240410;101333;163;100;10084041675;S
20240410;101333;163;500;10084041676;S
20240410;101333;163;200;10084041677;S
20240410;101333;163;40;10084041678;S
20240410;101333;163;720;10084041679;S
20240410;101333;163;1330;10084041682;S
20240410;101333;163;10;10084041683;S
20240410;101333;163;500;10084041684;S
20240410;101333;163;10;10084041685;S
20240410;101333;163;1000;10084041686;S
20240410;101333;163;10;10084041687;S
20240410;101333;163;10;10084041688;S
20240410;101333;163;100;10084041689;S
20240410;101333;163;10;10084041690;S
20240410;101333;163;500;10084041691;S
20240410;101333;163;20;10084041692;S
20240410;101333;163;1000;10084041693;S
20240410;101333;163;100;10084041694;S
20240410;101333;163;70;10084041695;S
20240410;101333;163;100;10084041696;S
20240410;101333;163;40;10084041697;S
20240410;101333;163;4170;10084041698;S
20240410;101333;163;10;10084041713;S
20240410;101333;163;550;10084041724;S
20240410;101333;163.02;20;10084041775;B
20240410;101333;163.04;80;10084041776;B
20240410;101333;163;10;10084041791;S
20240410;101334;163;1200;10084041831;S
20240410;101334;163;10;10084041860;S
20240410;101334;163.04;10;10084041935;B
20240410;101335;163;10;10084041956;S
20240410;101335;163;500;10084041998;S
20240410;101335;163;600;10084042006;S
20240410;101335;163.02;110;10084042044;B
20240410;101335;163;10;10084042045;S
20240410;101335;163.02;640;10084042069;B
20240410;101335;163;10;10084042092;S
20240410;101336;163.02;10;10084042106;B
20240410;101336;163;2000;10084042168;S
20240410;101337;163;300;10084042301;S
20240410;101337;163.02;200;10084042384;B
20240410;101339;163;670;10084042622;S
20240410;101339;163.02;100;10084042688;B
20240410;101340;163;3740;10084042739;S
20240410;101340;163.02;10;10084042773;B
20240410;101340;163.02;10;10084042795;B
20240410;101341;163;70;10084042865;S
20240410;101341;163;180;10084042866;S
20240410;101341;163;200;10084042867;S
20240410;101341;163;1000;10084042882;S
20240410;101341;163;10;10084042917;S
20240410;101342;163.02;40;10084042981;B
20240410;101342;163;10;10084042996;S
20240410;101342;163;3090;10084043046;S
20240410;101342;163;50;10084043047;S
20240410;101343;163;200;10084043071;B
20240410;101343;163;100;10084043123;B
20240410;101343;162.98;20;10084043154;S
20240410;101343;162.98;80;10084043155;S
20240410;101343;162.98;10;10084043170;S
20240410;101343;162.98;10;10084043192;S
20240410;101343;162.98;50;10084043193;S
20240410;101343;162.98;100;10084043194;S
20240410;101343;162.96;10;10084043195;S
20240410;101343;162.94;20;10084043196;S
20240410;101343;162.94;10;10084043197;S
20240410;101344;162.94;10;10084043272;S
20240410;101344;162.94;10;10084043365;S
20240410;101344;162.94;10;10084043399;S
20240410;101345;162.94;10;10084043468;S
20240410;101345;162.96;20;10084043521;B
20240410;101345;162.96;10;10084043524;B
20240410;101345;162.94;10;10084043533;S
20240410;101346;162.94;10;10084043618;S
20240410;101346;162.94;10;10084043673;S
20240410;101347;162.96;30;10084043798;B
20240410;101347;162.96;10;10084043840;B
20240410;101348;162.96;90;10084043846;B
20240410;101348;162.96;90;10084043883;B
20240410;101349;162.96;10;10084043977;B
20240410;101349;162.96;10;10084044011;B
20240410;101349;162.94;200;10084044040;S
20240410;101350;162.9;10;10084044190;S
20240410;101351;162.96;100;10084044203;B
20240410;101351;162.96;100;10084044204;B
20240410;101351;162.9;10;10084044238;S
20240410;101351;162.9;10;10084044300;S
20240410;101352;162.9;1000;10084044398;S
20240410;101352;162.9;10;10084044399;S
20240410;101352;162.9;10;10084044400;S
20240410;101352;162.9;980;10084044401;S
20240410;101352;162.9;10;10084044402;S
20240410;101353;162.9;10;10084044501;S
20240410;101353;162.88;150;10084044564;S
20240410;101353;162.88;10;10084044565;S
20240410;101353;162.84;10;10084044581;S
20240410;101354;162.84;10;10084044627;S
20240410;101354;162.84;280;10084044659;S
20240410;101354;162.84;2720;10084044660;S
20240410;101355;162.84;2280;10084044945;S
20240410;101355;162.82;150;10084044946;S
20240410;101355;162.82;350;10084044947;S
20240410;101355;162.8;290;10084044948;S
20240410;101355;162.8;150;10084044949;S
20240410;101355;162.8;580;10084044950;S
20240410;101355;162.8;20;10084044951;S
20240410;101355;162.74;3660;10084044952;S
20240410;101355;162.72;100;10084044953;S
20240410;101355;162.72;500;10084044954;S
20240410;101355;162.72;1920;10084044955;S
20240410;101355;162.74;150;10084044961;S
20240410;101355;162.72;150;10084044962;S
20240410;101356;162.72;10;10084045089;S
20240410;101356;162.72;10;10084045114;S
20240410;101357;162.8;10;10084045217;B
20240410;101357;162.72;10;10084045227;S
20240410;101358;162.74;780;10084045374;S
20240410;101400;162.74;1220;10084045673;S
20240410;101400;162.72;780;10084045674;S
20240410;101400;162.74;1220;10084045729;S
20240410;101400;162.72;220;10084045730;S
20240410;101400;162.72;1000;10084045731;S
20240410;101400;162.7;100;10084045732;S
20240410;101400;162.7;500;10084045733;S
20240410;101400;162.7;350;10084045734;S
20240410;101400;162.68;30;10084045735;S
20240410;101400;162.68;1460;10084045736;S
20240410;101401;162.7;1220;10084045893;S
20240410;101401;162.68;1530;10084045894;S
20240410;101401;162.68;2500;10084045895;S
20240410;101401;162.68;350;10084045896;S
20240410;101401;162.66;4400;10084045897;S
20240410;101401;162.7;150;10084045923;B
20240410;101401;162.72;100;10084045924;B
20240410;101401;162.74;400;10084045925;B
20240410;101403;162.68;1220;10084046109;S
20240410;101403;162.66;600;10084046110;S
20240410;101403;162.66;350;10084046111;S
20240410;101403;162.66;1530;10084046112;S
20240410;101403;162.66;1000;10084046113;S
20240410;101403;162.64;1000;10084046114;S
20240410;101403;162.64;150;10084046115;S
20240410;101403;162.64;740;10084046116;S
20240410;101403;162.62;20;10084046117;S
20240410;101403;162.62;10;10084046118;S
20240410;101403;162.62;500;10084046119;S
20240410;101403;162.62;280;10084046120;S
20240410;101403;162.6;600;10084046121;S
20240410;101403;162.62;150;10084046243;S
20240410;101403;162.62;1220;10084046244;S
20240410;101403;162.62;530;10084046245;S
20240410;101403;162.6;3400;10084046246;S
20240410;101403;162.6;10;10084046247;S
20240410;101403;162.6;200;10084046248;S
20240410;101403;162.6;30;10084046249;S
20240410;101403;162.6;1400;10084046250;S
20240410;101403;162.6;350;10084046251;S
20240410;101403;162.56;10;10084046252;S
20240410;101403;162.56;2000;10084046253;S
20240410;101403;162.54;30;10084046254;S
20240410;101403;162.54;30;10084046255;S
20240410;101403;162.54;400;10084046256;S
20240410;101403;162.54;10;10084046257;S
20240410;101403;162.54;30;10084046258;S
20240410;101403;162.52;500;10084046259;S
20240410;101403;162.5;10;10084046260;S
20240410;101403;162.5;500;10084046261;S
20240410;101403;162.5;180;10084046262;S
20240410;101403;162.5;80;10084046263;S
20240410;101403;162.5;20;10084046264;S
20240410;101403;162.5;100;10084046265;S
20240410;101403;162.5;100;10084046266;S
20240410;101403;162.5;2500;10084046267;S
20240410;101403;162.5;10;10084046268;S
20240410;101403;162.5;30;10084046269;S
20240410;101403;162.5;50;10084046270;S
20240410;101403;162.5;10;10084046271;S
20240410;101403;162.5;10;10084046272;S
20240410;101403;162.5;10;10084046273;S
20240410;101403;162.5;20;10084046274;S
20240410;101403;162.5;10;10084046275;S
20240410;101403;162.5;100;10084046276;S
20240410;101403;162.5;7960;10084046277;S
20240410;101404;162.56;150;10084046314;B
20240410;101404;162.58;50;10084046315;B
20240410;101404;162.56;10;10084046332;B
20240410;101404;162.5;80;10084046336;S
20240410;101404;162.56;140;10084046337;B
20240410;101404;162.62;210;10084046338;B
20240410;101404;162.6;150;10084046353;B
20240410;101404;162.62;50;10084046354;B
20240410;101404;162.6;10;10084046374;B
20240410;101405;162.52;40;10084046616;S
20240410;101406;162.56;40;10084046809;B
20240410;101406;162.56;30;10084046810;B
20240410;101407;162.56;10;10084046936;B
20240410;101408;162.56;40;10084047017;B
20240410;101408;162.58;300;10084047018;B
20240410;101408;162.6;140;10084047019;B
20240410;101408;162.6;350;10084047020;B
20240410;101408;162.6;170;10084047021;B
20240410;101408;162.6;10;10084047031;B
20240410;101408;162.6;20;10084047057;B
20240410;101409;162.56;10;10084047171;S
20240410;101409;162.58;10;10084047221;S
20240410;101409;162.56;10;10084047291;S
20240410;101410;162.56;10;10084047506;S
20240410;101410;162.6;10;10084047508;B
20240410;101410;162.6;80;10084047532;B
20240410;101410;162.6;20;10084047533;B
20240410;101411;162.62;10;10084047650;S
20240410;101411;162.62;10;10084047796;S
20240410;101412;162.62;130;10084047860;S
20240410;101412;162.62;50;10084047861;S
20240410;101412;162.62;70;10084047862;S
20240410;101412;162.64;10;10084047887;B
20240410;101412;162.66;10;10084047930;B
20240410;101412;162.66;90;10084047931;B
20240410;101412;162.62;10;10084047952;S
20240410;101412;162.62;20;10084047969;S
20240410;101412;162.62;510;10084047970;S
20240410;101412;162.6;1220;10084047971;S
20240410;101412;162.6;1530;10084047972;S
20240410;101412;162.6;340;10084047973;S
20240410;101412;162.58;2000;10084047974;S
20240410;101412;162.56;100;10084047975;S
20240410;101412;162.56;20;10084047976;S
20240410;101412;162.56;460;10084047977;S
20240410;101412;162.66;10;10084047986;B
20240410;101412;162.62;10;10084048042;S
20240410;101412;162.62;10;10084048058;S
20240410;101413;162.66;430;10084048261;B
20240410;101413;162.66;70;10084048262;B
20240410;101413;162.62;130;10084048317;S
20240410;101413;162.62;10;10084048318;S
20240410;101413;162.62;10;10084048325;S
20240410;101414;162.62;100;10084048383;S
20240410;101415;162.62;1100;10084048500;S
20240410;101415;162.62;150;10084048501;S
20240410;101415;162.6;140;10084048502;S
20240410;101415;162.62;1500;10084048503;B
20240410;101415;162.6;100;10084048515;S
20240410;101415;162.6;100;10084048517;S
20240410;101415;162.6;60;10084048520;S
20240410;101415;162.6;40;10084048521;S
20240410;101415;162.6;100;10084048523;S
20240410;101415;162.6;100;10084048525;S
20240410;101415;162.6;100;10084048531;S
20240410;101415;162.6;100;10084048541;S
20240410;101415;162.6;140;10084048564;S
20240410;101415;162.62;40;10084048569;B
20240410;101415;162.6;100;10084048570;S
20240410;101417;162.62;80;10084048907;B
20240410;101417;162.6;130;10084048910;S
20240410;101417;162.62;80;10084048925;B
20240410;101418;162.6;20;10084048972;S
20240410;101419;162.62;430;10084049078;B
20240410;101419;162.62;60;10084049179;B
20240410;101421;162.62;420;10084049326;B
20240410;101421;162.62;10;10084049410;B
20240410;101421;162.62;50;10084049501;B
20240410;101422;162.6;10;10084049523;S
20240410;101422;162.6;160;10084049632;S
20240410;101422;162.6;1000;10084049633;S
20240410;101422;162.58;340;10084049634;S
20240410;101422;162.58;10;10084049635;S
20240410;101422;162.58;260;10084049636;S
20240410;101422;162.56;30;10084049637;S
20240410;101422;162.56;1220;10084049638;S
20240410;101422;162.56;1530;10084049639;S
20240410;101422;162.56;2250;10084049640;S
20240410;101423;162.56;100;10084049728;S
20240410;101424;162.56;260;10084049822;S
20240410;101424;162.56;740;10084049823;S
20240410;101424;162.58;200;10084049854;B
20240410;101424;162.56;400;10084049859;S
20240410;101424;162.56;300;10084049893;S
20240410;101425;162.56;1220;10084049986;S
20240410;101425;162.54;960;10084049987;S
20240410;101425;162.54;150;10084049988;S
20240410;101425;162.54;330;10084049989;S
20240410;101425;162.52;60;10084049990;S
20240410;101425;162.52;100;10084049991;S
20240410;101425;162.52;350;10084049992;S
20240410;101425;162.52;250;10084049993;S
20240410;101425;162.52;50;10084049994;S
20240410;101425;162.5;530;10084049995;S
20240410;101425;162.52;410;10084050057;S
20240410;101425;162.58;10;10084050078;B
20240410;101425;162.52;10;10084050098;S
20240410;101425;162.58;50;10084050099;B
20240410;101425;162.52;270;10084050173;S
20240410;101426;162.52;440;10084050281;S
20240410;101426;162.52;40;10084050368;S
20240410;101426;162.58;20;10084050474;B
20240410;101427;162.58;90;10084050628;B
20240410;101429;162.58;30;10084050962;B
20240410;101429;162.58;60;10084051034;B
20240410;101429;162.58;40;10084051035;B
20240410;101430;162.52;10;10084051087;S
20240410;101430;162.52;10;10084051133;S
20240410;101432;162.58;10;10084051312;B
20240410;101432;162.52;210;10084051313;S
20240410;101432;162.52;1000;10084051314;S
20240410;101432;162.52;110;10084051315;S
20240410;101432;162.5;30;10084051316;S
20240410;101432;162.5;350;10084051317;S
20240410;101433;162.5;650;10084051506;S
20240410;101433;162.5;60;10084051507;S
20240410;101433;162.5;150;10084051508;S
20240410;101433;162.5;100;10084051509;S
20240410;101433;162.5;110;10084051510;S
20240410;101433;162.5;100;10084051511;S
20240410;101433;162.5;30;10084051512;S
20240410;101433;162.48;30;10084051513;S
20240410;101433;162.48;10;10084051514;S
20240410;101433;162.48;1000;10084051515;S
20240410;101433;162.48;120;10084051516;S
20240410;101433;162.48;40;10084051517;S
20240410;101435;162.52;20;10084051774;B
20240410;101435;162.52;80;10084051805;S
20240410;101435;162.48;60;10084051806;S
20240410;101435;162.48;80;10084051807;S
20240410;101435;162.46;10;10084051827;S
20240410;101435;162.46;30;10084051828;S
20240410;101435;162.46;30;10084051829;S
20240410;101435;162.46;130;10084051830;S
20240410;101436;162.52;40;10084051954;S
20240410;101436;162.54;110;10084052022;B
20240410;101437;162.54;10;10084052058;B
20240410;101438;162.52;100;10084052180;S
20240410;101438;162.5;10;10084052201;S
20240410;101438;162.48;50;10084052202;S
20240410;101438;162.48;330;10084052203;S
20240410;101438;162.48;100;10084052204;S
20240410;101438;162.46;10;10084052205;S
20240410;101438;162.46;30;10084052236;S
20240410;101439;162.54;30;10084052315;B
20240410;101439;162.52;40;10084052337;B
20240410;101440;162.52;110;10084052416;B
20240410;101440;162.52;30;10084052417;B
20240410;101440;162.54;1530;10084052418;B
20240410;101440;162.56;100;10084052419;B
20240410;101440;162.56;300;10084052420;B
20240410;101440;162.56;10000;10084052421;B
20240410;101440;162.58;300;10084052422;B
20240410;101440;162.58;50;10084052423;B
20240410;101440;162.58;200;10084052424;B
20240410;101440;162.58;2200;10084052425;B
20240410;101440;162.6;100;10084052426;B
20240410;101440;162.6;50;10084052427;B
20240410;101440;162.6;110;10084052428;B
20240410;101440;162.6;30;10084052429;B
20240410;101440;162.6;4500;10084052430;B
20240410;101440;162.62;2880;10084052431;B
20240410;101440;162.62;20;10084052432;B
20240410;101440;162.62;90;10084052433;B
20240410;101440;162.62;9700;10084052434;B
20240410;101440;162.68;10;10084052488;B
20240410;101441;162.68;20;10084052602;B
20240410;101441;162.68;270;10084052609;B
20240410;101441;162.72;180;10084052610;B
20240410;101442;162.66;320;10084052750;S
20240410;101442;162.66;20;10084052751;B
20240410;101442;162.7;10;10084052753;B
20240410;101442;162.64;50;10084052807;S
20240410;101444;162.7;10;10084052962;B
20240410;101447;162.7;10;10084053275;B
20240410;101447;162.66;200;10084053374;S
20240410;101447;162.66;80;10084053375;S
20240410;101450;162.68;50;10084053797;B
20240410;101451;162.68;30;10084053811;B
20240410;101451;162.68;100;10084053886;B
20240410;101452;162.66;320;10084053972;S
20240410;101452;162.64;340;10084053973;S
20240410;101452;162.62;160;10084053999;S
20240410;101452;162.62;30;10084054000;S
20240410;101454;162.66;160;10084054287;B
20240410;101454;162.68;60;10084054288;B
20240410;101454;162.68;40;10084054317;B
20240410;101454;162.68;140;10084054318;B
20240410;101455;162.68;250;10084054504;B
20240410;101456;162.66;1220;10084054523;S
20240410;101456;162.66;320;10084054524;S
20240410;101456;162.64;2000;10084054525;S
20240410;101456;162.62;1120;10084054526;S
20240410;101456;162.62;100;10084054527;S
20240410;101456;162.62;1000;10084054528;S
20240410;101456;162.62;30;10084054529;S
20240410;101456;162.62;210;10084054530;S
20240410;101456;162.62;1530;10084054531;S
20240410;101456;162.62;200;10084054532;S
20240410;101456;162.6;160;10084054533;S
20240410;101456;162.6;10000;10084054534;S
20240410;101456;162.6;300;10084054535;S
20240410;101456;162.6;810;10084054536;B
20240410;101456;162.62;100;10084054608;S
20240410;101459;162.62;130;10084055032;S
20240410;101459;162.6;70;10084055033;S
20240410;101501;162.6;10;10084055539;S
20240410;101502;162.62;170;10084055650;B
20240410;101502;162.64;1000;10084055651;B
20240410;101502;162.66;150;10084055652;B
20240410;101502;162.66;100;10084055653;B
20240410;101502;162.68;40;10084055654;B
20240410;101502;162.68;1000;10084055655;B
20240410;101502;162.68;1400;10084055656;B
20240410;101502;162.7;170;10084055657;B
20240410;101502;162.7;200;10084055658;B
20240410;101502;162.7;100;10084055659;B
20240410;101502;162.7;670;10084055660;B
20240410;101502;162.62;10;10084055679;S
20240410;101502;162.68;10;10084055705;B
20240410;101502;162.68;60;10084055820;B
20240410;101503;162.72;120;10084055854;B
20240410;101503;162.72;500;10084055855;B
20240410;101503;162.72;690;10084055856;B
20240410;101503;162.72;310;10084055928;B
20240410;101503;162.74;190;10084055929;B
20240410;101503;162.78;230;10084055930;B
20240410;101503;162.76;100;10084056029;S
20240410;101503;162.78;270;10084056046;B
20240410;101503;162.78;1000;10084056047;B
20240410;101503;162.8;10;10084056048;B
20240410;101503;162.8;200;10084056049;B
20240410;101503;162.82;520;10084056050;B
20240410;101503;162.78;50;10084056059;S
20240410;101503;162.82;50;10084056091;B
20240410;101503;162.84;1000;10084056092;B
20240410;101503;162.84;10;10084056093;B
20240410;101503;162.84;150;10084056094;B
20240410;101503;162.84;100;10084056095;B
20240410;101504;162.86;2000;10084056225;B
20240410;101504;162.9;10;10084056289;B
20240410;101505;162.9;90;10084056405;B
20240410;101505;162.94;30;10084056406;B
20240410;101505;162.94;200;10084056407;B
20240410;101505;162.94;400;10084056408;B
20240410;101505;162.98;30;10084056555;B
20240410;101505;163;1960;10084056556;B
20240410;101505;163;500;10084056570;B
20240410;101505;163;10;10084056583;B
20240410;101505;162.96;10;10084056599;S
20240410;101505;162.94;4370;10084056606;S
20240410;101506;162.96;90;10084056712;B
20240410;101506;162.98;210;10084056713;B
20240410;101506;162.98;2000;10084056758;B
20240410;101507;162.98;10;10084056925;B
20240410;101507;162.94;300;10084057080;S
20240410;101508;162.94;740;10084057167;S
20240410;101508;162.92;330;10084057168;S
20240410;101508;162.92;190;10084057169;S
20240410;101508;162.9;740;10084057170;S
20240410;101509;162.92;10;10084057527;B
20240410;101509;162.84;10;10084057666;S
20240410;101510;162.92;30;10084057758;B
20240410;101510;162.84;200;10084057778;S
20240410;101510;162.78;200;10084057828;S
20240410;101510;162.76;320;10084057829;S
20240410;101510;162.74;190;10084057830;S
20240410;101510;162.74;490;10084057831;S
20240410;101513;162.76;200;10084058487;S
20240410;101513;162.72;200;10084058488;S
20240410;101514;162.82;30;10084058736;B
20240410;101514;162.82;20;10084058737;B
20240410;101514;162.82;180;10084058738;B
20240410;101514;162.84;190;10084058739;B
20240410;101514;162.84;580;10084058740;B
20240410;101516;162.8;10;10084059121;S
20240410;101516;162.76;320;10084059122;S
20240410;101516;162.74;190;10084059123;S
20240410;101516;162.74;700;10084059124;S
20240410;101516;162.72;2480;10084059125;S
20240410;101517;162.76;200;10084059327;S
20240410;101517;162.74;50;10084059328;S
20240410;101518;162.72;500;10084059489;B
20240410;101520;162.72;10;10084059918;B
20240410;101520;162.72;10;10084059928;B
20240410;101521;162.72;10;10084060189;B
20240410;101522;162.7;50;10084060323;S
20240410;101522;162.7;320;10084060324;S
20240410;101522;162.7;1000;10084060325;S
20240410;101522;162.68;330;10084060326;S
20240410;101522;162.72;10;10084060409;B
20240410;101522;162.68;600;10084060425;S
20240410;101525;162.72;500;10084060978;B
20240410;101526;162.68;240;10084061103;S
20240410;101529;162.72;200;10084061685;B
20240410;101531;162.7;10;10084062146;B
20240410;101531;162.7;170;10084062147;B
20240410;101531;162.72;70;10084062148;B
20240410;101531;162.72;150;10084062155;B
20240410;101535;162.7;30;10084062931;S
20240410;101535;162.7;320;10084062932;S
20240410;101535;162.7;350;10084062933;S
20240410;101535;162.68;260;10084062991;S
20240410;101535;162.68;510;10084063066;S
20240410;101535;162.68;220;10084063113;S
20240410;101535;162.68;100;10084063114;S
20240410;101535;162.68;200;10084063115;S
20240410;101535;162.68;10;10084063116;S
20240410;101535;162.68;10;10084063117;S
20240410;101535;162.68;400;10084063118;S
20240410;101535;162.66;10;10084063119;S
20240410;101535;162.66;80;10084063120;S
20240410;101536;162.66;420;10084063336;S
20240410;101536;162.62;50;10084063337;S
20240410;101536;162.62;70;10084063389;S
20240410;101537;162.62;380;10084063510;S
20240410;101537;162.62;170;10084063572;B
20240410;101538;162.6;30;10084063806;S
20240410;101538;162.62;10;10084063827;B
20240410;101539;162.62;10;10084063842;B
20240410;101539;162.6;300;10084063908;S
20240410;101539;162.6;670;10084063953;S
20240410;101539;162.6;1150;10084063954;S
20240410;101539;162.58;30;10084063955;S
20240410;101539;162.58;310;10084063956;S
20240410;101539;162.58;340;10084063957;S
20240410;101541;162.6;70;10084064420;B
20240410;101541;162.58;110;10084064723;S
20240410;101542;162.6;230;10084065117;B
20240410;101544;162.58;10;10084065434;S
20240410;101545;162.6;30;10084065646;B
20240410;101546;162.6;70;10084065773;B
20240410;101546;162.6;100;10084065863;B
20240410;101546;162.6;300;10084065864;B
20240410;101548;162.58;40;10084066104;S
20240410;101548;162.56;690;10084066105;S
20240410;101548;162.58;40;10084066142;B
20240410;101548;162.58;360;10084066146;S
20240410;101548;162.58;50;10084066289;B
20240410;101549;162.58;40;10084066334;B
20240410;101549;162.56;110;10084066352;S
20240410;101549;162.56;100;10084066354;S
20240410;101549;162.58;240;10084066390;B
20240410;101549;162.6;190;10084066391;B
20240410;101549;162.6;210;10084066392;B
20240410;101549;162.6;280;10084066393;B
20240410;101549;162.62;1080;10084066394;B
20240410;101550;162.56;70;10084066449;S
20240410;101550;162.6;190;10084066465;B
20240410;101550;162.6;310;10084066466;B
20240410;101550;162.56;490;10084066515;S
20240410;101551;162.56;540;10084066642;S
20240410;101551;162.56;30;10084066643;S
20240410;101551;162.56;50;10084066644;S
20240410;101551;162.56;560;10084066645;S
20240410;101551;162.56;440;10084066753;S
20240410;101551;162.54;10;10084066754;S
20240410;101551;162.54;10;10084066755;S
20240410;101551;162.54;100;10084066756;S
20240410;101551;162.54;310;10084066757;S
20240410;101551;162.54;130;10084066758;S
20240410;101554;162.58;30;10084067142;B
20240410;101555;162.6;120;10084067315;B
20240410;101555;162.6;10;10084067316;B
20240410;101555;162.58;100;10084067380;B
20240410;101556;162.54;100;10084067494;S
20240410;101557;162.54;100;10084067834;S
20240410;101557;162.54;50;10084067835;S
20240410;101558;162.56;10;10084067951;B
20240410;101558;162.58;10;10084067952;B
20240410;101600;162.54;60;10084068184;S
20240410;101600;162.54;210;10084068295;S
20240410;101600;162.52;30;10084068296;S
20240410;101600;162.52;80;10084068297;S
20240410;101602;162.58;30;10084068483;B
20240410;101602;162.58;10;10084068600;B
20240410;101603;162.54;10;10084068677;S
20240410;101603;162.52;20;10084068678;S
20240410;101603;162.52;30;10084068679;S
20240410;101603;162.52;30;10084068680;S
20240410;101603;162.52;10;10084068681;S
20240410;101605;162.56;110;10084069050;S
20240410;101605;162.56;310;10084069051;S
20240410;101605;162.56;150;10084069052;S
20240410;101605;162.54;80;10084069053;S
20240410;101607;162.54;1200;10084069349;S
20240410;101608;162.58;10;10084069398;B
20240410;101610;162.56;310;10084069683;S
20240410;101610;162.56;50;10084069684;S
20240410;101610;162.56;50;10084069685;S
20240410;101610;162.54;10120;10084069686;S
20240410;101610;162.54;50;10084069729;B
20240410;101611;162.54;90;10084069775;B
20240410;101611;162.52;20;10084070108;S
20240410;101611;162.52;30;10084070109;S
20240410;101612;162.52;30;10084070268;S
20240410;101612;162.52;830;10084070269;S
20240410;101612;162.52;190;10084070270;S
20240410;101612;162.52;10;10084070271;S
20240410;101612;162.52;310;10084070272;S
20240410;101612;162.52;20;10084070273;S
20240410;101612;162.5;770;10084070274;S
20240410;101612;162.5;50;10084070275;S
20240410;101612;162.5;30;10084070276;S
20240410;101612;162.5;30;10084070277;S
20240410;101612;162.5;30;10084070278;S
20240410;101612;162.5;30;10084070279;S
20240410;101612;162.5;100;10084070280;S
20240410;101612;162.5;70;10084070281;S
20240410;101613;162.52;20;10084070305;B
20240410;101613;162.52;290;10084070405;B
20240410;101613;162.52;1210;10084070406;B
20240410;101614;162.52;10;10084070475;B
20240410;101615;162.52;20;10084070678;B
20240410;101615;162.52;530;10084070679;B
20240410;101615;162.52;100;10084070681;B
20240410;101616;162.5;20;10084070738;S
20240410;101616;162.5;170;10084070739;S
20240410;101616;162.52;110;10084070872;B
20240410;101616;162.52;2000;10084070873;B
20240410;101616;162.52;10;10084070874;B
20240410;101618;162.52;130;10084071032;S
20240410;101618;162.52;7000;10084071096;S
20240410;101618;162.52;190;10084071131;S
20240410;101618;162.52;200;10084071170;S
20240410;101619;162.54;10;10084071317;B
20240410;101620;162.52;380;10084071348;S
20240410;101620;162.54;130;10084071373;B
20240410;101620;162.52;120;10084071419;S
20240410;101620;162.52;120;10084071420;S
20240410;101620;162.52;260;10084071421;S
20240410;101622;162.54;120;10084071752;B
20240410;101622;162.52;100;10084071767;S
20240410;101622;162.52;10;10084071768;S
20240410;101622;162.52;320;10084071769;S
20240410;101622;162.5;330;10084071770;S
20240410;101622;162.5;540;10084071771;S
20240410;101624;162.54;40;10084072053;B
20240410;101624;162.52;10;10084072070;S
20240410;101624;162.52;10;10084072137;S
20240410;101624;162.52;360;10084072138;S
20240410;101624;162.5;630;10084072139;S
20240410;101625;162.5;1330;10084072321;S
20240410;101625;162.5;600;10084072322;S
20240410;101625;162.5;50;10084072323;S
20240410;101625;162.5;20;10084072324;S
20240410;101625;162.5;10;10084072325;S
20240410;101625;162.5;990;10084072326;S
20240410;101625;162.5;3010;10084072337;S
20240410;101625;162.5;50;10084072338;S
20240410;101625;162.5;280;10084072339;S
20240410;101626;162.52;10;10084072513;S
20240410;101626;162.5;20;10084072514;S
20240410;101626;162.5;120;10084072515;S
20240410;101627;162.48;10;10084072562;S
20240410;101627;162.48;1410;10084072563;S
20240410;101627;162.48;300;10084072564;S
20240410;101627;162.46;530;10084072565;S
20240410;101627;162.46;50;10084072566;S
20240410;101627;162.46;110;10084072567;S
20240410;101627;162.46;90;10084072568;S
20240410;101627;162.46;70;10084072571;S
20240410;101627;162.46;410;10084072572;S
20240410;101627;162.46;450;10084072573;S
20240410;101627;162.46;2000;10084072574;S
20240410;101627;162.46;500;10084072575;S
20240410;101627;162.44;1210;10084072576;S
20240410;101627;162.48;500;10084072648;B
20240410;101629;162.48;20;10084072865;B
20240410;101629;162.44;2000;10084072930;S
20240410;101630;162.44;100;10084072994;S
20240410;101630;162.44;10;10084073112;S
20240410;101631;162.44;1380;10084073113;S
20240410;101631;162.44;220;10084073114;S
20240410;101631;162.44;10;10084073115;S
20240410;101631;162.44;200;10084073116;S
20240410;101631;162.44;150;10084073117;S
20240410;101631;162.44;40;10084073118;S
20240410;101631;162.44;190;10084073119;S
20240410;101631;162.44;100;10084073120;S
20240410;101631;162.44;30;10084073121;S
20240410;101631;162.44;4100;10084073122;S
20240410;101631;162.44;500;10084073212;S
20240410;101631;162.44;500;10084073215;S
20240410;101631;162.44;4900;10084073231;S
20240410;101631;162.44;10;10084073232;S
20240410;101631;162.44;150;10084073233;S
20240410;101631;162.42;4940;10084073234;S
20240410;101631;162.42;10;10084073250;S
20240410;101631;162.42;200;10084073259;S
20240410;101632;162.42;7310;10084073330;S
20240410;101632;162.42;2500;10084073499;S
20240410;101633;162.42;80;10084073537;S
20240410;101633;162.42;1370;10084073569;S
20240410;101633;162.42;100;10084073570;S
20240410;101633;162.42;100;10084073571;S
20240410;101633;162.42;500;10084073572;S
20240410;101633;162.42;30;10084073573;S
20240410;101633;162.42;10;10084073574;S
20240410;101633;162.42;40;10084073575;S
20240410;101633;162.42;200;10084073576;S
20240410;101633;162.42;100;10084073577;S
20240410;101633;162.4;2550;10084073578;S
20240410;101633;162.4;200;10084073584;S
20240410;101633;162.4;510;10084073654;S
20240410;101633;162.4;50;10084073655;S
20240410;101633;162.4;100;10084073656;S
20240410;101633;162.4;10;10084073657;S
20240410;101633;162.4;10;10084073658;S
20240410;101633;162.4;200;10084073659;S
20240410;101633;162.4;1000;10084073660;S
20240410;101633;162.4;50;10084073661;S
20240410;101633;162.4;50;10084073662;S
20240410;101633;162.4;10;10084073663;S
20240410;101633;162.4;20;10084073664;S
20240410;101633;162.4;1000;10084073665;S
20240410;101633;162.4;10;10084073666;S
20240410;101633;162.4;200;10084073667;S
20240410;101633;162.4;950;10084073668;S
20240410;101634;162.4;50;10084073723;S
20240410;101634;162.4;300;10084073724;S
20240410;101634;162.4;20;10084073725;S
20240410;101634;162.4;200;10084073726;S
20240410;101634;162.4;100;10084073727;S
20240410;101634;162.4;50;10084073728;S
20240410;101634;162.4;500;10084073729;S
20240410;101634;162.38;50;10084073730;S
20240410;101634;162.38;2000;10084073731;S
20240410;101634;162.38;10;10084073732;S
20240410;101634;162.38;10;10084073733;S
20240410;101634;162.38;10;10084073734;S
20240410;101634;162.38;30;10084073735;S
20240410;101634;162.38;30;10084073736;S
20240410;101634;162.38;50;10084073737;S
20240410;101634;162.38;190;10084073738;S
20240410;101634;162.38;310;10084073745;S
20240410;101634;162.38;180;10084073746;S
20240410;101634;162.36;400;10084073747;S
20240410;101634;162.36;220;10084073748;S
20240410;101634;162.36;100;10084073749;S
20240410;101634;162.36;10;10084073750;S
20240410;101634;162.36;150;10084073751;S
20240410;101634;162.36;440;10084073752;S
20240410;101634;162.36;1220;10084073753;S
20240410;101634;162.34;100;10084073754;S
20240410;101634;162.34;200;10084073755;S
20240410;101634;162.34;330;10084073756;S
20240410;101634;162.34;4600;10084073757;S
20240410;101634;162.34;50;10084073758;S
20240410;101634;162.34;10;10084073759;S
20240410;101634;162.34;1000;10084073760;S
20240410;101634;162.34;330;10084073761;S
20240410;101634;162.32;10;10084073762;S
20240410;101634;162.32;40;10084073763;S
20240410;101634;162.32;500;10084073764;S
20240410;101634;162.32;10;10084073765;S
20240410;101634;162.32;30;10084073766;S
20240410;101634;162.32;250;10084073767;S
20240410;101634;162.32;30;10084073768;S
20240410;101634;162.32;400;10084073769;S
20240410;101634;162.32;400;10084073770;S
20240410;101634;162.32;80;10084073771;S
20240410;101634;162.38;500;10084073776;S
20240410;101634;162.32;320;10084073778;S
20240410;101634;162.32;180;10084073779;S
20240410;101634;162.34;500;10084073780;S
20240410;101634;162.32;200;10084073781;S
20240410;101634;162.3;300;10084073782;S
20240410;101634;162.3;500;10084073784;S
20240410;101634;162.3;250;10084073785;S
20240410;101634;162.3;500;10084073786;S
20240410;101634;162.3;450;10084073821;S
20240410;101634;162.3;10;10084073822;S
20240410;101634;162.3;230;10084073823;S
20240410;101634;162.3;170;10084073824;S
20240410;101634;162.3;560;10084073825;S
20240410;101634;162.3;540;10084073842;S
20240410;101634;162.3;70;10084073843;S
20240410;101634;162.3;100;10084073844;S
20240410;101634;162.3;280;10084073845;S
20240410;101634;162.3;30;10084073846;S
20240410;101634;162.3;30;10084073847;S
20240410;101634;162.3;50;10084073848;S
20240410;101634;162.3;1000;10084073849;S
20240410;101634;162.3;30;10084073850;S
20240410;101634;162.3;30;10084073851;S
20240410;101634;162.3;30;10084073852;S
20240410;101634;162.3;30;10084073853;S
20240410;101634;162.3;30;10084073854;S
20240410;101634;162.3;250;10084073855;S
20240410;101634;162.42;30;10084073858;B
20240410;101634;162.3;150;10084073861;S
20240410;101634;162.3;250;10084073862;S
20240410;101634;162.3;390;10084073863;S
20240410;101635;162.3;500;10084073915;S
20240410;101635;162.3;200;10084073916;S
20240410;101635;162.3;1530;10084073917;S
20240410;101635;162.3;1220;10084073918;S
20240410;101635;162.28;2000;10084073919;S
20240410;101635;162.28;2000;10084073920;S
20240410;101635;162.28;20;10084073921;S
20240410;101635;162.28;150;10084073922;S
20240410;101635;162.28;10;10084073923;S
20240410;101635;162.28;30;10084073924;S
20240410;101635;162.28;30;10084073925;S
20240410;101635;162.28;30;10084073926;S
20240410;101635;162.28;1280;10084073927;S
20240410;101635;162.36;10;10084073948;S
20240410;101635;162.36;10;10084073949;S
20240410;101635;162.3;430;10084073950;S
20240410;101635;162.3;180;10084073961;S
20240410;101635;162.28;720;10084073962;S
20240410;101635;162.28;200;10084073963;S
20240410;101636;162.26;30;10084074171;S
20240410;101636;162.26;30;10084074172;S
20240410;101636;162.26;10;10084074173;S
20240410;101636;162.26;110;10084074174;S
20240410;101636;162.26;270;10084074175;S
20240410;101637;162.28;10;10084074210;S
20240410;101637;162.3;100;10084074293;B
20240410;101638;162.28;100;10084074366;S
20240410;101638;162.28;350;10084074367;S
20240410;101638;162.28;550;10084074368;S
20240410;101638;162.28;670;10084074378;S
20240410;101638;162.26;1730;10084074379;S
20240410;101638;162.26;50;10084074380;S
20240410;101638;162.26;2500;10084074381;S
20240410;101638;162.26;100;10084074382;S
20240410;101638;162.26;30;10084074383;S
20240410;101638;162.26;30;10084074384;S
20240410;101638;162.26;30;10084074385;S
20240410;101638;162.26;1500;10084074386;S
20240410;101638;162.26;330;10084074387;S
20240410;101638;162.24;30;10084074388;S
20240410;101638;162.24;50;10084074389;S
20240410;101638;162.24;100;10084074390;S
20240410;101638;162.24;250;10084074391;S
20240410;101638;162.24;30;10084074392;S
20240410;101638;162.24;10;10084074393;S
20240410;101638;162.24;60;10084074394;S
20240410;101638;162.24;5000;10084074395;S
20240410;101638;162.24;250;10084074396;S
20240410;101638;162.24;1000;10084074397;S
20240410;101638;162.24;510;10084074398;S
20240410;101638;162.24;490;10084074455;S
20240410;101638;162.24;1000;10084074456;S
20240410;101638;162.24;10;10084074457;S
20240410;101639;162.26;1000;10084074521;S
20240410;101639;162.24;150;10084074558;S
20240410;101640;162.24;1960;10084074652;S
20240410;101640;162.24;90;10084074653;S
20240410;101640;162.22;200;10084074654;S
20240410;101640;162.22;120;10084074655;S
20240410;101640;162.22;5000;10084074656;S
20240410;101640;162.22;1230;10084074657;S
20240410;101640;162.22;10;10084074658;S
20240410;101640;162.22;100;10084074659;S
20240410;101640;162.22;40;10084074660;S
20240410;101640;162.22;150;10084074661;S
20240410;101640;162.22;100;10084074662;S
20240410;101640;162.22;50;10084074663;S
20240410;101640;162.22;2500;10084074664;S
20240410;101640;162.22;250;10084074665;S
20240410;101640;162.22;30;10084074666;S
20240410;101640;162.22;100;10084074667;S
20240410;101640;162.22;50;10084074668;S
20240410;101640;162.22;1530;10084074669;S
20240410;101640;162.22;500;10084074670;S
20240410;101640;162.22;330;10084074671;S
20240410;101640;162.22;1220;10084074672;S
20240410;101640;162.2;30;10084074673;S
20240410;101640;162.2;10;10084074674;S
20240410;101640;162.2;2400;10084074675;S
20240410;101640;162.22;860;10084074712;S
20240410;101640;162.22;170;10084074758;S
20240410;101640;162.22;330;10084074763;S
20240410;101640;162.2;500;10084074764;S
20240410;101640;162.2;10;10084074765;S
20240410;101640;162.2;20;10084074766;S
20240410;101640;162.2;10;10084074768;S
20240410;101640;162.2;40;10084074769;S
20240410;101640;162.2;2470;10084074770;S
20240410;101640;162.2;20;10084074771;S
20240410;101640;162.2;10;10084074773;S
20240410;101640;162.2;40;10084074774;S
20240410;101640;162.2;60;10084074775;S
20240410;101640;162.2;10;10084074784;S
20240410;101640;162.2;60;10084074785;S
20240410;101640;162.2;220;10084074786;S
20240410;101640;162.2;130;10084074787;S
20240410;101640;162.2;40;10084074791;S
20240410;101640;162.2;30;10084074793;S
20240410;101640;162.2;20;10084074794;S
20240410;101640;162.2;190;10084074796;S
20240410;101640;162.22;80;10084074799;S
20240410;101640;162.22;160;10084074804;S
20240410;101640;162.22;980;10084074806;S
20240410;101640;162.2;1020;10084074807;S
20240410;101640;162.2;150;10084074808;S
20240410;101640;162.2;130;10084074809;S
20240410;101640;162.2;250;10084074810;S
20240410;101640;162.2;110;10084074815;S
20240410;101640;162.2;530;10084074820;S
20240410;101640;162.2;90;10084074825;S
20240410;101640;162.2;2500;10084074827;S
20240410;101641;162.2;440;10084074842;S
20240410;101641;162.2;20;10084074843;S
20240410;101641;162.2;60;10084074844;S
20240410;101641;162.2;170;10084074846;S
20240410;101641;162.2;500;10084074849;S
20240410;101641;162.2;50;10084074857;S
20240410;101641;162.2;20;10084074859;S
20240410;101641;162.2;20;10084074865;S
20240410;101641;162.2;2000;10084074868;S
20240410;101641;162.2;70;10084074870;S
20240410;101641;162.26;150;10084074881;B
20240410;101641;162.24;40;10084074883;S
20240410;101641;162.24;20;10084074884;S
20240410;101641;162.24;20;10084074885;S
20240410;101641;162.24;20;10084074886;S
20240410;101641;162.24;20;10084074887;S
20240410;101641;162.24;30;10084074888;S
20240410;101641;162.24;20;10084074890;S
20240410;101641;162.24;50;10084074891;S
20240410;101641;162.24;80;10084074901;S
20240410;101641;162.24;10;10084074902;S
20240410;101641;162.24;110;10084074905;S
20240410;101641;162.24;10;10084074906;S
20240410;101641;162.24;90;10084074907;S
20240410;101641;162.22;550;10084074908;S
20240410;101641;162.22;30;10084074909;S
20240410;101641;162.22;100;10084074911;S
20240410;101641;162.22;300;10084074912;S
20240410;101641;162.22;80;10084074914;S
20240410;101641;162.22;40;10084074916;S
20240410;101641;162.22;20;10084074917;S
20240410;101641;162.26;10;10084074920;B
20240410;101641;162.22;20;10084074924;S
20240410;101641;162.22;20;10084074926;S
20240410;101641;162.22;40;10084074929;S
20240410;101641;162.22;20;10084074934;S
20240410;101641;162.22;840;10084074945;S
20240410;101641;162.22;10;10084074948;S
20240410;101641;162.2;60;10084074949;S
20240410;101641;162.2;40;10084074952;S
20240410;101641;162.26;10;10084074959;B
20240410;101641;162.26;10;10084074968;B
20240410;101642;162.22;40;10084074970;S
20240410;101642;162.22;320;10084074971;S
20240410;101642;162.22;20;10084074979;S
20240410;101642;162.22;10;10084074985;S
20240410;101642;162.24;120;10084074987;S
20240410;101642;162.24;80;10084074990;S
20240410;101642;162.22;10;10084074991;S
20240410;101642;162.22;70;10084074995;S
20240410;101642;162.22;20;10084075004;S
20240410;101642;162.22;20;10084075009;S
20240410;101642;162.22;60;10084075010;S
20240410;101642;162.22;20;10084075012;S
20240410;101642;162.22;90;10084075013;S
20240410;101642;162.22;40;10084075014;S
20240410;101642;162.22;70;10084075023;S
20240410;101642;162.22;40;10084075025;S
20240410;101642;162.22;20;10084075028;S
20240410;101642;162.22;610;10084075033;S
20240410;101642;162.2;120;10084075043;S
20240410;101642;162.24;10;10084075047;S
20240410;101642;162.2;10;10084075048;S
20240410;101642;162.2;270;10084075053;S
20240410;101642;162.2;20;10084075058;S
20240410;101642;162.2;30;10084075064;S
20240410;101642;162.2;250;10084075065;S
20240410;101642;162.2;230;10084075067;S
20240410;101642;162.2;90;10084075086;S
20240410;101642;162.2;220;10084075090;S
20240410;101642;162.2;340;10084075103;S
20240410;101642;162.2;40;10084075105;S
20240410;101642;162.2;170;10084075114;S
20240410;101642;162.2;70;10084075119;S
20240410;101642;162.2;10;10084075121;S
20240410;101642;162.2;1680;10084075122;S
20240410;101642;162.2;90;10084075123;S
20240410;101642;162.2;20;10084075125;S
20240410;101642;162.2;50;10084075129;S
20240410;101643;162.2;20;10084075133;S
20240410;101643;162.2;2000;10084075135;S
20240410;101643;162.2;40;10084075138;S
20240410;101643;162.2;330;10084075141;S
20240410;101643;162.2;20;10084075142;S
20240410;101643;162.2;310;10084075143;S
20240410;101643;162.2;80;10084075155;S
20240410;101643;162.2;20;10084075183;S
20240410;101643;162.2;490;10084075204;S
20240410;101643;162.2;70;10084075205;S
20240410;101643;162.2;60;10084075206;S
20240410;101643;162.2;20;10084075217;S
20240410;101643;162.2;750;10084075218;S
20240410;101643;162.2;190;10084075219;S
20240410;101643;162.2;2000;10084075233;S
20240410;101643;162.2;380;10084075234;S
20240410;101643;162.2;130;10084075235;S
20240410;101643;162.2;70;10084075253;S
20240410;101643;162.2;50;10084075254;S
20240410;101643;162.2;20;10084075255;S
20240410;101643;162.2;20;10084075256;S
20240410;101643;162.2;100;10084075257;S
20240410;101643;162.2;30;10084075258;S
20240410;101643;162.2;20;10084075259;S
20240410;101643;162.2;100;10084075260;S
20240410;101643;162.2;10;10084075261;S
20240410;101643;162.2;50;10084075262;S
20240410;101643;162.2;530;10084075263;S
20240410;101643;162.2;20;10084075264;S
20240410;101643;162.2;450;10084075279;S
20240410;101643;162.2;10;10084075280;S
20240410;101643;162.2;1000;10084075281;S
20240410;101643;162.2;650;10084075282;S
20240410;101643;162.2;100;10084075283;S
20240410;101643;162.2;10;10084075284;S
20240410;101643;162.18;20;10084075285;S
20240410;101643;162.18;100;10084075286;S
20240410;101643;162.18;30;10084075287;S
20240410;101643;162.18;30;10084075288;S
20240410;101643;162.18;30;10084075289;S
20240410;101643;162.18;30;10084075290;S
20240410;101643;162.18;500;10084075291;S
20240410;101643;162.18;100;10084075292;S
20240410;101643;162.18;500;10084075293;S
20240410;101643;162.18;10;10084075294;S
20240410;101643;162.18;10;10084075295;S
20240410;101643;162.16;250;10084075296;S
20240410;101643;162.16;100;10084075297;S
20240410;101643;162.16;10;10084075298;S
20240410;101643;162.16;10;10084075299;S
20240410;101643;162.16;10;10084075300;S
20240410;101643;162.16;40;10084075301;S
20240410;101643;162.16;620;10084075307;S
20240410;101644;162.18;50;10084075325;S
20240410;101644;162.16;80;10084075326;S
20240410;101644;162.16;230;10084075346;S
20240410;101644;162.16;20;10084075466;S
20240410;101645;162.16;20;10084075491;S
20240410;101645;162.16;1180;10084075501;S
20240410;101645;162.16;810;10084075502;S
20240410;101645;162.24;100;10084075552;B
20240410;101645;162.2;100;10084075580;S
20240410;101645;162.16;1220;10084075581;S
20240410;101645;162.16;20;10084075582;S
20240410;101645;162.16;210;10084075583;S
20240410;101646;162.2;20;10084075635;B
20240410;101646;162.14;100;10084075748;S
20240410;101646;162.14;300;10084075749;S
20240410;101646;162.14;11950;10084075751;S
20240410;101646;162.14;10;10084075752;S
20240410;101646;162.14;10;10084075753;S
20240410;101646;162.14;100;10084075754;S
20240410;101646;162.14;10;10084075755;S
20240410;101646;162.14;130;10084075756;S
20240410;101646;162.14;2000;10084075757;S
20240410;101646;162.14;300;10084075758;S
20240410;101646;162.14;50;10084075759;S
20240410;101646;162.12;10;10084075764;S
20240410;101646;162.12;20;10084075765;S
20240410;101647;162.14;10;10084075793;B
20240410;101647;162.14;150;10084075806;B
20240410;101647;162.14;10;10084075816;B
20240410;101647;162.14;10;10084075842;B
20240410;101647;162.12;150;10084075863;S
20240410;101647;162.12;10;10084075864;S
20240410;101647;162.12;210;10084075905;S
20240410;101647;162.12;10;10084075906;S
20240410;101647;162.12;1000;10084075907;S
20240410;101647;162.12;50;10084075908;S
20240410;101647;162.12;10;10084075909;S
20240410;101647;162.12;210;10084075910;S
20240410;101647;162.12;100;10084075911;S
20240410;101647;162.12;40;10084075912;S
20240410;101647;162.12;250;10084075913;S
20240410;101647;162.12;10;10084075914;S
20240410;101647;162.12;18110;10084075915;S
20240410;101647;162.12;500;10084075940;S
20240410;101648;162.12;11390;10084075954;S
20240410;101648;162.12;400;10084075955;S
20240410;101648;162.12;100;10084075956;S
20240410;101648;162.12;1210;10084075957;S
20240410;101648;162.12;200;10084075958;S
20240410;101648;162.12;30;10084075959;S
20240410;101648;162.12;1500;10084075960;S
20240410;101648;162.12;1220;10084075961;S
20240410;101648;162.12;150;10084075962;S
20240410;101648;162.14;100;10084075990;B
20240410;101648;162.12;10;10084075992;S
20240410;101648;162.12;80;10084075993;S
20240410;101648;162.12;1530;10084075994;S
20240410;101648;162.1;390;10084075995;S
20240410;101648;162.12;1530;10084076011;S
20240410;101648;162.1;970;10084076012;S
20240410;101648;162.1;200;10084076030;S
20240410;101648;162.1;500;10084076036;S
20240410;101648;162.1;2000;10084076056;S
20240410;101648;162.1;7420;10084076057;S
20240410;101648;162.1;200;10084076058;S
20240410;101648;162.1;4000;10084076063;S
20240410;101648;162.1;1240;10084076068;S
20240410;101648;162.1;14150;10084076069;S
20240410;101649;162.1;10;10084076096;S
20240410;101649;162.1;2000;10084076097;S
20240410;101649;162.1;100;10084076104;S
20240410;101649;162.1;100;10084076111;S
20240410;101649;162.1;20;10084076112;S
20240410;101649;162.1;10;10084076113;S
20240410;101649;162.1;350;10084076137;S
20240410;101649;162.1;5000;10084076149;S
20240410;101649;162.12;110;10084076150;B
20240410;101649;162.1;90;10084076158;S
20240410;101649;162.1;10;10084076176;S
20240410;101649;162.1;20;10084076180;S
20240410;101649;162.1;2500;10084076196;S
20240410;101650;162.1;200;10084076222;S
20240410;101650;162.1;10000;10084076226;S
20240410;101650;162.1;50;10084076264;S
20240410;101650;162.1;1000;10084076265;S
20240410;101651;162.1;2000;10084076388;S
20240410;101651;162.12;80;10084076413;B
20240410;101651;162.12;10;10084076415;B
20240410;101651;162.1;370;10084076444;S
20240410;101651;162.1;370;10084076468;S
20240410;101651;162.1;10;10084076480;S
20240410;101651;162.12;10;10084076513;B
20240410;101651;162.1;540;10084076552;S
20240410;101651;162.12;10;10084076553;B
20240410;101652;162.12;980;10084076676;B
20240410;101652;162.12;20;10084076677;B
20240410;101652;162.1;2950;10084076722;S
20240410;101652;162.1;80;10084076723;S
20240410;101652;162.1;100;10084076724;S
20240410;101652;162.1;10;10084076725;S
20240410;101652;162.1;250;10084076726;S
20240410;101652;162.12;40;10084076766;B
20240410;101652;162.12;10;10084076767;B
20240410;101652;162.12;10;10084076768;B
20240410;101653;162.1;10;10084076776;S
20240410;101653;162.1;1000;10084076780;S
20240410;101653;162.1;110;10084076802;S
20240410;101653;162.1;20;10084076808;S
20240410;101653;162.1;40;10084076978;S
20240410;101654;162.1;10;10084076996;S
20240410;101654;162.1;200;10084077044;S
20240410;101654;162.12;10;10084077069;B
20240410;101654;162.1;460;10084077070;S
20240410;101654;162.1;10;10084077071;S
20240410;101654;162.1;10;10084077072;S
20240410;101654;162.1;110;10084077073;S
20240410;101654;162.1;100;10084077074;S
20240410;101654;162.1;500;10084077075;S
20240410;101654;162.1;190;10084077076;S
20240410;101654;162.1;2810;10084077091;S
20240410;101654;162.1;80;10084077092;S
20240410;101654;162.1;20;10084077093;S
20240410;101654;162.1;10;10084077094;S
20240410;101654;162.1;40;10084077095;S
20240410;101654;162.1;200;10084077096;S
20240410;101654;162.1;10;10084077097;S
20240410;101654;162.1;200;10084077098;S
20240410;101654;162.1;1000;10084077099;S
20240410;101654;162.1;100;10084077100;S
20240410;101654;162.1;100;10084077101;S
20240410;101654;162.1;50;10084077102;S
20240410;101654;162.08;10;10084077103;S
20240410;101654;162.08;250;10084077105;S
20240410;101654;162.08;20;10084077106;S
20240410;101654;162.08;30;10084077107;S
20240410;101654;162.06;10;10084077108;S
20240410;101654;162.06;10;10084077109;S
20240410;101654;162.06;10;10084077110;S
20240410;101654;162.06;300;10084077111;S
20240410;101654;162.06;1380;10084077112;S
20240410;101654;162.06;9140;10084077115;S
20240410;101654;162.06;300;10084077116;S
20240410;101654;162.04;10;10084077117;S
20240410;101654;162.04;100;10084077118;S
20240410;101654;162.04;10;10084077119;S
20240410;101654;162.04;10;10084077120;S
20240410;101654;162.04;70;10084077121;S
20240410;101655;162.04;1460;10084077129;S
20240410;101655;162.02;10;10084077130;S
20240410;101655;162.02;50;10084077131;S
20240410;101655;162.02;10;10084077132;S
20240410;101655;162.02;10;10084077133;S
20240410;101655;162.02;30;10084077134;S
20240410;101655;162.02;420;10084077135;S
20240410;101655;162.08;40;10084077201;B
20240410;101655;162.04;1000;10084077205;S
20240410;101655;162.04;1530;10084077215;S
20240410;101655;162.02;580;10084077216;S
20240410;101655;162.02;890;10084077217;S
20240410;101655;162.06;10;10084077226;B
20240410;101655;162.02;110;10084077228;S
20240410;101655;162.02;200;10084077229;S
20240410;101655;162.02;190;10084077230;S
20240410;101655;162.02;50;10084077238;S
20240410;101655;162.02;10;10084077239;S
20240410;101655;162.02;100;10084077240;S
20240410;101655;162.02;900;10084077241;S
20240410;101655;162.02;50;10084077242;S
20240410;101655;162.02;20;10084077243;S
20240410;101655;162.02;870;10084077244;S
20240410;101655;162.02;130;10084077245;S
20240410;101655;162.02;50;10084077246;S
20240410;101655;162.02;10;10084077247;S
20240410;101655;162.02;2000;10084077248;S
20240410;101655;162;10;10084077249;S
20240410;101655;162;10;10084077250;S
20240410;101655;162;1790;10084077251;S
20240410;101655;162;3210;10084077255;S
20240410;101655;162;30;10084077256;S
20240410;101655;162;20;10084077257;S
20240410;101655;162;1000;10084077258;S
20240410;101655;162;10;10084077259;S
20240410;101655;162;10;10084077260;S
20240410;101655;162;20;10084077261;S
20240410;101655;162;1000;10084077262;S
20240410;101655;162;20;10084077263;S
20240410;101655;162;10;10084077264;S
20240410;101655;162;10;10084077265;S
20240410;101655;162;20;10084077266;S
20240410;101655;162;1300;10084077267;S
20240410;101655;162;10;10084077268;S
20240410;101655;162;300;10084077269;S
20240410;101655;162;20;10084077270;S
20240410;101655;162;40;10084077271;S
20240410;101655;162;500;10084077272;S
20240410;101655;162;10;10084077273;S
20240410;101655;162;20;10084077274;S
20240410;101655;162;2000;10084077275;S
20240410;101655;162;100;10084077276;S
20240410;101655;162;100;10084077277;S
20240410;101655;162;40;10084077278;S
20240410;101655;162;200;10084077279;S
20240410;101655;162;300;10084077280;S
20240410;101655;162;1000;10084077281;S
20240410;101655;162;20;10084077282;S
20240410;101655;162;7850;10084077283;S
20240410;101655;162;4420;10084077284;S
20240410;101655;162;1110;10084077286;S
20240410;101655;162.04;200;10084077288;S
20240410;101655;162;500;10084077295;S
20240410;101655;162;500;10084077296;S
20240410;101655;162;500;10084077297;S
20240410;101655;162;500;10084077298;S
20240410;101655;162;6000;10084077318;S
20240410;101656;162;600;10084077327;S
20240410;101656;162;1000;10084077328;S
20240410;101656;162;100;10084077329;S
20240410;101656;162;200;10084077344;S
20240410;101656;162.02;200;10084077345;S
20240410;101656;162.02;300;10084077349;S
20240410;101656;162.02;100;10084077362;S
20240410;101656;162.02;20;10084077363;S
20240410;101656;162.02;300;10084077370;S
20240410;101656;162.02;170;10084077371;S
20240410;101656;162;160;10084077372;S
20240410;101656;162;120;10084077375;S
20240410;101656;162;420;10084077378;S
20240410;101656;162;100;10084077379;S
20240410;101656;162;600;10084077380;S
20240410;101656;162;100;10084077381;S
20240410;101656;162;10;10084077382;S
20240410;101656;162;10;10084077383;S
20240410;101656;162;760;10084077384;S
20240410;101656;162;240;10084077385;S
20240410;101656;162;10;10084077386;S
20240410;101656;162;300;10084077387;S
20240410;101656;162;500;10084077388;S
20240410;101656;162;100;10084077389;S
20240410;101656;162;10;10084077390;S
20240410;101656;162;90;10084077391;S
20240410;101656;162;10;10084077392;S
20240410;101656;162;50;10084077393;S
20240410;101656;162;100;10084077394;S
20240410;101656;162;30;10084077395;S
20240410;101656;162;10;10084077396;S
20240410;101656;162;50;10084077397;S
20240410;101656;162;100;10084077399;S
20240410;101656;162;20;10084077401;S
20240410;101656;162;50;10084077403;S
20240410;101656;162;280;10084077407;S
20240410;101656;162;120;10084077408;S
20240410;101656;162;1530;10084077426;S
20240410;101656;162;1000;10084077427;S
20240410;101656;162;10;10084077428;S
20240410;101656;162;100;10084077429;S
20240410;101656;162;20;10084077430;S
20240410;101656;162;100;10084077431;S
20240410;101656;162;50;10084077432;S
20240410;101656;162;190;10084077433;S
20240410;101656;162;20;10084077434;S
20240410;101656;162;1000;10084077435;S
20240410;101656;162;500;10084077436;S
20240410;101656;162;10;10084077437;S
20240410;101656;162;10;10084077438;S
20240410;101656;162;30;10084077439;S
20240410;101656;162;10;10084077440;S
20240410;101656;162;10;10084077441;S
20240410;101656;162;50;10084077442;S
20240410;101656;162;20;10084077443;S
20240410;101656;162;2280;10084077444;S
20240410;101656;162;8050;10084077445;S
20240410;101656;162;10;10084077446;S
20240410;101656;162;100;10084077447;S
20240410;101656;162;50;10084077448;S
20240410;101656;162;50;10084077449;S
20240410;101656;162;100;10084077450;S
20240410;101656;162;10;10084077451;S
20240410;101656;162;370;10084077452;S
20240410;101656;162;30;10084077453;S
20240410;101656;162;20;10084077454;S
20240410;101656;162;60;10084077455;S
20240410;101656;162;300;10084077456;S
20240410;101656;162;20;10084077457;S
20240410;101656;162;500;10084077458;S
20240410;101656;162;60;10084077459;S
20240410;101656;162;30;10084077460;S
20240410;101656;162;20;10084077461;S
20240410;101656;162;10;10084077462;S
20240410;101656;162;20;10084077463;S
20240410;101656;162;300;10084077464;S
20240410;101656;162;10;10084077465;S
20240410;101656;162;250;10084077466;S
20240410;101656;162;100;10084077467;S
20240410;101656;162;20;10084077468;S
20240410;101656;162;10;10084077469;S
20240410;101656;162;2500;10084077470;S
20240410;101656;162;360;10084077471;S
20240410;101656;162;140;10084077515;S
20240410;101656;162;300;10084077516;S
20240410;101656;162;20;10084077517;S
20240410;101656;161.98;640;10084077518;S
20240410;101656;161.98;150;10084077521;S
20240410;101656;161.98;210;10084077538;S
20240410;101656;161.98;10;10084077539;S
20240410;101656;161.96;30;10084077540;S
20240410;101656;161.96;10;10084077541;S
20240410;101656;161.96;10;10084077546;S
20240410;101656;161.96;10;10084077547;S
20240410;101656;161.96;10;10084077549;S
20240410;101656;161.96;30;10084077562;S
20240410;101656;161.96;10;10084077563;S
20240410;101656;161.96;110;10084077564;S
20240410;101656;161.96;140;10084077566;S
20240410;101656;161.96;360;10084077567;S
20240410;101656;161.96;500;10084077568;S
20240410;101656;161.96;10;10084077569;S
20240410;101656;161.96;100;10084077570;S
20240410;101656;161.96;30;10084077571;S
20240410;101656;161.94;10;10084077572;S
20240410;101656;161.94;30;10084077573;S
20240410;101656;161.92;10;10084077574;S
20240410;101656;161.92;10;10084077575;S
20240410;101656;161.92;90;10084077576;S
20240410;101656;161.92;200;10084077577;S
20240410;101656;161.92;110;10084077578;S
20240410;101656;161.92;90;10084077579;S
20240410;101656;161.92;1910;10084077580;S
20240410;101656;162;10;10084077587;S
20240410;101656;161.92;30;10084077588;S
20240410;101656;161.9;300;10084077589;S
20240410;101656;162.02;440;10084077590;B
20240410;101656;161.9;4000;10084077591;S
20240410;101656;161.9;10000;10084077592;S
20240410;101656;161.9;900;10084077593;S
20240410;101656;161.9;300;10084077598;S
20240410;101656;161.98;10;10084077609;B
20240410;101656;161.9;650;10084077611;S
20240410;101656;161.9;1700;10084077613;S
20240410;101657;161.9;300;10084077671;S
20240410;101657;161.9;1000;10084077732;S
20240410;101657;161.98;190;10084077733;B
20240410;101657;161.98;220;10084077734;S
20240410;101657;161.98;220;10084077758;S
20240410;101657;161.98;370;10084077797;S
20240410;101657;161.94;200;10084077798;S
20240410;101657;161.9;430;10084077799;S
20240410;101657;161.9;420;10084077802;S
20240410;101657;161.9;10;10084077803;S
20240410;101657;161.9;100;10084077804;S
20240410;101657;161.9;300;10084077805;S
20240410;101657;161.9;10;10084077806;S
20240410;101657;161.9;3000;10084077807;S
20240410;101657;161.9;30;10084077808;S
20240410;101657;161.9;700;10084077809;S
20240410;101657;161.88;10;10084077810;S
20240410;101657;161.88;10;10084077811;S
20240410;101657;161.88;10;10084077812;S
20240410;101657;161.88;30;10084077813;S
20240410;101657;161.88;30;10084077814;S
20240410;101657;161.88;220;10084077815;S
20240410;101657;161.88;120;10084077816;S
20240410;101657;161.88;130;10084077821;S
20240410;101657;161.86;300;10084077822;S
20240410;101657;161.86;10;10084077823;S
20240410;101657;161.86;30;10084077824;S
20240410;101657;161.84;50;10084077825;S
20240410;101657;161.84;10;10084077826;S
20240410;101657;161.84;10;10084077827;S
20240410;101657;161.84;260;10084077828;S
20240410;101657;161.98;200;10084077831;B
20240410;101657;161.98;200;10084077832;B
20240410;101657;161.96;10;10084077834;B
20240410;101657;161.84;20;10084077837;S
20240410;101657;161.86;1000;10084077859;S
20240410;101657;161.86;200;10084077861;S
20240410;101657;161.86;100;10084077871;S
20240410;101657;161.86;600;10084077878;S
20240410;101657;161.9;200;10084077880;B
20240410;101657;161.9;200;10084077881;B
20240410;101657;161.86;100;10084077885;S
20240410;101657;161.86;400;10084077886;S
20240410;101657;161.84;5500;10084077887;S
20240410;101658;161.88;10;10084077929;B
20240410;101658;161.86;120;10084077946;S
20240410;101658;161.86;80;10084077948;S
20240410;101658;161.86;400;10084077949;S
20240410;101658;161.86;80;10084077950;S
20240410;101658;161.84;220;10084077951;S
20240410;101658;161.84;30;10084077952;S
20240410;101658;161.84;10;10084077953;S
20240410;101658;161.84;70;10084077954;S
20240410;101658;161.84;200;10084077955;S
20240410;101658;161.82;10;10084077956;S
20240410;101658;161.82;50;10084077957;S
20240410;101658;161.82;500;10084077958;S
20240410;101658;161.82;350;10084077959;S
20240410;101658;161.86;10;10084077997;S
20240410;101658;161.88;10;10084077998;B
20240410;101658;161.86;50;10084078009;S
20240410;101658;161.86;340;10084078031;S
20240410;101658;161.82;470;10084078032;S
20240410;101658;161.86;10;10084078061;S
20240410;101658;161.86;390;10084078074;S
20240410;101658;161.82;180;10084078075;S
20240410;101658;161.82;350;10084078076;S
20240410;101658;161.82;150;10084078077;S
20240410;101659;161.88;10;10084078084;B
20240410;101659;161.9;90;10084078085;B
20240410;101659;161.84;200;10084078127;S
20240410;101659;161.82;150;10084078128;S
20240410;101659;161.82;650;10084078129;S
20240410;101700;161.86;100;10084078306;S
20240410;101700;161.84;10;10084078307;S
20240410;101700;161.84;10;10084078308;S
20240410;101700;161.82;4350;10084078309;S
20240410;101700;161.82;410;10084078310;S
20240410;101700;161.8;5000;10084078311;S
20240410;101700;161.8;10;10084078312;S
20240410;101700;161.8;10;10084078313;S
20240410;101700;161.8;100;10084078314;S
20240410;101700;161.9;20;10084078345;B
20240410;101700;161.9;220;10084078349;B
20240410;101700;161.84;2000;10084078351;S
20240410;101700;161.8;100;10084078352;S
20240410;101700;161.8;30;10084078353;S
20240410;101700;161.8;1240;10084078354;S
20240410;101700;161.8;50;10084078355;S
20240410;101700;161.8;10;10084078356;S
20240410;101700;161.8;10;10084078357;S
20240410;101700;161.8;560;10084078358;S
20240410;101700;161.8;150;10084078363;S
20240410;101700;161.8;50;10084078376;S
20240410;101700;161.88;200;10084078468;S
20240410;101700;161.86;50;10084078477;S
20240410;101700;161.8;490;10084078478;S
20240410;101700;161.8;200;10084078479;S
20240410;101700;161.78;10;10084078480;S
20240410;101700;161.78;10;10084078481;S
20240410;101700;161.78;170;10084078482;S
20240410;101700;161.78;500;10084078483;S
20240410;101700;161.78;200;10084078484;S
20240410;101700;161.78;50;10084078485;S
20240410;101700;161.78;170;10084078486;S
20240410;101701;161.8;90;10084078538;B
20240410;101701;161.8;200;10084078539;B
20240410;101701;161.86;3660;10084078540;B
20240410;101701;161.88;100;10084078541;B
20240410;101701;161.88;300;10084078542;B
20240410;101701;161.88;2150;10084078543;B
20240410;101702;161.86;10;10084078659;B
20240410;101702;161.82;280;10084078696;S
20240410;101702;161.82;100;10084078796;S
20240410;101702;161.78;250;10084078832;S
20240410;101702;161.78;300;10084078833;S
20240410;101702;161.8;100;10084078837;B
20240410;101702;161.82;150;10084078838;B
20240410;101703;161.78;200;10084078872;S
20240410;101703;161.76;10;10084078873;S
20240410;101703;161.76;10;10084078874;S
20240410;101703;161.76;870;10084078875;S
20240410;101703;161.78;50;10084079044;S
20240410;101703;161.76;30;10084079045;S
20240410;101704;161.78;10;10084079109;S
20240410;101704;161.76;50;10084079110;S
20240410;101704;161.74;10;10084079111;S
20240410;101704;161.74;20;10084079112;S
20240410;101704;161.74;470;10084079113;S
20240410;101704;161.8;100;10084079119;B
20240410;101704;161.74;920;10084079213;S
20240410;101704;161.74;610;10084079217;S
20240410;101704;161.74;200;10084079218;S
20240410;101704;161.74;1420;10084079219;S
20240410;101704;161.74;1790;10084079276;S
20240410;101704;161.76;50;10084079340;S
20240410;101704;161.74;10;10084079341;S
20240410;101704;161.76;50;10084079342;B
20240410;101704;161.72;10;10084079360;S
20240410;101704;161.72;20;10084079361;S
20240410;101704;161.76;50;10084079377;B
20240410;101705;161.76;200;10084079382;B
20240410;101705;161.76;120;10084079383;B
20240410;101705;161.8;400;10084079384;B
20240410;101705;161.8;70;10084079385;B
20240410;101705;161.82;560;10084079386;B
20240410;101705;161.8;10;10084079427;B
20240410;101705;161.76;1000;10084079433;S
20240410;101705;161.76;1000;10084079766;S
20240410;101705;161.74;10;10084079776;S
20240410;101705;161.74;450;10084079777;S
20240410;101705;161.74;10;10084079794;S
20240410;101706;161.76;50;10084079837;S
20240410;101706;161.74;40;10084079838;S
20240410;101706;161.74;10;10084079839;S
20240410;101706;161.74;290;10084079885;S
20240410;101706;161.72;10;10084079886;S
20240410;101706;161.76;50;10084079895;B
20240410;101708;161.74;770;10084080200;S
20240410;101708;161.76;150;10084080204;B
20240410;101708;161.76;150;10084080205;B
20240410;101708;161.76;50;10084080302;B
20240410;101708;161.78;100;10084080303;B
20240410;101709;161.78;10;10084080372;B
20240410;101709;161.74;10;10084080393;S
20240410;101709;161.76;200;10084080400;S
20240410;101710;161.78;90;10084080516;B
20240410;101710;161.78;20;10084080519;B
20240410;101710;161.76;50;10084080527;S
20240410;101710;161.78;150;10084080592;B
20240410;101710;161.76;60;10084080623;S
20240410;101710;161.78;10;10084080636;B
20240410;101710;161.76;10;10084080643;S
20240410;101711;161.78;10;10084080704;B
20240410;101711;161.76;500;10084080746;S
20240410;101711;161.78;1610;10084080747;B
20240410;101711;161.78;120;10084080748;B
20240410;101711;161.78;30;10084080749;B
20240410;101711;161.78;240;10084080750;B
20240410;101711;161.78;10;10084080760;B
20240410;101712;161.78;1000;10084080810;B
20240410;101712;161.76;100;10084080835;S
20240410;101712;161.78;50;10084080837;B
20240410;101712;161.8;10;10084080848;B
20240410;101712;161.8;110;10084080849;B
20240410;101712;161.82;900;10084080850;B
20240410;101712;161.84;1990;10084080851;B
20240410;101712;161.84;500;10084080852;B
20240410;101712;161.86;50;10084080853;S
20240410;101712;161.8;50;10084080892;S
20240410;101712;161.8;50;10084080893;S
20240410;101712;161.82;10;10084080910;S
20240410;101713;161.82;300;10084080961;S
20240410;101713;161.82;200;10084080962;S
20240410;101713;161.82;500;10084080963;S
20240410;101713;161.8;150;10084080964;S
20240410;101713;161.8;390;10084080965;S
20240410;101713;161.8;50;10084080966;S
20240410;101713;161.78;130;10084080967;S
20240410;101713;161.78;440;10084080968;S
20240410;101713;161.78;1500;10084080969;S
20240410;101713;161.78;2000;10084080970;S
20240410;101713;161.78;1000;10084080971;S
20240410;101713;161.78;20;10084080972;S
20240410;101713;161.76;80;10084080973;S
20240410;101713;161.76;200;10084080974;S
20240410;101713;161.76;200;10084080975;S
20240410;101713;161.76;20;10084080976;S
20240410;101713;161.76;10;10084080977;S
20240410;101713;161.76;2810;10084080978;S
20240410;101713;161.82;10;10084081086;S
20240410;101713;161.82;490;10084081103;S
20240410;101713;161.8;20;10084081104;S
20240410;101713;161.8;190;10084081105;S
20240410;101713;161.8;690;10084081187;S
20240410;101713;161.8;300;10084081261;S
20240410;101713;161.8;40;10084081275;S
20240410;101714;161.8;900;10084081289;S
20240410;101714;161.8;900;10084081389;S
20240410;101714;161.8;10;10084081441;S
20240410;101715;161.8;10;10084081476;S
20240410;101715;161.8;80;10084081477;S
20240410;101715;161.82;1510;10084081519;B
20240410;101715;161.8;20;10084081564;S
20240410;101715;161.8;50;10084081565;S
20240410;101715;161.8;10;10084081566;S
20240410;101715;161.8;10;10084081567;S
20240410;101715;161.76;10;10084081568;S
20240410;101715;161.76;90;10084081586;S
20240410;101715;161.76;200;10084081587;S
20240410;101715;161.76;300;10084081588;S
20240410;101715;161.76;200;10084081589;S
20240410;101715;161.76;200;10084081590;S
20240410;101715;161.76;500;10084081591;S
20240410;101715;161.76;30;10084081592;S
20240410;101715;161.74;620;10084081593;S
20240410;101715;161.74;120;10084081594;S
20240410;101715;161.74;50;10084081595;S
20240410;101715;161.74;150;10084081596;S
20240410;101715;161.74;300;10084081597;S
20240410;101715;161.74;740;10084081598;S
20240410;101716;161.8;400;10084081750;S
20240410;101716;161.8;470;10084081783;S
20240410;101716;161.82;20;10084081837;B
20240410;101717;161.8;50;10084081881;S
20240410;101717;161.82;660;10084081921;B
20240410;101717;161.84;10;10084081922;B
20240410;101717;161.84;50;10084081923;B
20240410;101717;161.86;280;10084081924;B
20240410;101717;161.84;10;10084082006;B
20240410;101718;161.82;60;10084082052;S
20240410;101718;161.82;40;10084082053;S
20240410;101718;161.82;160;10084082074;S
20240410;101718;161.82;100;10084082075;S
20240410;101718;161.82;100;10084082076;S
20240410;101718;161.82;40;10084082077;S
20240410;101718;161.84;20;10084082208;B
20240410;101718;161.84;150;10084082249;B
20240410;101718;161.82;30;10084082252;S
20240410;101719;161.84;10;10084082418;B
20240410;101719;161.82;200;10084082424;S
20240410;101719;161.84;10;10084082558;B
20240410;101719;161.88;190;10084082559;B
20240410;101719;161.88;10;10084082560;B
20240410;101719;161.9;160;10084082561;B
20240410;101719;161.9;200;10084082562;B
20240410;101719;161.9;830;10084082563;B
20240410;101719;161.84;200;10084082575;S
20240410;101720;161.82;30;10084082594;S
20240410;101720;161.82;900;10084082596;S
20240410;101720;161.82;200;10084082597;S
20240410;101720;161.82;3890;10084082598;S
20240410;101720;161.82;30;10084082599;S
20240410;101720;161.8;220;10084082600;S
20240410;101720;161.8;20;10084082625;S
20240410;101720;161.88;150;10084082678;B
20240410;101720;161.9;2050;10084082679;B
20240410;101720;161.92;810;10084082680;B
20240410;101720;161.92;1000;10084082681;B
20240410;101720;161.92;200;10084082682;B
20240410;101720;161.96;10;10084082728;B
20240410;101720;161.96;200;10084082729;B
20240410;101720;162;10;10084082730;B
20240410;101720;162;300;10084082731;B
20240410;101720;162;130;10084082732;B
20240410;101720;162;50;10084082733;B
20240410;101721;162;50;10084082978;B
20240410;101721;162;380;10084082979;B
20240410;101721;162;350;10084083005;B
20240410;101721;161.98;150;10084083018;B
20240410;101721;162;5270;10084083019;B
20240410;101721;162;4000;10084083020;B
20240410;101721;162;5000;10084083021;B
20240410;101721;162;1000;10084083022;B
20240410;101721;162;20;10084083023;B
20240410;101721;162;10;10084083024;B
20240410;101721;162;20;10084083025;B
20240410;101721;162;200;10084083026;B
20240410;101721;162;500;10084083027;B
20240410;101721;162.02;1000;10084083028;B
20240410;101721;162.04;830;10084083029;B
20240410;101721;162.06;200;10084083218;B
20240410;101721;161.98;10;10084083274;S
20240410;101721;161.96;10;10084083275;S
20240410;101721;161.94;200;10084083276;S
20240410;101721;161.94;30;10084083277;S
20240410;101721;161.94;100;10084083278;S
20240410;101721;161.92;2470;10084083279;S
20240410;101721;161.92;200;10084083280;S
20240410;101721;161.9;10;10084083281;S
20240410;101721;161.9;3500;10084083282;S
20240410;101721;161.9;200;10084083283;S
20240410;101721;161.9;10000;10084083284;S
20240410;101721;161.9;10000;10084083285;S
20240410;101721;161.88;10000;10084083286;S
20240410;101721;161.84;200;10084083287;S
20240410;101721;161.82;1560;10084083288;S
20240410;101721;161.82;10;10084083289;S
20240410;101721;161.82;2000;10084083290;S
20240410;101721;161.82;1000;10084083291;S
20240410;101721;161.82;5620;10084083292;S
20240410;101721;161.9;200;10084083309;B
20240410;101721;161.96;10;10084083338;B
20240410;101722;161.98;10;10084083435;B
20240410;101722;162.02;3000;10084083448;B
20240410;101722;161.94;20;10084083524;B
20240410;101722;161.92;20;10084083543;S
20240410;101722;161.9;150;10084083558;S
20240410;101723;161.92;10;10084083640;S
20240410;101723;161.92;260;10084083641;S
20240410;101723;161.9;6200;10084083642;S
20240410;101723;161.88;200;10084083643;S
20240410;101723;161.86;1500;10084083644;S
20240410;101723;161.84;3830;10084083645;S
20240410;101723;161.94;280;10084083705;B
20240410;101723;161.94;150;10084083706;B
20240410;101723;161.94;20;10084083707;B
20240410;101723;161.96;50;10084083708;B
20240410;101726;161.88;300;10084084058;S
20240410;101726;161.92;20;10084084078;B
20240410;101726;161.88;200;10084084218;S
20240410;101726;161.86;10;10084084219;S
20240410;101726;161.84;440;10084084220;S
20240410;101727;161.84;170;10084084246;S
20240410;101727;161.84;30;10084084247;S
20240410;101728;161.88;580;10084084421;B
20240410;101728;161.88;50;10084084422;B
20240410;101728;161.9;100;10084084423;B
20240410;101728;161.9;350;10084084424;B
20240410;101728;161.92;10;10084084425;B
20240410;101728;161.92;20;10084084426;B
20240410;101729;161.86;50;10084084550;S
20240410;101729;161.84;10;10084084551;S
20240410;101730;161.88;200;10084084835;B
20240410;101730;161.9;130;10084084836;B
20240410;101730;161.84;90;10084084852;S
20240410;101730;161.84;300;10084084853;S
20240410;101730;161.84;500;10084084854;S
20240410;101730;161.84;50;10084084855;S
20240410;101730;161.82;100;10084084856;S
20240410;101730;161.82;900;10084084857;S
20240410;101730;161.82;200;10084084858;S
20240410;101730;161.82;100;10084084859;S
20240410;101730;161.82;30;10084084860;S
20240410;101730;161.82;10;10084084861;S
20240410;101730;161.82;2000;10084084862;S
20240410;101730;161.82;50;10084084863;S
20240410;101730;161.8;10040;10084084864;S
20240410;101730;161.8;70;10084084865;S
20240410;101730;161.8;1000;10084084866;S
20240410;101730;161.8;30;10084084867;S
20240410;101730;161.8;2000;10084084868;S
20240410;101730;161.8;2000;10084084869;S
20240410;101730;161.8;10;10084084870;S
20240410;101730;161.8;1000;10084084871;S
20240410;101730;161.8;250;10084084872;S
20240410;101730;161.8;1600;10084084873;S
20240410;101730;161.78;3000;10084084874;S
20240410;101730;161.78;1680;10084084875;S
20240410;101730;161.76;500;10084084876;S
20240410;101730;161.76;2400;10084084877;S
20240410;101730;161.74;100;10084084878;S
20240410;101730;161.74;500;10084084879;S
20240410;101730;161.74;200;10084084880;S
20240410;101730;161.74;2000;10084084881;S
20240410;101730;161.74;1000;10084084882;S
20240410;101730;161.74;2000;10084084883;S
20240410;101730;161.74;2500;10084084884;S
20240410;101730;161.74;10000;10084084885;S
20240410;101730;161.74;10000;10084084886;S
20240410;101730;161.72;970;10084084887;S
20240410;101730;161.72;200;10084084888;S
20240410;101730;161.72;20;10084084889;S
20240410;101730;161.72;1000;10084084890;S
20240410;101730;161.72;100;10084084891;S
20240410;101730;161.72;500;10084084892;S
20240410;101730;161.72;10;10084084893;S
20240410;101730;161.72;500;10084084894;S
20240410;101730;161.72;20;10084084895;S
20240410;101730;161.72;500;10084084896;S
20240410;101730;161.72;50;10084084897;S
20240410;101730;161.72;5000;10084084898;S
20240410;101730;161.72;10;10084084899;S
20240410;101730;161.72;2910;10084084900;S
20240410;101730;161.84;20;10084084902;S
20240410;101731;161.74;200;10084084949;S
20240410;101731;161.74;130;10084084950;S
20240410;101731;161.74;100;10084084992;S
20240410;101731;161.74;100;10084084995;S
20240410;101731;161.76;10;10084085046;S
20240410;101731;161.74;170;10084085061;S
20240410;101731;161.72;5000;10084085062;S
20240410;101731;161.72;4710;10084085063;S
20240410;101731;161.72;200;10084085064;S
20240410;101731;161.74;20;10084085066;S
20240410;101731;161.76;10;10084085072;B
20240410;101732;161.74;10;10084085087;S
20240410;101732;161.74;10;10084085120;S
20240410;101732;161.72;50;10084085151;S
20240410;101732;161.72;240;10084085234;S
20240410;101732;161.72;1000;10084085235;S
20240410;101732;161.72;20;10084085236;S
20240410;101733;161.72;190;10084085250;S
20240410;101733;161.74;500;10084085272;B
20240410;101733;161.74;500;10084085273;B
20240410;101733;161.74;500;10084085276;B
20240410;101733;161.74;500;10084085277;B
20240410;101733;161.72;100;10084085311;S
20240410;101733;161.74;1000;10084085312;B
20240410;101733;161.72;500;10084085368;S
20240410;101733;161.72;400;10084085369;S
20240410;101733;161.72;100;10084085370;S
20240410;101734;161.74;50;10084085430;B
20240410;101734;161.72;1000;10084085488;S
20240410;101734;161.72;1000;10084085489;S
20240410;101734;161.72;40;10084085492;S
20240410;101734;161.72;10;10084085581;S
20240410;101734;161.72;1000;10084085582;S
20240410;101734;161.72;1000;10084085583;S
20240410;101734;161.72;80;10084085592;S
20240410;101734;161.72;770;10084085644;S
20240410;101734;161.7;10;10084085645;S
20240410;101734;161.7;200;10084085646;S
20240410;101734;161.7;50;10084085647;S
20240410;101734;161.7;20;10084085648;S
20240410;101734;161.7;100;10084085649;S
20240410;101734;161.7;100;10084085650;S
20240410;101734;161.7;50;10084085651;S
20240410;101734;161.7;100;10084085652;S
20240410;101734;161.7;370;10084085653;S
20240410;101734;161.7;10;10084085654;S
20240410;101734;161.7;10;10084085655;S
20240410;101734;161.7;10;10084085656;S
20240410;101734;161.7;50;10084085657;S
20240410;101734;161.7;150;10084085658;S
20240410;101735;161.74;10;10084085662;B
20240410;101735;161.7;600;10084085683;S
20240410;101735;161.74;30;10084085687;B
20240410;101735;161.7;10;10084085739;S
20240410;101736;161.7;80;10084085787;S
20240410;101736;161.7;120;10084085788;S
20240410;101736;161.7;60;10084085820;S
20240410;101737;161.7;10;10084085923;S
20240410;101737;161.7;250;10084085924;S
20240410;101737;161.72;100;10084085938;B
20240410;101737;161.7;200;10084085991;S
20240410;101737;161.7;360;10084085999;S
20240410;101737;161.7;200;10084086000;S
20240410;101737;161.7;10;10084086001;S
20240410;101737;161.7;200;10084086002;S
20240410;101737;161.7;1360;10084086003;S
20240410;101737;161.72;1930;10084086012;B
20240410;101737;161.72;120;10084086013;B
20240410;101737;161.74;200;10084086014;B
20240410;101737;161.74;100;10084086015;B
20240410;101737;161.74;20;10084086016;B
20240410;101737;161.76;190;10084086017;B
20240410;101737;161.78;200;10084086018;B
20240410;101737;161.8;100;10084086019;B
20240410;101737;161.8;110;10084086020;B
20240410;101737;161.8;7030;10084086021;B
20240410;101737;161.7;740;10084086035;S
20240410;101737;161.7;50;10084086048;S
20240410;101738;161.78;200;10084086164;B
20240410;101738;161.78;100;10084086165;B
20240410;101738;161.82;100;10084086166;B
20240410;101738;161.78;80;10084086216;B
20240410;101739;161.78;10;10084086228;B
20240410;101739;161.72;50;10084086400;S
20240410;101739;161.72;10;10084086401;S
20240410;101740;161.78;10;10084086529;B
20240410;101740;161.74;40;10084086559;S
20240410;101741;161.78;100;10084086664;B
20240410;101741;161.8;150;10084086665;B
20240410;101741;161.74;60;10084086809;S
20240410;101741;161.74;30;10084086810;S
20240410;101742;161.74;370;10084086831;S
20240410;101742;161.74;100;10084086832;S
20240410;101742;161.74;200;10084086833;S
20240410;101742;161.74;2000;10084086834;S
20240410;101742;161.72;1530;10084086835;S
20240410;101742;161.74;10;10084086931;S
20240410;101743;161.72;500;10084086963;S
20240410;101743;161.72;20;10084086964;S
20240410;101743;161.72;200;10084086965;S
20240410;101743;161.7;3880;10084086966;S
20240410;101743;161.76;100;10084086967;B
20240410;101743;161.72;10;10084087040;B
20240410;101743;161.72;500;10084087060;B
20240410;101743;161.72;330;10084087062;B
20240410;101744;161.72;10;10084087084;B
20240410;101744;161.7;2000;10084087098;S
20240410;101744;161.7;2500;10084087103;S
20240410;101744;161.7;500;10084087109;S
20240410;101744;161.7;200;10084087110;S
20240410;101744;161.72;100;10084087121;B
20240410;101744;161.72;100;10084087140;B
20240410;101744;161.72;60;10084087164;B
20240410;101744;161.72;250;10084087175;B
20240410;101745;161.72;20;10084087279;B
20240410;101745;161.7;50;10084087281;S
20240410;101746;161.72;10;10084087381;B
20240410;101747;161.7;10;10084087491;S
20240410;101748;161.72;20;10084087548;B
20240410;101748;161.7;10;10084087597;S
20240410;101748;161.7;20;10084087598;S
20240410;101748;161.7;70;10084087599;S
20240410;101748;161.7;810;10084087601;S
20240410;101748;161.7;120;10084087603;S
20240410;101748;161.7;10;10084087604;S
20240410;101748;161.7;10;10084087605;S
20240410;101748;161.7;50;10084087606;S
20240410;101748;161.7;50;10084087607;S
20240410;101748;161.7;60;10084087608;S
20240410;101748;161.7;240;10084087611;S
20240410;101748;161.7;40;10084087612;S
20240410;101748;161.7;40;10084087622;S
20240410;101748;161.7;20;10084087623;S
20240410;101748;161.72;110;10084087636;B
20240410;101748;161.72;200;10084087637;B
20240410;101748;161.74;100;10084087638;B
20240410;101748;161.74;590;10084087639;B
20240410;101748;161.7;10;10084087696;S
20240410;101749;161.72;30;10084087746;B
20240410;101749;161.72;350;10084087767;B
20240410;101749;161.72;200;10084087768;B
20240410;101749;161.74;50;10084087769;B
20240410;101749;161.7;70;10084087784;S
20240410;101749;161.7;2130;10084087790;S
20240410;101749;161.7;1000;10084087791;S
20240410;101749;161.7;10;10084087792;S
20240410;101749;161.68;10;10084087793;S
20240410;101749;161.68;10;10084087794;S
20240410;101749;161.68;100;10084087795;S
20240410;101749;161.68;50;10084087796;S
20240410;101749;161.68;250;10084087797;S
20240410;101749;161.68;250;10084087798;S
20240410;101749;161.68;250;10084087799;S
20240410;101749;161.68;500;10084087800;S
20240410;101749;161.68;10;10084087801;S
20240410;101749;161.68;100;10084087802;S
20240410;101749;161.66;10;10084087803;S
20240410;101749;161.66;500;10084087804;S
20240410;101749;161.66;2230;10084087805;S
20240410;101750;161.74;50;10084087848;B
20240410;101750;161.74;50;10084087849;B
20240410;101750;161.74;50;10084087850;B
20240410;101750;161.74;710;10084087855;B
20240410;101750;161.74;290;10084087856;B
20240410;101750;161.68;30;10084087858;S
20240410;101750;161.68;120;10084087859;S
20240410;101750;161.68;880;10084087860;S
20240410;101750;161.66;50;10084087891;S
20240410;101750;161.68;10;10084087893;S
20240410;101750;161.68;10;10084087917;S
20240410;101750;161.7;10;10084087926;B
20240410;101750;161.68;10;10084087956;S
20240410;101750;161.66;1490;10084087957;S
20240410;101750;161.66;1230;10084087979;S
20240410;101750;161.66;10;10084087980;S
20240410;101750;161.66;200;10084087981;S
20240410;101750;161.66;560;10084087982;S
20240410;101751;161.66;10;10084088081;S
20240410;101751;161.66;1810;10084088089;S
20240410;101751;161.66;10;10084088090;S
20240410;101751;161.64;10;10084088091;S
20240410;101751;161.64;420;10084088092;S
20240410;101752;161.68;40;10084088214;B
20240410;101752;161.64;2000;10084088301;S
20240410;101752;161.64;2000;10084088308;S
20240410;101752;161.64;910;10084088314;S
20240410;101752;161.64;10;10084088320;S
20240410;101752;161.66;10;10084088408;S
20240410;101753;161.64;200;10084088426;S
20240410;101754;161.64;120;10084088776;S
20240410;101754;161.66;100;10084088880;B
20240410;101754;161.66;50;10084088897;B
20240410;101754;161.66;40;10084088990;B
20240410;101754;161.66;300;10084089013;B
20240410;101754;161.64;10;10084089017;S
20240410;101755;161.66;10;10084089191;B
20240410;101755;161.64;3700;10084089206;S
20240410;101755;161.64;60;10084089296;S
20240410;101755;161.64;500;10084089313;S
20240410;101756;161.64;1000;10084089349;S
20240410;101756;161.66;100;10084089399;B
20240410;101756;161.64;600;10084089489;S
20240410;101756;161.66;250;10084089494;B
20240410;101757;161.66;150;10084089596;B
20240410;101757;161.66;10;10084089597;B
20240410;101757;161.68;40;10084089598;B
20240410;101757;161.68;120;10084089609;B
20240410;101757;161.7;190;10084089610;B
20240410;101757;161.7;1190;10084089611;B
20240410;101757;161.7;20;10084089612;S
20240410;101757;161.72;10;10084089645;B
20240410;101757;161.7;210;10084089648;S
20240410;101757;161.72;10;10084089653;B
20240410;101758;161.7;400;10084089716;S
20240410;101758;161.72;10;10084089717;B
20240410;101758;161.7;340;10084089751;S
20240410;101758;161.72;250;10084089752;B
20240410;101759;161.72;100;10084089778;B
20240410;101759;161.7;10;10084089843;S
20240410;101759;161.7;100;10084089880;S
20240410;101759;161.7;300;10084089903;S
20240410;101800;161.7;100;10084089941;S
20240410;101800;161.72;20;10084089963;B
20240410;101800;161.72;10;10084090022;B
20240410;101801;161.7;20;10084090104;S
20240410;101801;161.7;300;10084090105;S
20240410;101801;161.68;2000;10084090106;S
20240410;101801;161.68;10;10084090107;S
20240410;101801;161.66;420;10084090108;S
20240410;101801;161.66;250;10084090109;S
20240410;101801;161.66;10;10084090110;S
20240410;101801;161.64;4190;10084090111;S
20240410;101802;161.64;3600;10084090236;S
20240410;101802;161.72;160;10084090247;B
20240410;101802;161.72;190;10084090248;B
20240410;101802;161.68;10;10084090324;B
20240410;101802;161.64;90;10084090340;S
20240410;101802;161.68;20;10084090390;B
20240410;101803;161.64;70;10084090435;S
20240410;101803;161.64;2000;10084090495;S
20240410;101803;161.66;1000;10084090513;B
20240410;101803;161.68;170;10084090514;B
20240410;101803;161.7;20;10084090515;B
20240410;101803;161.7;1500;10084090516;B
20240410;101803;161.72;310;10084090517;B
20240410;101803;161.72;30;10084090518;B
20240410;101803;161.72;20;10084090519;B
20240410;101803;161.72;1000;10084090520;B
20240410;101803;161.72;10;10084090521;B
20240410;101803;161.72;10;10084090537;S
20240410;101803;161.74;10;10084090538;B
20240410;101803;161.76;470;10084090539;B
20240410;101803;161.76;1240;10084090540;B
20240410;101803;161.76;200;10084090541;B
20240410;101803;161.78;1000;10084090542;B
20240410;101803;161.78;2080;10084090543;B
20240410;101804;161.72;880;10084090619;S
20240410;101804;161.78;270;10084090652;B
20240410;101804;161.78;50;10084090653;B
20240410;101804;161.8;430;10084090654;B
20240410;101804;161.72;50;10084090714;S
20240410;101804;161.72;10;10084090715;S
20240410;101804;161.72;100;10084090716;S
20240410;101804;161.66;20;10084090717;S
20240410;101804;161.66;20;10084090718;S
20240410;101804;161.78;60;10084090723;B
20240410;101805;161.74;20;10084090819;S
20240410;101805;161.7;10;10084090849;B
20240410;101806;161.7;10;10084091007;B
20240410;101806;161.68;200;10084091035;S
20240410;101806;161.66;290;10084091036;S
20240410;101807;161.7;10;10084091156;B
20240410;101807;161.7;50;10084091157;B
20240410;101807;161.76;1120;10084091158;B
20240410;101807;161.76;9740;10084091159;B
20240410;101807;161.76;200;10084091160;B
20240410;101807;161.78;1880;10084091161;B
20240410;101807;161.66;340;10084091175;S
20240410;101807;161.66;440;10084091176;S
20240410;101807;161.66;500;10084091177;S
20240410;101807;161.64;520;10084091178;S
20240410;101808;161.66;50;10084091234;S
20240410;101809;161.68;20;10084091431;B
20240410;101809;161.7;10;10084091432;B
20240410;101809;161.66;300;10084091441;S
20240410;101809;161.66;160;10084091453;S
20240410;101810;161.66;840;10084091625;B
20240410;101810;161.7;3000;10084091682;S
20240410;101810;161.7;740;10084091683;S
20240410;101811;161.72;250;10084091787;B
20240410;101811;161.72;10;10084091828;B
20240410;101811;161.7;90;10084091834;S
20240410;101812;161.72;170;10084091857;B
20240410;101813;161.7;10;10084092074;S
20240410;101814;161.7;100;10084092175;S
20240410;101814;161.7;50;10084092189;S
20240410;101814;161.7;500;10084092191;S
20240410;101815;161.72;290;10084092247;B
20240410;101815;161.72;200;10084092248;B
20240410;101815;161.76;10;10084092249;B
20240410;101816;161.74;10;10084092500;S
20240410;101817;161.76;300;10084092531;B
20240410;101817;161.74;40;10084092553;S
20240410;101817;161.74;20;10084092554;S
20240410;101817;161.72;200;10084092555;S
20240410;101817;161.72;240;10084092556;S
20240410;101817;161.74;130;10084092674;B
20240410;101817;161.76;1190;10084092675;B
20240410;101817;161.76;180;10084092676;B
20240410;101817;161.74;100;10084092725;S
20240410;101817;161.74;10;10084092735;S
20240410;101817;161.76;20;10084092736;B
20240410;101818;161.8;500;10084092812;B
20240410;101819;161.78;100;10084092929;S
20240410;101819;161.78;3000;10084092930;S
20240410;101819;161.8;200;10084092931;B
20240410;101819;161.8;400;10084092932;B
20240410;101820;161.8;100;10084093056;S
20240410;101820;161.8;170;10084093074;S
20240410;101820;161.8;630;10084093167;S
20240410;101820;161.78;370;10084093168;S
20240410;101821;161.78;100;10084093249;S
20240410;101821;161.78;100;10084093274;S
20240410;101822;161.78;30;10084093335;S
20240410;101822;161.8;390;10084093339;B
20240410;101822;161.8;380;10084093340;B
20240410;101822;161.8;400;10084093341;B
20240410;101822;161.82;110;10084093342;B
20240410;101822;161.84;600;10084093343;B
20240410;101822;161.86;100;10084093344;B
20240410;101822;161.86;50;10084093345;B
20240410;101822;161.86;20;10084093346;B
20240410;101822;161.86;540;10084093347;B
20240410;101822;161.88;2500;10084093348;B
20240410;101822;161.9;100;10084093349;B
20240410;101822;161.9;610;10084093350;B
20240410;101822;161.88;1700;10084093437;B
20240410;101823;161.9;1000;10084093514;B
20240410;101823;161.82;200;10084093600;S
20240410;101823;161.82;50;10084093601;S
20240410;101823;161.8;450;10084093651;S
20240410;101823;161.84;700;10084093807;S
20240410;101826;161.92;10;10084094346;B
20240410;101826;161.94;990;10084094347;B
20240410;101826;161.86;20;10084094355;S
20240410;101826;161.94;30;10084094383;B
20240410;101826;161.86;180;10084094440;S
20240410;101826;161.86;10;10084094441;S
20240410;101826;161.86;10;10084094442;S
20240410;101826;161.96;10;10084094484;B
20240410;101826;161.96;260;10084094485;B
20240410;101826;161.96;2990;10084094486;B
20240410;101826;161.98;10;10084094487;B
20240410;101826;161.98;1960;10084094488;B
20240410;101826;161.98;3660;10084094489;B
20240410;101826;161.98;2000;10084094490;B
20240410;101826;162;50;10084094491;B
20240410;101826;162;1060;10084094492;B
20240410;101826;161.88;90;10084094515;S
20240410;101827;161.98;6000;10084094534;B
20240410;101827;161.98;20;10084094548;B
20240410;101827;161.88;1410;10084094558;S
20240410;101827;161.88;590;10084094640;B
20240410;101827;161.96;500;10084094641;B
20240410;101827;161.96;880;10084094642;B
20240410;101827;162;340;10084094650;B
20240410;101827;162;10;10084094651;B
20240410;101827;162;1300;10084094652;B
20240410;101827;162;350;10084094653;B
20240410;101827;162;840;10084094656;B
20240410;101827;162;610;10084094657;B
20240410;101827;162;3550;10084094658;B
20240410;101828;162;2750;10084094744;B
20240410;101828;162;300;10084094745;B
20240410;101828;162;190;10084094746;B
20240410;101828;162;1000;10084094747;B
20240410;101828;162;100;10084094748;B
20240410;101828;162;660;10084094749;B
20240410;101828;162;2000;10084094759;B
20240410;101828;162;1000;10084094762;B
20240410;101828;162;5000;10084094809;B
20240410;101828;161.98;20;10084094810;S
20240410;101828;161.98;30;10084094816;B
20240410;101828;162;2470;10084094817;B
20240410;101828;162;1000;10084094842;B
20240410;101828;162;10000;10084094858;B
20240410;101828;162;100;10084094862;B
20240410;101828;162;200;10084094869;B
20240410;101829;162;1370;10084094901;B
20240410;101829;162;1000;10084094902;B
20240410;101829;162;40;10084094903;B
20240410;101829;162;100;10084094904;B
20240410;101829;162;150;10084094905;B
20240410;101829;162.04;1000;10084094906;B
20240410;101829;162.08;200;10084094907;B
20240410;101829;162.12;10;10084094935;B
20240410;101829;162.14;10;10084094936;B
20240410;101829;162.14;20;10084094937;B
20240410;101829;162.18;100;10084094938;B
20240410;101829;162.2;10;10084094939;B
20240410;101829;162.2;50;10084094940;B
20240410;101829;162.2;200;10084094941;B
20240410;101829;162.2;200;10084094942;B
20240410;101829;162.2;40;10084094964;B
20240410;101829;162.22;30;10084094996;B
20240410;101829;162.12;10;10084095011;S
20240410;101830;162.2;50;10084095068;B
20240410;101830;162.22;610;10084095069;B
20240410;101830;162.24;200;10084095070;B
20240410;101830;162.26;10;10084095071;B
20240410;101830;162.26;360;10084095072;B
20240410;101830;162.28;20;10084095073;B
20240410;101830;162.28;200;10084095074;B
20240410;101830;162.28;200;10084095075;B
20240410;101830;162.28;10;10084095076;B
20240410;101830;162.28;840;10084095077;B
20240410;101831;162.16;10;10084095487;S
20240410;101831;162.16;20;10084095488;S
20240410;101831;162.16;200;10084095489;S
20240410;101831;162.16;20;10084095490;S
20240410;101831;162.14;20;10084095491;S
20240410;101831;162.14;10;10084095492;S
20240410;101833;162.18;10;10084095748;B
20240410;101833;162.18;40;10084095787;B
20240410;101833;162.18;410;10084095788;B
20240410;101834;162.18;400;10084095857;B
20240410;101834;162.16;10;10084095870;S
20240410;101834;162.14;90;10084095871;S
20240410;101834;162.14;1000;10084095938;S
20240410;101835;162.14;10;10084096142;S
20240410;101837;162.14;520;10084096382;S
20240410;101838;162.16;180;10084096823;B
20240410;101838;162.14;100;10084096949;S
20240410;101838;162.14;10;10084096999;S
20240410;101839;162.14;400;10084097112;S
20240410;101839;162.16;10;10084097176;B
20240410;101839;162.16;100;10084097201;B
20240410;101839;162.16;30;10084097202;B
20240410;101839;162.16;290;10084097211;B
20240410;101839;162.16;10;10084097212;B
20240410;101839;162.16;120;10084097213;B
20240410;101839;162.16;10;10084097214;B
20240410;101839;162.18;2760;10084097215;B
20240410;101839;162.18;50;10084097247;B
20240410;101840;162.16;20;10084097259;S
20240410;101840;162.18;380;10084097371;B
20240410;101840;162.2;50;10084097372;B
20240410;101840;162.22;1220;10084097373;B
20240410;101840;162.22;10;10084097374;B
20240410;101840;162.24;1000;10084097375;B
20240410;101840;162.24;1500;10084097376;B
20240410;101840;162.26;10;10084097377;B
20240410;101840;162.26;250;10084097378;B
20240410;101840;162.26;2920;10084097379;B
20240410;101841;162.24;10;10084097456;B
20240410;101841;162.26;20;10084097502;B
20240410;101842;162.26;30;10084097733;B
20240410;101842;162.24;570;10084097770;S
20240410;101842;162.26;300;10084097837;B
20240410;101844;162.26;10;10084098206;B
20240410;101844;162.26;10;10084098207;B
20240410;101844;162.24;20;10084098287;S
20240410;101844;162.26;1000;10084098299;B
20240410;101846;162.26;20;10084098640;B
20240410;101846;162.26;600;10084098676;B
20240410;101846;162.24;630;10084098773;S
20240410;101846;162.24;1370;10084098774;S
20240410;101846;162.24;20;10084098794;S
20240410;101846;162.24;600;10084098799;S
20240410;101846;162.24;10;10084098804;S
20240410;101847;162.24;20;10084098851;B
20240410;101847;162.22;100;10084098890;S
20240410;101847;162.24;100;10084099022;B
20240410;101847;162.24;10;10084099136;B
20240410;101848;162.22;900;10084099412;S
20240410;101848;162.22;290;10084099413;S
20240410;101848;162.2;600;10084099414;S
20240410;101848;162.18;200;10084099415;S
20240410;101848;162.18;10;10084099416;S
20240410;101849;162.22;530;10084099481;B
20240410;101849;162.16;600;10084099529;S
20240410;101849;162.16;2000;10084099751;S
20240410;101849;162.16;200;10084099778;S
20240410;101849;162.14;800;10084099779;S
20240410;101850;162.2;50;10084099863;B
20240410;101850;162.2;50;10084099864;B
20240410;101850;162.14;2000;10084099882;S
20240410;101850;162.14;10;10084099953;S
20240410;101850;162.14;6910;10084099954;S
20240410;101850;162.12;60;10084099955;S
20240410;101850;162.12;200;10084099956;S
20240410;101850;162.1;260;10084099957;S
20240410;101850;162.1;10;10084099958;S
20240410;101850;162.1;200;10084099959;S
20240410;101850;162.1;50;10084099960;S
20240410;101850;162.1;450;10084099961;S
20240410;101850;162.08;1500;10084099962;S
20240410;101850;162.06;4500;10084099963;S
20240410;101850;162.06;2000;10084099964;S
20240410;101850;162.04;250;10084099965;S
20240410;101850;162.04;30;10084099966;S
20240410;101850;162.04;30;10084099967;S
20240410;101850;162.04;50;10084099968;S
20240410;101850;162.04;2500;10084099969;S
20240410;101851;162.02;10;10084100186;S
20240410;101851;162.02;20;10084100271;S
20240410;101851;162.02;30;10084100272;S
20240410;101851;162;30;10084100273;S
20240410;101851;162;30;10084100274;S
20240410;101851;162;50;10084100275;S
20240410;101851;161.98;100;10084100276;S
20240410;101851;161.98;60;10084100332;B
20240410;101851;161.98;30;10084100352;B
20240410;101853;161.94;10;10084100560;S
20240410;101853;161.94;20;10084100561;S
20240410;101854;161.96;20;10084100661;B
20240410;101854;161.94;10;10084100697;S
20240410;101854;161.94;40;10084100698;S
20240410;101854;161.94;60;10084100769;S
20240410;101854;161.92;1940;10084100770;S
20240410;101855;161.96;100;10084100800;B
20240410;101855;161.92;150;10084100884;S
20240410;101857;161.96;100;10084101072;B
20240410;101857;161.96;900;10084101073;B
20240410;101857;161.92;90;10084101127;S
20240410;101857;161.92;800;10084101144;S
20240410;101858;161.96;10;10084101268;B
20240410;101859;161.96;10;10084101335;B
20240410;101859;161.94;200;10084101343;S
20240410;101859;161.94;220;10084101344;S
20240410;101859;161.94;30;10084101345;S
20240410;101859;161.94;10;10084101346;S
20240410;101859;161.92;540;10084101347;S
20240410;101900;161.92;10;10084101485;S
20240410;101901;161.96;20;10084101528;B
20240410;101902;161.92;920;10084101672;S
20240410;101904;161.92;50;10084101929;S
20240410;101904;161.92;300;10084101930;S
20240410;101904;161.9;530;10084101931;S
20240410;101904;161.88;1120;10084101932;S
20240410;101904;161.94;80;10084101958;B
20240410;101906;161.92;200;10084102164;B
20240410;101906;161.92;800;10084102165;B
20240410;101906;161.88;2660;10084102196;S
20240410;101907;161.92;10;10084102292;B
20240410;101907;161.92;10;10084102335;B
20240410;101908;161.88;320;10084102516;S
20240410;101908;161.88;100;10084102517;S
20240410;101908;161.86;50;10084102518;S
20240410;101908;161.84;1000;10084102519;S
20240410;101908;161.84;430;10084102520;S
20240410;101908;161.84;600;10084102521;S
20240410;101909;161.88;10;10084102564;B
20240410;101909;161.84;50;10084102593;S
20240410;101909;161.82;30;10084102594;S
20240410;101909;161.82;200;10084102595;S
20240410;101909;161.8;10;10084102596;S
20240410;101909;161.8;10;10084102597;S
20240410;101909;161.8;1060;10084102598;S
20240410;101910;161.8;300;10084102720;B
20240410;101910;161.78;50;10084102754;S
20240410;101910;161.78;5130;10084102755;S
20240410;101910;161.76;10;10084102756;S
20240410;101910;161.76;80;10084102757;S
20240410;101910;161.76;10;10084102758;S
20240410;101910;161.76;100;10084102759;S
20240410;101910;161.76;10;10084102760;S
20240410;101910;161.76;430;10084102761;S
20240410;101910;161.76;20;10084102788;B
20240410;101910;161.74;30;10084102812;S
20240410;101910;161.74;70;10084102813;S
20240410;101911;161.76;80;10084103144;B
20240410;101911;161.76;10;10084103188;B
20240410;101912;161.76;100;10084103296;B
20240410;101912;161.74;40;10084103402;S
20240410;101913;161.76;80;10084103630;B
20240410;101914;161.76;20;10084103813;B
20240410;101915;161.76;520;10084103842;B
20240410;101916;161.76;10;10084104094;B
20240410;101916;161.76;100;10084104147;B
20240410;101916;161.76;200;10084104148;B
20240410;101917;161.76;50;10084104265;S
20240410;101917;161.76;20;10084104266;S
20240410;101917;161.76;420;10084104281;S
20240410;101918;161.78;30;10084104349;S
20240410;101919;161.78;20;10084104612;S
20240410;101919;161.78;10;10084104613;S
20240410;101919;161.76;470;10084104614;S
20240410;101919;161.76;100;10084104615;S
20240410;101919;161.76;60;10084104646;S
20240410;101921;161.76;50;10084105253;S
20240410;101921;161.82;10;10084105371;B
20240410;101921;161.82;40;10084105449;B
20240410;101922;161.82;150;10084105524;B
20240410;101922;161.84;100;10084105525;B
20240410;101922;161.78;1000;10084105587;S
20240410;101923;161.8;100;10084105768;S
20240410;101923;161.82;10;10084105801;B
20240410;101923;161.82;60;10084105824;B
20240410;101924;161.8;10;10084105983;S
20240410;101924;161.8;2000;10084106067;S
20240410;101925;161.8;10;10084106133;S
20240410;101925;161.8;100;10084106378;S
20240410;101927;161.8;300;10084106707;S
20240410;101927;161.8;150;10084106753;S
20240410;101928;161.8;100;10084106900;S
20240410;101928;161.8;230;10084106933;S
20240410;101928;161.8;10;10084106934;S
20240410;101928;161.8;260;10084106935;S
20240410;101928;161.82;10;10084107007;B
20240410;101929;161.8;190;10084107054;S
20240410;101929;161.82;120;10084107103;B
20240410;101929;161.84;80;10084107104;B
20240410;101929;161.82;20;10084107111;S
20240410;101930;161.84;100;10084107235;B
20240410;101930;161.84;10;10084107270;B
20240410;101930;161.84;20;10084107288;B
20240410;101931;161.84;80;10084107586;B
20240410;101932;161.88;10;10084107674;B
20240410;101932;161.88;170;10084107803;B
20240410;101932;161.88;130;10084107804;B
20240410;101934;161.84;120;10084108231;S
20240410;101934;161.84;100;10084108232;S
20240410;101934;161.82;450;10084108233;S
20240410;101934;161.82;30;10084108234;S
20240410;101934;161.82;120;10084108242;S
20240410;101934;161.82;260;10084108243;S
20240410;101934;161.82;10;10084108244;S
20240410;101934;161.8;110;10084108245;S
20240410;101934;161.8;200;10084108266;S
20240410;101935;161.88;60;10084108310;B
20240410;101935;161.9;10;10084108311;B
20240410;101935;161.9;50;10084108312;B
20240410;101935;161.9;10;10084108313;B
20240410;101935;161.92;1870;10084108314;B
20240410;101936;161.9;340;10084108530;B
20240410;101936;161.9;160;10084108531;B
20240410;101936;161.9;190;10084108615;B
20240410;101936;161.92;60;10084108616;B
20240410;101936;161.82;80;10084108620;S
20240410;101936;161.92;70;10084108637;B
20240410;101936;161.92;50;10084108638;B
20240410;101937;161.82;120;10084108743;S
20240410;101938;161.82;130;10084109027;S
20240410;101938;161.82;30;10084109028;S
20240410;101938;161.82;20;10084109029;S
20240410;101938;161.8;150;10084109030;S
20240410;101938;161.8;10;10084109031;S
20240410;101938;161.8;170;10084109032;S
20240410;101938;161.8;50;10084109033;S
20240410;101938;161.8;340;10084109034;S
20240410;101938;161.88;160;10084109066;B
20240410;101938;161.88;10;10084109067;B
20240410;101938;161.88;30;10084109071;S
20240410;101938;161.8;10;10084109072;S
20240410;101938;161.78;40;10084109073;S
20240410;101938;161.78;60;10084109074;S
20240410;101939;161.86;10;10084109133;B
20240410;101940;161.82;10;10084109504;S
20240410;101940;161.82;90;10084109505;S
20240410;101941;161.84;200;10084109579;B
20240410;101941;161.84;50;10084109580;B
20240410;101941;161.86;50;10084109581;B
20240410;101941;161.82;10;10084109711;S
20240410;101941;161.8;500;10084109712;S
20240410;101941;161.8;160;10084109713;S
20240410;101941;161.78;140;10084109714;S
20240410;101941;161.78;250;10084109715;S
20240410;101941;161.78;200;10084109716;S
20240410;101941;161.78;410;10084109717;S
20240410;101941;161.76;230;10084109718;S
20240410;101941;161.76;40;10084109719;S
20240410;101941;161.76;10;10084109720;S
20240410;101941;161.76;10;10084109721;S
20240410;101941;161.76;40;10084109722;S
20240410;101942;161.76;60;10084109895;S
20240410;101942;161.76;200;10084109896;S
20240410;101942;161.76;160;10084109897;S
20240410;101943;161.76;10;10084109977;B
20240410;101943;161.76;10;10084109991;B
20240410;101943;161.76;10;10084110016;B
20240410;101943;161.76;10;10084110044;B
20240410;101943;161.76;100;10084110066;B
20240410;101943;161.82;160;10084110067;B
20240410;101943;161.84;740;10084110068;B
20240410;101944;161.82;10;10084110118;B
20240410;101945;161.82;150;10084110228;B
20240410;101945;161.84;530;10084110229;B
20240410;101945;161.84;3660;10084110230;B
20240410;101945;161.86;2660;10084110231;B
20240410;101945;161.8;160;10084110303;S
20240410;101946;161.8;240;10084110456;B
20240410;101946;161.82;2000;10084110457;B
20240410;101946;161.82;160;10084110458;B
20240410;101946;161.9;520;10084110459;B
20240410;101946;161.92;1000;10084110460;B
20240410;101946;161.92;6070;10084110461;B
20240410;101946;161.9;10;10084110496;B
20240410;101946;161.9;30;10084110497;B
20240410;101946;161.82;2590;10084110551;B
20240410;101947;161.8;50;10084110620;S
20240410;101947;161.8;100;10084110621;S
20240410;101947;161.78;850;10084110622;S
20240410;101947;161.84;10;10084110724;S
20240410;101947;161.82;10;10084110725;S
20240410;101947;161.82;400;10084110726;S
20240410;101947;161.8;180;10084110727;S
20240410;101948;161.88;10;10084110827;B
20240410;101948;161.8;10;10084110885;S
20240410;101948;161.8;10;10084110906;S
20240410;101948;161.8;310;10084110907;S
20240410;101948;161.82;10;10084110912;B
20240410;101948;161.8;20;10084110954;S
20240410;101948;161.8;300;10084110955;S
20240410;101949;161.8;10;10084111094;B
20240410;101950;161.78;170;10084111290;S
20240410;101950;161.78;750;10084111304;B
20240410;101950;161.78;220;10084111344;B
20240410;101950;161.8;410;10084111345;B
20240410;101950;161.8;200;10084111346;B
20240410;101950;161.8;170;10084111347;B
20240410;101950;161.8;2280;10084111348;B
20240410;101952;161.8;90;10084111476;S
20240410;101952;161.82;400;10084111477;B
20240410;101953;161.8;10;10084111656;S
20240410;101953;161.82;2390;10084111697;B
20240410;101953;161.8;10;10084111714;S
20240410;101954;161.82;100;10084111878;B
20240410;101954;161.82;1100;10084111879;B
20240410;101954;161.84;1000;10084111880;B
20240410;101954;161.88;60;10084111950;B
20240410;101954;161.88;180;10084112000;B
20240410;101954;161.86;10;10084112096;S
20240410;101954;161.86;40;10084112107;S
20240410;101954;161.84;160;10084112108;S
20240410;101954;161.88;20;10084112118;B
20240410;101955;161.84;10;10084112141;S
20240410;101955;161.84;40;10084112142;S
20240410;101956;161.86;150;10084112320;S
20240410;101956;161.84;170;10084112321;S
20240410;101956;161.82;490;10084112322;S
20240410;101956;161.88;140;10084112351;B
20240410;101956;161.88;10;10084112507;S
20240410;101956;161.86;10;10084112508;S
20240410;101957;161.86;20;10084112516;S
20240410;101957;161.9;100;10084112559;B
20240410;101957;161.9;870;10084112567;B
20240410;101957;161.92;170;10084112568;B
20240410;101957;161.94;3960;10084112569;B
20240410;101957;161.92;10;10084112575;B
20240410;101957;161.9;390;10084112577;S
20240410;101957;161.88;200;10084112578;S
20240410;101957;161.88;9410;10084112579;S
20240410;101957;161.86;500;10084112627;S
20240410;101958;161.94;2040;10084112857;B
20240410;101958;161.98;10;10084112858;B
20240410;101958;161.98;700;10084112859;B
20240410;101958;162;10;10084112860;B
20240410;101958;162;200;10084112861;B
20240410;101958;162;450;10084112862;B
20240410;101958;162;2770;10084112863;B
20240410;102000;161.92;200;10084113304;S
20240410;102000;161.9;50;10084113305;S
20240410;102000;161.9;350;10084113306;S
20240410;102000;161.92;10;10084113350;S
20240410;102000;161.92;90;10084113456;S
20240410;102000;161.88;10;10084113457;S
20240410;102003;161.88;10;10084113931;S
20240410;102003;161.88;10;10084113999;S
20240410;102004;161.86;10;10084114120;S
20240410;102004;161.88;10;10084114181;S
20240410;102004;161.88;190;10084114210;S
20240410;102004;161.86;160;10084114211;S
20240410;102004;161.86;380;10084114212;S
20240410;102004;161.86;730;10084114213;S
20240410;102004;161.84;30;10084114214;S
20240410;102004;161.84;10;10084114224;S
20240410;102004;161.96;20;10084114284;B
20240410;102004;161.98;20;10084114285;B
20240410;102004;161.98;10;10084114286;B
20240410;102004;161.98;200;10084114287;B
20240410;102005;161.86;180;10084114294;S
20240410;102005;161.84;20;10084114295;S
20240410;102005;161.88;10;10084114335;S
20240410;102005;161.88;10;10084114419;S
20240410;102006;161.96;40;10084114512;B
20240410;102006;161.88;10;10084114536;S
20240410;102007;161.88;170;10084114754;S
20240410;102007;161.86;180;10084114755;S
20240410;102007;161.86;270;10084114756;S
20240410;102007;161.84;10;10084114762;S
20240410;102007;161.96;130;10084114820;B
20240410;102007;161.96;220;10084114821;B
20240410;102007;161.84;10;10084114830;S
20240410;102008;161.84;10;10084115041;S
20240410;102008;161.92;50;10084115108;B
20240410;102008;161.94;170;10084115109;B
20240410;102008;161.96;920;10084115110;B
20240410;102008;161.96;10;10084115111;B
20240410;102008;161.98;3850;10084115112;B
20240410;102008;161.84;10;10084115187;S
20240410;102008;161.96;150;10084115204;B
20240410;102009;161.84;10;10084115332;S
20240410;102009;161.86;10;10084115410;S
20240410;102010;161.86;10;10084115629;S
20240410;102010;161.86;140;10084115646;S
20240410;102010;161.96;20;10084115664;B
20240410;102010;161.98;20;10084115665;B
20240410;102010;161.98;710;10084115666;B
20240410;102010;162;10;10084115667;B
20240410;102010;162;800;10084115668;B
20240410;102010;161.9;10;10084115729;S
20240410;102010;161.9;30;10084115740;S
20240410;102011;161.9;10;10084115781;S
20240410;102011;161.9;120;10084115837;S
20240410;102011;161.88;1290;10084115838;S
20240410;102011;161.88;370;10084115839;S
20240410;102011;161.86;190;10084115840;S
20240410;102011;161.86;50;10084115841;S
20240410;102011;161.84;10;10084115842;S
20240410;102011;161.84;2470;10084115843;S
20240410;102011;161.84;10;10084115882;S
20240410;102012;161.84;10;10084115956;S
20240410;102012;161.92;50;10084116017;B
20240410;102012;161.94;170;10084116018;B
20240410;102012;161.96;10;10084116111;B
20240410;102012;161.94;10;10084116126;S
20240410;102012;161.94;350;10084116143;S
20240410;102013;161.94;420;10084116244;S
20240410;102013;161.84;10;10084116289;S
20240410;102013;161.9;10;10084116332;B
20240410;102013;161.84;90;10084116356;S
20240410;102013;161.84;10;10084116447;S
20240410;102014;161.84;10;10084116589;S
20240410;102014;161.84;10;10084116652;S
20240410;102015;161.84;20;10084116743;S
20240410;102015;161.84;640;10084116744;S
20240410;102015;161.82;10;10084116745;S
20240410;102015;161.9;10;10084116781;B
20240410;102015;161.82;10;10084116798;S
20240410;102015;161.82;10;10084116860;S
20240410;102016;161.86;10;10084116919;S
20240410;102016;161.86;10;10084117078;S
20240410;102016;161.88;10;10084117100;B
20240410;102017;161.82;10;10084117194;S
20240410;102017;161.82;70;10084117227;S
20240410;102017;161.82;60;10084117228;S
20240410;102017;161.82;10;10084117291;S
20240410;102017;161.82;10;10084117332;S
20240410;102018;161.82;10;10084117401;S
20240410;102018;161.88;150;10084117413;B
20240410;102018;161.9;160;10084117414;B
20240410;102018;161.9;20;10084117415;B
20240410;102018;161.9;1220;10084117416;B
20240410;102018;161.9;10;10084117449;S
20240410;102018;161.9;10;10084117460;S
20240410;102019;161.9;10;10084117519;S
20240410;102019;161.9;10;10084117561;S
20240410;102020;161.9;10;10084117726;S
20240410;102020;161.9;10;10084117870;S
20240410;102020;161.94;80;10084118588;B
20240410;102020;161.96;120;10084118589;B
20240410;102021;161.92;10;10084118969;S
20240410;102021;161.92;10;10084119116;S
20240410;102022;161.92;140;10084119214;S
20240410;102022;161.92;1220;10084119215;S
20240410;102022;161.9;1130;10084119216;S
20240410;102022;161.9;10;10084119274;S
20240410;102022;161.9;10;10084120396;S
20240410;102023;161.9;10;10084120460;S
20240410;102023;161.9;10;10084121321;S
20240410;102024;161.9;10;10084121365;S
20240410;102024;161.9;10;10084121471;S
20240410;102025;161.9;10;10084121550;S
20240410;102026;161.9;10;10084121654;S
20240410;102026;161.96;10;10084121739;B
20240410;102026;161.9;10;10084121757;S
20240410;102026;161.9;10;10084121926;S
20240410;102027;161.9;10;10084121947;S
20240410;102027;161.96;30;10084121989;B
20240410;102027;161.9;10;10084122228;S
20240410;102027;161.9;10;10084122261;S
20240410;102027;161.96;100;10084122304;B
20240410;102028;161.94;10;10084122395;B
20240410;102028;161.9;10;10084122464;S
20240410;102028;161.9;10;10084122522;S
20240410;102028;161.92;100;10084122544;B
20240410;102028;161.92;10;10084122545;B
20240410;102028;161.96;190;10084122546;B
20240410;102029;161.9;10;10084122624;S
20240410;102029;161.9;10;10084122702;S
20240410;102030;161.9;10;10084122769;S
20240410;102030;161.9;10;10084122848;S
20240410;102030;161.9;10;10084122908;S
20240410;102031;161.92;10;10084123094;S
20240410;102031;161.92;10;10084124481;S
20240410;102032;161.92;50;10084124522;S
20240410;102032;161.92;10;10084124539;S
20240410;102032;161.92;10;10084124598;S
20240410;102033;161.92;10;10084124668;S
20240410;102033;161.92;10;10084124756;S
20240410;102033;161.92;90;10084124760;S
20240410;102034;161.9;10;10084124849;S
20240410;102034;161.94;10;10084124854;B
20240410;102034;161.94;50;10084124855;B
20240410;102034;161.96;140;10084124856;B
20240410;102034;161.9;10;10084124957;S
20240410;102035;161.9;10;10084125064;S
20240410;102035;161.9;10;10084125163;S
20240410;102035;161.96;50;10084125204;B
20240410;102036;161.9;10;10084125238;S
20240410;102036;161.9;10;10084125328;S
20240410;102036;161.9;10;10084125372;S
20240410;102036;161.9;20;10084125373;S
20240410;102036;161.9;20;10084125374;S
20240410;102036;161.9;10;10084125375;S
20240410;102036;161.88;160;10084125376;S
20240410;102036;161.88;350;10084125377;S
20240410;102036;161.86;500;10084125378;S
20240410;102036;161.86;10;10084125379;S
20240410;102036;161.86;40;10084125380;S
20240410;102037;161.86;10;10084125405;S
20240410;102037;161.9;10;10084125488;S
20240410;102038;161.9;10;10084125564;S
20240410;102038;161.96;70;10084125612;B
20240410;102038;161.96;30;10084125613;B
20240410;102038;161.9;10;10084125615;S
20240410;102038;161.9;10;10084125668;S
20240410;102039;161.96;10;10084125708;B
20240410;102039;161.9;10;10084125733;S
20240410;102039;161.9;10;10084125823;S
20240410;102040;161.9;10;10084125903;S
20240410;102040;161.96;60;10084125929;B
20240410;102040;161.96;340;10084125930;B
20240410;102040;161.9;10;10084125977;S
20240410;102041;161.96;100;10084127168;B
20240410;102041;161.88;10;10084127579;S
20240410;102041;161.9;10;10084128792;S
20240410;102042;161.9;10;10084128846;S
20240410;102042;161.9;10;10084128939;S
20240410;102043;161.9;10;10084128992;S
20240410;102043;161.9;10;10084129265;S
20240410;102044;161.9;10;10084129403;S
20240410;102044;161.9;1060;10084129456;S
20240410;102044;161.9;10;10084129480;S
20240410;102044;161.9;900;10084129600;S
20240410;102045;161.9;10;10084129641;S
20240410;102045;161.9;10;10084129678;S
20240410;102045;161.9;10;10084129744;S
20240410;102045;161.96;280;10084129819;B
20240410;102045;161.96;20;10084129820;B
20240410;102046;161.96;20;10084129957;B
20240410;102047;161.9;10;10084130206;S
20240410;102048;161.96;10;10084130307;B
20240410;102048;161.96;30;10084130421;B
20240410;102050;161.9;120;10084131404;S
20240410;102051;161.9;300;10084131516;S
20240410;102052;161.9;10;10084132299;S
20240410;102052;161.96;80;10084132322;B
20240410;102052;161.96;100;10084132323;B
20240410;102052;161.96;720;10084132324;B
20240410;102052;161.96;100;10084132325;B
20240410;102054;161.9;10;10084132846;S
20240410;102054;161.9;30;10084132847;S
20240410;102054;161.9;50;10084132908;S
20240410;102055;161.96;50;10084133293;B
20240410;102055;161.96;50;10084133326;B
20240410;102055;161.96;720;10084133327;B
20240410;102055;161.98;20;10084133328;B
20240410;102055;161.98;3070;10084133329;B
20240410;102055;162;3180;10084133330;B
20240410;102055;162;10;10084133331;B
20240410;102055;162;40;10084133332;B
20240410;102055;162;100;10084133333;B
20240410;102055;162;500;10084133334;B
20240410;102055;162;150;10084133335;B
20240410;102055;162;100;10084133336;B
20240410;102055;162.02;290;10084133337;B
20240410;102056;161.94;10;10084133631;S
20240410;102058;161.92;140;10084134146;S
20240410;102058;161.94;10;10084134246;B
20240410;102059;161.92;200;10084134339;S
20240410;102100;161.94;20;10084134623;B
20240410;102101;161.92;30;10084134930;S
20240410;102101;161.92;10;10084134931;S
20240410;102101;161.92;50;10084134932;S
20240410;102101;161.94;10;10084134939;B
20240410;102102;161.92;290;10084135900;S
20240410;102103;161.94;60;10084136085;B
20240410;102103;161.96;100;10084136086;B
20240410;102103;161.96;330;10084136087;B
20240410;102103;161.96;360;10084136167;B
20240410;102103;161.96;30;10084136171;B
20240410;102103;161.96;100;10084136172;B
20240410;102104;161.96;720;10084136177;S
20240410;102104;161.96;100;10084136178;S
20240410;102104;161.96;720;10084136185;S
20240410;102104;161.96;100;10084136187;S
20240410;102104;161.96;150;10084136200;S
20240410;102104;161.96;20;10084136201;S
20240410;102104;161.92;660;10084136293;S
20240410;102104;161.92;10;10084136367;B
20240410;102105;161.9;70;10084136877;S
20240410;102105;161.9;500;10084137103;S
20240410;102106;161.92;330;10084137242;B
20240410;102106;161.94;150;10084137243;B
20240410;102106;161.96;20;10084137244;B
20240410;102109;161.92;10;10084138479;S
20240410;102109;161.94;80;10084138560;B
20240410;102109;161.94;10;10084138570;B
20240410;102111;161.94;60;10084139021;B
20240410;102112;161.92;90;10084139076;S
20240410;102112;161.92;90;10084139077;S
20240410;102112;161.94;10;10084139107;B
20240410;102112;161.96;530;10084139169;B
20240410;102112;161.96;70;10084139170;B
20240410;102116;161.96;30;10084141178;B
20240410;102116;161.96;70;10084141179;B
20240410;102116;161.94;10;10084141185;S
20240410;102116;161.96;90;10084141210;B
20240410;102116;161.96;560;10084141228;B
20240410;102116;161.96;1000;10084141229;B
20240410;102116;161.96;100;10084141230;B
20240410;102116;161.96;720;10084141237;S
20240410;102116;161.96;100;10084141238;S
20240410;102116;161.96;900;10084141247;S
20240410;102117;161.98;10;10084141295;B
20240410;102117;161.96;90;10084141498;S
20240410;102118;161.96;10;10084141670;S
20240410;102118;161.98;1210;10084141788;B
20240410;102118;161.98;180;10084141789;B
20240410;102118;161.98;50;10084141790;B
20240410;102118;161.98;130;10084141791;B
20240410;102118;161.98;110;10084141792;B
20240410;102118;161.98;20;10084141793;B
20240410;102118;161.98;630;10084141794;B
20240410;102118;162;100;10084141795;B
20240410;102118;162;7550;10084141796;B
20240410;102118;162;1770;10084141797;B
20240410;102118;162;1540;10084141798;B
20240410;102118;162;80;10084141799;B
20240410;102118;162;20;10084141800;B
20240410;102118;162;10;10084141801;B
20240410;102118;162;200;10084141802;B
20240410;102118;162;450;10084141803;B
20240410;102118;162;450;10084141804;B
20240410;102118;162;450;10084141805;B
20240410;102118;162;260;10084141806;B
20240410;102119;162;150;10084141993;S
20240410;102119;161.98;300;10084141994;S
20240410;102119;161.98;340;10084141995;S
20240410;102119;161.96;210;10084141996;S
20240410;102119;161.96;50;10084142040;S
20240410;102122;162.02;150;10084142528;B
20240410;102122;162.04;10;10084142529;B
20240410;102122;162.04;10;10084142530;B
20240410;102122;162.04;80;10084142531;B
20240410;102124;161.98;10;10084142930;S
20240410;102124;161.98;20;10084142931;S
20240410;102126;162.04;50;10084143717;B
20240410;102127;162.04;30;10084144682;B
20240410;102128;162;130;10084145232;S
20240410;102133;162;1220;10084147155;S
20240410;102133;162;80;10084147156;S
20240410;102133;162;50;10084147157;S
20240410;102133;162;150;10084147158;S
20240410;102133;162;330;10084147159;S
20240410;102133;162;100;10084147160;S
20240410;102134;162;20;10084147181;B
20240410;102135;161.98;20;10084147772;S
20240410;102135;161.98;10;10084147860;S
20240410;102136;161.98;50;10084148065;S
20240410;102136;162;100;10084148081;B
20240410;102136;161.98;10;10084148096;S
20240410;102137;162;990;10084148468;B
20240410;102137;162;250;10084148469;B
20240410;102137;162;100;10084148470;B
20240410;102137;162.04;240;10084148471;B
20240410;102137;162.04;1710;10084148472;B
20240410;102137;162.06;40;10084148480;B
20240410;102138;162.04;290;10084148600;S
20240410;102138;162.06;10;10084148787;B
20240410;102138;162.06;10;10084148788;B
20240410;102138;162.06;170;10084148806;B
20240410;102138;162.06;200;10084148839;B
20240410;102139;162.04;10;10084148867;S
20240410;102139;162.06;100;10084149230;B
20240410;102139;162.06;40;10084149732;B
20240410;102140;162.06;1480;10084150141;B
20240410;102140;162.06;10;10084150142;B
20240410;102141;162.06;70;10084150300;S
20240410;102141;162.08;10;10084150383;B
20240410;102141;162.1;20;10084150384;B
20240410;102141;162.06;40;10084150417;S
20240410;102142;162.1;20;10084150523;B
20240410;102142;162.08;10;10084151506;S
20240410;102143;162.08;20;10084152016;S
20240410;102144;162.08;10;10084152228;S
20240410;102144;162.08;110;10084152335;S
20240410;102144;162.06;190;10084152336;S
20240410;102146;162.06;210;10084152980;S
20240410;102146;162.06;20;10084152981;S
20240410;102147;162.08;10;10084153492;B
20240410;102147;162.1;100;10084153493;B
20240410;102147;162.12;90;10084153494;B
20240410;102147;162.12;110;10084153579;B
20240410;102147;162.12;10;10084153580;B
20240410;102147;162.12;10;10084153581;B
20240410;102147;162.12;100;10084153582;B
20240410;102147;162.14;600;10084153583;B
20240410;102149;162.12;30;10084153978;B
20240410;102149;162.08;10;10084154087;S
20240410;102150;162.12;20;10084154193;B
20240410;102150;162.12;90;10084154324;B
20240410;102150;162.14;400;10084154325;B
20240410;102150;162.16;40;10084154326;B
20240410;102150;162.16;1300;10084154327;B
20240410;102152;162.18;10;10084154933;B
20240410;102152;162.18;10;10084154934;B
20240410;102152;162.18;10;10084154935;B
20240410;102152;162.2;90;10084154936;B
20240410;102152;162.2;2000;10084154937;B
20240410;102152;162.2;400;10084154938;B
20240410;102152;162.22;200;10084154939;B
20240410;102152;162.22;1000;10084154940;B
20240410;102152;162.22;400;10084154941;B
20240410;102152;162.24;20;10084154942;B
20240410;102152;162.24;1000;10084154943;B
20240410;102152;162.24;400;10084154944;B
20240410;102152;162.24;700;10084154945;B
20240410;102152;162.24;900;10084154946;B
20240410;102152;162.24;100;10084154947;B
20240410;102152;162.24;10;10084154948;B
20240410;102152;162.24;10;10084154949;B
20240410;102152;162.24;10;10084154950;B
20240410;102152;162.24;1000;10084154951;B
20240410;102152;162.24;4000;10084154952;B
20240410;102152;162.26;20;10084154953;B
20240410;102152;162.26;10000;10084154954;B
20240410;102152;162.28;10;10084154955;B
20240410;102152;162.28;10;10084154956;B
20240410;102152;162.28;2000;10084154957;B
20240410;102152;162.3;300;10084154958;B
20240410;102152;162.3;30;10084154959;B
20240410;102152;162.3;10;10084154960;B
20240410;102152;162.3;10;10084154961;B
20240410;102152;162.3;10;10084154962;B
20240410;102152;162.3;10;10084154963;B
20240410;102152;162.3;10;10084154964;B
20240410;102152;162.3;1220;10084154965;B
20240410;102152;162.32;10;10084154966;B
20240410;102152;162.32;10;10084154967;B
20240410;102152;162.32;10;10084154968;B
20240410;102152;162.32;1860;10084154969;B
20240410;102152;162.26;200;10084154970;B
20240410;102152;162.3;200;10084154971;S
20240410;102152;162.34;10;10084155027;B
20240410;102152;162.34;10;10084155028;B
20240410;102152;162.36;980;10084155029;B
20240410;102153;162.34;10;10084155056;B
20240410;102153;162.32;60;10084155057;S
20240410;102153;162.32;20;10084155950;S
20240410;102153;162.32;80;10084155951;S
20240410;102155;162.32;20;10084157144;S
20240410;102155;162.34;200;10084157223;B
20240410;102155;162.34;40;10084157224;B
20240410;102155;162.34;10;10084157225;B
20240410;102155;162.36;20;10084157365;B
20240410;102155;162.36;10;10084157366;B
20240410;102155;162.36;200;10084157367;B
20240410;102155;162.36;110;10084157368;B
20240410;102156;162.36;10;10084157444;B
20240410;102156;162.36;10;10084157463;B
20240410;102156;162.36;10;10084157464;B
20240410;102156;162.36;10;10084157465;B
20240410;102156;162.38;10;10084157466;B
20240410;102156;162.38;100;10084157467;B
20240410;102156;162.38;260;10084157468;B
20240410;102156;162.38;10;10084157480;B
20240410;102156;162.38;730;10084157484;B
20240410;102156;162.38;10;10084157485;B
20240410;102156;162.38;10;10084157486;B
20240410;102156;162.38;10;10084157487;B
20240410;102156;162.38;1660;10084157488;B
20240410;102156;162.38;500;10084157489;B
20240410;102156;162.4;500;10084157490;B
20240410;102156;162.4;10;10084157491;B
20240410;102156;162.4;200;10084157492;B
20240410;102156;162.4;150;10084157493;B
20240410;102156;162.4;830;10084157494;B
20240410;102156;162.4;10;10084157498;S
20240410;102156;162.42;10;10084157676;B
20240410;102156;162.42;290;10084157677;B
20240410;102156;162.42;930;10084157683;B
20240410;102156;162.42;300;10084157684;B
20240410;102156;162.44;200;10084157685;B
20240410;102156;162.44;100;10084157686;B
20240410;102156;162.44;470;10084157687;B
20240410;102157;162.4;10;10084157772;S
20240410;102157;162.42;1220;10084157825;B
20240410;102157;162.44;3420;10084157826;B
20240410;102157;162.44;100;10084157827;B
20240410;102157;162.44;630;10084157828;B
20240410;102157;162.42;200;10084157829;B
20240410;102158;162.42;50;10084158350;B
20240410;102158;162.42;200;10084158389;B
20240410;102158;162.42;50;10084158390;B
20240410;102158;162.42;200;10084158396;B
20240410;102158;162.42;10;10084158419;B
20240410;102158;162.42;960;10084158449;B
20240410;102158;162.42;40;10084158450;B
20240410;102158;162.42;10;10084158479;B
20240410;102159;162.4;200;10084158591;S
20240410;102159;162.4;1000;10084158592;S
20240410;102159;162.38;150;10084158593;S
20240410;102159;162.38;150;10084158594;S
20240410;102159;162.42;10;10084158627;B
20240410;102159;162.36;10;10084159121;S
20240410;102201;162.36;10;10084159787;B
20240410;102202;162.36;10;10084160081;B
20240410;102202;162.36;10;10084160082;B
20240410;102202;162.36;10;10084160083;B
20240410;102202;162.36;10;10084160084;B
20240410;102202;162.34;1000;10084160218;S
20240410;102202;162.34;150;10084160219;S
20240410;102202;162.34;2350;10084160246;S
20240410;102202;162.32;110;10084160247;S
20240410;102202;162.32;6310;10084160248;S
20240410;102203;162.34;100;10084160463;B
20240410;102204;162.32;10;10084161143;S
20240410;102206;162.28;50;10084161449;S
20240410;102206;162.32;10;10084161669;B
20240410;102208;162.3;10;10084162179;B
20240410;102208;162.3;50;10084162221;B
20240410;102209;162.3;90;10084163301;B
20240410;102209;162.3;210;10084163302;B
20240410;102211;162.22;10;10084164481;S
20240410;102212;162.3;30;10084164833;B
20240410;102212;162.3;980;10084164876;B
20240410;102212;162.3;20;10084164877;B
20240410;102214;162.26;150;10084165200;B
20240410;102214;162.3;480;10084165201;B
20240410;102214;162.3;370;10084165202;B
20240410;102215;162.3;500;10084165679;B
20240410;102216;162.3;20;10084166454;B
20240410;102217;162.24;130;10084166636;B
20240410;102218;162.22;100;10084166819;S
20240410;102219;162.22;60;10084166967;S
20240410;102219;162.22;240;10084166968;S
20240410;102219;162.22;10;10084166973;S
20240410;102220;162.22;260;10084167510;B
20240410;102223;162.22;1000;10084167977;B
20240410;102224;162.22;100;10084169002;B
20240410;102224;162.22;200;10084169032;B
20240410;102224;162.22;250;10084169035;B
20240410;102225;162.22;2000;10084169216;B
20240410;102225;162.22;2000;10084169301;B
20240410;102225;162.22;470;10084169308;B
20240410;102225;162.22;60;10084169309;B
20240410;102225;162.22;2100;10084169310;B
20240410;102225;162.22;200;10084169311;B
20240410;102225;162.24;250;10084169312;B
20240410;102225;162.24;100;10084169313;B
20240410;102225;162.26;60;10084169314;B
20240410;102225;162.26;30;10084169315;B
20240410;102225;162.26;250;10084169316;B
20240410;102225;162.28;10;10084169317;B
20240410;102225;162.28;10;10084169318;B
20240410;102225;162.28;100;10084169319;B
20240410;102225;162.3;110;10084169320;B
20240410;102225;162.3;4250;10084169321;B
20240410;102226;162.28;100;10084169986;B
20240410;102227;162.3;1750;10084170381;B
20240410;102227;162.32;250;10084170382;B
20240410;102228;162.32;100;10084170496;B
20240410;102228;162.32;20;10084170497;B
20240410;102228;162.32;150;10084170498;B
20240410;102228;162.34;10;10084170499;B
20240410;102228;162.34;190;10084170500;B
20240410;102228;162.34;150;10084170501;B
20240410;102228;162.34;250;10084170502;B
20240410;102228;162.34;1130;10084170503;B
20240410;102228;162.3;10;10084170677;S
20240410;102229;162.34;100;10084170831;B
20240410;102230;162.34;470;10084171157;B
20240410;102230;162.34;800;10084171188;B
20240410;102230;162.36;10;10084171189;B
20240410;102230;162.36;10;10084171190;B
20240410;102230;162.36;190;10084171191;B
20240410;102230;162.36;990;10084171192;B
20240410;102230;162.36;10;10084171290;B
20240410;102232;162.36;30;10084171720;B
20240410;102233;162.36;10;10084172349;B
20240410;102235;162.36;10;10084172722;B
20240410;102235;162.34;30;10084172928;S
20240410;102235;162.34;70;10084172929;S
20240410;102236;162.36;90;10084172974;B
20240410;102236;162.36;420;10084172975;B
20240410;102236;162.38;10;10084172976;B
20240410;102236;162.38;30;10084172977;B
20240410;102236;162.36;10;10084173224;S
20240410;102237;162.38;50;10084173409;B
20240410;102239;162.38;50;10084174372;B
20240410;102239;162.38;300;10084174556;B
20240410;102241;162.38;60;10084176118;B
20240410;102244;162.36;590;10084176917;S
20240410;102245;162.36;10;10084177057;S
20240410;102245;162.36;1390;10084177201;S
20240410;102245;162.36;180;10084177202;S
20240410;102246;162.34;130;10084177305;S
20240410;102246;162.34;100;10084177306;S
20240410;102246;162.34;30;10084177307;S
20240410;102246;162.34;40;10084177308;S
20240410;102247;162.36;10;10084177560;B
20240410;102247;162.36;10;10084177632;B
20240410;102247;162.36;10;10084177642;B
20240410;102247;162.36;100;10084177707;B
20240410;102249;162.36;10;10084178638;B
20240410;102249;162.36;30;10084178669;B
20240410;102249;162.36;40;10084178797;B
20240410;102249;162.36;10;10084178880;B
20240410;102250;162.34;10;10084178965;S
20240410;102250;162.34;30;10084178966;S
20240410;102250;162.32;50;10084178967;S
20240410;102250;162.3;150;10084178968;S
20240410;102250;162.3;10;10084178969;S
20240410;102250;162.28;40;10084178970;S
20240410;102250;162.28;210;10084178971;S
20240410;102250;162.34;50;10084178978;B
20240410;102250;162.34;30;10084178980;B
20240410;102250;162.34;50;10084178990;B
20240410;102250;162.34;30;10084178991;B
20240410;102250;162.34;50;10084179004;B
20240410;102250;162.34;30;10084179007;B
20240410;102250;162.34;50;10084179024;B
20240410;102250;162.34;30;10084179027;B
20240410;102250;162.34;50;10084179046;B
20240410;102250;162.34;30;10084179048;B
20240410;102250;162.34;50;10084179069;B
20240410;102250;162.34;30;10084179072;B
20240410;102250;162.34;50;10084179093;B
20240410;102250;162.34;20;10084179094;B
20240410;102250;162.34;50;10084179110;B
20240410;102250;162.34;50;10084179118;B
20240410;102250;162.34;10;10084179124;B
20240410;102251;162.34;480;10084179243;B
20240410;102254;162.28;10;10084180998;S
20240410;102255;162.28;900;10084181251;S
20240410;102255;162.26;500;10084181252;S
20240410;102255;162.26;310;10084181253;S
20240410;102255;162.24;200;10084181254;S
20240410;102255;162.24;4590;10084181255;S
20240410;102256;162.28;150;10084181267;B
20240410;102256;162.3;100;10084181268;B
20240410;102256;162.3;10;10084181269;B
20240410;102256;162.3;100;10084181270;B
20240410;102256;162.3;140;10084181271;B
20240410;102256;162.3;10;10084181286;B
20240410;102256;162.3;1070;10084181348;B
20240410;102256;162.32;1990;10084181349;B
20240410;102256;162.34;1530;10084181350;B
20240410;102256;162.34;410;10084181351;B
20240410;102257;162.3;10;10084182348;S
20240410;102257;162.26;30;10084182349;S
20240410;102259;162.32;10;10084183433;B
20240410;102259;162.34;40;10084183434;B
20240410;102300;162.34;1000;10084183760;B
20240410;102300;162.34;670;10084183953;B
20240410;102301;162.36;10;10084183991;B
20240410;102301;162.34;1220;10084184020;S
20240410;102301;162.32;10;10084184021;S
20240410;102301;162.32;140;10084184063;S
20240410;102301;162.3;310;10084184064;S
20240410;102301;162.28;1530;10084184065;S
20240410;102301;162.28;1710;10084184066;S
20240410;102301;162.28;3660;10084184067;S
20240410;102301;162.28;2070;10084184068;S
20240410;102303;162.3;20;10084184764;B
20240410;102303;162.32;20;10084184765;B
20240410;102303;162.32;940;10084184769;B
20240410;102303;162.28;30;10084184796;B
20240410;102303;162.28;10;10084184960;B
20240410;102303;162.28;160;10084184983;B
20240410;102303;162.3;50;10084184984;B
20240410;102304;162.32;10;10084185055;S
20240410;102304;162.34;10;10084185057;B
20240410;102304;162.34;10;10084185058;B
20240410;102304;162.32;300;10084185212;S
20240410;102305;162.34;200;10084185320;B
20240410;102305;162.34;200;10084185410;B
20240410;102306;162.32;60;10084185564;S
20240410;102306;162.34;100;10084185590;B
20240410;102307;162.32;100;10084185850;S
20240410;102308;162.34;10;10084186570;S
20240410;102308;162.34;40;10084186575;S
20240410;102309;162.32;20;10084187752;S
20240410;102309;162.32;900;10084187804;S
20240410;102310;162.34;470;10084187986;B
20240410;102310;162.34;30;10084187987;B
20240410;102311;162.32;100;10084188136;S
20240410;102312;162.34;20;10084188379;B
20240410;102312;162.34;10;10084188393;B
20240410;102312;162.32;40;10084188717;S
20240410;102314;162.32;10;10084189294;S
20240410;102314;162.34;20;10084189416;B
20240410;102315;162.32;250;10084190235;S
20240410;102315;162.3;10;10084190311;S
20240410;102316;162.32;90;10084191450;B
20240410;102316;162.3;1000;10084191557;S
20240410;102317;162.32;100;10084192206;B
20240410;102317;162.3;60;10084192383;S
20240410;102317;162.3;430;10084192503;S
20240410;102317;162.3;30;10084192504;S
20240410;102317;162.28;150;10084192505;S
20240410;102317;162.28;50;10084192506;S
20240410;102317;162.26;100;10084192507;S
20240410;102317;162.26;100;10084192508;S
20240410;102317;162.26;100;10084192509;S
20240410;102317;162.26;40;10084192510;S
20240410;102318;162.28;20;10084193352;S
20240410;102319;162.26;10;10084193665;S
20240410;102319;162.26;20;10084193681;S
20240410;102319;162.28;30;10084193810;B
20240410;102319;162.28;20;10084193837;B
20240410;102319;162.26;20;10084194053;S
20240410;102319;162.24;10;10084194147;B
20240410;102320;162.24;1210;10084194647;B
20240410;102320;162.24;1530;10084194648;B
20240410;102320;162.24;50;10084194649;B
20240410;102320;162.24;200;10084194650;B
20240410;102320;162.26;150;10084194651;B
20240410;102320;162.26;4950;10084194652;B
20240410;102320;162.26;1910;10084194653;B
20240410;102320;162.24;1220;10084194654;B
20240410;102320;162.26;140;10084194655;B
20240410;102322;162.28;70;10084195264;B
20240410;102323;162.24;10;10084195750;S
20240410;102324;162.28;60;10084195896;B
20240410;102324;162.28;200;10084195897;B
20240410;102324;162.3;1140;10084195898;B
20240410;102325;162.28;100;10084196129;B
20240410;102327;162.22;20;10084196656;S
20240410;102327;162.22;10;10084196657;S
20240410;102327;162.22;10;10084196658;S
20240410;102327;162.2;60;10084196659;S
20240410;102327;162.2;10;10084196684;S
20240410;102328;162.2;30;10084197539;S
20240410;102328;162.2;150;10084197540;S
20240410;102328;162.18;50;10084197541;S
20240410;102328;162.18;300;10084197542;S
20240410;102328;162.16;1500;10084197543;S
20240410;102328;162.14;970;10084197544;S
20240410;102329;162.16;150;10084197619;S
20240410;102329;162.12;100;10084197620;S
20240410;102329;162.1;10;10084197621;S
20240410;102329;162.1;10;10084197622;S
20240410;102329;162.1;10;10084197623;S
20240410;102329;162.1;20;10084197624;S
20240410;102329;162.18;100;10084197748;B
20240410;102330;162.2;60;10084197803;B
20240410;102331;162.2;240;10084198612;S
20240410;102331;162.16;300;10084198613;S
20240410;102331;162.14;1000;10084198614;S
20240410;102331;162.12;150;10084198615;S
20240410;102331;162.12;1140;10084198616;S
20240410;102331;162.1;500;10084198617;S
20240410;102331;162.22;10;10084198660;B
20240410;102331;162.14;50;10084198755;S
20240410;102331;162.12;40;10084198756;S
20240410;102332;162.08;40;10084198972;S
20240410;102332;162.08;210;10084198973;S
20240410;102332;162.08;220;10084198974;S
20240410;102332;162.08;10;10084198975;S
20240410;102332;162.08;10;10084198976;S
20240410;102332;162.16;10;10084199054;B
20240410;102333;162.06;10;10084199301;S
20240410;102333;162.06;200;10084199302;S
20240410;102333;162.06;10;10084199303;S
20240410;102333;162.06;290;10084199304;S
20240410;102333;162.04;10;10084199305;S
20240410;102333;162.04;10;10084199306;S
20240410;102333;162.04;100;10084199307;S
20240410;102334;162.04;20;10084199348;S
20240410;102334;162.14;10;10084199374;B
20240410;102334;162.14;90;10084199375;B
20240410;102334;162.14;20;10084199912;B
20240410;102334;162.12;10;10084199949;S
20240410;102336;162.1;100;10084200516;B
20240410;102337;162.1;10;10084200723;B
20240410;102338;162.1;40;10084200859;B
20240410;102338;162.1;200;10084200860;B
20240410;102338;162.12;30;10084200861;B
20240410;102340;162.06;3190;10084201587;S
20240410;102341;162.06;50;10084201959;B
20240410;102341;162.06;20;10084202017;B
20240410;102341;162.06;30;10084202018;B
20240410;102341;162.08;90;10084202060;B
20240410;102342;162.06;50;10084202305;S
20240410;102344;162.08;10;10084203592;B
20240410;102344;162.06;10;10084203607;S
20240410;102344;162.08;200;10084203723;B
20240410;102344;162.06;70;10084203813;S
20240410;102344;162.08;700;10084203845;B
20240410;102344;162.08;100;10084203846;B
20240410;102344;162.06;820;10084203865;S
20240410;102344;162.04;300;10084203866;S
20240410;102344;162.02;400;10084203867;S
20240410;102344;162.02;160;10084203868;S
20240410;102344;162;500;10084203869;S
20240410;102344;162;50;10084203870;S
20240410;102344;162;1070;10084203871;S
20240410;102344;162;10;10084203872;S
20240410;102344;162;10;10084203873;S
20240410;102344;162;10;10084203874;S
20240410;102344;162;170;10084203875;S
20240410;102347;162;530;10084205012;S
20240410;102347;162;10;10084205013;S
20240410;102347;162;3000;10084205014;S
20240410;102347;162;240;10084205015;S
20240410;102347;162;1200;10084205016;S
20240410;102347;162;50;10084205017;S
20240410;102347;162;2500;10084205018;S
20240410;102347;162;10;10084205019;S
20240410;102347;162;660;10084205020;S
20240410;102347;162;470;10084205021;S
20240410;102347;162;10;10084205022;S
20240410;102347;162;1000;10084205023;S
20240410;102347;162;300;10084205024;S
20240410;102347;161.98;10;10084205025;S
20240410;102347;161.98;860;10084205026;S
20240410;102347;161.98;10;10084205027;S
20240410;102347;161.98;50;10084205028;S
20240410;102347;161.98;90;10084205029;S
20240410;102347;161.98;10;10084205030;S
20240410;102347;161.98;100;10084205031;S
20240410;102347;161.96;2260;10084205032;S
20240410;102347;161.96;50;10084205033;S
20240410;102347;161.96;500;10084205034;S
20240410;102347;161.96;1000;10084205035;S
20240410;102347;161.96;220;10084205036;S
20240410;102347;161.96;100;10084205037;S
20240410;102347;161.96;10;10084205038;S
20240410;102347;161.96;10;10084205039;S
20240410;102347;161.96;150;10084205040;S
20240410;102347;161.96;10000;10084205041;S
20240410;102347;161.96;370;10084205078;B
20240410;102349;161.94;10;10084205372;S
20240410;102349;161.94;90;10084205823;S
20240410;102349;161.94;10;10084205824;S
20240410;102349;161.94;10;10084205825;S
20240410;102349;161.94;10;10084205826;S
20240410;102349;161.92;10;10084205827;S
20240410;102349;161.92;10;10084205828;S
20240410;102349;161.92;10;10084205829;S
20240410;102350;161.94;10;10084206166;S
20240410;102350;161.96;100;10084206892;B
20240410;102351;161.96;50;10084207012;B
20240410;102353;161.96;300;10084207719;B
20240410;102354;161.96;70;10084207871;B
20240410;102354;161.96;50;10084207964;B
20240410;102354;161.96;10;10084207970;B
20240410;102354;161.94;10;10084207991;S
20240410;102354;161.94;10;10084208000;S
20240410;102354;161.94;20;10084208001;S
20240410;102354;161.92;10;10084208002;S
20240410;102354;161.92;10;10084208003;S
20240410;102354;161.92;10;10084208004;S
20240410;102354;161.92;10;10084208005;S
20240410;102354;161.92;100;10084208006;S
20240410;102354;161.92;300;10084208007;S
20240410;102354;161.92;980;10084208008;S
20240410;102355;161.94;420;10084208082;B
20240410;102355;161.96;80;10084208083;B
20240410;102356;161.96;30;10084208240;B
20240410;102359;161.96;60;10084209111;B
20240410;102400;161.94;30;10084209460;S
20240410;102400;161.94;20;10084209461;S
20240410;102400;161.94;50;10084209462;S
20240410;102400;161.92;420;10084209463;S
20240410;102400;161.92;170;10084209464;S
20240410;102400;161.92;110;10084209465;S
20240410;102401;161.94;20;10084209663;B
20240410;102401;161.94;10;10084209673;B
20240410;102404;161.9;20;10084211901;S
20240410;102404;161.9;30;10084212255;S
20240410;102404;161.9;10;10084212256;S
20240410;102404;161.9;500;10084212257;S
20240410;102404;161.9;460;10084212258;S
20240410;102404;161.9;1500;10084212283;S
20240410;102405;161.92;20;10084212456;B
20240410;102405;161.92;10;10084212457;B
20240410;102406;161.9;440;10084212493;S
20240410;102406;161.92;40;10084212555;B
20240410;102407;161.92;10;10084212680;B
20240410;102408;161.92;70;10084213054;B
20240410;102408;161.94;1530;10084213055;B
20240410;102408;161.94;400;10084213056;B
20240410;102408;161.94;10;10084213057;B
20240410;102408;161.96;3470;10084213058;B
20240410;102408;161.96;170;10084213059;B
20240410;102408;161.96;800;10084213060;B
20240410;102408;161.96;20;10084213061;B
20240410;102408;161.98;170;10084213062;B
20240410;102408;162;1000;10084213063;B
20240410;102408;162;1720;10084213064;B
20240410;102409;161.98;150;10084213249;B
20240410;102409;161.98;750;10084213250;B
20240410;102410;161.98;10;10084213620;B
20240410;102410;161.96;10;10084213636;S
20240410;102410;161.94;50;10084213637;S
20240410;102410;161.94;10;10084213638;S
20240410;102410;161.94;130;10084213639;S
20240410;102411;161.92;90;10084215089;S
20240410;102414;161.92;60;10084216277;S
20240410;102414;161.92;340;10084216483;S
20240410;102414;161.92;50;10084216484;S
20240410;102414;161.9;1600;10084216485;S
20240410;102414;161.9;430;10084216486;S
20240410;102414;161.9;50;10084216487;S
20240410;102414;161.9;10;10084216488;S
20240410;102414;161.9;10;10084216489;S
20240410;102414;161.9;50;10084216490;S
20240410;102414;161.9;100;10084216491;S
20240410;102414;161.9;10;10084216492;S
20240410;102414;161.9;440;10084216493;S
20240410;102415;161.96;100;10084216624;B
20240410;102415;161.96;400;10084216625;B
20240410;102415;161.9;70;10084216686;S
20240410;102416;161.96;100;10084216991;B
20240410;102416;161.9;100;10084217125;S
20240410;102417;161.9;390;10084218121;S
20240410;102417;161.9;1230;10084218122;S
20240410;102418;161.9;130;10084218245;S
20240410;102418;161.96;50;10084218401;B
20240410;102420;161.9;620;10084219000;S
20240410;102422;161.96;20;10084219259;B
20240410;102422;161.96;80;10084219260;B
20240410;102422;161.9;10;10084219332;S
20240410;102422;161.9;10;10084219390;S
20240410;102424;161.9;1000;10084220579;S
20240410;102424;161.9;20;10084220582;S
20240410;102425;161.96;100;10084220870;B
20240410;102426;161.9;100;10084220999;S
20240410;102426;161.96;50;10084221154;B
20240410;102427;161.9;1880;10084221689;S
20240410;102427;161.9;10;10084221690;S
20240410;102427;161.9;500;10084221691;S
20240410;102427;161.9;10;10084221692;S
20240410;102427;161.9;20;10084221693;S
20240410;102427;161.9;100;10084221694;S
20240410;102427;161.9;500;10084221695;S
20240410;102427;161.9;10;10084221696;S
20240410;102427;161.9;590;10084221697;S
20240410;102427;161.9;20;10084221698;S
20240410;102427;161.9;150;10084221699;S
20240410;102427;161.9;20;10084221700;S
20240410;102427;161.9;40;10084221701;S
20240410;102427;161.9;150;10084221702;S
20240410;102427;161.88;80;10084221703;S
20240410;102429;161.88;20;10084224115;S
20240410;102429;161.88;10;10084224116;S
20240410;102429;161.88;10;10084224117;S
20240410;102429;161.86;10;10084224118;S
20240410;102429;161.86;10;10084224119;S
20240410;102429;161.86;1000;10084224120;S
20240410;102429;161.86;300;10084224121;S
20240410;102429;161.86;310;10084224122;S
20240410;102429;161.86;150;10084224123;S
20240410;102429;161.84;50;10084224124;S
20240410;102429;161.84;10;10084224125;S
20240410;102429;161.84;150;10084224126;S
20240410;102429;161.84;270;10084224127;S
20240410;102429;161.84;10;10084224128;S
20240410;102429;161.84;100;10084224129;S
20240410;102429;161.84;220;10084224130;S
20240410;102429;161.84;40;10084224131;S
20240410;102429;161.84;50;10084224132;S
20240410;102429;161.84;30;10084224133;S
20240410;102429;161.84;10;10084224134;S
20240410;102429;161.84;500;10084224135;S
20240410;102429;161.84;630;10084224136;S
20240410;102429;161.82;150;10084224137;S
20240410;102429;161.82;1000;10084224138;S
20240410;102429;161.82;100;10084224139;S
20240410;102429;161.82;30;10084224140;S
20240410;102429;161.82;50;10084224141;S
20240410;102429;161.82;150;10084224142;S
20240410;102429;161.82;3000;10084224143;S
20240410;102429;161.82;10;10084224144;S
20240410;102429;161.8;330;10084224145;S
20240410;102429;161.8;1000;10084224146;S
20240410;102429;161.8;100;10084224147;S
20240410;102429;161.8;1000;10084224148;S
20240410;102429;161.8;20;10084224149;S
20240410;102429;161.8;240;10084224150;S
20240410;102429;161.8;10;10084224151;S
20240410;102429;161.8;100;10084224152;S
20240410;102429;161.8;10;10084224153;S
20240410;102429;161.8;20;10084224154;S
20240410;102429;161.8;10;10084224155;S
20240410;102429;161.8;9350;10084224156;S
20240410;102429;161.8;500;10084224157;S
20240410;102429;161.8;3000;10084224158;S
20240410;102429;161.8;10;10084224159;S
20240410;102429;161.8;10;10084224160;S
20240410;102429;161.8;30;10084224161;S
20240410;102429;161.8;100;10084224162;S
20240410;102429;161.8;50;10084224163;S
20240410;102429;161.8;10;10084224164;S
20240410;102429;161.8;10;10084224165;S
20240410;102429;161.8;1000;10084224166;S
20240410;102429;161.78;10;10084224167;S
20240410;102429;161.78;20;10084224168;S
20240410;102429;161.78;100;10084224169;S
20240410;102429;161.78;30;10084224170;S
20240410;102429;161.78;2000;10084224171;S
20240410;102429;161.76;50;10084224172;S
20240410;102429;161.76;20;10084224173;S
20240410;102429;161.76;50;10084224174;S
20240410;102429;161.76;20;10084224175;S
20240410;102429;161.76;40;10084224176;S
20240410;102429;161.76;10;10084224177;S
20240410;102429;161.76;5000;10084224178;S
20240410;102429;161.76;10;10084224179;S
20240410;102429;161.76;500;10084224180;S
20240410;102429;161.76;7290;10084224181;S
20240410;102429;161.78;170;10084224190;S
20240410;102429;161.74;10;10084224191;S
20240410;102429;161.74;50;10084224192;S
20240410;102429;161.74;1000;10084224193;S
20240410;102429;161.74;50;10084224194;S
20240410;102429;161.74;100;10084224195;S
20240410;102429;161.74;2500;10084224196;S
20240410;102429;161.74;2000;10084224197;S
20240410;102429;161.74;100;10084224198;S
20240410;102429;161.74;150;10084224199;S
20240410;102429;161.74;190;10084224200;S
20240410;102429;161.74;2200;10084224201;S
20240410;102429;161.72;300;10084224202;S
20240410;102429;161.72;200;10084224203;S
20240410;102429;161.72;300;10084224204;S
20240410;102429;161.72;100;10084224205;S
20240410;102429;161.72;10;10084224206;S
20240410;102429;161.72;100;10084224207;S
20240410;102429;161.72;10;10084224208;S
20240410;102429;161.72;10;10084224209;S
20240410;102429;161.72;1260;10084224210;S
20240410;102429;161.72;310;10084224211;S
20240410;102429;161.7;10;10084224212;S
20240410;102429;161.7;10;10084224213;S
20240410;102429;161.7;880;10084224214;S
20240410;102429;161.84;190;10084224328;B
20240410;102429;161.84;310;10084224329;B
20240410;102431;161.72;190;10084224739;S
20240410;102431;161.72;310;10084224740;S
20240410;102431;161.72;350;10084224741;S
20240410;102431;161.72;870;10084224742;S
20240410;102432;161.7;10;10084224974;S
20240410;102432;161.82;10;10084224998;B
20240410;102432;161.72;1320;10084224999;S
20240410;102433;161.76;160;10084225248;B
20240410;102433;161.76;10;10084225276;B
20240410;102433;161.72;150;10084225287;S
20240410;102433;161.7;350;10084225288;S
20240410;102434;161.7;90;10084225683;S
20240410;102434;161.76;20;10084225712;B
20240410;102434;161.8;30;10084225713;B
20240410;102435;161.72;120;10084225829;S
20240410;102435;161.72;330;10084225830;S
20240410;102435;161.7;7550;10084225831;S
20240410;102436;161.7;10000;10084226633;S
20240410;102438;161.7;180;10084227188;S
20240410;102438;161.7;940;10084227886;S
20240410;102438;161.7;10;10084227887;S
20240410;102438;161.7;100;10084227888;S
20240410;102438;161.7;10;10084227889;S
20240410;102438;161.7;100;10084227890;S
20240410;102438;161.7;10;10084227891;S
20240410;102438;161.7;2000;10084227892;S
20240410;102438;161.7;80;10084227893;S
20240410;102438;161.72;30;10084227900;B
20240410;102438;161.74;10;10084227901;B
20240410;102439;161.74;140;10084227972;B
20240410;102439;161.74;650;10084228126;B
20240410;102439;161.74;10;10084228127;B
20240410;102439;161.78;180;10084228128;B
20240410;102439;161.78;3660;10084228129;B
20240410;102439;161.8;320;10084228130;B
20240410;102439;161.8;50;10084228131;B
20240410;102439;161.8;1520;10084228132;B
20240410;102439;161.82;610;10084228133;B
20240410;102440;161.8;20;10084228155;B
20240410;102440;161.72;20;10084228241;S
20240410;102440;161.7;180;10084228242;S
20240410;102440;161.7;240;10084228254;S
20240410;102440;161.7;500;10084228255;S
20240410;102440;161.7;50;10084228256;S
20240410;102440;161.7;100;10084228257;S
20240410;102440;161.7;110;10084228258;S
20240410;102441;161.76;200;10084228473;B
20240410;102441;161.76;100;10084228474;B
20240410;102441;161.7;40;10084228481;S
20240410;102441;161.7;10;10084228482;S
20240410;102441;161.7;10;10084228483;S
20240410;102441;161.7;200;10084228484;S
20240410;102441;161.7;40;10084228485;S
20240410;102442;161.74;50;10084228499;B
20240410;102442;161.74;10;10084228500;B
20240410;102442;161.76;1530;10084228501;B
20240410;102442;161.76;1410;10084228658;S
20240410;102443;161.76;20;10084228751;S
20240410;102443;161.76;410;10084228838;S
20240410;102443;161.72;330;10084228839;S
20240410;102443;161.7;260;10084228840;S
20240410;102444;161.72;1000;10084229091;S
20240410;102445;161.74;500;10084229655;S
20240410;102445;161.72;1000;10084229656;S
20240410;102445;161.72;330;10084229657;S
20240410;102445;161.7;170;10084229658;S
20240410;102445;161.74;500;10084229670;S
20240410;102445;161.72;140;10084229671;S
20240410;102445;161.7;250;10084229694;S
20240410;102445;161.7;50;10084229695;S
20240410;102446;161.7;150;10084229951;S
20240410;102446;161.7;870;10084229952;S
20240410;102446;161.68;10;10084229953;S
20240410;102446;161.68;10;10084229954;S
20240410;102446;161.68;500;10084229955;S
20240410;102446;161.68;100;10084229956;S
20240410;102446;161.68;40;10084229957;S
20240410;102447;161.72;10;10084230076;S
20240410;102447;161.7;10;10084230077;S
20240410;102447;161.68;60;10084230078;S
20240410;102447;161.68;100;10084230079;S
20240410;102447;161.68;820;10084230080;S
20240410;102450;161.68;1000;10084230525;S
20240410;102450;161.68;120;10084230561;S
20240410;102450;161.68;10;10084230573;S
20240410;102450;161.68;10;10084231479;S
20240410;102451;161.72;10;10084231546;B
20240410;102451;161.68;10;10084232108;S
20240410;102451;161.68;30;10084232590;S
20240410;102451;161.68;10;10084232593;S
20240410;102452;161.66;10;10084232732;S
20240410;102453;161.7;200;10084232833;B
20240410;102453;161.7;200;10084232834;B
20240410;102453;161.72;40;10084232835;B
20240410;102453;161.72;10;10084232886;S
20240410;102453;161.72;100;10084232981;S
20240410;102453;161.74;100;10084232997;B
20240410;102453;161.74;400;10084232998;B
20240410;102453;161.72;10;10084233009;S
20240410;102453;161.72;10;10084233013;S
20240410;102454;161.72;10;10084233136;S
20240410;102454;161.72;100;10084233139;S
20240410;102454;161.72;10;10084233194;S
20240410;102455;161.72;10;10084233320;S
20240410;102455;161.72;10;10084233348;S
20240410;102455;161.72;10;10084233349;S
20240410;102500;161.72;120;10084235431;S
20240410;102500;161.7;130;10084235432;S
20240410;102501;161.74;10;10084235680;B
20240410;102501;161.76;200;10084235681;B
20240410;102501;161.76;20;10084235682;B
20240410;102502;161.74;10;10084236037;B
20240410;102502;161.76;10;10084236038;B
20240410;102503;161.68;40;10084236055;S
20240410;102503;161.68;10;10084236056;S
20240410;102503;161.68;200;10084236057;S
20240410;102503;161.66;80;10084236058;S
20240410;102503;161.66;10;10084236059;S
20240410;102503;161.66;100;10084236060;S
20240410;102503;161.66;50;10084236061;S
20240410;102503;161.66;50;10084236062;S
20240410;102503;161.66;150;10084236063;S
20240410;102503;161.66;50;10084236064;S
20240410;102503;161.66;10;10084236065;S
20240410;102503;161.66;50;10084236066;S
20240410;102503;161.66;100;10084236067;S
20240410;102503;161.66;100;10084236068;S
20240410;102503;161.76;10;10084236199;B
20240410;102503;161.76;40;10084236200;B
20240410;102504;161.66;200;10084236255;S
20240410;102507;161.7;80;10084237905;B
20240410;102508;161.7;20;10084238009;B
20240410;102508;161.7;160;10084238010;B
20240410;102508;161.72;70;10084238011;B
20240410;102508;161.66;100;10084238056;S
20240410;102509;161.66;10;10084238167;S
20240410;102509;161.66;10;10084238224;S
20240410;102509;161.66;10;10084238360;S
20240410;102510;161.66;10;10084238459;S
20240410;102510;161.7;250;10084238460;B
20240410;102510;161.7;50;10084238476;S
20240410;102510;161.7;10;10084238579;S
20240410;102511;161.7;250;10084238635;S
20240410;102511;161.7;10;10084238713;S
20240410;102511;161.7;10;10084238725;S
20240410;102512;161.7;10;10084239033;S
20240410;102512;161.7;10;10084239108;S
20240410;102513;161.72;500;10084239163;B
20240410;102513;161.7;200;10084239229;S
20240410;102513;161.7;10;10084239288;S
20240410;102514;161.72;20;10084239378;B
20240410;102514;161.72;10;10084239464;B
20240410;102514;161.7;60;10084239471;S
20240410;102514;161.7;10;10084239501;S
20240410;102514;161.7;1000;10084239566;S
20240410;102514;161.7;10;10084239571;S
20240410;102514;161.72;140;10084239634;B
20240410;102515;161.72;510;10084239675;B
20240410;102515;161.72;30;10084239677;B
20240410;102515;161.7;50;10084239692;S
20240410;102515;161.7;10;10084239714;S
20240410;102515;161.7;50;10084239727;S
20240410;102515;161.7;10;10084239728;S
20240410;102515;161.7;440;10084239729;S
20240410;102515;161.68;310;10084239730;S
20240410;102515;161.68;10;10084239800;S
20240410;102515;161.68;630;10084239811;S
20240410;102516;161.68;10;10084240325;S
20240410;102516;161.72;290;10084240540;B
20240410;102516;161.68;10;10084240575;S
20240410;102517;161.72;10;10084240637;B
20240410;102517;161.68;570;10084240666;S
20240410;102517;161.68;10;10084241120;S
20240410;102517;161.72;300;10084241343;B
20240410;102517;161.68;10;10084241396;S
20240410;102518;161.68;10;10084241416;S
20240410;102518;161.68;110;10084241438;S
20240410;102518;161.68;50;10084241457;S
20240410;102518;161.72;100;10084241473;B
20240410;102518;161.68;120;10084241561;S
20240410;102518;161.68;10;10084241566;S
20240410;102518;161.72;20;10084241569;B
20240410;102519;161.72;120;10084241643;B
20240410;102519;161.68;10;10084241659;S
20240410;102519;161.72;880;10084241724;B
20240410;102519;161.72;10;10084241725;B
20240410;102520;161.72;10;10084241792;S
20240410;102520;161.72;10;10084241881;S
20240410;102521;161.74;100;10084241965;S
20240410;102521;161.72;1500;10084241966;S
20240410;102521;161.74;50;10084242154;S
20240410;102521;161.74;10;10084242170;S
20240410;102522;161.74;10;10084242328;S
20240410;102522;161.78;10;10084242348;B
20240410;102522;161.8;40;10084242349;B
20240410;102522;161.8;60;10084242406;B
20240410;102522;161.74;10;10084242436;S
20240410;102522;161.74;10;10084242489;S
20240410;102523;161.74;110;10084242527;S
20240410;102523;161.72;90;10084242528;S
20240410;102523;161.72;10;10084242542;S
20240410;102523;161.72;10;10084242626;S
20240410;102523;161.72;10;10084242634;S
20240410;102524;161.72;10;10084242819;S
20240410;102525;161.72;10;10084243604;S
20240410;102525;161.72;10;10084243908;S
20240410;102526;161.8;100;10084244255;B
20240410;102526;161.72;10;10084244622;S
20240410;102526;161.8;250;10084244637;B
20240410;102527;161.72;10;10084244724;S
20240410;102527;161.72;50;10084244750;S
20240410;102527;161.72;10;10084244787;S
20240410;102528;161.72;10;10084245021;S
20240410;102528;161.72;10;10084245141;S
20240410;102529;161.72;10;10084245293;S
20240410;102529;161.72;100;10084245308;S
20240410;102530;161.72;10;10084245470;S
20240410;102530;161.72;10;10084245584;S
20240410;102531;161.72;10;10084245901;S
20240410;102532;161.72;10;10084245974;S
20240410;102532;161.72;1600;10084245975;S
20240410;102532;161.72;10;10084246128;S
20240410;102533;161.74;10;10084246509;B
20240410;102533;161.72;10;10084246512;S
20240410;102534;161.74;50;10084246662;S
20240410;102534;161.72;450;10084246663;S
20240410;102536;161.72;90;10084247699;S
20240410;102537;161.74;20;10084247780;B
20240410;102537;161.74;150;10084247806;S
20240410;102537;161.74;590;10084247844;S
20240410;102537;161.74;150;10084247923;S
20240410;102537;161.72;2520;10084248102;S
20240410;102537;161.72;2510;10084248201;S
20240410;102537;161.72;30;10084248202;S
20240410;102537;161.72;870;10084248203;S
20240410;102537;161.74;70;10084248232;B
20240410;102540;161.7;100;10084248992;S
20240410;102540;161.74;970;10084249001;B
20240410;102540;161.74;30;10084249002;B
20240410;102542;161.7;20;10084249272;S
20240410;102542;161.7;1980;10084249273;S
20240410;102542;161.7;1420;10084249295;S
20240410;102542;161.72;20;10084249314;B
20240410;102542;161.74;70;10084249315;B
20240410;102542;161.78;60;10084249316;B
20240410;102544;161.78;50;10084249668;S
20240410;102545;161.8;20;10084249770;B
20240410;102546;161.8;100;10084250104;B
20240410;102548;161.78;50;10084250306;S
20240410;102548;161.78;10;10084250307;S
20240410;102548;161.74;140;10084250308;S
20240410;102548;161.72;50;10084250318;S
20240410;102549;161.74;40;10084250571;S
20240410;102549;161.72;120;10084250572;S
20240410;102549;161.72;110;10084250573;S
20240410;102550;161.72;710;10084250727;S
20240410;102550;161.72;40;10084250728;S
20240410;102550;161.7;4270;10084250729;S
20240410;102550;161.76;50;10084250751;B
20240410;102551;161.7;2500;10084250820;S
20240410;102552;161.7;200;10084251230;S
20240410;102553;161.76;10;10084251249;B
20240410;102553;161.7;10;10084251279;S
20240410;102554;161.74;300;10084251506;B
20240410;102554;161.7;2500;10084251555;S
20240410;102555;161.74;10;10084251732;B
20240410;102559;161.74;100;10084252466;B
20240410;102600;161.74;30;10084252663;S
20240410;102601;161.74;2070;10084252900;S
20240410;102601;161.72;20;10084252901;S
20240410;102601;161.72;340;10084252902;S
20240410;102601;161.7;70;10084252903;S
20240410;102601;161.7;190;10084252919;S
20240410;102602;161.74;100;10084253112;B
20240410;102603;161.74;150;10084253234;B
20240410;102605;161.72;10;10084257389;B
20240410;102605;161.7;60;10084257482;S
20240410;102605;161.7;500;10084257612;S
20240410;102606;161.7;20;10084257799;S
20240410;102606;161.72;10;10084257882;B
20240410;102608;161.7;4000;10084258411;S
20240410;102609;161.7;2270;10084258597;S
20240410;102609;161.7;30;10084258598;S
20240410;102609;161.7;10;10084258599;S
20240410;102609;161.7;10;10084258600;S
20240410;102609;161.7;100;10084258601;S
20240410;102609;161.7;80;10084258602;S
20240410;102610;161.72;30;10084258669;B
20240410;102610;161.72;50;10084258670;B
20240410;102610;161.72;50;10084258671;B
20240410;102610;161.72;670;10084258672;B
20240410;102610;161.7;180;10084258742;S
20240410;102610;161.7;130;10084258803;S
20240410;102611;161.72;10;10084258833;B
20240410;102611;161.7;150;10084258868;S
20240410;102612;161.72;850;10084259007;B
20240410;102612;161.72;1380;10084259008;B
20240410;102612;161.72;110;10084259009;B
20240410;102612;161.72;1200;10084259010;B
20240410;102612;161.74;970;10084259011;B
20240410;102612;161.74;100;10084259012;B
20240410;102612;161.74;6600;10084259013;B
20240410;102612;161.76;20;10084259014;B
20240410;102612;161.78;50;10084259015;B
20240410;102612;161.78;10;10084259016;B
20240410;102612;161.78;20;10084259017;B
20240410;102612;161.78;4300;10084259018;B
20240410;102612;161.8;130;10084259019;B
20240410;102612;161.8;300;10084259020;B
20240410;102612;161.8;260;10084259021;B
20240410;102614;161.7;20;10084259522;S
20240410;102614;161.7;70;10084259601;S
20240410;102615;161.7;440;10084259690;S
20240410;102615;161.74;10;10084259739;B
20240410;102616;161.7;20;10084260052;S
20240410;102617;161.7;70;10084260260;S
20240410;102617;161.7;130;10084260264;S
20240410;102618;161.72;10;10084260479;B
20240410;102619;161.7;50;10084260636;S
20240410;102619;161.72;50;10084260676;B
20240410;102620;161.7;100;10084260878;S
20240410;102621;161.72;20;10084260887;B
20240410;102621;161.72;1000;10084260942;S
20240410;102621;161.74;60;10084260977;B
20240410;102621;161.76;190;10084260978;B
20240410;102622;161.72;220;10084261124;S
20240410;102622;161.72;100;10084261201;S
20240410;102623;161.76;440;10084261407;B
20240410;102623;161.78;120;10084261408;B
20240410;102623;161.78;3660;10084261409;B
20240410;102623;161.78;780;10084261410;B
20240410;102624;161.76;180;10084261644;B
20240410;102626;161.72;200;10084261942;S
20240410;102627;161.76;30;10084262126;B
20240410;102629;161.72;10;10084262548;S
20240410;102629;161.72;10;10084262568;S
20240410;102629;161.72;200;10084262713;S
20240410;102629;161.72;10;10084262714;S
20240410;102629;161.72;10;10084262715;S
20240410;102629;161.72;30;10084262716;S
20240410;102630;161.72;70;10084262866;S
20240410;102630;161.7;560;10084262867;S
20240410;102630;161.7;100;10084262868;S
20240410;102630;161.7;100;10084262869;S
20240410;102630;161.7;340;10084262870;S
20240410;102630;161.7;150;10084262871;S
20240410;102630;161.68;440;10084262872;S
20240410;102630;161.68;1190;10084262873;S
20240410;102630;161.68;20;10084262874;S
20240410;102630;161.68;400;10084262875;S
20240410;102630;161.68;100;10084262876;S
20240410;102630;161.66;20;10084262877;S
20240410;102630;161.66;40;10084262878;S
20240410;102630;161.66;30;10084262879;S
20240410;102630;161.66;20;10084262880;S
20240410;102630;161.66;3660;10084262881;S
20240410;102630;161.66;780;10084262882;S
20240410;102630;161.64;2000;10084262883;S
20240410;102630;161.64;10;10084262884;S
20240410;102630;161.64;30;10084262885;S
20240410;102630;161.64;100;10084262886;S
20240410;102630;161.64;10;10084262887;S
20240410;102630;161.64;100;10084262888;S
20240410;102630;161.64;320;10084262889;S
20240410;102630;161.64;20;10084262890;S
20240410;102630;161.64;10;10084262891;S
20240410;102630;161.64;10;10084262892;S
20240410;102630;161.64;3000;10084262893;S
20240410;102630;161.64;100;10084262894;S
20240410;102630;161.64;400;10084262895;S
20240410;102630;161.64;10;10084262896;S
20240410;102630;161.62;10;10084262897;S
20240410;102630;161.62;4500;10084262898;S
20240410;102630;161.62;30;10084262899;S
20240410;102630;161.62;200;10084262900;S
20240410;102630;161.62;100;10084262901;S
20240410;102630;161.62;200;10084262902;S
20240410;102630;161.62;10;10084262903;S
20240410;102630;161.62;500;10084262904;S
20240410;102630;161.62;220;10084262905;S
20240410;102630;161.62;100;10084262906;S
20240410;102630;161.62;3000;10084262907;S
20240410;102630;161.6;10;10084262908;S
20240410;102630;161.6;80;10084262909;S
20240410;102630;161.6;10;10084262910;S
20240410;102630;161.6;50;10084262911;S
20240410;102630;161.6;600;10084262912;S
20240410;102630;161.6;10;10084262913;S
20240410;102630;161.6;50;10084262914;S
20240410;102630;161.6;1000;10084262915;S
20240410;102630;161.6;10;10084262916;S
20240410;102630;161.6;300;10084262917;S
20240410;102630;161.6;10;10084262918;S
20240410;102630;161.6;3000;10084262919;S
20240410;102630;161.6;10;10084262920;S
20240410;102630;161.6;1000;10084262921;S
20240410;102630;161.6;1000;10084262922;S
20240410;102630;161.6;150;10084262923;S
20240410;102630;161.6;10;10084262924;S
20240410;102630;161.6;10;10084262925;S
20240410;102630;161.6;200;10084262926;S
20240410;102630;161.6;500;10084262927;S
20240410;102630;161.6;30;10084262928;S
20240410;102630;161.6;700;10084262929;S
20240410;102630;161.6;10;10084262930;S
20240410;102630;161.6;2000;10084262931;S
20240410;102630;161.6;10;10084262932;S
20240410;102630;161.6;10;10084262933;S
20240410;102630;161.6;10;10084262934;S
20240410;102630;161.6;100;10084262935;S
20240410;102630;161.6;50;10084262936;B
20240410;102630;161.58;10;10084262939;S
20240410;102631;161.58;80;10084262977;S
20240410;102631;161.58;10;10084262978;S
20240410;102631;161.58;10;10084262979;S
20240410;102631;161.58;10;10084263001;S
20240410;102631;161.58;10;10084263010;S
20240410;102631;161.58;10;10084263011;S
20240410;102631;161.58;50;10084263012;S
20240410;102631;161.58;100;10084263013;S
20240410;102631;161.56;10;10084263014;S
20240410;102631;161.56;50;10084263015;S
20240410;102631;161.56;70;10084263016;S
20240410;102631;161.56;60;10084263033;S
20240410;102631;161.56;60;10084263034;S
20240410;102631;161.56;60;10084263035;S
20240410;102631;161.56;60;10084263036;S
20240410;102631;161.56;60;10084263037;S
20240410;102631;161.56;80;10084263038;S
20240410;102631;161.56;60;10084263039;S
20240410;102631;161.56;60;10084263040;S
20240410;102631;161.56;30;10084263041;S
20240410;102631;161.56;30;10084263042;S
20240410;102631;161.56;60;10084263043;S
20240410;102631;161.56;60;10084263044;S
20240410;102631;161.56;10;10084263049;S
20240410;102631;161.56;300;10084263054;S
20240410;102631;161.56;10;10084263060;S
20240410;102631;161.58;20;10084263097;B
20240410;102631;161.56;500;10084263117;S
20240410;102631;161.56;10;10084263126;S
20240410;102631;161.56;250;10084263127;S
20240410;102631;161.56;2000;10084263128;S
20240410;102631;161.56;500;10084263161;S
20240410;102631;161.56;840;10084263162;S
20240410;102631;161.56;200;10084263184;S
20240410;102632;161.56;40;10084263201;S
20240410;102632;161.58;1510;10084263206;B
20240410;102632;161.58;360;10084263207;B
20240410;102632;161.58;100;10084263208;B
20240410;102632;161.6;2560;10084263209;B
20240410;102632;161.56;190;10084263225;S
20240410;102632;161.56;10;10084263226;S
20240410;102632;161.56;10;10084263227;S
20240410;102632;161.56;10;10084263228;S
20240410;102632;161.56;200;10084263229;S
20240410;102632;161.56;500;10084263230;S
20240410;102632;161.56;190;10084263231;S
20240410;102632;161.56;190;10084263232;S
20240410;102632;161.56;10;10084263246;S
20240410;102632;161.54;20;10084263247;S
20240410;102632;161.54;200;10084263248;S
20240410;102632;161.54;10;10084263249;S
20240410;102632;161.54;100;10084263250;S
20240410;102632;161.54;300;10084263251;S
20240410;102632;161.54;460;10084263252;S
20240410;102632;161.54;840;10084263475;S
20240410;102632;161.54;1000;10084263476;S
20240410;102632;161.54;1000;10084263477;S
20240410;102632;161.54;100;10084263478;S
20240410;102632;161.54;5960;10084263479;S
20240410;102632;161.54;10;10084263480;S
20240410;102632;161.54;100;10084263481;S
20240410;102632;161.52;10;10084263482;S
20240410;102632;161.52;3000;10084263483;S
20240410;102632;161.52;50;10084263484;S
20240410;102632;161.52;10;10084263485;S
20240410;102632;161.52;100;10084263486;S
20240410;102632;161.52;70;10084263487;S
20240410;102632;161.52;500;10084263488;S
20240410;102632;161.52;10;10084263489;S
20240410;102632;161.52;1000;10084263490;S
20240410;102632;161.52;20;10084263491;S
20240410;102632;161.52;500;10084263492;S
20240410;102632;161.52;40;10084263493;S
20240410;102632;161.52;330;10084263494;S
20240410;102632;161.52;10;10084263495;S
20240410;102632;161.52;630;10084263496;S
20240410;102632;161.52;150;10084263497;S
20240410;102632;161.52;150;10084263498;S
20240410;102633;161.5;100;10084263738;S
20240410;102633;161.5;10;10084263739;S
20240410;102633;161.5;10;10084263740;S
20240410;102633;161.5;20;10084263741;S
20240410;102633;161.5;20;10084263742;S
20240410;102633;161.5;10;10084263743;S
20240410;102633;161.5;230;10084263744;S
20240410;102633;161.5;270;10084263748;S
20240410;102633;161.5;10;10084263749;S
20240410;102633;161.5;420;10084263750;S
20240410;102633;161.5;10;10084263778;S
20240410;102633;161.5;570;10084263780;S
20240410;102633;161.5;10;10084263781;S
20240410;102633;161.5;90;10084263782;S
20240410;102633;161.5;100;10084263783;S
20240410;102633;161.5;230;10084263784;S
20240410;102633;161.5;50;10084263786;S
20240410;102633;161.5;500;10084263819;S
20240410;102633;161.5;220;10084263829;S
20240410;102633;161.5;300;10084263830;S
20240410;102633;161.5;100;10084263831;S
20240410;102633;161.5;100;10084263832;S
20240410;102633;161.5;250;10084263833;S
20240410;102633;161.5;100;10084263834;S
20240410;102633;161.5;20;10084263835;S
20240410;102633;161.5;50;10084263836;S
20240410;102633;161.5;70;10084263837;S
20240410;102633;161.5;10;10084263838;S
20240410;102633;161.5;300;10084263839;S
20240410;102633;161.5;90;10084263840;S
20240410;102633;161.5;150;10084263841;S
20240410;102633;161.5;240;10084263842;S
20240410;102633;161.54;10;10084263849;B
20240410;102633;161.5;300;10084263851;S
20240410;102633;161.5;150;10084263873;S
20240410;102633;161.5;310;10084263874;S
20240410;102633;161.5;10;10084263875;S
20240410;102633;161.5;10;10084263876;S
20240410;102633;161.5;400;10084263877;S
20240410;102633;161.5;10;10084263878;S
20240410;102633;161.5;50;10084263879;S
20240410;102633;161.5;50;10084263880;S
20240410;102633;161.5;3100;10084263881;S
20240410;102633;161.5;50;10084263882;S
20240410;102633;161.5;100;10084263883;S
20240410;102633;161.5;200;10084263884;S
20240410;102633;161.5;100;10084263885;S
20240410;102633;161.5;50;10084263886;S
20240410;102633;161.5;10;10084263887;S
20240410;102633;161.5;20;10084263888;S
20240410;102633;161.5;50;10084263889;S
20240410;102633;161.5;140;10084263890;S
20240410;102633;161.5;10;10084263891;S
20240410;102633;161.5;110;10084263892;S
20240410;102633;161.48;20;10084263893;S
20240410;102633;161.48;400;10084263894;S
20240410;102633;161.48;50;10084263895;S
20240410;102633;161.48;10;10084263896;S
20240410;102633;161.48;150;10084263897;S
20240410;102633;161.48;370;10084263898;S
20240410;102633;161.46;20;10084263899;S
20240410;102633;161.46;10;10084263900;S
20240410;102633;161.46;190;10084263901;S
20240410;102633;161.46;310;10084263908;S
20240410;102633;161.46;4500;10084263909;S
20240410;102633;161.46;500;10084263910;S
20240410;102633;161.46;50;10084263911;S
20240410;102633;161.46;100;10084263912;S
20240410;102633;161.46;1220;10084263913;S
20240410;102633;161.44;20;10084263914;S
20240410;102633;161.44;10;10084263915;S
20240410;102633;161.44;10;10084263916;S
20240410;102633;161.44;4580;10084263917;S
20240410;102633;161.48;40;10084263939;B
20240410;102633;161.46;130;10084263940;S
20240410;102633;161.44;70;10084263941;S
20240410;102634;161.44;180;10084263949;S
20240410;102634;161.48;800;10084263953;B
20240410;102634;161.44;100;10084263962;S
20240410;102634;161.44;1000;10084263963;S
20240410;102634;161.44;300;10084263984;S
20240410;102634;161.44;100;10084263994;S
20240410;102634;161.44;2210;10084263995;S
20240410;102634;161.48;20;10084264026;B
20240410;102634;161.46;20;10084264051;S
20240410;102634;161.46;10;10084264077;S
20240410;102634;161.44;290;10084264078;S
20240410;102634;161.44;500;10084264081;S
20240410;102634;161.44;500;10084264082;S
20240410;102634;161.48;10;10084264083;B
20240410;102634;161.44;580;10084264084;S
20240410;102634;161.44;300;10084264085;S
20240410;102636;161.46;10;10084264515;S
20240410;102636;161.44;3490;10084264516;S
20240410;102636;161.44;200;10084264517;S
20240410;102636;161.44;10;10084264628;S
20240410;102638;161.44;1000;10084264856;S
20240410;102638;161.46;500;10084264970;S
20240410;102638;161.44;690;10084264971;S
20240410;102639;161.48;40;10084265066;B
20240410;102639;161.48;140;10084265083;B
20240410;102639;161.46;100;10084265154;S
20240410;102639;161.44;200;10084265155;S
20240410;102640;161.44;10;10084265254;S
20240410;102640;161.44;10;10084265327;S
20240410;102640;161.48;40;10084265374;B
20240410;102640;161.44;10;10084265388;S
20240410;102641;161.44;10;10084265431;S
20240410;102641;161.44;10;10084265512;S
20240410;102641;161.44;10;10084265573;S
20240410;102642;161.46;150;10084265600;B
20240410;102642;161.44;10;10084265640;S
20240410;102642;161.46;50;10084265641;B
20240410;102642;161.48;90;10084265642;B
20240410;102642;161.44;100;10084265655;S
20240410;102642;161.48;130;10084265672;B
20240410;102642;161.48;230;10084265673;B
20240410;102642;161.48;190;10084265674;B
20240410;102642;161.48;210;10084265675;B
20240410;102642;161.48;60;10084265676;B
20240410;102642;161.48;60;10084265677;B
20240410;102642;161.48;60;10084265678;B
20240410;102643;161.44;10;10084265748;S
20240410;102643;161.48;380;10084265750;B
20240410;102643;161.48;100;10084265751;B
20240410;102643;161.5;150;10084265752;B
20240410;102643;161.5;50;10084265753;B
20240410;102643;161.5;250;10084265754;B
20240410;102643;161.5;170;10084265755;B
20240410;102643;161.52;1010;10084265756;B
20240410;102643;161.54;10;10084265757;B
20240410;102643;161.54;1530;10084265758;B
20240410;102643;161.54;400;10084265759;B
20240410;102643;161.56;1490;10084265760;B
20240410;102643;161.48;110;10084265769;S
20240410;102643;161.54;100;10084265775;B
20240410;102643;161.46;10;10084265842;S
20240410;102644;161.54;50;10084265959;B
20240410;102644;161.58;40;10084265961;B
20240410;102644;161.58;50;10084265962;B
20240410;102644;161.56;150;10084265963;B
20240410;102644;161.58;390;10084265964;B
20240410;102644;161.58;120;10084265965;B
20240410;102644;161.5;10;10084265967;S
20240410;102644;161.5;20;10084265975;S
20240410;102644;161.5;120;10084265984;S
20240410;102644;161.5;920;10084265985;S
20240410;102644;161.48;380;10084265986;S
20240410;102644;161.46;1530;10084265987;S
20240410;102644;161.46;250;10084265988;S
20240410;102644;161.48;150;10084265998;S
20240410;102644;161.46;50;10084265999;S
20240410;102644;161.46;150;10084266000;S
20240410;102644;161.56;10;10084266070;B
20240410;102644;161.58;390;10084266071;B
20240410;102644;161.5;10;10084266079;S
20240410;102645;161.5;10;10084266250;S
20240410;102645;161.5;10;10084266331;S
20240410;102646;161.5;50;10084266361;S
20240410;102646;161.5;10;10084266435;S
20240410;102646;161.5;10;10084266495;S
20240410;102647;161.5;10;10084266573;S
20240410;102647;161.5;10;10084266682;S
20240410;102648;161.5;10;10084266776;S
20240410;102648;161.5;90;10084266872;S
20240410;102648;161.5;400;10084266962;B
20240410;102648;161.48;10;10084266971;S
20240410;102648;161.48;340;10084266986;S
20240410;102648;161.48;520;10084266987;S
20240410;102648;161.48;100;10084266988;S
20240410;102648;161.46;40;10084266989;S
20240410;102649;161.46;10;10084267081;S
20240410;102649;161.46;40;10084267116;S
20240410;102650;161.46;10;10084267256;S
20240410;102650;161.46;10;10084267416;S
20240410;102650;161.46;200;10084267546;S
20240410;102650;161.46;60;10084267566;S
20240410;102650;161.46;10;10084267591;S
20240410;102650;161.46;10;10084267611;S
20240410;102651;161.46;10;10084267757;S
20240410;102652;161.44;10;10084267875;S
20240410;102652;161.44;90;10084267914;S
20240410;102652;161.44;10;10084267934;S
20240410;102652;161.46;10;10084267969;B
20240410;102652;161.44;10;10084267973;S
20240410;102653;161.44;10;10084268035;S
20240410;102653;161.44;2610;10084268040;S
20240410;102653;161.44;10;10084268093;S
20240410;102654;161.44;10;10084268194;S
20240410;102654;161.46;20;10084268196;B
20240410;102654;161.48;960;10084268197;B
20240410;102654;161.44;2000;10084268213;S
20240410;102654;161.44;80;10084268285;S
20240410;102654;161.48;1530;10084268300;B
20240410;102654;161.5;4510;10084268301;B
20240410;102654;161.5;150;10084268302;B
20240410;102654;161.5;1390;10084268303;B
20240410;102654;161.5;50;10084268304;B
20240410;102654;161.5;990;10084268305;B
20240410;102654;161.5;540;10084268316;S
20240410;102656;161.5;10;10084268535;S
20240410;102656;161.5;10;10084268552;S
20240410;102656;161.5;80;10084268659;S
20240410;102657;161.5;10;10084268691;S
20240410;102657;161.5;10;10084268744;S
20240410;102658;161.5;20;10084268763;S
20240410;102658;161.5;500;10084268777;S
20240410;102658;161.5;10;10084268836;S
20240410;102659;161.5;10;10084268913;S
20240410;102659;161.5;10;10084269010;S
20240410;102659;161.5;170;10084269049;S
20240410;102659;161.48;30;10084269050;S
20240410;102659;161.54;40;10084269065;B
20240410;102700;161.48;10;10084269135;S
20240410;102701;161.46;10;10084269258;S
20240410;102701;161.46;390;10084269499;S
20240410;102701;161.46;10;10084269500;S
20240410;102701;161.46;1000;10084269501;S
20240410;102701;161.44;1680;10084269502;S
20240410;102701;161.44;10;10084269503;S
20240410;102701;161.44;100;10084269504;S
20240410;102701;161.44;200;10084269505;S
20240410;102701;161.44;200;10084269506;S
20240410;102701;161.44;370;10084269507;S
20240410;102701;161.42;190;10084269508;S
20240410;102701;161.42;200;10084269509;S
20240410;102701;161.42;20;10084269510;S
20240410;102701;161.42;100;10084269511;S
20240410;102701;161.42;100;10084269512;S
20240410;102701;161.42;270;10084269513;S
20240410;102701;161.44;10;10084269527;S
20240410;102701;161.44;660;10084269595;S
20240410;102701;161.42;230;10084269596;S
20240410;102701;161.42;20;10084269597;S
20240410;102701;161.42;1910;10084269598;S
20240410;102701;161.42;10000;10084269599;S
20240410;102701;161.42;370;10084269600;S
20240410;102701;161.4;10;10084269601;S
20240410;102701;161.4;20;10084269602;S
20240410;102701;161.4;2000;10084269603;S
20240410;102701;161.4;10;10084269604;S
20240410;102701;161.4;1000;10084269605;S
20240410;102701;161.4;1000;10084269606;S
20240410;102701;161.4;1000;10084269607;S
20240410;102701;161.4;10000;10084269608;S
20240410;102701;161.4;10;10084269609;S
20240410;102701;161.4;20;10084269610;S
20240410;102701;161.4;10;10084269611;S
20240410;102701;161.4;50;10084269612;S
20240410;102701;161.4;1250;10084269613;S
20240410;102701;161.4;490;10084269614;S
20240410;102701;161.4;20;10084269615;S
20240410;102701;161.4;1000;10084269616;S
20240410;102701;161.4;150;10084269617;S
20240410;102701;161.4;120;10084269618;S
20240410;102701;161.4;150;10084269619;S
20240410;102701;161.4;400;10084269620;S
20240410;102701;161.38;10;10084269621;S
20240410;102701;161.38;20;10084269622;S
20240410;102701;161.38;10;10084269623;S
20240410;102701;161.38;1000;10084269624;S
20240410;102701;161.36;20;10084269625;S
20240410;102701;161.36;10;10084269626;S
20240410;102701;161.36;50;10084269627;S
20240410;102701;161.36;3860;10084269628;S
20240410;102702;161.38;10;10084269718;S
20240410;102702;161.4;400;10084269743;S
20240410;102702;161.38;140;10084269744;S
20240410;102702;161.34;20;10084269745;S
20240410;102702;161.34;500;10084269746;S
20240410;102702;161.34;100;10084269747;S
20240410;102702;161.34;500;10084269748;S
20240410;102702;161.34;50;10084269749;S
20240410;102702;161.34;100;10084269750;S
20240410;102702;161.32;2000;10084269751;S
20240410;102702;161.32;20;10084269752;S
20240410;102702;161.32;200;10084269753;S
20240410;102702;161.32;10;10084269754;S
20240410;102702;161.32;100;10084269755;S
20240410;102702;161.32;2000;10084269756;S
20240410;102702;161.32;1530;10084269757;S
20240410;102702;161.3;2810;10084269758;S
20240410;102702;161.32;10;10084269779;S
20240410;102702;161.38;50;10084269784;B
20240410;102702;161.38;20;10084269785;B
20240410;102702;161.44;30;10084269786;B
20240410;102702;161.42;50;10084269787;B
20240410;102702;161.34;2000;10084269799;S
20240410;102703;161.34;10;10084269822;S
20240410;102703;161.4;100;10084269825;B
20240410;102703;161.34;50;10084269850;S
20240410;102703;161.3;100;10084269851;S
20240410;102703;161.3;1950;10084269861;S
20240410;102703;161.3;10;10084269879;S
20240410;102703;161.3;10;10084269884;S
20240410;102704;161.3;10;10084269964;S
20240410;102704;161.32;10;10084270008;S
20240410;102704;161.32;10;10084270070;S
20240410;102705;161.36;10;10084270080;B
20240410;102705;161.38;2000;10084270081;B
20240410;102705;161.4;50;10084270082;B
20240410;102705;161.42;350;10084270083;B
20240410;102705;161.42;100;10084270084;B
20240410;102705;161.42;4370;10084270085;B
20240410;102705;161.4;100;10084270118;B
20240410;102705;161.36;10;10084270131;S
20240410;102705;161.36;10;10084270170;S
20240410;102706;161.34;10;10084270240;S
20240410;102706;161.38;10;10084270243;B
20240410;102706;161.4;20;10084270244;B
20240410;102706;161.36;10;10084270522;S
20240410;102706;161.36;10;10084270898;S
20240410;102706;161.4;40;10084270903;B
20240410;102706;161.42;10;10084270904;B
20240410;102707;161.36;10;10084271050;S
20240410;102707;161.36;120;10084271354;S
20240410;102707;161.36;100;10084271355;S
20240410;102707;161.34;1210;10084271356;S
20240410;102707;161.34;360;10084271357;S
20240410;102707;161.34;350;10084271358;S
20240410;102707;161.32;80;10084271359;S
20240410;102707;161.32;1530;10084271360;S
20240410;102707;161.3;110;10084271361;S
20240410;102707;161.3;10;10084271362;S
20240410;102707;161.3;20;10084271363;S
20240410;102707;161.3;10;10084271364;S
20240410;102707;161.3;100;10084271365;S
20240410;102707;161.3;20;10084271366;S
20240410;102707;161.3;20;10084271367;S
20240410;102707;161.3;1000;10084271368;S
20240410;102707;161.3;10;10084271369;S
20240410;102707;161.3;300;10084271370;S
20240410;102707;161.3;100;10084271371;S
20240410;102707;161.3;10;10084271372;S
20240410;102707;161.3;50;10084271373;S
20240410;102707;161.3;150;10084271374;S
20240410;102707;161.3;500;10084271375;S
20240410;102707;161.3;10;10084271376;S
20240410;102707;161.3;40;10084271377;S
20240410;102707;161.3;200;10084271378;S
20240410;102707;161.3;3090;10084271379;S
20240410;102710;161.4;10;10084272417;B
20240410;102710;161.4;10;10084272419;B
20240410;102710;161.36;10;10084272422;S
20240410;102710;161.36;10;10084272615;S
20240410;102710;161.36;80;10084272616;S
20240410;102710;161.36;250;10084272617;S
20240410;102710;161.34;670;10084272618;S
20240410;102711;161.34;10;10084272738;S
20240410;102711;161.32;10;10084272881;S
20240410;102711;161.36;500;10084272966;B
20240410;102711;161.32;10;10084273195;S
20240410;102712;161.32;160;10084273286;S
20240410;102712;161.32;1220;10084273287;S
20240410;102712;161.32;1530;10084273288;S
20240410;102712;161.3;5000;10084273289;S
20240410;102712;161.3;100;10084273290;S
20240410;102712;161.28;20;10084273291;S
20240410;102712;161.28;1000;10084273292;S
20240410;102712;161.28;160;10084273293;S
20240410;102712;161.26;10;10084273294;S
20240410;102712;161.26;10;10084273295;S
20240410;102712;161.26;20;10084273296;S
20240410;102712;161.26;100;10084273297;S
20240410;102712;161.26;4000;10084273298;S
20240410;102712;161.26;3410;10084273299;S
20240410;102712;161.24;10;10084273305;S
20240410;102712;161.24;10;10084273314;S
20240410;102712;161.24;10;10084273315;S
20240410;102712;161.24;80;10084273316;S
20240410;102712;161.24;10;10084273381;S
20240410;102712;161.34;10;10084273588;B
20240410;102712;161.3;10;10084273665;S
20240410;102713;161.34;10;10084273696;B
20240410;102713;161.34;10;10084273711;B
20240410;102713;161.34;140;10084273744;B
20240410;102713;161.36;500;10084273745;B
20240410;102713;161.38;580;10084273746;B
20240410;102713;161.32;250;10084273804;S
20240410;102713;161.32;10;10084273817;S
20240410;102713;161.32;850;10084273857;S
20240410;102713;161.32;10;10084273871;S
20240410;102713;161.36;100;10084273882;B
20240410;102714;161.34;5000;10084273946;S
20240410;102714;161.34;800;10084273947;S
20240410;102714;161.36;10;10084273962;B
20240410;102714;161.34;20;10084273972;S
20240410;102715;161.34;20;10084274052;S
20240410;102715;161.36;60;10084274227;B
20240410;102715;161.4;40;10084274228;B
20240410;102715;161.34;20;10084274237;S
20240410;102715;161.34;70;10084274238;S
20240410;102716;161.4;160;10084274258;B
20240410;102716;161.4;20;10084274259;B
20240410;102716;161.4;50;10084274260;B
20240410;102716;161.4;20;10084274261;B
20240410;102716;161.4;120;10084274262;B
20240410;102716;161.42;1690;10084274263;B
20240410;102716;161.42;1610;10084274264;B
20240410;102716;161.42;70;10084274268;B
20240410;102718;161.38;30;10084274673;S
20240410;102718;161.36;170;10084274674;S
20240410;102718;161.36;1100;10084274675;S
20240410;102718;161.4;50;10084274695;B
20240410;102718;161.4;40;10084274697;B
20240410;102719;161.4;30;10084274756;B
20240410;102719;161.4;20;10084274759;S
20240410;102720;161.4;20;10084274906;S
20240410;102720;161.42;170;10084274908;B
20240410;102720;161.42;340;10084274909;B
20240410;102720;161.44;20;10084274910;B
20240410;102720;161.44;100;10084274911;B
20240410;102720;161.48;30;10084274912;B
20240410;102720;161.46;2120;10084275005;S
20240410;102720;161.42;1220;10084275006;S
20240410;102720;161.42;1530;10084275007;S
20240410;102720;161.4;4930;10084275008;S
20240410;102720;161.4;180;10084275009;S
20240410;102720;161.36;10;10084275010;S
20240410;102720;161.36;1150;10084275011;S
20240410;102720;161.36;1110;10084275012;S
20240410;102720;161.34;430;10084275013;S
20240410;102720;161.34;10000;10084275014;S
20240410;102720;161.32;100;10084275015;S
20240410;102720;161.32;110;10084275016;S
20240410;102720;161.32;7110;10084275017;S
20240410;102720;161.42;30;10084275055;B
20240410;102720;161.42;10;10084275076;B
20240410;102721;161.4;20;10084275248;B
20240410;102721;161.4;160;10084275249;B
20240410;102721;161.42;140;10084275250;B
20240410;102721;161.44;680;10084275251;B
20240410;102722;161.38;1000;10084275330;S
20240410;102722;161.42;30;10084275408;B
20240410;102722;161.4;100;10084275411;S
20240410;102723;161.4;300;10084275524;S
20240410;102724;161.4;420;10084275609;S
20240410;102724;161.4;50;10084275625;S
20240410;102725;161.4;10;10084275708;S
20240410;102725;161.42;10;10084275746;B
20240410;102725;161.4;10;10084275755;S
20240410;102725;161.42;10;10084275799;B
20240410;102726;161.42;200;10084275894;B
20240410;102726;161.42;100;10084275912;B
20240410;102726;161.4;10;10084275923;S
20240410;102726;161.44;180;10084275932;B
20240410;102726;161.44;90;10084275933;B
20240410;102726;161.4;10;10084276096;S
20240410;102726;161.44;10;10084276105;B
20240410;102727;161.44;10;10084276142;B
20240410;102727;161.44;720;10084276144;B
20240410;102727;161.46;2860;10084276145;B
20240410;102727;161.4;10;10084276167;S
20240410;102727;161.46;10;10084276183;B
20240410;102727;161.42;10;10084276189;S
20240410;102727;161.46;10;10084276197;B
20240410;102727;161.42;10;10084276281;S
20240410;102728;161.46;10;10084276342;B
20240410;102728;161.46;770;10084276357;B
20240410;102728;161.48;370;10084276358;B
20240410;102728;161.48;360;10084276359;B
20240410;102728;161.42;30;10084276445;S
20240410;102728;161.42;10;10084276454;S
20240410;102728;161.48;10;10084276482;B
20240410;102728;161.44;20;10084276541;S
20240410;102729;161.48;10;10084276568;B
20240410;102729;161.44;10;10084276583;S
20240410;102729;161.48;5000;10084276589;B
20240410;102729;161.46;10;10084276712;S
20240410;102729;161.48;20;10084276729;B
20240410;102729;161.5;100;10084276730;B
20240410;102729;161.5;1880;10084276731;B
20240410;102730;161.46;10;10084276771;S
20240410;102730;161.5;10;10084276816;B
20240410;102730;161.5;5000;10084276824;B
20240410;102730;161.5;1500;10084276868;B
20240410;102730;161.5;460;10084276869;B
20240410;102730;161.5;100;10084276870;B
20240410;102730;161.5;2000;10084276871;B
20240410;102731;161.56;10;10084276988;B
20240410;102731;161.58;10;10084276989;B
20240410;102731;161.58;1050;10084276990;B
20240410;102732;161.6;5000;10084277090;B
20240410;102732;161.6;500;10084277099;B
20240410;102732;161.6;5000;10084277119;B
20240410;102732;161.6;5000;10084277170;B
20240410;102732;161.6;300;10084277171;B
20240410;102732;161.58;20;10084277172;S
20240410;102732;161.58;100;10084277218;S
20240410;102732;161.6;5000;10084277222;B
20240410;102732;161.6;200;10084277223;B
20240410;102733;161.6;100;10084277233;B
20240410;102733;161.6;4030;10084277239;B
20240410;102733;161.6;30;10084277266;B
20240410;102733;161.6;200;10084277294;B
20240410;102733;161.58;50;10084277308;S
20240410;102733;161.6;10;10084277309;B
20240410;102733;161.6;10;10084277399;B
20240410;102733;161.58;10;10084277405;S
20240410;102733;161.58;50;10084277407;S
20240410;102734;161.6;1170;10084277453;B
20240410;102734;161.6;2000;10084277462;B
20240410;102734;161.6;10;10084277561;B
20240410;102734;161.6;5000;10084277576;B
20240410;102734;161.6;400;10084277577;B
20240410;102734;161.58;20;10084277592;S
20240410;102735;161.6;300;10084277639;B
20240410;102735;161.6;5000;10084277651;B
20240410;102735;161.6;200;10084277655;B
20240410;102735;161.6;50;10084277673;B
20240410;102735;161.6;10;10084277674;B
20240410;102735;161.6;20;10084277675;B
20240410;102735;161.6;20;10084277676;B
20240410;102735;161.6;20;10084277677;B
20240410;102735;161.62;160;10084277678;B
20240410;102735;161.64;50;10084277679;B
20240410;102735;161.64;2170;10084277680;B
20240410;102735;161.66;50;10084277692;B
20240410;102735;161.68;150;10084277693;B
20240410;102735;161.6;20;10084277719;S
20240410;102736;161.66;40;10084277892;S
20240410;102736;161.66;150;10084277893;S
20240410;102736;161.66;450;10084277944;S
20240410;102737;161.66;30;10084278045;S
20240410;102738;161.68;20;10084278083;B
20240410;102738;161.68;150;10084278128;B
20240410;102738;161.68;50;10084278129;B
20240410;102738;161.7;10;10084278130;B
20240410;102738;161.72;50;10084278131;B
20240410;102738;161.72;10;10084278193;B
20240410;102738;161.72;380;10084278234;B
20240410;102738;161.74;20;10084278235;B
20240410;102738;161.74;500;10084278239;S
20240410;102739;161.76;10;10084278283;B
20240410;102739;161.76;30;10084278301;B
20240410;102739;161.78;10;10084278302;B
20240410;102739;161.78;400;10084278303;B
20240410;102739;161.8;240;10084278304;B
20240410;102739;161.8;5320;10084278305;B
20240410;102739;161.8;10;10084278307;B
20240410;102739;161.74;1000;10084278318;S
20240410;102739;161.8;2000;10084278328;B
20240410;102739;161.8;2000;10084278341;B
20240410;102739;161.8;600;10084278369;B
20240410;102739;161.74;10;10084278380;S
20240410;102739;161.8;890;10084278398;B
20240410;102740;161.8;10;10084278419;B
20240410;102740;161.8;2000;10084278499;B
20240410;102740;161.8;6190;10084278502;B
20240410;102740;161.78;40;10084278509;S
20240410;102741;161.8;4990;10084278545;B
20240410;102741;161.8;100;10084278546;B
20240410;102741;161.8;50;10084278547;B
20240410;102741;161.8;200;10084278548;B
20240410;102741;161.82;50;10084278572;B
20240410;102741;161.82;10;10084278573;B
20240410;102741;161.82;2260;10084278574;B
20240410;102741;161.82;180;10084278575;B
20240410;102741;161.82;300;10084278608;B
20240410;102741;161.8;40;10084278661;S
20240410;102741;161.82;30;10084278670;B
20240410;102741;161.82;70;10084278671;B
20240410;102741;161.82;7220;10084278683;B
20240410;102742;161.84;10;10084278700;B
20240410;102742;161.86;20;10084278701;B
20240410;102744;161.84;10;10084279001;S
20240410;102744;161.84;90;10084279002;S
20240410;102745;161.86;290;10084279138;B
20240410;102745;161.86;1500;10084279139;B
20240410;102745;161.88;60;10084279140;B
20240410;102747;161.84;100;10084279603;S
20240410;102747;161.84;10;10084279621;S
20240410;102747;161.86;200;10084279633;B
20240410;102747;161.86;10;10084279634;B
20240410;102747;161.88;40;10084279635;B
20240410;102748;161.84;10;10084279704;S
20240410;102748;161.88;20;10084279705;B
20240410;102748;161.88;150;10084279733;B
20240410;102748;161.88;20;10084279764;B
20240410;102748;161.88;210;10084279787;B
20240410;102748;161.88;400;10084279788;B
20240410;102748;161.88;100;10084279803;B
20240410;102748;161.88;50;10084279804;B
20240410;102748;161.86;200;10084279805;S
20240410;102748;161.84;80;10084279806;S
20240410;102748;161.82;420;10084279807;S
20240410;102748;161.8;4300;10084279808;S
20240410;102749;161.82;20;10084279853;B
20240410;102749;161.82;510;10084279858;B
20240410;102749;161.82;90;10084279859;B
20240410;102749;161.86;20;10084279879;B
20240410;102749;161.86;20;10084279915;B
20240410;102749;161.82;80;10084279979;S
20240410;102749;161.86;20;10084280009;B
20240410;102750;161.86;20;10084280024;B
20240410;102750;161.84;20;10084280141;B
20240410;102750;161.84;20;10084280156;B
20240410;102751;161.8;40;10084280157;S
20240410;102751;161.84;30;10084280248;B
20240410;102751;161.86;20;10084280249;B
20240410;102752;161.82;10;10084280365;B
20240410;102752;161.82;30;10084280369;B
20240410;102752;161.8;280;10084280381;S
20240410;102752;161.8;10;10084280382;S
20240410;102752;161.78;10;10084280383;S
20240410;102754;161.82;10;10084280644;B
20240410;102755;161.8;10;10084280744;S
20240410;102755;161.8;50;10084280792;S
20240410;102755;161.8;140;10084280808;S
20240410;102755;161.8;10;10084280809;S
20240410;102756;161.78;10;10084280842;S
20240410;102756;161.8;2000;10084280849;B
20240410;102756;161.8;60;10084280871;B
20240410;102756;161.8;10;10084280919;B
20240410;102757;161.8;50;10084280971;B
20240410;102758;161.78;60;10084281126;S
20240410;102758;161.78;40;10084281127;S
20240410;102758;161.8;30;10084281129;B
20240410;102759;161.8;300;10084281311;B
20240410;102759;161.8;530;10084281357;B
20240410;102759;161.8;10;10084281359;B
20240410;102759;161.8;10;10084281422;B
20240410;102759;161.8;10;10084281426;B
20240410;102759;161.78;100;10084281465;S
20240410;102800;161.8;350;10084281505;B
20240410;102800;161.78;10;10084281561;S
20240410;102800;161.8;1000;10084281641;B
20240410;102801;161.8;10;10084281835;B
20240410;102801;161.78;220;10084281881;S
20240410;102801;161.78;130;10084281895;S
20240410;102801;161.78;90;10084281896;S
20240410;102802;161.8;480;10084281962;B
20240410;102802;161.8;50;10084281963;B
20240410;102802;161.8;20;10084281964;B
20240410;102802;161.8;10;10084282007;B
20240410;102803;161.78;410;10084282194;S
20240410;102803;161.78;10;10084282195;S
20240410;102803;161.74;80;10084282196;S
20240410;102803;161.74;10;10084282214;B
20240410;102803;161.74;20;10084282216;B
20240410;102804;161.74;10;10084282258;B
20240410;102804;161.74;10;10084282359;B
20240410;102805;161.74;20;10084282384;B
20240410;102805;161.74;60;10084282444;B
20240410;102805;161.74;100;10084282495;B
20240410;102806;161.74;250;10084282657;B
20240410;102806;161.72;10;10084282669;S
20240410;102808;161.74;200;10084282883;B
20240410;102809;161.74;370;10084283118;B
20240410;102809;161.74;100;10084283119;B
20240410;102809;161.74;10;10084283120;B
20240410;102809;161.76;200;10084283121;B
20240410;102809;161.78;220;10084283122;B
20240410;102810;161.72;10;10084283385;S
20240410;102811;161.78;320;10084283483;B
20240410;102811;161.72;60;10084283506;S
20240410;102812;161.72;10;10084283804;S
20240410;102812;161.72;10;10084283948;S
20240410;102813;161.72;10;10084284028;S
20240410;102813;161.72;90;10084284093;S
20240410;102813;161.72;10;10084284129;S
20240410;102814;161.76;10;10084284259;B
20240410;102814;161.76;50;10084284260;B
20240410;102814;161.78;40;10084284261;B
20240410;102814;161.72;10;10084284371;S
20240410;102815;161.74;10;10084284443;S
20240410;102815;161.78;50;10084284478;B
20240410;102816;161.72;10;10084284631;S
20240410;102816;161.72;10;10084284741;S
20240410;102816;161.78;10;10084284764;B
20240410;102816;161.78;190;10084284765;B
20240410;102816;161.72;10;10084284870;S
20240410;102817;161.72;10;10084284939;S
20240410;102817;161.74;500;10084285000;S
20240410;102817;161.72;400;10084285001;S
20240410;102817;161.7;10;10084285035;S
20240410;102817;161.72;30;10084285090;B
20240410;102818;161.7;10;10084285117;S
20240410;102818;161.68;10;10084285149;S
20240410;102818;161.68;10;10084285198;S
20240410;102819;161.68;10;10084285339;S
20240410;102819;161.68;10;10084285475;S
20240410;102820;161.72;70;10084285829;B
20240410;102820;161.72;130;10084285830;B
20240410;102820;161.72;10;10084285831;B
20240410;102820;161.72;10;10084285832;B
20240410;102820;161.74;1440;10084285833;B
20240410;102820;161.76;200;10084285834;B
20240410;102820;161.76;10;10084285835;B
20240410;102820;161.76;10000;10084285836;B
20240410;102820;161.76;10;10084285837;B
20240410;102820;161.8;100;10084285838;B
20240410;102820;161.8;10;10084285839;B
20240410;102820;161.8;1200;10084285840;B
20240410;102820;161.8;200;10084285841;B
20240410;102820;161.8;4000;10084285842;B
20240410;102820;161.8;1000;10084285843;B
20240410;102820;161.8;1600;10084285844;B
20240410;102820;161.72;10;10084285847;S
20240410;102821;161.8;20;10084285872;B
20240410;102821;161.72;10;10084286017;S
20240410;102821;161.8;10;10084286033;B
20240410;102822;161.8;20;10084286100;B
20240410;102822;161.8;1100;10084286101;B
20240410;102822;161.82;60;10084286141;B
20240410;102822;161.8;280;10084286166;S
20240410;102822;161.76;330;10084286167;S
20240410;102824;161.8;30;10084286702;B
20240410;102825;161.76;30;10084286842;S
20240410;102826;161.76;170;10084287261;S
20240410;102826;161.76;130;10084287262;S
20240410;102827;161.76;260;10084287354;S
20240410;102827;161.74;740;10084287355;S
20240410;102828;161.8;70;10084287502;B
20240410;102828;161.8;260;10084287503;B
20240410;102828;161.82;40;10084287504;B
20240410;102828;161.82;100;10084287505;B
20240410;102828;161.82;530;10084287506;B
20240410;102830;161.84;1000;10084287990;B
20240410;102830;161.82;10;10084288103;S
20240410;102830;161.84;500;10084288144;B
20240410;102830;161.84;400;10084288156;B
20240410;102831;161.84;10;10084288187;B
20240410;102831;161.84;90;10084288361;B
20240410;102831;161.86;100;10084288362;B
20240410;102831;161.88;200;10084288363;B
20240410;102831;161.88;2000;10084288364;B
20240410;102831;161.9;100;10084288365;B
20240410;102831;161.9;500;10084288366;B
20240410;102831;161.9;90;10084288367;B
20240410;102831;161.9;3000;10084288368;B
20240410;102831;161.9;1000;10084288369;B
20240410;102831;161.9;90;10084288370;B
20240410;102831;161.92;830;10084288371;B
20240410;102833;161.96;210;10084288606;B
20240410;102833;161.92;100;10084288607;S
20240410;102833;161.96;100;10084288734;B
20240410;102833;161.96;190;10084288743;B
20240410;102833;161.96;100;10084288744;B
20240410;102833;161.96;500;10084288745;B
20240410;102833;161.96;10;10084288746;B
20240410;102833;161.96;400;10084288747;B
20240410;102833;161.98;10;10084288748;B
20240410;102833;161.98;3180;10084288749;B
20240410;102834;161.98;20;10084288861;B
20240410;102835;161.98;100;10084288942;B
20240410;102835;161.98;10;10084289005;B
20240410;102835;161.94;300;10084289025;S
20240410;102835;161.94;100;10084289049;S
20240410;102835;161.94;130;10084289085;S
20240410;102837;161.94;240;10084289306;S
20240410;102837;161.94;60;10084289307;S
20240410;102837;161.96;200;10084289378;B
20240410;102837;161.96;120;10084289379;B
20240410;102838;161.94;140;10084289432;S
20240410;102838;161.92;300;10084289433;S
20240410;102838;161.92;380;10084289434;S
20240410;102838;161.9;180;10084289435;S
20240410;102838;161.88;100;10084289436;S
20240410;102838;161.88;80;10084289613;B
20240410;102838;161.86;250;10084289622;S
20240410;102839;161.86;300;10084289648;S
20240410;102839;161.86;10;10084289729;S
20240410;102839;161.88;20;10084289734;B
20240410;102840;161.88;10;10084289917;B
20240410;102840;161.88;10;10084289979;B
20240410;102841;161.88;780;10084290043;B
20240410;102841;161.9;170;10084290044;B
20240410;102841;161.94;130;10084290045;B
20240410;102841;161.94;100;10084290046;B
20240410;102841;161.96;480;10084290047;B
20240410;102841;161.96;1220;10084290048;B
20240410;102841;161.96;2390;10084290049;B
20240410;102841;161.96;1530;10084290050;B
20240410;102841;161.96;1250;10084290051;B
20240410;102841;161.98;980;10084290052;B
20240410;102842;161.94;100;10084290170;B
20240410;102842;161.94;30;10084290173;B
20240410;102844;161.94;20;10084290355;B
20240410;102844;161.94;250;10084290356;B
20240410;102845;161.96;10;10084290531;B
20240410;102845;161.96;70;10084290532;B
20240410;102845;161.96;250;10084290533;B
20240410;102845;161.98;670;10084290534;B
20240410;102845;161.94;300;10084290560;S
20240410;102846;161.98;1000;10084290634;B
20240410;102847;161.98;2000;10084290731;B
20240410;102847;161.98;1000;10084290798;B
20240410;102847;161.98;500;10084290818;B
20240410;102847;161.98;10;10084290819;B
20240410;102847;161.98;500;10084290839;B
20240410;102847;161.98;10;10084290840;B
20240410;102847;161.98;10;10084290881;B
20240410;102847;161.98;10;10084290884;B
20240410;102848;161.98;10;10084290891;B
20240410;102848;161.98;10;10084290911;B
20240410;102848;161.98;10;10084290931;B
20240410;102848;161.98;300;10084290939;B
20240410;102848;161.98;10;10084290951;B
20240410;102848;161.98;4660;10084290955;B
20240410;102848;161.98;10;10084290956;B
20240410;102848;162;15330;10084290957;B
20240410;102848;162;10;10084290976;B
20240410;102848;162;10;10084290977;B
20240410;102848;162;10;10084290978;B
20240410;102848;162;10;10084290979;B
20240410;102848;162;500;10084291016;B
20240410;102848;162;500;10084291017;B
20240410;102848;162;1910;10084291039;B
20240410;102848;162;90;10084291040;B
20240410;102848;162;350;10084291042;B
20240410;102849;162;300;10084291055;B
20240410;102849;162;20;10084291056;B
20240410;102849;162;500;10084291058;B
20240410;102849;162;2000;10084291059;B
20240410;102849;162;1740;10084291061;B
20240410;102849;162;260;10084291062;B
20240410;102849;162;240;10084291078;B
20240410;102849;162;100;10084291079;B
20240410;102849;162;160;10084291080;B
20240410;102849;162;340;10084291093;B
20240410;102849;162;300;10084291094;B
20240410;102849;162;100;10084291095;B
20240410;102849;162;180;10084291096;B
20240410;102849;162;1000;10084291097;B
20240410;102849;162;80;10084291098;B
20240410;102849;162;10;10084291099;B
20240410;102849;162;200;10084291100;B
20240410;102849;162;200;10084291101;B
20240410;102849;162;10;10084291102;B
20240410;102849;162;90;10084291103;B
20240410;102849;162;110;10084291104;B
20240410;102849;162;140;10084291105;B
20240410;102849;162;10;10084291106;B
20240410;102849;162;50;10084291107;B
20240410;102849;162;150;10084291108;B
20240410;102849;162;1000;10084291109;B
20240410;102849;162;1000;10084291110;B
20240410;102849;162;2270;10084291111;B
20240410;102849;162;10;10084291112;B
20240410;102849;162;100;10084291113;B
20240410;102849;162;1000;10084291114;B
20240410;102849;162;1000;10084291115;B
20240410;102849;162;1000;10084291116;B
20240410;102849;162;1000;10084291117;B
20240410;102849;162;1000;10084291118;B
20240410;102849;162;1000;10084291119;B
20240410;102849;162;1000;10084291120;B
20240410;102849;162;800;10084291121;B
20240410;102849;162;390;10084291132;S
20240410;102849;162;190;10084291133;S
20240410;102849;162;250;10084291134;S
20240410;102849;162;330;10084291135;B
20240410;102849;162.06;100;10084291138;B
20240410;102849;162.06;100;10084291140;B
20240410;102849;162.06;500;10084291141;B
20240410;102849;162.08;80;10084291142;B
20240410;102849;162.08;20;10084291144;B
20240410;102849;162.08;190;10084291148;B
20240410;102849;162.1;10;10084291186;B
20240410;102849;162.1;10;10084291187;B
20240410;102849;162.1;10;10084291188;B
20240410;102849;162.1;10;10084291189;B
20240410;102849;162.1;150;10084291190;B
20240410;102849;162.12;100;10084291213;B
20240410;102849;162.12;10;10084291214;B
20240410;102849;162.12;140;10084291220;B
20240410;102849;162.14;200;10084291221;B
20240410;102849;162.14;1000;10084291222;B
20240410;102849;162.16;500;10084291223;B
20240410;102849;162.18;10;10084291224;B
20240410;102849;162.18;100;10084291225;B
20240410;102849;162.18;50;10084291226;B
20240410;102850;162.16;500;10084291288;B
20240410;102850;162.18;1170;10084291289;B
20240410;102850;162.18;330;10084291290;B
20240410;102850;162.14;150;10084291315;B
20240410;102850;162.18;500;10084291316;B
20240410;102850;162.2;500;10084291349;B
20240410;102850;162.2;150;10084291350;B
20240410;102850;162.2;10;10084291351;B
20240410;102850;162.2;1220;10084291352;B
20240410;102850;162.22;20;10084291354;B
20240410;102850;162.2;1220;10084291355;B
20240410;102850;162.22;140;10084291363;B
20240410;102850;162.2;1220;10084291373;B
20240410;102850;162.22;2260;10084291378;B
20240410;102850;162.22;240;10084291379;B
20240410;102850;162.22;380;10084291418;B
20240410;102851;162.24;1000;10084291462;B
20240410;102851;162.24;2000;10084291463;B
20240410;102851;162.26;10;10084291464;B
20240410;102851;162.26;300;10084291465;B
20240410;102851;162.26;10;10084291466;B
20240410;102851;162.26;500;10084291467;B
20240410;102851;162.28;20;10084291468;B
20240410;102851;162.28;400;10084291469;B
20240410;102851;162.28;6000;10084291470;B
20240410;102851;162.3;200;10084291471;B
20240410;102851;162.3;10;10084291472;B
20240410;102851;162.3;1000;10084291473;B
20240410;102851;162.3;10000;10084291474;B
20240410;102851;162.3;380;10084291475;B
20240410;102851;162.3;1400;10084291476;B
20240410;102851;162.3;2070;10084291477;B
20240410;102851;162.32;200;10084291478;B
20240410;102851;162.32;300;10084291479;B
20240410;102851;162.32;1000;10084291480;B
20240410;102851;162.32;1600;10084291481;B
20240410;102851;162.34;120;10084291482;B
20240410;102851;162.34;110;10084291483;B
20240410;102851;162.34;1300;10084291484;B
20240410;102851;162.34;1700;10084291485;B
20240410;102851;162.34;8370;10084291486;B
20240410;102851;162.34;10;10084291507;B
20240410;102851;162.3;10;10084291540;S
20240410;102851;162.32;60;10084291541;S
20240410;102851;162.34;490;10084291584;B
20240410;102851;162.36;40;10084291585;B
20240410;102851;162.36;1000;10084291586;B
20240410;102851;162.36;100;10084291587;B
20240410;102851;162.36;10;10084291588;B
20240410;102851;162.36;360;10084291589;B
20240410;102851;162.32;50;10084291595;S
20240410;102851;162.34;290;10084291616;B
20240410;102852;162.34;100;10084291635;B
20240410;102852;162.32;150;10084291637;S
20240410;102852;162.32;260;10084291638;B
20240410;102852;162.32;250;10084291662;S
20240410;102852;162.3;1020;10084291663;S
20240410;102852;162.32;280;10084291665;B
20240410;102852;162.32;200;10084291689;B
20240410;102852;162.3;10;10084291693;S
20240410;102852;162.32;1050;10084291721;B
20240410;102852;162.32;1220;10084291722;B
20240410;102852;162.34;80;10084291723;B
20240410;102852;162.32;10;10084291736;B
20240410;102852;162.32;690;10084291744;B
20240410;102852;162.3;10;10084291762;S
20240410;102853;162.3;450;10084291773;S
20240410;102853;162.3;200;10084291774;S
20240410;102853;162.3;1000;10084291775;S
20240410;102853;162.28;380;10084291776;S
20240410;102853;162.28;2960;10084291777;S
20240410;102853;162.24;10;10084291865;S
20240410;102854;162.24;10;10084291911;S
20240410;102855;162.24;300;10084292086;S
20240410;102856;162.24;20;10084292229;S
20240410;102856;162.24;160;10084292260;S
20240410;102856;162.24;40;10084292261;S
20240410;102856;162.26;100;10084292284;B
20240410;102856;162.26;100;10084292343;B
20240410;102857;162.24;10;10084292380;S
20240410;102857;162.22;200;10084292381;S
20240410;102857;162.22;380;10084292382;S
20240410;102857;162.2;640;10084292383;S
20240410;102857;162.2;10;10084292384;S
20240410;102857;162.18;200;10084292385;S
20240410;102857;162.18;60;10084292386;S
20240410;102857;162.24;10;10084292422;B
20240410;102858;162.22;20;10084292504;B
20240410;102859;162.16;250;10084292658;S
20240410;102859;162.14;50;10084292659;S
20240410;102859;162.18;880;10084292660;B
20240410;102859;162.18;10;10084292667;B
20240410;102900;162.12;200;10084292937;S
20240410;102900;162.12;300;10084292959;S
20240410;102901;162.12;1000;10084293091;S
20240410;102901;162.12;370;10084293092;S
20240410;102901;162.1;10;10084293093;S
20240410;102901;162.1;1000;10084293094;S
20240410;102901;162.1;20;10084293095;S
20240410;102901;162.08;3600;10084293096;S
20240410;102901;162.08;3040;10084293097;S
20240410;102902;162.08;570;10084293123;S
20240410;102902;162.06;610;10084293124;S
20240410;102903;162.08;10;10084293344;B
20240410;102903;162.1;20;10084293345;B
20240410;102904;162.08;10;10084293442;B
20240410;102905;162.08;40;10084293574;S
20240410;102906;162.06;10;10084293680;S
20240410;102907;162.1;180;10084293890;B
20240410;102907;162.1;100;10084293891;B
20240410;102907;162.1;350;10084293892;B
20240410;102907;162.1;550;10084293893;B
20240410;102907;162.12;590;10084293894;B
20240410;102907;162.12;1220;10084293895;B
20240410;102907;162.12;10;10084293896;B
20240410;102907;162.12;340;10084293897;B
20240410;102907;162.14;120;10084293898;B
20240410;102907;162.14;990;10084293899;B
20240410;102907;162.14;310;10084293900;B
20240410;102907;162.16;350;10084293901;B
20240410;102907;162.16;10;10084293902;B
20240410;102907;162.16;60;10084293903;B
20240410;102907;162.16;1390;10084293904;B
20240410;102907;162.16;20;10084293905;B
20240410;102907;162.16;50;10084293906;B
20240410;102907;162.16;280;10084293907;B
20240410;102907;162.18;1520;10084293908;B
20240410;102907;162.18;50;10084293909;B
20240410;102907;162.18;3660;10084293910;B
20240410;102907;162.18;3660;10084293911;B
20240410;102907;162.18;1780;10084293912;B
20240410;102907;162.18;260;10084293913;B
20240410;102907;162.2;2180;10084293914;B
20240410;102907;162.2;970;10084293915;B
20240410;102907;162.18;10;10084293918;B
20240410;102907;162.12;20;10084293923;B
20240410;102908;162.16;50;10084293981;B
20240410;102910;162.14;50;10084294370;S
20240410;102910;162.12;50;10084294371;S
20240410;102911;162.14;100;10084294453;S
20240410;102912;162.14;100;10084294492;S
20240410;102912;162.14;50;10084294493;S
20240410;102912;162.14;200;10084294551;S
20240410;102913;162.16;500;10084294611;B
20240410;102913;162.16;250;10084294670;B
20240410;102914;162.16;20;10084294767;B
20240410;102915;162.16;10;10084294995;B
20240410;102916;162.16;20;10084295010;B
20240410;102917;162.14;50;10084295245;S
20240410;102917;162.14;50;10084295246;S
20240410;102917;162.14;150;10084295247;S
20240410;102918;162.16;200;10084295395;B
20240410;102918;162.14;20;10084295410;S
20240410;102918;162.14;280;10084295440;S
20240410;102918;162.14;10;10084295441;S
20240410;102918;162.14;750;10084295442;S
20240410;102919;162.14;210;10084295512;B
20240410;102919;162.14;120;10084295513;B
20240410;102919;162.16;500;10084295514;B
20240410;102919;162.16;180;10084295515;B
20240410;102919;162.18;100;10084295516;B
20240410;102919;162.12;480;10084295690;S
20240410;102919;162.12;880;10084295691;S
20240410;102919;162.1;140;10084295692;S
20240410;102919;162.16;10;10084295741;B
20240410;102920;162.1;20;10084295765;S
20240410;102921;162.1;100;10084295900;S
20240410;102921;162.1;100;10084295926;S
20240410;102921;162.1;10;10084295927;S
20240410;102921;162.06;50;10084295928;S
20240410;102921;162.06;360;10084295929;S
20240410;102921;162.04;50;10084295930;S
20240410;102921;162.04;150;10084295931;S
20240410;102921;162.04;200;10084295932;S
20240410;102921;162.04;4000;10084295933;S
20240410;102921;162.02;40;10084295934;S
20240410;102921;162.02;10000;10084295935;S
20240410;102921;162.02;10;10084295936;S
20240410;102921;162.02;2000;10084295937;S
20240410;102921;162.02;10000;10084295938;S
20240410;102921;162;10;10084295939;S
20240410;102921;162;570;10084295940;S
20240410;102921;162;100;10084295941;S
20240410;102921;162;1150;10084295942;S
20240410;102921;162.02;50;10084295988;S
20240410;102921;162;850;10084296011;S
20240410;102921;162;150;10084296012;S
20240410;102922;162;100;10084296049;S
20240410;102922;162;10;10084296131;S
20240410;102922;162;10;10084296137;S
20240410;102923;162;500;10084296197;S
20240410;102923;162.02;10;10084296210;B
20240410;102923;162;300;10084296230;S
20240410;102923;162.02;1490;10084296250;B
20240410;102923;162.02;10;10084296251;B
20240410;102923;162.04;200;10084296252;B
20240410;102923;162.04;10;10084296253;B
20240410;102923;162.06;10;10084296254;B
20240410;102923;162.06;10;10084296255;B
20240410;102923;162.08;10;10084296256;B
20240410;102923;162.1;590;10084296257;B
20240410;102923;162.08;60;10084296265;B
20240410;102923;162.02;200;10084296281;S
20240410;102923;162;300;10084296282;S
20240410;102923;162;400;10084296311;S
20240410;102924;162;1440;10084296554;S
20240410;102926;162.02;10;10084296788;B
20240410;102926;162.02;20;10084296814;B
20240410;102927;162.02;10;10084296892;B
20240410;102927;162.02;10;10084296940;B
20240410;102927;162;50;10084297021;B
20240410;102928;162;950;10084297042;B
20240410;102928;162;10;10084297096;S
20240410;102930;162;10;10084297450;S
20240410;102930;162.02;10;10084297461;B
20240410;102932;162;20;10084297617;S
20240410;102932;162;50;10084297628;S
20240410;102933;162.02;10;10084297715;B
20240410;102933;162.02;40;10084297716;B
20240410;102933;162.02;540;10084297742;B
20240410;102933;162;10;10084297755;S
20240410;102933;162.02;240;10084297784;B
20240410;102934;162.02;20;10084297786;B
20240410;102934;162;10;10084297787;S
20240410;102934;162.02;50;10084297816;B
20240410;102934;162;10;10084297822;S
20240410;102934;162.02;1510;10084297843;B
20240410;102934;162.04;200;10084297844;B
20240410;102934;162.06;290;10084297845;S
20240410;102934;162.02;20;10084297850;S
20240410;102934;162.02;10;10084297883;S
20240410;102934;162.02;500;10084297912;S
20240410;102934;162.06;100;10084297919;B
20240410;102935;162.1;50;10084297924;B
20240410;102935;162.04;10;10084297929;S
20240410;102935;162.08;300;10084297948;S
20240410;102935;162.1;20;10084297955;B
20240410;102935;162.1;10;10084297959;B
20240410;102935;162.1;10;10084297982;B
20240410;102936;162.1;20;10084298027;B
20240410;102936;162.1;10;10084298028;B
20240410;102936;162.1;10;10084298041;B
20240410;102936;162.08;700;10084298043;S
20240410;102936;162.08;250;10084298044;S
20240410;102936;162.06;450;10084298045;S
20240410;102936;162.06;500;10084298046;S
20240410;102936;162.04;100;10084298047;S
20240410;102937;162.08;10;10084298160;S
20240410;102937;162.06;940;10084298163;S
20240410;102937;162.04;190;10084298221;S
20240410;102939;162.06;10;10084298375;B
20240410;102939;162.04;200;10084298446;S
20240410;102939;162.04;10;10084298455;S
20240410;102942;162.06;10;10084298735;B
20240410;102943;162.04;50;10084298868;S
20240410;102943;162.04;50;10084298890;S
20240410;102943;162.04;50;10084298891;S
20240410;102943;162.04;3000;10084298912;S
20240410;102945;162.04;40;10084299079;S
20240410;102945;162.04;500;10084299115;S
20240410;102945;162.04;90;10084299151;S
20240410;102945;162.04;100;10084299177;S
20240410;102945;162.04;90;10084299215;S
20240410;102945;162.04;90;10084299281;S
20240410;102945;162.04;280;10084299313;S
20240410;102945;162.04;100;10084299320;S
20240410;102945;162.04;20;10084299344;S
20240410;102946;162.06;80;10084299371;B
20240410;102946;162.06;10;10084299372;B
20240410;102946;162.08;1530;10084299373;B
20240410;102946;162.08;20;10084299374;B
20240410;102946;162.08;1220;10084299375;B
20240410;102946;162.1;170;10084299376;B
20240410;102946;162.1;120;10084299377;B
20240410;102947;162.06;10;10084299473;B
20240410;102949;162.06;310;10084299815;B
20240410;102950;162.06;490;10084300016;B
20240410;102950;162.06;10;10084300017;B
20240410;102950;162.06;2000;10084300018;B
20240410;102950;162.08;1530;10084300019;B
20240410;102950;162.08;50;10084300020;B
20240410;102950;162.08;1220;10084300021;B
20240410;102950;162.08;10;10084300022;B
20240410;102950;162.1;200;10084300023;B
20240410;102952;162.08;120;10084300242;B
20240410;102952;162.08;30;10084300281;B
20240410;102952;162.08;10;10084300301;B
20240410;102953;162.08;50;10084300386;B
20240410;102953;162.08;250;10084300460;B
20240410;102954;162.08;600;10084300505;B
20240410;102954;162.06;50;10084300529;S
20240410;102955;162.06;130;10084300669;S
20240410;102955;162.06;70;10084300670;S
20240410;102956;162.06;10;10084300746;S
20240410;102956;162.06;10;10084300837;S
20240410;102956;162.04;220;10084300838;S
20240410;102957;162.06;10;10084300941;B
20240410;102958;162.06;90;10084300958;B
20240410;103000;162.04;200;10084301383;S
20240410;103001;162.06;280;10084301411;B
20240410;103001;162.04;220;10084301462;S
20240410;103001;162.04;10;10084301463;S
20240410;103001;162.04;300;10084301464;S
20240410;103001;162.04;440;10084301465;S
20240410;103001;162.02;3660;10084301466;S
20240410;103001;162.02;3660;10084301467;S
20240410;103001;162.02;50;10084301468;S
20240410;103001;162.02;20;10084301469;S
20240410;103001;162.02;30;10084301470;S
20240410;103001;162.02;400;10084301471;S
20240410;103001;162.02;100;10084301472;S
20240410;103001;162.02;30;10084301473;S
20240410;103001;162.02;30;10084301474;S
20240410;103001;162.02;10;10084301475;S
20240410;103001;162.02;300;10084301476;S
20240410;103001;162.02;180;10084301487;S
20240410;103001;162.02;230;10084301555;S
20240410;103001;162.02;140;10084301663;S
20240410;103001;162.02;560;10084301702;S
20240410;103001;162.02;1090;10084301713;S
20240410;103001;162;130;10084301714;S
20240410;103002;162;20;10084301771;S
20240410;103002;162;40;10084301831;S
20240410;103002;162;10;10084301936;S
20240410;103002;162;100;10084301937;S
20240410;103003;162;100;10084302031;S
20240410;103003;162;3800;10084302032;S
20240410;103003;162;100;10084302111;S
20240410;103005;162.02;10;10084302259;B
20240410;103005;162.02;20;10084302270;B
20240410;103006;162.02;10;10084302374;B
20240410;103006;162.04;290;10084302375;B
20240410;103006;162;10;10084302572;S
20240410;103007;162.02;10;10084302657;B
20240410;103007;162.02;100;10084302673;B
20240410;103007;162.02;10;10084302709;B
20240410;103008;162.02;30;10084302806;B
20240410;103009;162.02;30;10084302871;B
20240410;103009;162.02;120;10084302905;B
20240410;103009;162.02;40;10084302907;B
20240410;103010;162.02;30;10084302951;B
20240410;103010;162.02;60;10084302960;B
20240410;103010;162.02;20;10084303068;S
20240410;103011;162.04;30;10084303349;B
20240410;103011;162.04;200;10084303353;B
20240410;103012;162.02;20;10084303501;S
20240410;103012;162.02;20;10084303502;S
20240410;103012;162.04;20;10084303505;B
20240410;103013;162.02;50;10084303736;S
20240410;103013;162.02;1980;10084303737;S
20240410;103015;162.02;20;10084304182;S
20240410;103015;162.02;20;10084304183;S
20240410;103015;162;360;10084304184;S
20240410;103017;162.02;140;10084304418;S
20240410;103018;162.02;750;10084304525;S
20240410;103018;162;9250;10084304526;S
20240410;103019;162;200;10084304677;S
20240410;103020;162;1000;10084304810;S
20240410;103022;162;100;10084305061;S
20240410;103023;162.02;20;10084305109;B
20240410;103023;162.02;30;10084305139;B
20240410;103023;162.02;20;10084305140;B
20240410;103024;162.02;180;10084305176;B
20240410;103024;162.02;200;10084305177;B
20240410;103024;162.02;50;10084305178;B
20240410;103024;162.02;130;10084305179;B
20240410;103026;162;90;10084305442;S
20240410;103026;162.02;70;10084305527;B
20240410;103026;162.02;200;10084305528;B
20240410;103026;162.02;80;10084305529;B
20240410;103027;162;340;10084305635;S
20240410;103028;162.02;120;10084305738;B
20240410;103028;162.02;40;10084305739;B
20240410;103028;162.02;10;10084305740;B
20240410;103028;162.02;150;10084305741;B
20240410;103028;162.02;10;10084305742;B
20240410;103029;162.02;90;10084305928;B
20240410;103029;162.02;10;10084305929;B
20240410;103030;162.02;500;10084306006;B
20240410;103030;162;190;10084306042;S
20240410;103031;162;40;10084306139;S
20240410;103032;162;110;10084306278;S
20240410;103032;162;40;10084306307;S
20240410;103034;162;10;10084306540;S
20240410;103034;162;100;10084306622;S
20240410;103036;162.02;10;10084306760;B
20240410;103036;162;200;10084306767;S
20240410;103036;162;470;10084306818;S
20240410;103037;162;430;10084307001;S
20240410;103037;162.02;60;10084307038;B
20240410;103037;162.02;10;10084307039;B
20240410;103037;162;133160;10084307053;S
20240410;103037;162;200;10084307054;S
20240410;103037;162;1000;10084307055;S
20240410;103037;162;10;10084307056;S
20240410;103037;162;5630;10084307057;S
20240410;103038;162;370;10084307085;S
20240410;103038;162;50;10084307086;S
20240410;103038;162;60;10084307087;S
20240410;103038;162;500;10084307088;S
20240410;103038;162;200;10084307089;S
20240410;103038;162;10;10084307090;S
20240410;103038;162;610;10084307091;S
20240410;103038;162;2320;10084307092;S
20240410;103038;162;880;10084307093;S
20240410;103038;162;120;10084307095;S
20240410;103038;162;10;10084307096;S
20240410;103038;162;70;10084307097;S
20240410;103038;162;480;10084307122;S
20240410;103038;162;10;10084307123;S
20240410;103038;162;10;10084307124;S
20240410;103038;162;490;10084307126;S
20240410;103038;162;310;10084307127;S
20240410;103038;162;690;10084307128;S
20240410;103038;162;10;10084307129;S
20240410;103038;162;10;10084307130;S
20240410;103038;162;10;10084307131;S
20240410;103038;162;1650;10084307132;S
20240410;103038;162;80;10084307133;S
20240410;103038;161.98;50;10084307134;S
20240410;103038;161.98;10;10084307135;S
20240410;103038;161.98;440;10084307142;S
20240410;103038;161.98;10;10084307143;S
20240410;103038;161.98;2500;10084307144;S
20240410;103038;161.96;80;10084307145;S
20240410;103038;161.96;50;10084307146;B
20240410;103038;161.9;20;10084307149;S
20240410;103038;161.9;30;10084307151;S
20240410;103038;161.9;100;10084307154;S
20240410;103038;161.9;870;10084307162;S
20240410;103038;161.9;10;10084307163;S
20240410;103038;161.9;20;10084307164;S
20240410;103038;161.88;10;10084307165;S
20240410;103038;161.88;10;10084307166;S
20240410;103038;161.88;30;10084307167;S
20240410;103038;161.88;50;10084307168;S
20240410;103038;161.86;10;10084307169;S
20240410;103038;161.86;10;10084307170;S
20240410;103038;161.86;10;10084307171;S
20240410;103038;161.86;10;10084307172;S
20240410;103038;161.86;10;10084307173;S
20240410;103038;161.84;10;10084307174;S
20240410;103038;161.84;200;10084307175;S
20240410;103038;161.84;710;10084307177;S
20240410;103038;161.84;30;10084307180;S
20240410;103038;161.84;50;10084307181;S
20240410;103038;161.84;50;10084307186;S
20240410;103038;161.84;210;10084307203;S
20240410;103038;161.82;10;10084307204;S
20240410;103038;161.82;20;10084307205;S
20240410;103038;161.8;200;10084307215;S
20240410;103038;161.8;100;10084307216;S
20240410;103039;161.8;10;10084307218;S
20240410;103039;161.8;20;10084307222;S
20240410;103039;161.8;10;10084307247;S
20240410;103039;161.8;1000;10084307248;S
20240410;103039;161.8;100;10084307249;S
20240410;103039;161.8;10;10084307250;S
20240410;103039;161.8;10;10084307251;S
20240410;103039;161.78;10;10084307252;S
20240410;103039;161.78;10;10084307253;S
20240410;103039;161.76;770;10084307254;S
20240410;103039;161.76;200;10084307255;S
20240410;103039;161.74;260;10084307256;S
20240410;103039;161.74;10;10084307257;S
20240410;103039;161.74;500;10084307258;S
20240410;103039;161.72;300;10084307259;S
20240410;103039;161.72;1810;10084307260;S
20240410;103039;161.72;190;10084307263;S
20240410;103039;161.72;10;10084307264;S
20240410;103039;161.72;500;10084307265;S
20240410;103039;161.72;10;10084307268;B
20240410;103039;161.68;10;10084307293;S
20240410;103039;161.72;790;10084307296;B
20240410;103039;161.74;2820;10084307297;B
20240410;103039;161.76;200;10084307298;B
20240410;103039;161.78;1000;10084307299;B
20240410;103039;161.78;3660;10084307300;B
20240410;103039;161.78;1530;10084307301;B
20240410;103040;161.68;30;10084307351;S
20240410;103040;161.66;20;10084307352;S
20240410;103040;161.66;350;10084307353;S
20240410;103040;161.66;10;10084307385;S
20240410;103040;161.74;30;10084307421;B
20240410;103040;161.7;200;10084307431;S
20240410;103040;161.68;200;10084307432;S
20240410;103041;161.68;100;10084307503;S
20240410;103042;161.7;50;10084307740;S
20240410;103042;161.68;3660;10084307743;S
20240410;103042;161.68;200;10084307744;S
20240410;103042;161.66;4640;10084307745;S
20240410;103042;161.66;400;10084307746;S
20240410;103042;161.66;10;10084307747;S
20240410;103042;161.66;10;10084307748;S
20240410;103042;161.66;760;10084307749;S
20240410;103042;161.64;10;10084307750;S
20240410;103042;161.64;10;10084307751;S
20240410;103042;161.64;620;10084307752;S
20240410;103042;161.64;10;10084307753;S
20240410;103042;161.62;80;10084307754;S
20240410;103042;161.62;10;10084307755;S
20240410;103042;161.6;10;10084307756;S
20240410;103042;161.6;10;10084307757;S
20240410;103042;161.6;10;10084307758;S
20240410;103042;161.6;2010;10084307759;S
20240410;103043;161.7;200;10084307936;B
20240410;103043;161.72;800;10084307937;B
20240410;103044;161.7;10;10084308072;B
20240410;103044;161.7;100;10084308081;B
20240410;103044;161.68;10;10084308091;S
20240410;103044;161.62;90;10084308092;S
20240410;103045;161.64;10;10084308219;B
20240410;103045;161.7;90;10084308220;B
20240410;103045;161.74;300;10084308223;B
20240410;103045;161.72;300;10084308354;S
20240410;103045;161.74;150;10084308430;B
20240410;103045;161.76;10;10084308443;B
20240410;103046;161.76;250;10084308478;B
20240410;103046;161.76;90;10084308575;B
20240410;103047;161.78;20;10084308623;B
20240410;103047;161.78;480;10084308624;B
20240410;103048;161.9;10;10084308758;B
20240410;103048;161.82;10;10084308785;S
20240410;103052;161.82;100;10084309216;S
20240410;103053;161.82;70;10084309273;S
20240410;103053;161.82;10;10084309324;S
20240410;103054;161.82;10;10084309353;S
20240410;103054;161.82;80;10084309405;S
20240410;103054;161.82;20;10084309406;S
20240410;103054;161.82;10;10084309446;S
20240410;103055;161.8;100;10084309466;S
20240410;103056;161.84;250;10084309599;B
20240410;103056;161.84;250;10084309600;B
20240410;103056;161.84;100;10084309601;B
20240410;103056;161.86;250;10084309626;B
20240410;103056;161.86;10;10084309703;S
20240410;103057;161.88;10;10084309814;B
20240410;103058;161.88;10;10084309844;B
20240410;103058;161.86;30;10084309883;S
20240410;103058;161.86;300;10084309925;S
20240410;103059;161.86;510;10084310028;S
20240410;103100;161.86;200;10084310156;S
20240410;103100;161.88;30;10084310158;B
20240410;103101;161.86;690;10084310413;S
20240410;103102;161.86;690;10084310476;S
20240410;103102;161.88;20;10084310630;B
20240410;103104;161.88;50;10084310887;B
20240410;103104;161.86;60;10084310895;S
20240410;103104;161.88;60;10084310921;B
20240410;103104;161.88;50;10084310924;B
20240410;103104;161.88;50;10084310925;B
20240410;103106;161.86;70;10084311299;S
20240410;103106;161.86;10;10084311309;S
20240410;103106;161.88;30;10084311310;B
20240410;103106;161.88;330;10084311311;B
20240410;103106;161.88;10;10084311322;B
20240410;103106;161.8;190;10084311438;S
20240410;103106;161.8;250;10084311460;S
20240410;103107;161.88;100;10084311591;B
20240410;103107;161.88;260;10084311609;B
20240410;103107;161.88;250;10084311610;B
20240410;103107;161.88;1380;10084311612;S
20240410;103107;161.88;480;10084311624;S
20240410;103107;161.88;3460;10084311684;S
20240410;103109;161.9;10;10084311986;B
20240410;103110;161.9;40;10084312105;B
20240410;103110;161.9;50;10084312106;B
20240410;103110;161.9;170;10084312107;B
20240410;103110;161.9;4340;10084312108;B
20240410;103110;161.94;250;10084312109;B
20240410;103110;161.94;1220;10084312110;B
20240410;103110;161.94;1400;10084312111;B
20240410;103110;161.96;2530;10084312112;B
20240410;103111;161.88;1000;10084312216;S
20240410;103113;161.9;200;10084312574;S
20240410;103113;161.88;7600;10084312575;S
20240410;103115;161.96;50;10084312864;B
20240410;103115;161.96;40;10084312869;B
20240410;103115;161.96;40;10084312870;B
20240410;103115;161.88;200;10084312898;S
20240410;103115;161.88;10;10084312922;S
20240410;103116;161.88;400;10084313150;S
20240410;103118;161.9;700;10084313448;B
20240410;103118;161.94;10;10084313484;B
20240410;103120;161.9;40;10084313791;S
20240410;103122;161.96;40;10084313968;B
20240410;103122;161.98;30;10084313969;B
20240410;103122;161.98;130;10084313970;B
20240410;103122;161.96;110;10084313999;B
20240410;103122;161.96;30;10084314053;B
20240410;103124;161.9;500;10084314222;S
20240410;103124;161.96;20;10084314244;B
20240410;103124;161.96;20;10084314245;B
20240410;103124;161.9;10;10084314282;S
20240410;103125;161.98;10;10084314371;B
20240410;103129;161.96;10;10084314763;B
20240410;103132;161.98;10;10084315270;B
20240410;103133;161.98;10;10084315369;B
20240410;103133;161.96;220;10084315377;S
20240410;103134;161.96;50;10084315532;S
20240410;103134;161.96;200;10084315582;S
20240410;103134;161.98;240;10084315616;B
20240410;103135;161.98;10;10084315649;B
20240410;103137;161.98;40;10084315940;B
20240410;103137;161.96;100;10084315948;S
20240410;103137;161.98;200;10084315953;B
20240410;103137;161.98;20;10084316015;B
20240410;103137;161.98;10;10084316035;B
20240410;103137;161.98;40;10084316043;B
20240410;103138;161.96;10;10084316185;S
20240410;103139;161.96;30;10084316301;S
20240410;103140;161.98;640;10084316351;B
20240410;103140;161.98;1530;10084316352;B
20240410;103140;161.98;320;10084316353;B
20240410;103140;161.98;10;10084316357;B
20240410;103142;161.98;130;10084316610;B
20240410;103144;161.98;310;10084316988;B
20240410;103144;161.98;10;10084316998;B
20240410;103146;161.96;10;10084317242;S
20240410;103147;161.96;40;10084317351;S
20240410;103147;161.96;10;10084317352;S
20240410;103148;161.92;10;10084317467;B
20240410;103149;161.9;100;10084317503;S
20240410;103149;161.88;10;10084317504;S
20240410;103149;161.88;90;10084317505;S
20240410;103149;161.92;100;10084317516;B
20240410;103151;161.9;40;10084317728;B
20240410;103151;161.9;310;10084317729;B
20240410;103151;161.9;910;10084317899;B
20240410;103151;161.92;70;10084317900;B
20240410;103152;161.88;10;10084318131;S
20240410;103154;161.9;300;10084318466;B
20240410;103155;161.88;140;10084318540;S
20240410;103155;161.88;140;10084318580;S
20240410;103156;161.9;20;10084318716;B
20240410;103156;161.9;20;10084318770;B
20240410;103156;161.88;50;10084318816;S
20240410;103156;161.88;70;10084318867;S
20240410;103156;161.86;300;10084318868;S
20240410;103157;161.9;10;10084319009;B
20240410;103157;161.9;50;10084319010;B
20240410;103158;161.86;100;10084319179;S
20240410;103159;161.88;40;10084319293;B
20240410;103200;161.88;10;10084319436;B
20240410;103201;161.86;30;10084319487;S
20240410;103201;161.88;50;10084319565;B
20240410;103202;161.88;180;10084319580;B
20240410;103202;161.88;10;10084319581;B
20240410;103202;161.88;10;10084319593;S
20240410;103203;161.9;10;10084319733;B
20240410;103203;161.9;20;10084319738;B
20240410;103206;161.9;140;10084320083;B
20240410;103207;161.88;20;10084320200;S
20240410;103210;161.86;40;10084320479;S
20240410;103210;161.86;10;10084320571;S
20240410;103211;161.86;10;10084320663;S
20240410;103211;161.9;650;10084320665;B
20240410;103211;161.9;10;10084320666;B
20240410;103211;161.9;10;10084320667;B
20240410;103211;161.9;680;10084320668;B
20240410;103211;161.9;1530;10084320669;B
20240410;103211;161.92;1700;10084320670;B
20240410;103211;161.92;1700;10084320671;B
20240410;103211;161.94;300;10084320672;B
20240410;103211;161.96;150;10084320673;B
20240410;103211;161.96;1000;10084320674;B
20240410;103211;161.96;890;10084320675;B
20240410;103212;161.96;10;10084320809;B
20240410;103213;161.96;590;10084320881;B
20240410;103214;161.96;50;10084321006;B
20240410;103215;161.96;10;10084321054;B
20240410;103217;161.88;50;10084321411;S
20240410;103219;161.9;100;10084321585;B
20240410;103219;161.9;10;10084321638;B
20240410;103220;161.9;20;10084321746;B
20240410;103222;161.9;80;10084322017;S
20240410;103222;161.88;200;10084322018;S
20240410;103222;161.88;20;10084322019;S
20240410;103223;161.88;150;10084322090;S
20240410;103224;161.96;80;10084322134;B
20240410;103225;161.88;10;10084322240;S
20240410;103225;161.88;40;10084322271;S
20240410;103225;161.86;10;10084322272;S
20240410;103226;161.94;10;10084322311;B
20240410;103226;161.96;50;10084322312;B
20240410;103227;161.9;90;10084322448;S
20240410;103227;161.9;1220;10084322449;S
20240410;103227;161.9;190;10084322450;S
20240410;103228;161.94;50;10084322507;B
20240410;103228;161.94;10;10084322574;B
20240410;103231;161.94;20;10084322961;B
20240410;103232;161.9;300;10084323039;S
20240410;103235;161.94;120;10084323277;B
20240410;103236;161.96;20;10084323455;B
20240410;103236;161.96;80;10084323456;B
20240410;103237;161.96;10;10084323600;B
20240410;103239;161.94;10;10084323800;S
20240410;103239;161.94;290;10084323801;S
20240410;103240;161.96;100;10084323886;B
20240410;103240;161.96;110;10084323935;B
20240410;103240;161.98;10;10084323936;B
20240410;103240;161.98;480;10084323937;B
20240410;103241;161.98;20;10084324060;B
20240410;103241;161.98;80;10084324061;B
20240410;103242;161.98;90;10084324234;B
20240410;103243;161.96;10;10084324311;S
20240410;103243;161.96;100;10084324343;S
20240410;103243;161.98;10;10084324345;B
20240410;103244;161.98;500;10084324406;B
20240410;103245;161.96;200;10084324522;S
20240410;103245;161.96;30;10084324528;S
20240410;103245;161.96;40;10084324535;S
20240410;103246;161.98;20;10084324584;B
20240410;103246;161.98;100;10084324585;B
20240410;103246;161.98;50;10084324586;B
20240410;103246;161.98;10;10084324663;B
20240410;103247;161.96;1000;10084324711;S
20240410;103250;161.96;10;10084324919;S
20240410;103250;161.98;200;10084324929;B
20240410;103251;161.98;2240;10084325028;B
20240410;103251;161.98;10;10084325029;B
20240410;103251;162;5000;10084325030;B
20240410;103251;162;10;10084325031;B
20240410;103251;162;110;10084325032;B
20240410;103251;162;500;10084325033;B
20240410;103251;162;1000;10084325034;B
20240410;103251;162;50;10084325035;B
20240410;103251;162;10;10084325036;B
20240410;103251;162;200;10084325037;B
20240410;103251;162;100;10084325038;B
20240410;103251;162;100;10084325039;B
20240410;103251;162;670;10084325040;B
20240410;103251;162;10;10084325051;B
20240410;103251;162;100;10084325054;B
20240410;103254;161.98;10;10084325272;S
20240410;103255;161.98;30;10084325397;S
20240410;103255;161.98;100;10084325423;S
20240410;103256;162;10;10084325439;B
20240410;103256;161.98;50;10084325440;S
20240410;103256;162;210;10084325602;B
20240410;103256;162;500;10084325603;B
20240410;103256;162;1300;10084325604;B
20240410;103256;162;20;10084325605;B
20240410;103256;162;100;10084325606;B
20240410;103256;162;10;10084325607;B
20240410;103256;162;2000;10084325608;B
20240410;103256;162;100;10084325609;B
20240410;103256;162;10;10084325610;B
20240410;103256;162;200;10084325611;B
20240410;103256;162;100;10084325612;B
20240410;103256;162;100;10084325613;B
20240410;103256;162;40;10084325614;B
20240410;103256;162;10;10084325615;B
20240410;103256;162;200;10084325616;B
20240410;103256;162;8100;10084325617;B
20240410;103256;162;10;10084325618;B
20240410;103256;162.02;90;10084325619;B
20240410;103256;162.02;500;10084325620;B
20240410;103256;162.04;110;10084325621;B
20240410;103256;162.04;10;10084325622;B
20240410;103256;162.04;200;10084325623;B
20240410;103256;162.04;10;10084325624;B
20240410;103256;162.04;10;10084325625;B
20240410;103256;162.04;100;10084325626;B
20240410;103256;162.06;20;10084325627;B
20240410;103256;162.06;100;10084325628;B
20240410;103256;162.06;10;10084325629;B
20240410;103256;162.06;20;10084325630;B
20240410;103256;162.06;10;10084325631;B
20240410;103256;162.06;500;10084325632;B
20240410;103256;162.06;380;10084325633;B
20240410;103257;162;150;10084325656;S
20240410;103257;162;1040;10084325657;S
20240410;103301;162.02;300;10084326077;S
20240410;103302;162.02;10;10084326278;S
20240410;103302;162.02;1220;10084326279;S
20240410;103302;162.02;1140;10084326280;S
20240410;103302;162.02;300;10084326313;S
20240410;103302;162;390;10084326314;S
20240410;103302;162.02;1220;10084326396;S
20240410;103302;162.02;1530;10084326397;S
20240410;103302;162;1470;10084326398;S
20240410;103302;162;2000;10084326399;S
20240410;103302;162;10;10084326400;S
20240410;103302;162;660;10084326401;S
20240410;103304;161.98;50;10084326662;S
20240410;103304;162;4810;10084326716;B
20240410;103304;162;190;10084326717;B
20240410;103304;161.98;90;10084326727;S
20240410;103305;161.98;420;10084326857;S
20240410;103306;162;10;10084326906;B
20240410;103307;162;290;10084327117;B
20240410;103307;162;90;10084327118;B
20240410;103307;161.98;770;10084327124;S
20240410;103307;162;110;10084327131;B
20240410;103307;162;100;10084327132;B
20240410;103307;162;400;10084327133;B
20240410;103308;162;990;10084327148;B
20240410;103308;162;20;10084327153;B
20240410;103309;161.98;5000;10084327252;S
20240410;103309;161.98;1390;10084327262;S
20240410;103309;161.98;200;10084327263;S
20240410;103309;161.98;80;10084327277;S
20240410;103309;161.98;10;10084327278;S
20240410;103310;161.96;10;10084327334;B
20240410;103310;161.98;10;10084327335;B
20240410;103310;161.94;20;10084327382;S
20240410;103312;161.96;100;10084327576;B
20240410;103312;161.98;140;10084327577;B
20240410;103312;161.98;240;10084327578;B
20240410;103312;161.98;280;10084327579;B
20240410;103314;162;3350;10084327782;B
20240410;103314;162;1220;10084327783;B
20240410;103314;162;1530;10084327784;B
20240410;103317;161.98;100;10084327973;S
20240410;103317;161.98;10;10084327998;S
20240410;103317;161.98;100;10084328050;S
20240410;103317;161.98;30;10084328051;S
20240410;103317;161.98;60;10084328052;S
20240410;103317;161.96;10;10084328053;S
20240410;103319;161.98;1000;10084328204;B
20240410;103319;161.98;100;10084328205;B
20240410;103319;161.98;300;10084328244;B
20240410;103319;161.98;600;10084328245;B
20240410;103320;161.98;20;10084328349;B
20240410;103321;161.98;100;10084328402;S
20240410;103321;161.98;100;10084328467;S
20240410;103322;162;240;10084328498;B
20240410;103322;162;110;10084328499;B
20240410;103322;162;10;10084328529;B
20240410;103322;162;10;10084328571;B
20240410;103323;162;10;10084328612;B
20240410;103323;161.98;50;10084328670;S
20240410;103323;162;10;10084328685;B
20240410;103323;162;10;10084328701;B
20240410;103323;162;10;10084328711;B
20240410;103324;162;10;10084328724;B
20240410;103324;161.98;250;10084328725;S
20240410;103324;161.98;50;10084328726;S
20240410;103324;162;2930;10084328736;B
20240410;103324;162;10;10084328852;B
20240410;103325;162;10;10084328906;B
20240410;103325;162;1870;10084328971;B
20240410;103325;162;1830;10084328972;B
20240410;103326;161.98;10;10084329163;S
20240410;103326;161.98;10;10084329221;S
20240410;103329;162;1990;10084329549;B
20240410;103329;162;250;10084329558;B
20240410;103329;162;10;10084329599;B
20240410;103329;161.98;10;10084329612;S
20240410;103329;161.98;10;10084329623;S
20240410;103330;162;980;10084329652;B
20240410;103330;162;40;10084329689;B
20240410;103330;162;10;10084329711;B
20240410;103330;161.98;100;10084329722;S
20240410;103330;161.98;1080;10084329765;S
20240410;103330;161.98;10;10084329766;S
20240410;103330;161.98;100;10084329767;S
20240410;103330;161.98;100;10084329768;S
20240410;103330;161.98;660;10084329769;S
20240410;103330;161.96;20;10084329770;S
20240410;103330;161.96;400;10084329771;S
20240410;103330;161.96;250;10084329772;S
20240410;103330;161.96;570;10084329773;S
20240410;103330;161.94;680;10084329774;S
20240410;103330;161.94;20;10084329775;S
20240410;103330;161.94;1820;10084329776;S
20240410;103330;161.94;50;10084329777;S
20240410;103330;161.94;1530;10084329778;S
20240410;103330;161.94;590;10084329779;S
20240410;103333;161.98;10;10084330054;S
20240410;103333;161.98;30;10084330055;S
20240410;103333;161.96;60;10084330056;S
20240410;103333;161.96;10;10084330108;S
20240410;103334;161.96;10;10084330181;S
20240410;103334;161.98;330;10084330237;B
20240410;103334;161.98;1170;10084330238;B
20240410;103335;161.98;10;10084330245;B
20240410;103335;161.98;10;10084330266;B
20240410;103338;161.98;2810;10084330655;B
20240410;103338;161.98;400;10084330656;B
20240410;103338;161.98;100;10084330657;B
20240410;103338;161.98;50;10084330658;B
20240410;103338;162;1590;10084330659;B
20240410;103338;162;1000;10084330660;B
20240410;103338;162;300;10084330661;B
20240410;103338;162;100;10084330662;B
20240410;103338;162;10;10084330663;B
20240410;103338;162;100;10084330664;B
20240410;103338;162;8540;10084330665;B
20240410;103340;161.96;20;10084330769;S
20240410;103340;161.96;10;10084330871;S
20240410;103341;162;1460;10084330925;B
20240410;103341;162;250;10084330926;B
20240410;103341;162;110;10084330927;B
20240410;103343;162;100;10084331282;B
20240410;103343;161.98;20;10084331289;S
20240410;103343;161.98;80;10084331290;S
20240410;103347;161.98;10;10084331674;B
20240410;103347;161.98;140;10084331675;B
20240410;103348;161.98;10;10084331789;B
20240410;103349;161.96;20;10084331884;S
20240410;103349;161.96;10;10084331920;S
20240410;103349;161.98;20;10084331944;B
20240410;103350;161.98;30;10084331956;B
20240410;103350;161.98;10;10084331957;B
20240410;103350;161.98;60;10084331958;B
20240410;103350;161.96;20;10084331961;S
20240410;103350;161.96;80;10084331962;S
20240410;103350;161.96;100;10084331972;S
20240410;103350;161.98;10;10084331978;B
20240410;103350;161.96;290;10084331991;S
20240410;103350;161.96;10;10084331992;S
20240410;103350;161.96;40;10084331993;S
20240410;103350;161.96;10;10084331994;S
20240410;103350;161.94;50;10084331995;S
20240410;103350;161.94;20;10084332013;S
20240410;103352;161.98;30;10084332140;B
20240410;103352;161.98;100;10084332141;B
20240410;103352;161.98;100;10084332142;B
20240410;103353;161.96;100;10084332333;B
20240410;103355;161.96;10;10084332619;B
20240410;103357;161.94;400;10084332961;S
20240410;103358;161.94;30;10084333406;S
20240410;103359;161.96;10;10084333832;B
20240410;103359;161.96;10;10084333979;B
20240410;103400;161.94;200;10084334197;S
20240410;103400;161.96;230;10084334286;B
20240410;103400;161.96;80;10084334287;B
20240410;103401;161.94;100;10084334347;S
20240410;103403;161.96;110;10084334588;B
20240410;103404;161.96;10;10084334749;B
20240410;103404;161.94;200;10084334811;S
20240410;103404;161.94;10;10084334820;S
20240410;103405;161.96;50;10084334954;B
20240410;103405;161.94;60;10084334983;S
20240410;103407;161.94;650;10084335146;S
20240410;103407;161.94;20;10084335147;S
20240410;103408;161.92;150;10084335278;S
20240410;103408;161.92;10;10084335279;S
20240410;103408;161.92;20;10084335280;S
20240410;103408;161.9;70;10084335281;S
20240410;103409;161.9;30;10084335371;S
20240410;103410;161.9;10;10084335559;S
20240410;103410;161.9;10;10084335560;S
20240410;103410;161.9;190;10084335620;S
20240410;103410;161.9;20;10084335621;S
20240410;103410;161.9;370;10084335622;S
20240410;103410;161.9;100;10084335623;S
20240410;103410;161.9;20;10084335624;S
20240410;103410;161.9;200;10084335625;S
20240410;103411;161.9;10;10084335760;B
20240410;103414;161.9;200;10084336010;B
20240410;103414;161.9;100;10084336024;B
20240410;103414;161.9;250;10084336039;B
20240410;103415;161.9;10;10084336370;B
20240410;103416;161.88;70;10084336496;S
20240410;103416;161.88;10;10084336497;S
20240410;103417;161.88;10;10084336577;S
20240410;103417;161.86;120;10084336578;S
20240410;103417;161.9;30;10084336583;B
20240410;103417;161.9;140;10084336584;B
20240410;103417;161.86;60;10084336614;S
20240410;103417;161.9;10;10084336621;B
20240410;103418;161.86;80;10084336685;S
20240410;103418;161.86;10;10084336691;S
20240410;103421;161.86;80;10084337102;S
20240410;103421;161.88;10;10084337108;B
20240410;103422;161.88;10;10084337152;B
20240410;103422;161.9;40;10084337153;B
20240410;103422;161.88;20;10084337199;B
20240410;103423;161.86;60;10084337269;S
20240410;103423;161.86;20;10084337270;S
20240410;103423;161.88;10;10084337296;B
20240410;103424;161.86;100;10084337445;S
20240410;103425;161.88;110;10084337479;B
20240410;103427;161.86;10;10084337868;S
20240410;103427;161.88;20;10084337871;B
20240410;103428;161.86;80;10084338037;S
20240410;103428;161.88;20;10084338075;B
20240410;103430;161.86;400;10084338265;S
20240410;103431;161.88;10;10084338370;B
20240410;103431;161.88;100;10084338371;B
20240410;103433;161.86;200;10084338505;S
20240410;103433;161.86;80;10084338528;S
20240410;103433;161.88;30;10084338543;B
20240410;103435;161.86;20;10084338717;S
20240410;103436;161.86;110;10084338744;S
20240410;103436;161.86;190;10084338745;S
20240410;103436;161.88;80;10084338749;B
20240410;103436;161.88;10;10084338751;B
20240410;103436;161.88;300;10084338781;B
20240410;103437;161.86;250;10084338857;S
20240410;103437;161.86;80;10084338872;S
20240410;103437;161.86;70;10084338894;S
20240410;103438;161.86;10;10084339044;S
20240410;103438;161.86;90;10084339045;S
20240410;103439;161.86;80;10084339277;S
20240410;103439;161.86;10;10084339304;S
20240410;103440;161.86;800;10084339375;S
20240410;103440;161.86;20;10084339414;S
20240410;103440;161.86;10;10084339415;S
20240410;103440;161.86;10;10084339416;S
20240410;103440;161.86;50;10084339417;S
20240410;103440;161.86;110;10084339424;B
20240410;103441;161.86;640;10084339512;S
20240410;103442;161.86;100;10084339586;B
20240410;103443;161.84;50;10084339653;S
20240410;103443;161.84;20;10084339654;S
20240410;103443;161.82;10;10084339655;S
20240410;103443;161.86;60;10084339656;B
20240410;103443;161.86;10;10084339657;B
20240410;103443;161.86;250;10084339658;B
20240410;103443;161.86;100;10084339659;B
20240410;103443;161.86;80;10084339660;B
20240410;103444;161.82;50;10084339743;S
20240410;103445;161.84;10;10084339816;B
20240410;103445;161.82;40;10084339849;S
20240410;103445;161.82;20;10084339850;S
20240410;103445;161.82;20;10084339851;S
20240410;103446;161.84;50;10084339965;B
20240410;103446;161.82;30;10084339970;S
20240410;103446;161.82;60;10084339971;S
20240410;103446;161.82;10;10084339972;S
20240410;103446;161.8;30;10084339973;S
20240410;103446;161.8;10;10084339974;S
20240410;103446;161.8;90;10084339975;S
20240410;103446;161.8;20;10084339976;S
20240410;103446;161.8;10;10084339977;S
20240410;103446;161.8;10;10084339978;S
20240410;103446;161.8;580;10084339979;S
20240410;103446;161.8;610;10084339980;S
20240410;103446;161.78;20;10084339981;S
20240410;103446;161.78;10;10084339982;S
20240410;103447;161.82;150;10084339994;B
20240410;103447;161.84;270;10084339995;B
20240410;103447;161.78;10;10084340058;S
20240410;103447;161.78;10;10084340059;S
20240410;103447;161.76;60;10084340060;S
20240410;103448;161.84;580;10084340151;B
20240410;103448;161.84;80;10084340169;S
20240410;103449;161.84;50;10084340213;S
20240410;103449;161.86;10;10084340244;B
20240410;103451;161.84;80;10084340537;S
20240410;103452;161.84;10;10084340655;S
20240410;103452;161.84;100;10084340658;S
20240410;103452;161.8;20;10084340659;S
20240410;103453;161.86;10;10084340696;B
20240410;103453;161.8;80;10084340707;S
20240410;103454;161.86;10;10084340955;B
20240410;103455;161.86;10;10084341040;B
20240410;103455;161.88;100;10084341041;B
20240410;103455;161.88;490;10084341042;B
20240410;103455;161.84;80;10084341074;S
20240410;103456;161.84;20;10084341237;S
20240410;103458;161.88;80;10084341407;B
20240410;103459;161.88;60;10084341465;S
20240410;103459;161.88;10;10084341466;S
20240410;103459;161.86;10;10084341467;S
20240410;103459;161.86;10;10084341534;S
20240410;103500;161.86;80;10084341697;S
20240410;103501;161.9;10;10084341775;B
20240410;103501;161.9;10;10084341776;B
20240410;103501;161.92;10;10084341777;B
20240410;103501;161.86;50;10084341810;S
20240410;103501;161.84;50;10084341811;S
20240410;103502;161.86;150;10084341839;S
20240410;103502;161.84;90;10084341840;S
20240410;103503;161.84;80;10084341942;S
20240410;103506;161.86;80;10084342427;S
20240410;103509;161.92;40;10084342678;B
20240410;103509;161.88;200;10084342742;S
20240410;103511;161.88;50;10084343025;S
20240410;103512;161.92;50;10084343142;B
20240410;103512;161.96;20;10084343143;B
20240410;103513;161.9;30;10084343184;S
20240410;103514;161.9;1270;10084343280;S
20240410;103516;161.94;10;10084343516;B
20240410;103517;161.94;50;10084343655;B
20240410;103520;161.94;90;10084344013;B
20240410;103520;161.94;10;10084344014;B
20240410;103521;161.94;20;10084344088;B
20240410;103524;161.9;550;10084344490;S
20240410;103526;161.94;10;10084345679;B
20240410;103531;161.94;50;10084350287;B
20240410;103531;161.92;30;10084350972;S
20240410;103535;161.92;370;10084354347;S
20240410;103535;161.92;100;10084354348;S
20240410;103535;161.9;670;10084354349;S
20240410;103535;161.9;20;10084354350;S
20240410;103535;161.9;230;10084354351;S
20240410;103535;161.9;150;10084354715;S
20240410;103535;161.9;100;10084354716;S
20240410;103537;161.92;10;10084356469;S
20240410;103538;161.94;10;10084356510;B
20240410;103538;161.94;140;10084356580;B
20240410;103538;161.96;30;10084356581;B
20240410;103538;161.96;20;10084356582;B
20240410;103538;161.96;10;10084356583;B
20240410;103538;161.96;300;10084356584;B
20240410;103538;161.96;110;10084356585;B
20240410;103538;161.96;110;10084356586;B
20240410;103538;161.96;100;10084356587;B
20240410;103538;161.96;530;10084356975;S
20240410;103538;161.94;150;10084356976;S
20240410;103538;161.92;570;10084356977;S
20240410;103538;161.9;1120;10084356978;S
20240410;103538;161.9;1200;10084356979;S
20240410;103538;161.9;330;10084356980;S
20240410;103539;161.96;150;10084357416;B
20240410;103539;161.98;50;10084357417;B
20240410;103539;161.98;300;10084357418;B
20240410;103540;161.98;200;10084358908;B
20240410;103540;161.98;20;10084358909;B
20240410;103540;161.98;3000;10084358910;B
20240410;103540;161.98;50;10084358911;B
20240410;103540;162;900;10084358912;B
20240410;103540;162;10;10084358913;B
20240410;103540;162;10000;10084358914;B
20240410;103540;162;700;10084358915;B
20240410;103540;162;10;10084358916;B
20240410;103540;162;100;10084358917;B
20240410;103540;162;10;10084358918;B
20240410;103540;162;100;10084359366;B
20240410;103540;162;100;10084359367;B
20240410;103540;162;50;10084359368;B
20240410;103540;162;250;10084359369;B
20240410;103541;162;770;10084359541;B
20240410;103541;162;100;10084359542;B
20240410;103541;162;1630;10084359543;B
20240410;103541;162;340;10084359791;B
20240410;103541;162;30;10084359858;B
20240410;103541;162;380;10084359974;B
20240410;103541;162;110;10084359975;B
20240410;103541;162;890;10084360317;B
20240410;103541;162;1800;10084360318;B
20240410;103541;162;20;10084360319;B
20240410;103541;162;100;10084360320;B
20240410;103541;162;10;10084360321;B
20240410;103541;162;150;10084360322;B
20240410;103541;162;1500;10084360323;B
20240410;103541;162;10000;10084360324;B
20240410;103541;162;50;10084360325;B
20240410;103541;162;10;10084360326;B
20240410;103541;162;460;10084360327;B
20240410;103541;162;540;10084360328;B
20240410;103541;162;2120;10084360329;B
20240410;103541;162;10;10084360385;B
20240410;103542;162;3120;10084360602;B
20240410;103542;162;9000;10084360673;B
20240410;103542;162;1000;10084360674;B
20240410;103542;162;100;10084360711;B
20240410;103542;162;2500;10084360713;B
20240410;103542;162;250;10084360796;B
20240410;103542;162;40;10084361094;B
20240410;103542;162;70;10084361351;B
20240410;103542;162;2000;10084361393;B
20240410;103543;161.98;400;10084361690;S
20240410;103543;161.98;40;10084361691;S
20240410;103543;161.98;10;10084361692;S
20240410;103543;161.98;700;10084361693;S
20240410;103543;162;10;10084361743;B
20240410;103543;162;100;10084361767;B
20240410;103543;162;400;10084362339;B
20240410;103544;162;8550;10084362427;B
20240410;103544;162;1000;10084362428;B
20240410;103544;162;50;10084362429;B
20240410;103544;162;400;10084362430;B
20240410;103544;162;500;10084362684;B
20240410;103544;161.98;60;10084363113;S
20240410;103545;161.98;130;10084363674;S
20240410;103547;162;800;10084365452;B
20240410;103548;161.98;100;10084366636;S
20240410;103549;161.98;100;10084367327;S
20240410;103549;161.98;910;10084367605;S
20240410;103549;161.98;1220;10084367606;S
20240410;103549;161.98;70;10084367607;S
20240410;103550;162;200;10084368774;B
20240410;103551;161.98;80;10084369584;S
20240410;103551;161.98;40;10084370077;S
20240410;103552;162;20;10084370263;B
20240410;103552;162;40;10084370274;B
20240410;103552;162;800;10084370321;B
20240410;103552;162;1000;10084370322;B
20240410;103552;162;200;10084370323;B
20240410;103552;162;10;10084370428;B
20240410;103552;162;10;10084370596;B
20240410;103552;162;120;10084370598;B
20240410;103553;162;2730;10084371373;B
20240410;103553;162;10;10084371374;B
20240410;103553;162;9000;10084371750;B
20240410;103553;162;1000;10084371751;B
20240410;103553;162;50;10084372171;B
20240410;103554;162;40;10084372463;B
20240410;103554;162;10;10084372510;B
20240410;103554;161.98;10;10084372765;S
20240410;103554;162;70;10084372931;B
20240410;103555;161.98;10;10084373431;S
20240410;103555;161.98;200;10084373755;S
20240410;103557;162;1000;10084375529;B
20240410;103557;162;10;10084375614;B
20240410;103557;161.98;600;10084376204;S
20240410;103558;162;100;10084376391;B
20240410;103559;161.98;100;10084377509;S
20240410;103559;161.98;10;10084377653;S
20240410;103601;162;6300;10084379935;B
20240410;103601;162;1000;10084379936;B
20240410;103601;162;2500;10084379937;B
20240410;103601;162;200;10084379938;B
20240410;103602;162;500;10084380651;B
20240410;103603;161.98;10;10084381719;S
20240410;103604;162;1930;10084382261;B
20240410;103604;162;350;10084382790;B
20240410;103605;161.98;300;10084383365;S
20240410;103605;162;500;10084383777;B
20240410;103607;162;1000;10084385638;B
20240410;103607;161.98;440;10084386046;S
20240410;103608;161.98;100;10084386229;S
20240410;103608;161.98;50;10084386601;S
20240410;103608;161.98;100;10084386924;S
20240410;103609;162;20;10084387250;B
20240410;103609;162;20;10084387553;B
20240410;103609;161.98;80;10084387924;S
20240410;103609;161.98;170;10084387925;S
20240410;103611;161.98;10;10084389160;S
20240410;103611;161.98;70;10084389617;S
20240410;103611;162;1000;10084389705;B
20240410;103612;162;7230;10084390741;B
20240410;103612;162;1000;10084390742;B
20240410;103612;162;1180;10084390743;B
20240410;103612;162;300;10084390744;B
20240410;103612;162;40;10084390745;B
20240410;103612;162;200;10084390746;B
20240410;103612;162;50;10084390747;B
20240410;103612;162;100;10084390984;B
20240410;103613;162;50;10084391154;B
20240410;103613;162;60;10084391859;B
20240410;103614;162;7150;10084392712;B
20240410;103614;162;1000;10084392713;B
20240410;103614;162;210;10084392714;B
20240410;103615;162;790;10084393230;B
20240410;103615;162;50;10084393231;B
20240410;103615;162;1030;10084393232;B
20240410;103616;161.98;10;10084394499;S
20240410;103616;161.98;100;10084394524;S
20240410;103616;161.98;100;10084394848;S
20240410;103616;161.98;40;10084394849;S
20240410;103616;161.98;60;10084394850;S
20240410;103617;162;1850;10084395512;B
20240410;103617;161.98;240;10084395590;S
20240410;103617;161.98;130;10084395726;S
20240410;103618;161.98;570;10084396370;S
20240410;103618;161.98;1430;10084396371;S
20240410;103618;162;2500;10084396375;B
20240410;103618;161.98;70;10084396899;S
20240410;103618;161.98;30;10084396900;S
20240410;103619;162;1000;10084397245;B
20240410;103619;162;10;10084397372;B
20240410;103619;162;620;10084397377;B
20240410;103622;162;10;10084400959;B
20240410;103622;162;120;10084400960;B
20240410;103622;161.98;100;10084400969;S
20240410;103623;162;20;10084401368;B
20240410;103623;161.98;200;10084401841;S
20240410;103624;161.98;50;10084402727;S
20240410;103624;162;20;10084402731;B
20240410;103625;162;20;10084403138;B
20240410;103625;162;150;10084403755;B
20240410;103626;161.98;200;10084404157;S
20240410;103626;162;840;10084404187;B
20240410;103627;161.98;100;10084405592;S
20240410;103627;162;10;10084405740;B
20240410;103628;161.98;200;10084406152;S
20240410;103628;162;100;10084406319;B
20240410;103628;162;10;10084406617;B
20240410;103629;162;10;10084407224;B
20240410;103630;162;1680;10084407633;B
20240410;103630;162;670;10084407634;B
20240410;103631;162;100;10084408844;B
20240410;103633;162;20;10084410133;B
20240410;103633;161.98;340;10084410225;S
20240410;103633;161.98;260;10084410226;S
20240410;103633;162;210;10084410411;B
20240410;103633;162;50;10084410412;B
20240410;103633;162;50;10084410413;B
20240410;103633;162;350;10084410414;B
20240410;103633;162;50;10084410415;B
20240410;103633;162;200;10084410416;B
20240410;103633;162;200;10084410417;B
20240410;103633;162;890;10084410418;B
20240410;103633;162;340;10084410872;B
20240410;103635;162;30;10084412289;B
20240410;103635;162;630;10084412525;B
20240410;103636;161.98;150;10084412772;S
20240410;103636;162;10;10084412887;B
20240410;103636;162;10;10084412895;B
20240410;103636;162;10;10084412899;B
20240410;103636;162;10;10084412909;B
20240410;103636;162;10;10084412913;B
20240410;103636;162;10;10084412917;B
20240410;103636;162;10;10084412927;B
20240410;103636;162;10;10084412931;B
20240410;103636;162;10;10084412935;B
20240410;103636;162;1000;10084412936;B
20240410;103636;162;520;10084412937;B
20240410;103636;162;480;10084412938;B
20240410;103636;162;1000;10084412942;B
20240410;103636;162;100;10084412943;B
20240410;103636;162;1000;10084412944;B
20240410;103636;162;1000;10084412945;B
20240410;103636;162;100;10084412949;B
20240410;103636;162;1000;10084412956;B
20240410;103636;161.98;10;10084412957;S
20240410;103636;162;100;10084412958;B
20240410;103636;162;100;10084412963;B
20240410;103636;162;100;10084412966;B
20240410;103636;162;1000;10084412968;B
20240410;103636;162;100;10084412969;B
20240410;103636;162;100;10084412971;B
20240410;103637;162;1170;10084413377;B
20240410;103637;162;1000;10084413378;B
20240410;103638;162;10;10084414220;B
20240410;103638;161.98;40;10084414438;S
20240410;103638;161.98;1540;10084414569;S
20240410;103638;161.98;900;10084414570;S
20240410;103638;161.98;100;10084414571;S
20240410;103638;161.98;300;10084414572;S
20240410;103640;161.98;70;10084415869;B
20240410;103643;161.96;50;10084418184;S
20240410;103643;161.96;60;10084418743;S
20240410;103644;161.96;40;10084419239;S
20240410;103644;161.96;20;10084419240;S
20240410;103644;161.96;940;10084419241;S
20240410;103644;161.98;100;10084419299;B
20240410;103644;161.96;60;10084419444;S
20240410;103645;161.92;270;10084419973;S
20240410;103645;161.92;20;10084420212;S
20240410;103646;161.96;190;10084420874;B
20240410;103646;161.96;260;10084420875;B
20240410;103648;161.96;600;10084422238;B
20240410;103653;161.96;140;10084427127;B
20240410;103653;161.96;20;10084427128;B
20240410;103653;161.96;100;10084427129;B
20240410;103653;161.98;740;10084427130;B
20240410;103654;161.94;20;10084428000;S
20240410;103654;161.92;110;10084428001;S
20240410;103654;161.92;10;10084428002;S
20240410;103654;161.92;10;10084428003;S
20240410;103654;161.9;20;10084428004;S
20240410;103654;161.9;20;10084428005;S
20240410;103654;161.9;500;10084428006;S
20240410;103654;161.9;400;10084428007;S
20240410;103654;161.9;160;10084428008;S
20240410;103654;161.88;50;10084428009;S
20240410;103654;161.88;20;10084428010;S
20240410;103654;161.88;30;10084428011;S
20240410;103654;161.86;150;10084428012;S
20240410;103655;161.94;170;10084429306;B
20240410;103655;161.96;440;10084429307;B
20240410;103655;161.98;1250;10084429308;B
20240410;103655;161.98;50;10084429309;B
20240410;103655;161.98;30;10084429310;B
20240410;103655;161.98;100;10084429311;B
20240410;103655;161.98;1000;10084429312;B
20240410;103655;161.98;220;10084429313;B
20240410;103655;161.98;1740;10084429314;B
20240410;103657;161.9;230;10084430686;S
20240410;103657;161.88;1470;10084430687;S
20240410;103658;161.96;120;10084431418;B
20240410;103659;161.96;20;10084431959;B
20240410;103659;161.96;400;10084431960;B
20240410;103659;161.96;280;10084431961;B
20240410;103701;161.96;10;10084434045;B
20240410;103702;161.96;10;10084434613;B
20240410;103702;161.96;10;10084435107;B
20240410;103703;161.94;10;10084435241;S
20240410;103703;161.92;130;10084435242;S
20240410;103703;161.96;10;10084435327;B
20240410;103703;161.96;10;10084435870;B
20240410;103704;161.96;10;10084436228;B
20240410;103704;161.92;50;10084436446;S
20240410;103704;161.92;200;10084436447;S
20240410;103704;161.96;10;10084436760;B
20240410;103705;161.96;10;10084437252;B
20240410;103705;161.96;2450;10084437484;B
20240410;103705;161.96;40;10084437485;B
20240410;103705;161.96;130;10084437486;B
20240410;103705;161.96;30;10084437487;B
20240410;103705;161.96;320;10084437488;B
20240410;103705;161.96;10;10084437489;B
20240410;103705;161.98;1920;10084437490;B
20240410;103705;161.98;1460;10084437491;B
20240410;103706;161.96;10;10084437900;B
20240410;103706;161.96;10;10084438346;B
20240410;103707;161.96;10;10084438881;B
20240410;103707;161.96;10;10084439408;B
20240410;103708;161.96;10;10084439821;B
20240410;103708;161.98;10;10084440167;B
20240410;103709;161.98;10;10084440755;B
20240410;103709;161.98;10;10084440757;B
20240410;103709;161.98;10;10084440761;B
20240410;103710;161.98;160;10084441387;B
20240410;103710;161.98;380;10084441388;B
20240410;103710;161.98;10;10084441579;B
20240410;103711;161.98;10;10084442258;B
20240410;103712;161.98;500;10084443126;B
20240410;103712;161.98;10;10084443548;B
20240410;103712;161.96;150;10084443678;S
20240410;103712;161.94;10;10084443679;S
20240410;103712;161.94;40;10084443680;S
20240410;103713;161.94;70;10084443891;B
20240410;103713;161.94;10;10084443907;B
20240410;103713;161.94;30;10084444189;B
20240410;103713;161.94;10;10084444210;B
20240410;103713;161.94;500;10084444222;B
20240410;103713;161.94;10;10084444223;B
20240410;103713;161.94;10;10084444453;B
20240410;103714;161.94;10;10084444786;B
20240410;103714;161.94;30;10084444787;B
20240410;103714;161.94;30;10084445064;B
20240410;103714;161.94;10;10084445065;B
20240410;103714;161.92;80;10084445228;S
20240410;103714;161.94;10;10084445265;B
20240410;103715;161.92;200;10084445780;S
20240410;103715;161.92;1220;10084445781;S
20240410;103715;161.92;40;10084445782;S
20240410;103715;161.92;50;10084445783;S
20240410;103715;161.9;1000;10084445784;S
20240410;103715;161.9;120;10084445785;S
20240410;103715;161.9;500;10084445786;S
20240410;103715;161.9;250;10084445787;S
20240410;103715;161.9;10;10084445788;S
20240410;103715;161.9;1530;10084445789;S
20240410;103715;161.88;200;10084445790;S
20240410;103715;161.88;250;10084445791;S
20240410;103715;161.88;400;10084445792;S
20240410;103715;161.88;200;10084445793;S
20240410;103715;161.88;1250;10084445794;S
20240410;103715;161.88;170;10084445795;S
20240410;103715;161.86;350;10084445796;S
20240410;103715;161.86;150;10084445797;S
20240410;103715;161.86;20;10084445798;S
20240410;103715;161.86;100;10084445799;S
20240410;103715;161.86;1460;10084445800;S
20240410;103715;161.86;10;10084445801;S
20240410;103715;161.86;660;10084445802;S
20240410;103715;161.92;20;10084445959;B
20240410;103718;161.92;10;10084448609;B
20240410;103719;161.9;30;10084448923;S
20240410;103721;161.92;500;10084450482;B
20240410;103724;161.92;290;10084453848;S
20240410;103724;161.92;430;10084453849;S
20240410;103725;161.9;10;10084455065;S
20240410;103727;161.9;100;10084456115;B
20240410;103727;161.9;60;10084456675;B
20240410;103729;161.88;100;10084458950;S
20240410;103729;161.88;50;10084458951;S
20240410;103731;161.88;1000;10084460019;S
20240410;103731;161.9;10;10084460473;B
20240410;103732;161.9;200;10084461199;B
20240410;103733;161.86;2210;10084462786;S
20240410;103733;161.86;500;10084462787;S
20240410;103733;161.84;20;10084462788;S
20240410;103733;161.84;100;10084462789;S
20240410;103733;161.84;50;10084462790;S
20240410;103733;161.84;1340;10084462791;S
20240410;103733;161.84;50;10084462885;S
20240410;103738;161.9;300;10084466711;B
20240410;103739;161.9;200;10084467518;B
20240410;103739;161.88;10;10084468146;S
20240410;103739;161.86;490;10084468147;S
20240410;103740;161.9;10;10084468527;B
20240410;103743;161.9;260;10084471512;B
20240410;103743;161.9;200;10084472061;B
20240410;103745;161.86;100;10084473675;S
20240410;103747;161.88;310;10084476124;B
20240410;103750;161.88;10;10084478805;B
20240410;103751;161.86;630;10084479903;B
20240410;103752;161.84;90;10084480337;S
20240410;103754;161.86;150;10084482531;B
20240410;103756;161.84;20;10084484949;S
20240410;103756;161.86;10;10084485056;B
20240410;103756;161.86;110;10084485116;B
20240410;103756;161.86;30;10084485117;B
20240410;103757;161.86;20;10084485777;B
20240410;103758;161.86;2360;10084487179;B
20240410;103758;161.84;10;10084487271;S
20240410;103800;161.86;100;10084489350;B
20240410;103801;161.86;70;10084489824;B
20240410;103801;161.84;180;10084490167;S
20240410;103802;161.84;100;10084490699;S
20240410;103802;161.86;2000;10084491056;B
20240410;103803;161.84;110;10084492110;S
20240410;103804;161.86;90;10084492412;B
20240410;103804;161.86;330;10084492418;B
20240410;103804;161.86;200;10084492419;B
20240410;103804;161.86;20;10084492420;B
20240410;103804;161.86;80;10084492421;B
20240410;103804;161.86;140;10084492423;B
20240410;103804;161.86;130;10084492424;B
20240410;103804;161.86;990;10084492427;B
20240410;103804;161.86;180;10084492449;B
20240410;103805;161.86;460;10084493539;B
20240410;103807;161.86;100;10084495637;S
20240410;103807;161.84;590;10084495638;S
20240410;103807;161.86;100;10084496055;S
20240410;103809;161.86;690;10084498198;S
20240410;103812;161.88;10;10084500419;B
20240410;103813;161.88;10;10084501586;B
20240410;103814;161.88;10;10084502583;B
20240410;103815;161.86;1000;10084503837;S
20240410;103815;161.86;300;10084503838;S
20240410;103815;161.88;10;10084504019;B
20240410;103815;161.88;10;10084504020;B
20240410;103815;161.88;10;10084504021;B
20240410;103815;161.88;10;10084504022;B
20240410;103815;161.88;10;10084504026;B
20240410;103815;161.88;10;10084504027;B
20240410;103815;161.88;10;10084504028;B
20240410;103815;161.88;10;10084504029;B
20240410;103815;161.88;1000;10084504030;B
20240410;103815;161.88;570;10084504037;B
20240410;103815;161.88;430;10084504038;B
20240410;103815;161.88;1000;10084504045;B
20240410;103815;161.88;100;10084504052;B
20240410;103815;161.88;1000;10084504059;B
20240410;103815;161.88;1000;10084504066;B
20240410;103815;161.88;1000;10084504082;B
20240410;103815;161.88;100;10084504089;B
20240410;103815;161.88;100;10084504096;B
20240410;103815;161.88;100;10084504104;B
20240410;103815;161.88;170;10084504111;B
20240410;103815;161.9;220;10084504112;B
20240410;103815;161.9;170;10084504113;B
20240410;103815;161.9;150;10084504114;B
20240410;103815;161.9;140;10084504115;B
20240410;103815;161.9;150;10084504116;B
20240410;103815;161.9;100;10084504123;B
20240410;103815;161.9;50;10084504137;B
20240410;103815;161.9;50;10084504138;B
20240410;103815;161.9;20;10084504178;B
20240410;103816;161.9;10;10084504518;B
20240410;103817;161.92;10;10084505730;B
20240410;103817;161.92;50;10084505731;B
20240410;103817;161.94;100;10084505732;B
20240410;103817;161.9;130;10084506267;S
20240410;103818;161.94;10;10084506975;B
20240410;103822;161.92;570;10084510922;S
20240410;103827;161.94;290;10084515290;B
20240410;103827;161.94;130;10084515291;B
20240410;103828;161.92;80;10084516621;S
20240410;103829;161.94;1000;10084517867;B
20240410;103830;161.92;460;10084518129;B
20240410;103830;161.94;740;10084518130;B
20240410;103830;161.94;10;10084518578;B
20240410;103833;161.94;410;10084521709;B
20240410;103833;161.94;30;10084521726;B
20240410;103833;161.94;10;10084522125;B
20240410;103837;161.94;10;10084525057;B
20240410;103837;161.94;10;10084525455;B
20240410;103838;161.94;240;10084525853;B
20240410;103838;161.92;10;10084525887;S
20240410;103838;161.92;50;10084525888;S
20240410;103838;161.94;100;10084525969;B
20240410;103841;161.94;60;10084529243;B
20240410;103841;161.94;30;10084529449;B
20240410;103841;161.94;200;10084529647;B
20240410;103842;161.94;900;10084530321;B
20240410;103844;161.94;250;10084531810;B
20240410;103844;161.92;130;10084531889;S
20240410;103844;161.9;1010;10084531890;S
20240410;103844;161.88;560;10084531891;S
20240410;103844;161.92;420;10084532363;B
20240410;103844;161.94;780;10084532364;B
20240410;103845;161.88;660;10084533164;S
20240410;103845;161.88;440;10084533165;S
20240410;103846;161.88;10;10084534269;S
20240410;103847;161.92;20;10084535753;B
20240410;103848;161.92;50;10084535766;B
20240410;103848;161.92;100;10084535805;B
20240410;103849;161.92;430;10084536937;B
20240410;103849;161.92;100;10084537008;B
20240410;103849;161.9;30;10084537492;S
20240410;103851;161.94;10;10084539457;B
20240410;103852;161.94;10;10084540066;B
20240410;103852;161.94;10;10084540465;B
20240410;103852;161.94;250;10084540466;B
20240410;103852;161.94;10;10084540512;B
20240410;103853;161.94;10;10084541288;B
20240410;103854;161.94;10;10084542030;B
20240410;103854;161.94;10;10084542184;B
20240410;103854;161.94;10;10084542701;B
20240410;103855;161.92;10;10084543753;S
20240410;103856;161.92;90;10084544142;B
20240410;103856;161.94;10;10084544143;B
20240410;103856;161.94;10;10084544273;B
20240410;103857;161.94;10;10084545183;B
20240410;103857;161.94;10;10084546528;B
20240410;103858;161.94;10;10084547543;B
20240410;103859;161.94;10;10084548864;B
20240410;103900;161.94;70;10084549008;B
20240410;103903;161.94;10;10084552721;B
20240410;103905;161.94;60;10084554578;B
20240410;103905;161.94;20;10084554662;B
20240410;103905;161.92;10;10084554898;S
20240410;103905;161.92;40;10084554963;B
20240410;103906;161.92;10;10084555256;B
20240410;103906;161.9;10;10084555704;S
20240410;103906;161.9;50;10084555705;S
20240410;103906;161.9;10;10084555706;S
20240410;103906;161.88;620;10084555707;S
20240410;103906;161.88;100;10084555761;S
20240410;103906;161.88;200;10084555762;S
20240410;103906;161.88;1090;10084555763;S
20240410;103906;161.9;1220;10084555797;S
20240410;103906;161.88;690;10084555826;S
20240410;103906;161.88;290;10084555953;S
20240410;103906;161.88;70;10084555992;S
20240410;103906;161.9;10;10084556211;B
20240410;103908;161.9;300;10084557673;B
20240410;103910;161.9;150;10084559758;B
20240410;103910;161.9;150;10084560334;B
20240410;103911;161.9;10;10084560613;B
20240410;103911;161.9;320;10084560930;S
20240410;103911;161.92;20;10084561227;B
20240410;103913;161.92;20;10084563273;B
20240410;103915;161.92;650;10084564577;B
20240410;103915;161.92;320;10084564578;B
20240410;103915;161.92;1220;10084564579;B
20240410;103915;161.94;1600;10084564580;B
20240410;103915;161.92;160;10084565552;B
20240410;103915;161.94;1840;10084565553;B
20240410;103917;161.94;1100;10084566733;B
20240410;103917;161.94;50;10084566734;B
20240410;103917;161.94;900;10084566735;B
20240410;103917;161.94;90;10084566736;B
20240410;103917;161.94;50;10084566737;B
20240410;103917;161.94;200;10084566738;B
20240410;103917;161.94;10;10084566739;B
20240410;103917;161.94;600;10084566740;B
20240410;103918;161.94;10;10084567787;B
20240410;103918;161.94;10;10084567791;B
20240410;103918;161.94;10;10084567792;B
20240410;103918;161.94;10;10084567793;B
20240410;103918;161.94;10;10084567794;B
20240410;103918;161.94;10;10084567795;B
20240410;103918;161.94;10;10084567796;B
20240410;103918;161.94;10;10084567797;B
20240410;103918;161.94;1000;10084567798;B
20240410;103918;161.94;1000;10084567799;B
20240410;103918;161.94;20;10084567800;B
20240410;103918;161.94;980;10084567801;B
20240410;103918;161.94;100;10084567802;B
20240410;103918;161.94;1000;10084567803;B
20240410;103918;161.94;360;10084567804;B
20240410;103918;161.94;10;10084567805;B
20240410;103918;161.96;10;10084567806;B
20240410;103918;161.96;200;10084567807;B
20240410;103918;161.96;10;10084567808;B
20240410;103918;161.96;40;10084567809;B
20240410;103918;161.96;40;10084567810;B
20240410;103918;161.96;130;10084567811;B
20240410;103918;161.96;60;10084567812;B
20240410;103918;161.96;100;10084567813;B
20240410;103918;161.96;40;10084567814;B
20240410;103918;161.96;10;10084567818;B
20240410;103918;161.96;50;10084567819;B
20240410;103918;161.98;50;10084567820;B
20240410;103918;161.98;890;10084567821;B
20240410;103918;161.98;100;10084567824;B
20240410;103918;161.98;100;10084567825;B
20240410;103918;161.98;100;10084567826;B
20240410;103918;161.98;1000;10084567827;B
20240410;103918;161.98;100;10084567834;B
20240410;103918;161.98;100;10084567844;B
20240410;103918;161.92;50;10084568135;S
20240410;103920;161.9;40;10084570576;S
20240410;103920;161.9;80;10084570577;S
20240410;103920;161.9;20;10084570578;S
20240410;103920;161.9;1130;10084570579;S
20240410;103921;161.9;10;10084571125;S
20240410;103922;161.96;50;10084572108;B
20240410;103922;161.96;740;10084572109;B
20240410;103922;161.96;410;10084572110;B
20240410;103922;161.92;150;10084572120;S
20240410;103923;161.92;180;10084573245;S
20240410;103927;161.94;10;10084577416;B
20240410;103927;161.94;10;10084577590;B
20240410;103928;161.94;10;10084578007;B
20240410;103928;161.92;10;10084578387;S
20240410;103928;161.94;10;10084578478;B
20240410;103929;161.94;10;10084578896;B
20240410;103929;161.94;10;10084579169;B
20240410;103929;161.94;10;10084579597;B
20240410;103930;161.94;10;10084580201;B
20240410;103930;161.94;20;10084580331;B
20240410;103930;161.94;10;10084580362;B
20240410;103931;161.94;390;10084581224;B
20240410;103931;161.96;110;10084581225;B
20240410;103931;161.96;10;10084581226;B
20240410;103932;161.96;10;10084582514;B
20240410;103932;161.96;10;10084582626;B
20240410;103933;161.96;10;10084582814;B
20240410;103933;161.98;10;10084582934;B
20240410;103933;161.98;150;10084582952;B
20240410;103933;161.98;10;10084583218;B
20240410;103934;161.98;10;10084583583;B
20240410;103934;161.96;150;10084583857;S
20240410;103934;161.94;320;10084583858;S
20240410;103934;161.92;1230;10084583859;S
20240410;103934;161.98;10;10084583962;B
20240410;103934;161.96;10;10084584268;S
20240410;103934;161.96;10;10084584269;B
20240410;103935;161.96;10;10084584657;B
20240410;103935;161.96;10;10084585087;B
20240410;103936;161.94;10;10084585503;S
20240410;103937;161.94;1000;10084585991;S
20240410;103938;161.92;20;10084586581;S
20240410;103940;161.94;190;10084588533;B
20240410;103940;161.94;140;10084588534;B
20240410;103941;161.94;100;10084589362;S
20240410;103941;161.94;70;10084589732;S
20240410;103941;161.94;50;10084589733;S
20240410;103941;161.92;380;10084589761;S
20240410;103941;161.92;150;10084589762;S
20240410;103941;161.92;10;10084589763;S
20240410;103941;161.92;190;10084589764;S
20240410;103941;161.94;180;10084590039;B
20240410;103942;161.92;50;10084590857;S
20240410;103944;161.92;50;10084591916;B
20240410;103944;161.92;320;10084591917;B
20240410;103945;161.9;30;10084592694;S
20240410;103945;161.9;9970;10084592695;S
20240410;103945;161.92;1000;10084593111;B
20240410;103945;161.92;2300;10084593171;B
20240410;103945;161.92;150;10084593172;B
20240410;103945;161.94;500;10084593173;B
20240410;103945;161.94;330;10084593174;B
20240410;103945;161.94;220;10084593175;B
20240410;103945;161.9;30;10084593311;S
20240410;103945;161.9;10;10084593312;S
20240410;103945;161.9;80;10084593313;S
20240410;103945;161.9;10;10084593314;S
20240410;103945;161.9;100;10084593315;S
20240410;103945;161.9;50;10084593316;S
20240410;103945;161.9;10;10084593317;S
20240410;103945;161.88;210;10084593318;S
20240410;103946;161.94;500;10084594221;B
20240410;103946;161.94;10;10084594278;B
20240410;103947;161.92;1000;10084594598;S
20240410;103947;161.9;50;10084594599;S
20240410;103947;161.88;180;10084594600;S
20240410;103947;161.88;100;10084594601;S
20240410;103947;161.88;20;10084594602;S
20240410;103947;161.88;170;10084594603;S
20240410;103947;161.94;170;10084595047;B
20240410;103949;161.92;10;10084596025;S
20240410;103949;161.92;20;10084596026;S
20240410;103949;161.88;30;10084596027;S
20240410;103949;161.88;10;10084596028;S
20240410;103949;161.88;150;10084596029;S
20240410;103949;161.88;280;10084596030;S
20240410;103950;161.94;10;10084597361;B
20240410;103951;161.94;50;10084598303;B
20240410;103952;161.94;10;10084598930;B
20240410;103952;161.94;10;10084598944;B
20240410;103953;161.9;50;10084599870;S
20240410;103953;161.9;50;10084599917;S
20240410;103953;161.88;50;10084599940;S
20240410;103954;161.86;150;10084600552;S
20240410;103955;161.88;550;10084601231;B
20240410;103955;161.88;80;10084601232;S
20240410;103955;161.9;150;10084601234;B
20240410;103955;161.92;70;10084601235;B
20240410;103955;161.94;280;10084601236;B
20240410;103956;161.92;150;10084601847;B
20240410;103956;161.94;150;10084601848;B
20240410;103956;161.94;700;10084601849;B
20240410;103958;161.94;10;10084603795;B
20240410;104000;161.94;40;10084605846;B
20240410;104000;161.96;2260;10084605847;B
20240410;104001;161.94;730;10084606631;B
20240410;104001;161.96;2700;10084606632;B
20240410;104001;161.96;100;10084606633;B
20240410;104001;161.96;2000;10084606634;B
20240410;104001;161.98;490;10084606635;B
20240410;104001;161.98;100;10084606636;B
20240410;104001;161.98;140;10084606637;B
20240410;104001;161.98;200;10084606638;B
20240410;104001;161.98;570;10084606639;B
20240410;104001;161.98;850;10084606640;B
20240410;104003;161.96;90;10084608041;S
20240410;104003;161.96;60;10084608096;S
20240410;104003;161.96;50;10084608097;S
20240410;104003;161.94;130;10084608098;S
20240410;104003;161.94;50;10084608099;S
20240410;104003;161.94;500;10084608100;S
20240410;104003;162;10;10084608299;B
20240410;104003;161.98;50;10084608303;S
20240410;104003;161.94;40;10084608517;S
20240410;104003;161.94;680;10084608580;S
20240410;104003;161.94;680;10084608601;S
20240410;104003;161.94;540;10084608608;S
20240410;104004;161.94;100;10084609101;B
20240410;104004;161.98;50;10084609102;B
20240410;104006;161.98;780;10084610600;B
20240410;104006;161.98;40;10084610601;B
20240410;104006;161.98;710;10084610602;S
20240410;104007;161.98;10;10084611394;B
20240410;104007;161.96;40;10084611911;S
20240410;104007;161.98;40;10084612001;B
20240410;104008;161.96;10;10084612386;S
20240410;104008;161.98;300;10084612739;B
20240410;104010;161.94;10;10084613870;S
20240410;104012;161.98;10;10084615573;B
20240410;104013;161.96;50;10084617250;S
20240410;104014;161.94;190;10084617430;S
20240410;104014;161.92;50;10084617431;S
20240410;104014;161.92;60;10084617432;S
20240410;104014;161.92;70;10084617629;S
20240410;104014;161.98;60;10084617765;B
20240410;104017;161.96;20;10084619973;B
20240410;104017;161.96;30;10084619974;S
20240410;104017;161.98;180;10084619985;B
20240410;104017;161.94;20;10084620032;S
20240410;104017;161.96;50;10084620589;S
20240410;104018;161.94;30;10084620650;S
20240410;104019;161.94;10;10084622275;B
20240410;104020;161.94;10;10084622890;B
20240410;104022;161.94;80;10084624196;B
20240410;104025;161.96;10;10084626599;B
20240410;104025;161.94;100;10084626906;S
20240410;104026;161.96;10;10084627558;B
20240410;104026;161.96;10;10084627561;B
20240410;104026;161.96;10;10084627562;B
20240410;104026;161.96;10;10084627563;B
20240410;104026;161.96;10;10084627565;B
20240410;104026;161.96;10;10084627566;B
20240410;104026;161.96;10;10084627568;B
20240410;104026;161.96;10;10084627569;B
20240410;104026;161.96;100;10084627571;B
20240410;104026;161.96;70;10084627575;B
20240410;104026;161.96;10;10084627576;B
20240410;104026;161.98;20;10084627577;B
20240410;104026;161.98;200;10084627578;B
20240410;104026;161.98;700;10084627579;B
20240410;104026;161.98;100;10084627580;B
20240410;104026;161.98;100;10084627581;B
20240410;104026;161.98;1000;10084627582;B
20240410;104026;161.98;1000;10084627584;B
20240410;104026;161.98;1000;10084627624;B
20240410;104026;161.98;100;10084627630;B
20240410;104026;161.98;1000;10084627635;B
20240410;104026;161.98;100;10084627642;B
20240410;104026;161.98;100;10084627652;B
20240410;104027;161.98;10;10084628224;B
20240410;104028;161.98;460;10084629189;B
20240410;104030;161.96;10;10084630740;B
20240410;104032;161.94;50;10084632859;S
20240410;104032;161.96;40;10084633368;B
20240410;104032;161.96;40;10084633369;B
20240410;104032;161.98;40;10084633370;B
20240410;104033;161.98;540;10084633445;B
20240410;104033;161.98;830;10084633446;B
20240410;104033;161.98;1000;10084633447;B
20240410;104033;161.98;50;10084633448;B
20240410;104033;162;1630;10084633449;B
20240410;104033;162;200;10084633450;B
20240410;104033;162;2500;10084633451;B
20240410;104033;162;10;10084633452;B
20240410;104033;162;160;10084633453;B
20240410;104033;162;1000;10084633454;B
20240410;104033;162;50;10084633455;B
20240410;104033;162;100;10084633456;B
20240410;104033;162;20;10084633457;B
20240410;104033;162;100;10084633458;B
20240410;104033;162;30;10084633459;B
20240410;104033;162;1780;10084633460;B
20240410;104033;162;100;10084633589;B
20240410;104036;162;10;10084636439;B
20240410;104036;161.98;50;10084636488;S
20240410;104036;161.98;10;10084636489;B
20240410;104036;162;20;10084636511;B
20240410;104039;162;790;10084638516;B
20240410;104040;161.98;50;10084639445;S
20240410;104040;161.96;50;10084639446;S
20240410;104040;161.96;300;10084639447;S
20240410;104043;162;10;10084642741;B
20240410;104044;161.98;50;10084643937;S
20240410;104046;161.98;10;10084646132;B
20240410;104047;161.94;1270;10084646955;S
20240410;104047;161.94;100;10084646956;S
20240410;104047;161.92;70;10084646957;S
20240410;104047;161.92;50;10084646958;S
20240410;104047;161.92;40;10084646959;S
20240410;104047;161.92;150;10084646960;S
20240410;104047;161.9;40;10084646961;S
20240410;104047;161.98;20;10084647106;B
20240410;104049;161.98;10;10084648998;B
20240410;104050;161.98;190;10084649257;B
20240410;104050;161.98;60;10084649261;B
20240410;104051;161.98;200;10084650426;B
20240410;104052;161.98;10;10084651189;B
20240410;104052;161.96;50;10084651475;S
20240410;104052;161.94;50;10084651476;S
20240410;104055;161.94;50;10084654326;S
20240410;104056;161.94;950;10084655439;B
20240410;104056;161.98;2750;10084655440;B
20240410;104056;161.98;50;10084655441;B
20240410;104056;161.98;5000;10084655442;B
20240410;104056;162;2050;10084655443;B
20240410;104056;162;90;10084655444;B
20240410;104056;162;100;10084655445;B
20240410;104056;162;940;10084655446;B
20240410;104056;162;100;10084655447;B
20240410;104056;162;7970;10084655448;B
20240410;104059;161.98;50;10084658274;B
20240410;104059;161.96;30;10084658508;S
20240410;104059;161.98;60;10084658611;B
20240410;104100;161.98;10;10084658818;B
20240410;104100;161.96;20;10084659882;S
20240410;104100;161.96;190;10084659883;S
20240410;104101;161.98;30;10084659939;B
20240410;104101;161.98;1400;10084659940;B
20240410;104102;162;40;10084661297;B
20240410;104102;162;10;10084661298;B
20240410;104102;162;100;10084661474;B
20240410;104103;162;1500;10084661838;B
20240410;104103;162;380;10084662361;B
20240410;104103;162;70;10084662362;B
20240410;104104;162;10;10084662986;B
20240410;104105;161.98;220;10084664093;S
20240410;104105;161.98;50;10084664094;S
20240410;104105;161.98;730;10084664095;S
20240410;104108;161.98;100;10084667202;S
20240410;104109;161.98;2500;10084667538;S
20240410;104109;162;1990;10084667898;B
20240410;104111;162;250;10084669584;B
20240410;104111;161.98;50;10084670238;S
20240410;104111;161.98;450;10084670239;S
20240410;104112;162;230;10084670569;B
20240410;104114;162;10;10084672789;B
20240410;104114;161.98;50;10084673300;S
20240410;104114;161.98;50;10084673301;S
20240410;104116;161.98;10;10084675406;S
20240410;104116;161.98;50;10084675407;S
20240410;104116;161.96;70;10084675408;S
20240410;104118;161.96;10;10084676345;S
20240410;104118;161.96;1220;10084676346;S
20240410;104118;161.96;1000;10084676347;S
20240410;104118;161.94;50;10084676348;S
20240410;104118;161.94;3000;10084676349;S
20240410;104118;161.94;400;10084676350;S
20240410;104118;161.92;50;10084676351;S
20240410;104118;161.92;50;10084676352;S
20240410;104118;161.92;150;10084676353;S
20240410;104118;161.92;140;10084676354;S
20240410;104118;161.92;1000;10084676355;S
20240410;104118;161.92;10;10084676356;S
20240410;104118;161.9;10;10084676357;S
20240410;104118;161.9;200;10084676358;S
20240410;104118;161.9;10;10084676359;S
20240410;104118;161.9;200;10084676360;S
20240410;104118;161.9;10;10084676361;S
20240410;104118;161.9;10;10084676362;S
20240410;104118;161.9;1000;10084676363;S
20240410;104118;161.88;250;10084676364;S
20240410;104118;161.88;100;10084676365;S
20240410;104118;161.88;10;10084676366;S
20240410;104118;161.88;10;10084676367;S
20240410;104118;161.88;1000;10084676368;S
20240410;104118;161.86;100;10084676369;S
20240410;104118;161.86;10;10084676370;S
20240410;104118;161.86;10;10084676371;S
20240410;104118;161.86;200;10084676372;S
20240410;104118;161.86;50;10084676373;S
20240410;104118;161.86;3660;10084676374;S
20240410;104118;161.86;250;10084676375;S
20240410;104118;161.86;1000;10084676376;S
20240410;104118;161.86;1530;10084676377;S
20240410;104118;161.84;500;10084676378;S
20240410;104118;161.84;50;10084676379;S
20240410;104118;161.84;150;10084676380;S
20240410;104118;161.84;900;10084676381;S
20240410;104118;161.84;50;10084676382;S
20240410;104118;161.84;300;10084676383;S
20240410;104118;161.84;50;10084676384;S
20240410;104118;161.84;10;10084676385;S
20240410;104118;161.84;3660;10084676386;S
20240410;104118;161.84;10000;10084676387;S
20240410;104118;161.82;30;10084676388;S
20240410;104118;161.82;60;10084676389;S
20240410;104118;161.82;10;10084676390;S
20240410;104118;161.82;120;10084676391;S
20240410;104118;161.82;5000;10084676392;S
20240410;104118;161.82;10;10084676393;S
20240410;104118;161.82;10;10084676394;S
20240410;104118;161.8;120;10084676395;S
20240410;104118;161.8;1000;10084676396;S
20240410;104118;161.8;130;10084676397;S
20240410;104118;161.8;250;10084676398;S
20240410;104118;161.8;200;10084676399;S
20240410;104118;161.8;10;10084676400;S
20240410;104118;161.8;250;10084676401;S
20240410;104118;161.8;20;10084676402;S
20240410;104118;161.8;10;10084676403;S
20240410;104118;161.8;10;10084676404;S
20240410;104118;161.8;4000;10084676405;S
20240410;104118;161.78;250;10084676556;S
20240410;104118;161.78;50;10084676557;S
20240410;104118;161.78;150;10084676558;S
20240410;104118;161.78;150;10084676559;S
20240410;104118;161.76;40;10084676560;S
20240410;104118;161.76;10;10084676561;S
20240410;104118;161.76;60;10084676562;S
20240410;104118;161.76;290;10084676563;S
20240410;104118;161.76;70;10084676601;S
20240410;104118;161.78;200;10084677052;S
20240410;104118;161.76;800;10084677053;S
20240410;104121;161.82;10;10084679295;B
20240410;104122;161.82;10;10084681039;B
20240410;104122;161.82;10;10084681091;B
20240410;104123;161.82;50;10084681372;B
20240410;104123;161.82;10;10084681605;B
20240410;104123;161.82;10;10084681607;B
20240410;104123;161.82;10;10084681608;B
20240410;104123;161.82;10;10084681609;B
20240410;104123;161.82;10;10084681610;B
20240410;104123;161.82;10;10084681611;B
20240410;104123;161.82;10;10084681613;B
20240410;104123;161.82;10;10084681615;B
20240410;104123;161.84;990;10084681616;B
20240410;104123;161.84;100;10084681618;B
20240410;104123;161.84;910;10084681621;B
20240410;104123;161.84;90;10084681622;B
20240410;104123;161.84;60;10084681624;B
20240410;104123;161.86;40;10084681625;B
20240410;104123;161.86;100;10084681626;B
20240410;104123;161.86;110;10084681627;B
20240410;104123;161.86;30;10084681628;B
20240410;104123;161.86;50;10084681629;B
20240410;104123;161.88;250;10084681630;B
20240410;104123;161.88;560;10084681631;B
20240410;104123;161.88;660;10084681634;B
20240410;104123;161.88;340;10084681635;B
20240410;104123;161.88;100;10084681637;B
20240410;104123;161.88;100;10084681638;B
20240410;104123;161.88;1000;10084681639;B
20240410;104123;161.88;100;10084681640;B
20240410;104124;161.88;10;10084682223;B
20240410;104124;161.88;10;10084682347;B
20240410;104125;161.92;50;10084683561;B
20240410;104126;161.88;120;10084684554;S
20240410;104128;161.92;10;10084686696;S
20240410;104129;161.94;10;10084687634;B
20240410;104129;161.94;100;10084687635;B
20240410;104129;161.92;40;10084687795;S
20240410;104129;161.92;20;10084687796;S
20240410;104131;161.92;500;10084689139;B
20240410;104131;161.92;10;10084689273;B
20240410;104133;161.9;10;10084691653;S
20240410;104136;161.9;40;10084694584;S
20240410;104137;161.88;80;10084694716;S
20240410;104137;161.88;120;10084694717;S
20240410;104138;161.9;170;10084695595;B
20240410;104139;161.88;140;10084696952;S
20240410;104139;161.9;20;10084696999;B
20240410;104141;161.88;30;10084698267;S
20240410;104141;161.88;210;10084699133;S
20240410;104141;161.88;10;10084699134;S
20240410;104141;161.86;50;10084699135;S
20240410;104141;161.86;30;10084699136;S
20240410;104142;161.9;10;10084699505;B
20240410;104147;161.9;20;10084704722;B
20240410;104147;161.9;780;10084704776;B
20240410;104148;161.9;200;10084704909;S
20240410;104148;161.9;100;10084705165;S
20240410;104148;161.92;10;10084705314;B
20240410;104148;161.92;10;10084705315;B
20240410;104148;161.94;40;10084705316;B
20240410;104150;161.94;2640;10084707610;B
20240410;104153;161.9;920;10084710797;S
20240410;104153;161.86;180;10084710798;S
20240410;104159;161.92;20;10084716266;B
20240410;104159;161.9;10;10084716516;S
20240410;104202;161.92;20;10084719110;B
20240410;104202;161.92;10;10084719182;B
20240410;104203;161.92;10;10084720636;B
20240410;104204;161.9;40;10084721363;S
20240410;104204;161.9;10;10084721364;S
20240410;104204;161.9;140;10084721365;S
20240410;104204;161.9;510;10084721408;S
20240410;104204;161.9;1500;10084721873;S
20240410;104205;161.92;500;10084722602;B
20240410;104207;161.9;50;10084724061;S
20240410;104208;161.9;7800;10084725320;S
20240410;104208;161.9;20;10084725321;S
20240410;104208;161.9;2180;10084725322;S
20240410;104208;161.92;10;10084725973;B
20240410;104209;161.92;10;10084725980;B
20240410;104209;161.92;10;10084725987;B
20240410;104209;161.92;10;10084725994;B
20240410;104209;161.92;10;10084726001;B
20240410;104209;161.92;10;10084726005;B
20240410;104209;161.92;10;10084726015;B
20240410;104209;161.92;100;10084726028;B
20240410;104209;161.92;100;10084726035;B
20240410;104209;161.92;1000;10084726045;B
20240410;104209;161.92;100;10084726052;B
20240410;104209;161.92;100;10084726059;B
20240410;104209;161.92;1000;10084726066;B
20240410;104209;161.92;480;10084726070;B
20240410;104209;161.94;10;10084726071;B
20240410;104209;161.96;200;10084726072;B
20240410;104209;161.96;310;10084726073;B
20240410;104209;161.96;100;10084726075;B
20240410;104209;161.96;1000;10084726077;B
20240410;104209;161.96;100;10084726078;B
20240410;104211;161.96;150;10084728730;B
20240410;104212;161.94;20;10084728800;S
20240410;104213;161.96;10;10084729990;B
20240410;104213;161.94;30;10084730030;S
20240410;104213;161.94;10;10084730031;S
20240410;104214;161.96;10;10084730818;B
20240410;104214;161.96;10;10084731370;B
20240410;104215;161.96;10;10084731730;B
20240410;104215;161.94;10;10084732134;S
20240410;104215;161.96;10;10084732199;B
20240410;104216;161.96;10;10084733472;B
20240410;104217;161.94;40;10084733948;S
20240410;104217;161.94;20;10084733949;S
20240410;104217;161.94;50;10084733950;S
20240410;104217;161.92;150;10084733967;S
20240410;104217;161.92;1220;10084733968;S
20240410;104217;161.92;1530;10084733969;S
20240410;104217;161.92;50;10084733970;S
20240410;104217;161.9;2050;10084733971;S
20240410;104217;161.94;20;10084734707;B
20240410;104217;161.94;150;10084734708;B
20240410;104217;161.96;490;10084734709;B
20240410;104217;161.96;510;10084734710;B
20240410;104217;161.98;200;10084734711;B
20240410;104217;161.98;10;10084734712;B
20240410;104217;161.98;10;10084734713;B
20240410;104217;161.98;610;10084734714;B
20240410;104220;161.92;50;10084736562;S
20240410;104220;161.96;40;10084737716;B
20240410;104220;161.96;50;10084737717;B
20240410;104221;161.92;180;10084738074;S
20240410;104221;161.92;40;10084738124;S
20240410;104221;161.92;1070;10084738125;S
20240410;104223;161.96;70;10084739847;B
20240410;104223;161.96;50;10084739848;B
20240410;104223;161.98;2500;10084739849;B
20240410;104223;161.98;1880;10084739850;B
20240410;104227;161.94;10;10084744034;B
20240410;104227;161.94;10;10084744059;B
20240410;104227;161.96;990;10084744060;B
20240410;104228;161.96;200;10084744875;B
20240410;104231;161.96;70;10084747944;B
20240410;104231;161.92;160;10084748316;S
20240410;104231;161.92;20;10084748317;S
20240410;104231;161.92;950;10084748318;S
20240410;104233;161.96;30;10084749969;B
20240410;104233;161.96;40;10084750018;B
20240410;104234;161.94;10;10084751236;S
20240410;104234;161.92;190;10084751237;S
20240410;104237;161.92;60;10084753353;S
20240410;104237;161.92;10;10084753354;S
20240410;104237;161.92;330;10084753355;S
20240410;104237;161.94;20;10084753738;B
20240410;104237;161.94;90;10084753944;B
20240410;104238;161.94;10;10084754172;B
20240410;104238;161.94;100;10084754289;B
20240410;104239;161.94;20;10084755225;B
20240410;104241;161.94;10;10084756819;B
20240410;104242;161.92;100;10084757684;S
20240410;104243;161.94;20;10084758929;B
20240410;104244;161.94;10;10084759416;B
20240410;104249;161.92;10;10084764529;S
20240410;104249;161.92;460;10084764531;S
20240410;104249;161.92;10;10084764532;S
20240410;104249;161.92;10;10084764533;S
20240410;104249;161.92;500;10084764534;S
20240410;104249;161.92;10;10084764535;S
20240410;104249;161.9;10;10084764536;S
20240410;104249;161.94;2440;10084764539;B
20240410;104249;161.94;90;10084764947;B
20240410;104251;161.94;780;10084766226;B
20240410;104251;161.94;100;10084766227;B
20240410;104251;161.96;30;10084766228;B
20240410;104251;161.96;10;10084766778;B
20240410;104252;161.96;80;10084767097;B
20240410;104252;161.96;2000;10084767098;B
20240410;104252;161.96;100;10084767099;B
20240410;104252;161.96;90;10084767100;B
20240410;104253;161.98;10;10084768131;B
20240410;104253;161.98;10;10084768280;B
20240410;104254;161.98;40;10084768298;B
20240410;104254;161.98;40;10084768911;B
20240410;104255;161.98;10;10084769320;B
20240410;104256;161.98;50;10084770326;B
20240410;104257;161.98;30;10084771129;B
20240410;104257;161.98;20;10084771264;B
20240410;104257;161.98;20;10084771265;B
20240410;104257;161.98;20;10084771898;B
20240410;104257;161.98;10;10084771899;B
20240410;104259;161.98;20;10084772872;B
20240410;104300;161.98;30;10084773414;B
20240410;104300;161.98;10;10084773415;B
20240410;104300;161.98;60;10084773416;B
20240410;104300;161.98;100;10084773422;B
20240410;104301;161.96;230;10084774679;S
20240410;104301;161.94;10;10084774680;S
20240410;104301;161.94;10;10084774681;S
20240410;104301;161.94;1000;10084774682;S
20240410;104301;161.92;1530;10084774683;S
20240410;104301;161.92;170;10084774684;S
20240410;104301;161.92;620;10084774685;S
20240410;104301;161.92;1610;10084774686;S
20240410;104301;161.92;10;10084775272;B
20240410;104302;161.92;10;10084775485;B
20240410;104302;161.92;10;10084775489;B
20240410;104302;161.92;10;10084775490;B
20240410;104302;161.92;10;10084775491;B
20240410;104302;161.92;10;10084775492;B
20240410;104302;161.92;10;10084775497;B
20240410;104302;161.92;10;10084775498;B
20240410;104302;161.92;100;10084775499;B
20240410;104302;161.92;100;10084775500;B
20240410;104302;161.92;100;10084775507;B
20240410;104302;161.92;100;10084775511;B
20240410;104302;161.92;100;10084775518;B
20240410;104302;161.92;1000;10084775525;B
20240410;104302;161.92;1000;10084775533;B
20240410;104302;161.92;1000;10084775540;B
20240410;104302;161.92;100;10084775547;B
20240410;104302;161.92;10;10084775738;B
20240410;104303;161.92;300;10084776244;B
20240410;104303;161.92;300;10084776744;B
20240410;104304;161.9;200;10084777128;S
20240410;104305;161.92;50;10084778033;B
20240410;104305;161.92;20;10084778395;B
20240410;104306;161.92;10;10084778614;B
20240410;104307;161.92;110;10084779757;B
20240410;104308;161.92;70;10084780336;B
20240410;104308;161.92;20;10084780761;B
20240410;104309;161.92;50;10084781597;B
20240410;104309;161.9;10;10084781599;S
20240410;104309;161.92;60;10084781705;B
20240410;104310;161.92;90;10084781850;B
20240410;104313;161.92;10;10084784440;B
20240410;104313;161.92;10;10084784619;B
20240410;104313;161.92;10;10084785067;B
20240410;104314;161.92;20;10084785524;B
20240410;104316;161.92;10;10084787581;B
20240410;104317;161.92;30;10084787893;B
20240410;104317;161.9;10;10084787930;S
20240410;104317;161.92;10;10084788122;B
20240410;104317;161.94;150;10084788123;B
20240410;104317;161.94;800;10084788124;B
20240410;104317;161.96;20;10084788125;B
20240410;104317;161.96;20;10084788126;B
20240410;104318;161.92;650;10084788747;S
20240410;104318;161.9;300;10084788826;S
20240410;104319;161.94;20;10084790034;B
20240410;104319;161.96;130;10084790035;B
20240410;104320;161.92;1200;10084790209;S
20240410;104321;161.94;70;10084791212;B
20240410;104321;161.94;40;10084791373;B
20240410;104322;161.94;10;10084792176;B
20240410;104324;161.92;1530;10084793783;S
20240410;104324;161.9;6340;10084793784;S
20240410;104324;161.9;130;10084793785;S
20240410;104324;161.9;500;10084793786;S
20240410;104324;161.9;10;10084793787;S
20240410;104324;161.9;50;10084793788;S
20240410;104324;161.9;100;10084793789;S
20240410;104324;161.9;70;10084793790;S
20240410;104324;161.9;30;10084793791;S
20240410;104324;161.9;150;10084793792;S
20240410;104324;161.9;150;10084793793;S
20240410;104324;161.9;220;10084793952;B
20240410;104324;161.9;50;10084793993;B
20240410;104325;161.9;10;10084794368;B
20240410;104325;161.9;10;10084794405;B
20240410;104325;161.9;600;10084794450;B
20240410;104325;161.9;100;10084794713;B
20240410;104325;161.9;10;10084795044;B
20240410;104326;161.9;10;10084795178;B
20240410;104327;161.9;80;10084796353;B
20240410;104327;161.9;100;10084796516;B
20240410;104327;161.9;500;10084796708;B
20240410;104328;161.9;70;10084797131;B
20240410;104328;161.88;10;10084797154;S
20240410;104328;161.88;10;10084797377;S
20240410;104328;161.88;40;10084797378;S
20240410;104328;161.9;40;10084797488;B
20240410;104328;161.86;90;10084797568;S
20240410;104328;161.86;20;10084797569;S
20240410;104328;161.86;1470;10084797570;S
20240410;104328;161.86;920;10084797571;S
20240410;104329;161.9;10;10084797615;B
20240410;104330;161.9;10;10084798555;B
20240410;104330;161.9;10;10084798566;B
20240410;104330;161.88;90;10084799050;B
20240410;104331;161.88;2410;10084799547;B
20240410;104331;161.9;5960;10084799548;B
20240410;104331;161.86;250;10084799718;S
20240410;104332;161.88;10;10084800483;B
20240410;104333;161.88;20;10084801452;B
20240410;104334;161.88;20;10084802467;B
20240410;104334;161.88;10;10084802488;B
20240410;104335;161.88;10;10084803049;B
20240410;104335;161.88;10;10084803059;B
20240410;104335;161.88;10;10084803073;B
20240410;104335;161.88;10;10084803085;B
20240410;104335;161.88;10;10084803089;B
20240410;104335;161.88;10;10084803094;B
20240410;104335;161.88;10;10084803105;B
20240410;104335;161.88;100;10084803109;B
20240410;104335;161.88;100;10084803119;B
20240410;104335;161.88;100;10084803124;B
20240410;104335;161.88;100;10084803131;B
20240410;104335;161.88;1000;10084803139;B
20240410;104335;161.88;100;10084803146;B
20240410;104335;161.88;870;10084803153;B
20240410;104335;161.88;50;10084803154;B
20240410;104335;161.9;80;10084803155;B
20240410;104335;161.9;1000;10084803171;B
20240410;104335;161.9;100;10084803181;B
20240410;104336;161.86;100;10084803874;S
20240410;104336;161.86;100;10084804339;S
20240410;104338;161.88;10;10084805175;B
20240410;104338;161.88;10;10084805284;B
20240410;104339;161.88;10;10084805525;B
20240410;104339;161.88;20;10084805608;B
20240410;104339;161.88;10;10084806170;B
20240410;104340;161.88;2200;10084806490;B
20240410;104340;161.88;70;10084807015;B
20240410;104340;161.86;1960;10084807190;S
20240410;104340;161.86;10;10084807191;S
20240410;104340;161.86;510;10084807192;S
20240410;104341;161.86;30;10084807566;B
20240410;104341;161.86;50;10084807971;B
20240410;104342;161.84;200;10084808752;S
20240410;104342;161.82;10;10084808753;S
20240410;104342;161.82;20;10084808754;S
20240410;104342;161.82;20;10084808755;S
20240410;104342;161.82;200;10084808756;S
20240410;104342;161.82;200;10084808757;S
20240410;104342;161.82;10;10084808758;S
20240410;104342;161.82;10;10084808759;S
20240410;104342;161.8;500;10084808760;S
20240410;104342;161.8;20;10084808761;S
20240410;104342;161.8;300;10084808762;S
20240410;104342;161.8;10;10084808763;S
20240410;104342;161.8;400;10084808764;S
20240410;104342;161.8;20;10084808765;S
20240410;104342;161.8;20;10084808766;S
20240410;104342;161.78;10;10084808767;S
20240410;104342;161.78;20;10084808768;S
20240410;104342;161.78;20;10084808769;S
20240410;104342;161.78;150;10084808770;S
20240410;104342;161.78;120;10084808771;S
20240410;104342;161.78;10;10084808772;S
20240410;104342;161.78;10;10084808773;S
20240410;104342;161.76;20;10084808774;S
20240410;104342;161.76;10;10084808775;S
20240410;104342;161.76;170;10084808776;S
20240410;104342;161.76;150;10084808777;S
20240410;104342;161.74;20;10084808778;S
20240410;104342;161.74;50;10084808779;S
20240410;104342;161.74;10;10084808780;S
20240410;104342;161.74;100;10084808781;S
20240410;104342;161.74;400;10084808782;S
20240410;104342;161.74;10;10084808783;S
20240410;104342;161.74;3660;10084808784;S
20240410;104342;161.74;1530;10084808785;S
20240410;104342;161.72;20;10084808786;S
20240410;104342;161.72;20;10084808787;S
20240410;104342;161.72;100;10084808788;S
20240410;104342;161.72;20;10084808789;S
20240410;104342;161.72;200;10084808790;S
20240410;104342;161.72;30;10084808791;S
20240410;104342;161.72;20;10084808792;S
20240410;104342;161.72;10;10084808793;S
20240410;104342;161.72;1170;10084808794;S
20240410;104343;161.76;150;10084809945;B
20240410;104343;161.78;50;10084809946;B
20240410;104343;161.8;400;10084809947;B
20240410;104343;161.82;2400;10084809948;B
20240410;104344;161.8;150;10084810370;B
20240410;104344;161.82;150;10084810371;B
20240410;104345;161.82;40;10084811264;B
20240410;104347;161.82;30;10084813709;B
20240410;104347;161.8;100;10084813935;S
20240410;104348;161.82;50;10084814247;B
20240410;104348;161.82;100;10084814597;B
20240410;104349;161.78;90;10084815083;S
20240410;104349;161.82;20;10084815941;B
20240410;104349;161.82;400;10084815942;B
20240410;104349;161.82;810;10084815943;B
20240410;104350;161.8;20;10084816097;B
20240410;104350;161.8;1000;10084816390;B
20240410;104352;161.8;60;10084818633;B
20240410;104353;161.8;100;10084818862;B
20240410;104353;161.8;60;10084819224;B
20240410;104353;161.8;10;10084819701;B
20240410;104355;161.78;10;10084821151;S
20240410;104355;161.76;10;10084821163;B
20240410;104355;161.76;600;10084821179;B
20240410;104355;161.76;610;10084821629;B
20240410;104355;161.76;290;10084821630;B
20240410;104356;161.76;10;10084822175;B
20240410;104356;161.74;100;10084822351;S
20240410;104356;161.74;100;10084822352;S
20240410;104357;161.72;100;10084822777;S
20240410;104357;161.72;50;10084822973;S
20240410;104357;161.7;10;10084822974;S
20240410;104357;161.7;10;10084822975;S
20240410;104357;161.7;10;10084822976;S
20240410;104357;161.7;30;10084822977;S
20240410;104357;161.7;40;10084822978;S
20240410;104357;161.72;300;10084823496;B
20240410;104358;161.72;50;10084823703;B
20240410;104358;161.72;10;10084824381;B
20240410;104359;161.72;20;10084825298;B
20240410;104401;161.72;10;10084827083;B
20240410;104401;161.72;10;10084827087;B
20240410;104401;161.7;460;10084827089;S
20240410;104401;161.7;10;10084827090;S
20240410;104401;161.7;20;10084827091;S
20240410;104401;161.7;100;10084827092;S
20240410;104401;161.7;40;10084827093;S
20240410;104401;161.7;20;10084827094;S
20240410;104401;161.7;2810;10084827095;S
20240410;104401;161.7;10;10084827096;S
20240410;104401;161.7;200;10084827097;S
20240410;104401;161.7;10;10084827098;S
20240410;104401;161.7;10;10084827119;B
20240410;104401;161.68;10;10084827495;S
20240410;104402;161.7;10;10084828041;B
20240410;104402;161.68;40;10084828065;S
20240410;104402;161.68;100;10084828066;S
20240410;104402;161.68;10;10084828067;S
20240410;104402;161.68;50;10084828068;S
20240410;104402;161.66;10;10084828069;S
20240410;104402;161.66;10;10084828070;S
20240410;104402;161.66;10;10084828071;S
20240410;104402;161.66;150;10084828072;S
20240410;104402;161.66;370;10084828073;S
20240410;104402;161.7;100;10084828087;B
20240410;104402;161.7;10;10084828381;B
20240410;104403;161.68;10;10084828734;B
20240410;104403;161.66;20;10084828737;S
20240410;104403;161.68;500;10084828742;B
20240410;104403;161.68;10;10084829196;B
20240410;104404;161.68;10;10084830218;B
20240410;104405;161.66;80;10084830372;S
20240410;104405;161.66;20;10084830606;B
20240410;104405;161.64;30;10084831079;S
20240410;104405;161.64;10;10084831080;S
20240410;104405;161.64;10;10084831081;S
20240410;104405;161.64;10;10084831082;S
20240410;104405;161.64;10;10084831083;S
20240410;104405;161.64;10;10084831084;S
20240410;104405;161.64;320;10084831085;S
20240410;104406;161.64;900;10084831588;S
20240410;104406;161.62;10;10084831589;S
20240410;104406;161.62;20;10084831590;S
20240410;104406;161.62;10;10084831591;S
20240410;104406;161.62;40;10084831592;S
20240410;104406;161.62;10;10084831593;S
20240410;104406;161.62;490;10084831594;S
20240410;104406;161.62;200;10084831595;S
20240410;104406;161.6;100;10084831596;S
20240410;104406;161.6;250;10084831597;S
20240410;104406;161.6;10;10084831598;S
20240410;104406;161.6;10;10084831599;S
20240410;104406;161.6;1000;10084831600;S
20240410;104406;161.6;250;10084831601;S
20240410;104406;161.6;100;10084831602;S
20240410;104406;161.6;710;10084831603;S
20240410;104407;161.6;10;10084832321;S
20240410;104407;161.62;40;10084832890;B
20240410;104407;161.6;280;10084833176;S
20240410;104407;161.6;10;10084833177;S
20240410;104407;161.6;150;10084833178;S
20240410;104407;161.6;10;10084833179;S
20240410;104407;161.6;100;10084833180;S
20240410;104407;161.6;100;10084833181;S
20240410;104407;161.6;30;10084833182;S
20240410;104407;161.58;10;10084833183;S
20240410;104407;161.58;10;10084833184;S
20240410;104407;161.58;10;10084833185;S
20240410;104407;161.58;10;10084833186;S
20240410;104407;161.58;10;10084833187;S
20240410;104407;161.58;10;10084833188;S
20240410;104407;161.58;600;10084833189;S
20240410;104407;161.58;20;10084833190;S
20240410;104407;161.58;370;10084833191;S
20240410;104407;161.58;10;10084833192;S
20240410;104407;161.58;1580;10084833193;S
20240410;104407;161.58;500;10084833194;S
20240410;104407;161.56;10;10084833195;S
20240410;104407;161.56;10;10084833196;S
20240410;104407;161.56;1140;10084833197;S
20240410;104407;161.56;2240;10084833201;S
20240410;104408;161.56;1680;10084833209;S
20240410;104408;161.56;10;10084833210;S
20240410;104408;161.56;500;10084833211;S
20240410;104408;161.56;90;10084833212;S
20240410;104408;161.56;210;10084834161;S
20240410;104408;161.54;1000;10084834162;S
20240410;104408;161.54;20;10084834163;S
20240410;104408;161.54;10;10084834164;S
20240410;104408;161.54;20;10084834165;S
20240410;104408;161.54;500;10084834166;S
20240410;104408;161.54;1000;10084834167;S
20240410;104408;161.52;50;10084834168;S
20240410;104408;161.52;10;10084834169;S
20240410;104408;161.52;500;10084834170;S
20240410;104408;161.52;10;10084834171;S
20240410;104408;161.52;10;10084834172;S
20240410;104408;161.52;2590;10084834173;S
20240410;104408;161.5;10;10084834174;S
20240410;104408;161.5;10;10084834175;S
20240410;104408;161.5;1000;10084834176;S
20240410;104408;161.5;200;10084834177;S
20240410;104408;161.5;10;10084834178;S
20240410;104408;161.5;50;10084834179;S
20240410;104408;161.5;10;10084834180;S
20240410;104408;161.5;1000;10084834181;S
20240410;104408;161.5;10;10084834182;S
20240410;104408;161.5;5760;10084834183;S
20240410;104408;161.5;1530;10084834187;S
20240410;104408;161.5;50;10084834188;S
20240410;104408;161.5;400;10084834189;S
20240410;104408;161.5;510;10084834190;S
20240410;104408;161.5;100;10084834191;S
20240410;104408;161.5;10;10084834192;S
20240410;104408;161.5;10;10084834193;S
20240410;104408;161.5;10;10084834194;S
20240410;104408;161.5;10;10084834195;S
20240410;104408;161.5;50;10084834196;S
20240410;104408;161.5;920;10084834197;S
20240410;104408;161.58;60;10084834199;B
20240410;104408;161.5;80;10084834293;S
20240410;104408;161.5;10;10084834294;S
20240410;104408;161.5;500;10084834295;S
20240410;104408;161.5;10;10084834296;S
20240410;104408;161.5;50;10084834300;S
20240410;104408;161.5;1950;10084834301;S
20240410;104409;161.52;300;10084835248;S
20240410;104409;161.52;20;10084835310;S
20240410;104409;161.54;10;10084835324;B
20240410;104410;161.52;80;10084835344;S
20240410;104410;161.52;50;10084835345;S
20240410;104410;161.5;50;10084835346;S
20240410;104410;161.5;10;10084835347;S
20240410;104410;161.5;10;10084835348;S
20240410;104410;161.5;100;10084835349;S
20240410;104410;161.5;10;10084835350;S
20240410;104410;161.5;10;10084835351;S
20240410;104410;161.5;50;10084835352;S
20240410;104410;161.5;40;10084835353;S
20240410;104410;161.5;400;10084835354;S
20240410;104410;161.5;500;10084835355;S
20240410;104410;161.5;300;10084835356;S
20240410;104410;161.5;630;10084835357;S
20240410;104410;161.5;20;10084835365;S
20240410;104411;161.5;70;10084837082;S
20240410;104412;161.52;50;10084837715;B
20240410;104412;161.52;50;10084837716;B
20240410;104412;161.54;100;10084837717;B
20240410;104412;161.5;10;10084838189;S
20240410;104412;161.5;120;10084838190;S
20240410;104412;161.5;170;10084838191;S
20240410;104414;161.52;10;10084840261;S
20240410;104414;161.54;10;10084840271;B
20240410;104415;161.54;30;10084841432;B
20240410;104415;161.54;40;10084841433;B
20240410;104415;161.56;200;10084841434;B
20240410;104415;161.58;990;10084841435;B
20240410;104415;161.6;2490;10084841436;B
20240410;104416;161.54;100;10084841700;S
20240410;104416;161.54;100;10084841701;S
20240410;104416;161.54;100;10084841702;S
20240410;104416;161.52;10;10084841751;S
20240410;104418;161.54;130;10084843352;B
20240410;104418;161.54;370;10084844253;S
20240410;104418;161.54;1830;10084844254;S
20240410;104421;161.58;10;10084846699;B
20240410;104421;161.56;150;10084846853;S
20240410;104421;161.58;10;10084846997;B
20240410;104422;161.58;10;10084847763;B
20240410;104422;161.58;10;10084847770;B
20240410;104422;161.58;10;10084847780;B
20240410;104423;161.58;100;10084849185;B
20240410;104423;161.58;10;10084849186;B
20240410;104424;161.56;550;10084849303;S
20240410;104425;161.56;300;10084850707;S
20240410;104425;161.56;10;10084850708;S
20240410;104425;161.54;490;10084850709;S
20240410;104426;161.56;10;10084851697;B
20240410;104426;161.56;90;10084851698;B
20240410;104426;161.58;290;10084851699;B
20240410;104426;161.58;160;10084851700;B
20240410;104426;161.62;20;10084851701;B
20240410;104426;161.64;440;10084851702;B
20240410;104426;161.64;100;10084851703;B
20240410;104426;161.64;1000;10084851704;B
20240410;104426;161.64;70;10084851705;B
20240410;104426;161.64;930;10084851706;B
20240410;104426;161.64;100;10084851707;B
20240410;104426;161.54;500;10084852016;S
20240410;104428;161.56;100;10084854153;S
20240410;104428;161.56;200;10084854154;S
20240410;104428;161.54;290;10084854155;S
20240410;104428;161.54;250;10084854156;S
20240410;104428;161.54;10;10084854157;S
20240410;104428;161.52;180;10084854158;S
20240410;104428;161.52;1530;10084854159;S
20240410;104428;161.52;10;10084854160;S
20240410;104428;161.52;150;10084854161;S
20240410;104428;161.52;30;10084854162;S
20240410;104428;161.52;50;10084854163;S
20240410;104428;161.52;20;10084854164;S
20240410;104428;161.52;180;10084854165;S
20240410;104431;161.58;20;10084856683;S
20240410;104431;161.54;180;10084856684;S
20240410;104432;161.6;10;10084857461;B
20240410;104432;161.56;20;10084858109;B
20240410;104433;161.54;40;10084858149;S
20240410;104433;161.56;10;10084858905;B
20240410;104434;161.54;1310;10084859388;S
20240410;104434;161.54;650;10084859389;S
20240410;104434;161.54;20;10084859390;S
20240410;104434;161.52;1030;10084859391;S
20240410;104434;161.52;30;10084859392;S
20240410;104434;161.52;20;10084859393;S
20240410;104434;161.52;940;10084859394;S
20240410;104434;161.54;30;10084859851;S
20240410;104435;161.54;10;10084860702;S
20240410;104435;161.54;120;10084860723;S
20240410;104435;161.52;490;10084860724;S
20240410;104435;161.56;30;10084860867;B
20240410;104436;161.52;20;10084861429;S
20240410;104436;161.52;1550;10084861433;S
20240410;104436;161.52;2000;10084861434;S
20240410;104436;161.52;480;10084861435;S
20240410;104436;161.5;2130;10084861436;S
20240410;104436;161.5;500;10084861728;S
20240410;104436;161.54;50;10084861802;B
20240410;104436;161.56;250;10084861803;B
20240410;104438;161.52;10;10084862655;B
20240410;104438;161.52;20;10084863496;B
20240410;104439;161.5;200;10084863905;S
20240410;104439;161.52;20;10084864569;B
20240410;104440;161.5;100;10084865242;S
20240410;104440;161.52;220;10084865521;B
20240410;104442;161.5;10;10084866922;S
20240410;104442;161.52;10;10084866966;B
20240410;104442;161.52;100;10084867157;B
20240410;104442;161.5;200;10084867392;S
20240410;104443;161.52;30;10084867402;B
20240410;104443;161.52;1230;10084867695;S
20240410;104443;161.5;1780;10084867696;S
20240410;104444;161.5;80;10084868700;S
20240410;104444;161.5;2420;10084868701;S
20240410;104445;161.54;10;10084869740;B
20240410;104446;161.54;20;10084871035;B
20240410;104446;161.54;180;10084871036;B
20240410;104446;161.52;50;10084871047;S
20240410;104446;161.5;1900;10084871048;S
20240410;104447;161.5;50;10084871959;S
20240410;104447;161.52;10;10084872262;B
20240410;104448;161.52;60;10084872888;B
20240410;104448;161.52;10;10084872978;B
20240410;104449;161.5;190;10084873514;S
20240410;104450;161.52;2400;10084874550;B
20240410;104450;161.52;2600;10084874558;S
20240410;104450;161.5;670;10084874559;S
20240410;104450;161.52;190;10084875299;B
20240410;104450;161.54;60;10084875300;B
20240410;104450;161.54;60;10084875301;B
20240410;104451;161.5;4180;10084875681;S
20240410;104451;161.5;500;10084875751;S
20240410;104452;161.5;70;10084876900;S
20240410;104453;161.5;1020;10084877357;S
20240410;104453;161.5;600;10084877358;S
20240410;104453;161.5;10;10084877359;S
20240410;104453;161.5;10;10084877360;S
20240410;104453;161.5;10;10084877361;S
20240410;104453;161.5;400;10084877362;S
20240410;104453;161.48;950;10084877363;S
20240410;104453;161.48;320;10084877365;S
20240410;104453;161.48;150;10084877366;S
20240410;104453;161.48;120;10084877367;S
20240410;104453;161.48;10;10084877368;S
20240410;104453;161.48;10;10084877369;S
20240410;104453;161.48;10;10084877370;S
20240410;104453;161.48;10;10084877371;S
20240410;104453;161.48;150;10084877372;S
20240410;104453;161.48;30;10084877373;S
20240410;104453;161.46;10;10084877374;S
20240410;104453;161.46;10;10084877375;S
20240410;104453;161.46;10;10084877376;S
20240410;104453;161.46;10;10084877377;S
20240410;104453;161.46;10;10084877378;S
20240410;104453;161.46;10;10084877379;S
20240410;104453;161.46;10;10084877380;S
20240410;104453;161.46;10;10084877381;S
20240410;104453;161.46;10;10084877382;S
20240410;104453;161.46;10;10084877383;S
20240410;104453;161.46;10;10084877384;S
20240410;104453;161.46;10;10084877385;S
20240410;104453;161.46;10;10084877386;S
20240410;104453;161.46;100;10084877387;S
20240410;104453;161.46;1960;10084877388;S
20240410;104453;161.46;80;10084877389;S
20240410;104453;161.5;340;10084877878;B
20240410;104453;161.46;960;10084878430;S
20240410;104453;161.44;10;10084878431;S
20240410;104453;161.44;10;10084878432;S
20240410;104453;161.44;10;10084878433;S
20240410;104453;161.44;10;10084878434;S
20240410;104453;161.44;10;10084878435;S
20240410;104453;161.44;10;10084878436;S
20240410;104453;161.44;10;10084878437;S
20240410;104453;161.44;20;10084878438;S
20240410;104453;161.44;10;10084878439;S
20240410;104453;161.44;500;10084878440;S
20240410;104453;161.44;10;10084878441;S
20240410;104453;161.44;10;10084878442;S
20240410;104453;161.44;10;10084878443;S
20240410;104453;161.44;150;10084878444;S
20240410;104453;161.42;270;10084878445;S
20240410;104453;161.42;100;10084878446;S
20240410;104453;161.42;200;10084878447;S
20240410;104453;161.42;10;10084878448;S
20240410;104453;161.42;180;10084878449;S
20240410;104453;161.42;400;10084878450;S
20240410;104454;161.5;2160;10084878553;B
20240410;104454;161.5;150;10084878554;B
20240410;104454;161.5;100;10084878557;S
20240410;104454;161.5;100;10084878558;S
20240410;104454;161.52;10;10084879314;B
20240410;104454;161.5;170;10084879642;S
20240410;104454;161.44;90;10084879643;S
20240410;104454;161.42;100;10084879644;S
20240410;104454;161.42;500;10084879645;S
20240410;104454;161.42;150;10084879646;S
20240410;104454;161.42;490;10084879647;S
20240410;104455;161.5;30;10084880404;B
20240410;104455;161.52;20;10084880405;B
20240410;104456;161.52;320;10084881178;B
20240410;104457;161.44;10;10084881733;S
20240410;104457;161.42;220;10084881734;S
20240410;104457;161.42;940;10084881735;S
20240410;104457;161.42;30;10084881736;S
20240410;104457;161.4;10;10084881737;S
20240410;104457;161.4;30;10084881738;S
20240410;104457;161.4;40;10084881739;S
20240410;104457;161.4;10;10084881740;S
20240410;104457;161.4;1000;10084881741;S
20240410;104457;161.4;10;10084881742;S
20240410;104457;161.4;200;10084881743;S
20240410;104457;161.4;10;10084881744;S
20240410;104457;161.4;150;10084881745;S
20240410;104457;161.4;60;10084881746;S
20240410;104457;161.4;2280;10084881747;S
20240410;104457;161.52;10;10084882268;B
20240410;104457;161.52;10;10084882275;B
20240410;104457;161.54;40;10084882282;B
20240410;104457;161.54;150;10084882283;B
20240410;104457;161.54;180;10084882284;B
20240410;104457;161.54;630;10084882285;B
20240410;104457;161.52;150;10084882292;B
20240410;104457;161.54;850;10084882293;B
20240410;104457;161.52;150;10084882303;B
20240410;104457;161.54;850;10084882304;B
20240410;104457;161.52;100;10084882311;B
20240410;104458;161.5;10;10084883389;S
20240410;104458;161.5;40;10084883390;S
20240410;104459;161.52;30;10084884039;B
20240410;104459;161.5;50;10084884041;S
20240410;104502;161.5;10;10084887257;S
20240410;104502;161.5;10;10084887258;S
20240410;104502;161.5;10;10084887259;S
20240410;104502;161.48;10;10084887260;S
20240410;104502;161.46;120;10084887261;S
20240410;104502;161.44;100;10084887262;S
20240410;104502;161.44;200;10084887263;S
20240410;104502;161.44;140;10084887264;S
20240410;104502;161.44;2900;10084887282;S
20240410;104503;161.52;10;10084887756;B
20240410;104503;161.48;150;10084887766;S
20240410;104503;161.46;980;10084887767;S
20240410;104503;161.52;10;10084887769;B
20240410;104503;161.46;4020;10084887993;S
20240410;104503;161.46;120;10084887994;S
20240410;104503;161.44;400;10084887995;S
20240410;104503;161.44;150;10084887996;S
20240410;104503;161.42;4650;10084887997;S
20240410;104503;161.4;2330;10084887998;S
20240410;104503;161.4;20;10084887999;S
20240410;104503;161.4;2000;10084888000;S
20240410;104503;161.4;20;10084888001;S
20240410;104503;161.38;10;10084888002;S
20240410;104503;161.38;500;10084888003;S
20240410;104503;161.38;620;10084888004;S
20240410;104503;161.38;10000;10084888005;S
20240410;104503;161.36;50;10084888006;S
20240410;104503;161.36;10;10084888007;S
20240410;104503;161.36;12250;10084888008;S
20240410;104503;161.36;10;10084888009;S
20240410;104503;161.36;10000;10084888010;S
20240410;104503;161.36;10000;10084888011;S
20240410;104503;161.34;10;10084888012;S
20240410;104503;161.34;10;10084888013;S
20240410;104503;161.34;400;10084888014;S
20240410;104503;161.34;4530;10084888015;S
20240410;104503;161.42;10;10084888389;B
20240410;104503;161.42;10;10084888396;B
20240410;104503;161.42;10;10084888403;B
20240410;104503;161.42;160;10084888413;B
20240410;104503;161.44;840;10084888414;B
20240410;104503;161.42;110;10084888421;B
20240410;104503;161.46;890;10084888422;B
20240410;104503;161.48;1000;10084888432;B
20240410;104503;161.46;100;10084888439;B
20240410;104505;161.46;7980;10084890026;B
20240410;104505;161.4;1000;10084890463;S
20240410;104505;161.34;60;10084890464;S
20240410;104505;161.34;200;10084890465;S
20240410;104505;161.32;30;10084890466;S
20240410;104505;161.32;100;10084890467;S
20240410;104505;161.32;300;10084890468;S
20240410;104505;161.32;500;10084890469;S
20240410;104505;161.32;10;10084890470;S
20240410;104505;161.32;1000;10084890471;S
20240410;104505;161.32;10;10084890472;S
20240410;104505;161.32;190;10084890473;S
20240410;104505;161.32;1000;10084890474;S
20240410;104505;161.32;250;10084890475;S
20240410;104505;161.32;100;10084890476;S
20240410;104505;161.3;250;10084890477;S
20240410;104505;161.32;200;10084890496;S
20240410;104505;161.3;750;10084890497;S
20240410;104505;161.3;50;10084890498;S
20240410;104505;161.38;190;10084890503;B
20240410;104505;161.38;310;10084890504;B
20240410;104505;161.42;200;10084890514;B
20240410;104505;161.42;300;10084890515;B
20240410;104506;161.34;400;10084891393;S
20240410;104506;161.32;10;10084891394;S
20240410;104506;161.3;450;10084891395;S
20240410;104506;161.3;80;10084891396;S
20240410;104507;161.4;10;10084891759;B
20240410;104508;161.3;9920;10084893939;S
20240410;104508;161.3;1010;10084893940;S
20240410;104508;161.3;10;10084893941;S
20240410;104508;161.3;2000;10084893942;S
20240410;104508;161.3;10;10084893943;S
20240410;104508;161.3;2050;10084893944;S
20240410;104509;161.3;950;10084894193;S
20240410;104509;161.3;500;10084894194;S
20240410;104509;161.3;1000;10084894195;S
20240410;104509;161.3;10;10084894196;S
20240410;104509;161.28;2000;10084894197;S
20240410;104509;161.28;40;10084894198;S
20240410;104509;161.28;150;10084894199;S
20240410;104509;161.28;700;10084894200;S
20240410;104509;161.28;150;10084894201;S
20240410;104509;161.28;100;10084894202;S
20240410;104509;161.28;10;10084894203;S
20240410;104509;161.28;200;10084894204;S
20240410;104509;161.26;10;10084894205;S
20240410;104509;161.26;100;10084894206;S
20240410;104509;161.26;110;10084894207;S
20240410;104509;161.26;4970;10084894208;S
20240410;104510;161.26;10;10084894717;S
20240410;104510;161.28;50;10084894802;B
20240410;104510;161.28;40;10084894907;B
20240410;104510;161.28;110;10084895262;B
20240410;104510;161.28;200;10084895263;B
20240410;104510;161.28;20;10084895264;B
20240410;104510;161.28;870;10084895265;B
20240410;104510;161.28;660;10084895467;B
20240410;104511;161.26;20;10084896488;S
20240410;104511;161.26;100;10084896489;S
20240410;104511;161.26;10;10084896490;S
20240410;104511;161.26;100;10084896491;S
20240410;104511;161.24;10;10084896492;S
20240410;104511;161.24;100;10084896493;S
20240410;104511;161.24;100;10084896494;S
20240410;104511;161.24;100;10084896495;S
20240410;104511;161.24;10;10084896496;S
20240410;104511;161.24;10;10084896497;S
20240410;104511;161.24;1000;10084896498;S
20240410;104511;161.24;700;10084896499;S
20240410;104511;161.24;80;10084896500;S
20240410;104511;161.24;10;10084896501;S
20240410;104511;161.22;20;10084896502;S
20240410;104511;161.22;300;10084896503;S
20240410;104511;161.22;30;10084896504;S
20240410;104511;161.22;20;10084896505;S
20240410;104511;161.22;50;10084896506;S
20240410;104511;161.22;10;10084896507;S
20240410;104511;161.22;30;10084896508;S
20240410;104511;161.22;90;10084896509;S
20240410;104511;161.26;200;10084896918;B
20240410;104511;161.22;110;10084896920;S
20240410;104512;161.2;10;10084897046;S
20240410;104512;161.2;200;10084897047;S
20240410;104512;161.2;10;10084897048;S
20240410;104512;161.2;20;10084897049;S
20240410;104512;161.2;100;10084897050;S
20240410;104512;161.2;10;10084897051;S
20240410;104512;161.2;100;10084897052;S
20240410;104512;161.2;50;10084897053;S
20240410;104512;161.22;150;10084897183;B
20240410;104512;161.2;950;10084897417;S
20240410;104512;161.2;50;10084897418;S
20240410;104512;161.2;10;10084897419;S
20240410;104512;161.2;500;10084897420;S
20240410;104512;161.2;500;10084897421;S
20240410;104512;161.2;430;10084897422;S
20240410;104512;161.2;570;10084897468;S
20240410;104512;161.2;2000;10084897469;S
20240410;104512;161.2;70;10084897470;S
20240410;104512;161.2;10;10084897471;S
20240410;104512;161.2;10;10084897472;S
20240410;104512;161.2;700;10084897473;S
20240410;104512;161.2;1000;10084897474;S
20240410;104512;161.2;200;10084897475;S
20240410;104512;161.2;1000;10084897476;S
20240410;104512;161.2;100;10084897477;S
20240410;104512;161.2;10;10084897478;S
20240410;104512;161.2;10;10084897479;S
20240410;104512;161.18;20;10084897480;S
20240410;104512;161.18;500;10084897481;S
20240410;104512;161.18;250;10084897482;S
20240410;104512;161.18;400;10084897483;S
20240410;104512;161.16;20;10084897484;S
20240410;104512;161.16;20;10084897485;S
20240410;104512;161.16;10;10084897486;S
20240410;104512;161.16;10;10084897487;S
20240410;104512;161.16;110;10084897488;S
20240410;104512;161.16;30;10084897489;S
20240410;104512;161.16;200;10084897490;S
20240410;104512;161.16;500;10084897491;S
20240410;104512;161.16;500;10084897492;S
20240410;104512;161.14;50;10084897493;S
20240410;104512;161.14;20;10084897494;S
20240410;104512;161.14;200;10084897495;S
20240410;104512;161.14;500;10084897496;S
20240410;104512;161.14;1500;10084897497;S
20240410;104512;161.14;10;10084897498;S
20240410;104512;161.14;100;10084897499;S
20240410;104512;161.14;500;10084897500;S
20240410;104512;161.14;200;10084897501;S
20240410;104512;161.12;20;10084897502;S
20240410;104512;161.12;8650;10084897503;S
20240410;104512;161.2;150;10084897513;B
20240410;104512;161.2;50;10084897555;B
20240410;104512;161.2;10;10084897648;B
20240410;104512;161.16;1000;10084897742;S
20240410;104512;161.14;10;10084897743;S
20240410;104512;161.12;1350;10084897744;S
20240410;104512;161.12;300;10084897745;S
20240410;104512;161.12;200;10084897746;S
20240410;104512;161.12;200;10084897747;S
20240410;104512;161.12;50;10084897748;S
20240410;104512;161.12;100;10084897749;S
20240410;104512;161.12;620;10084897750;S
20240410;104512;161.12;10;10084897751;S
20240410;104512;161.12;200;10084897752;S
20240410;104512;161.1;50;10084897753;S
20240410;104512;161.1;10;10084897754;S
20240410;104512;161.1;100;10084897755;S
20240410;104512;161.1;500;10084897756;S
20240410;104512;161.1;30;10084897757;S
20240410;104512;161.1;2000;10084897758;S
20240410;104512;161.1;20;10084897759;S
20240410;104512;161.1;100;10084897760;S
20240410;104512;161.1;190;10084897761;S
20240410;104512;161.1;500;10084897762;S
20240410;104512;161.1;10;10084897763;S
20240410;104512;161.1;100;10084897764;S
20240410;104512;161.1;10;10084897765;S
20240410;104512;161.1;500;10084897766;S
20240410;104512;161.1;300;10084897767;S
20240410;104512;161.1;500;10084897768;S
20240410;104512;161.1;100;10084897769;S
20240410;104512;161.1;10;10084897770;S
20240410;104512;161.1;1360;10084897771;S
20240410;104512;161.1;60;10084897772;S
20240410;104512;161.1;2500;10084897806;S
20240410;104512;161.2;20;10084897807;B
20240410;104513;161.1;200;10084897833;S
20240410;104513;161.1;60;10084897834;S
20240410;104513;161.1;800;10084897835;S
20240410;104513;161.2;100;10084897838;B
20240410;104513;161.1;20;10084897839;S
20240410;104513;161.1;40;10084897840;S
20240410;104513;161.1;240;10084897841;S
20240410;104513;161.1;10;10084898518;S
20240410;104513;161.1;700;10084898519;S
20240410;104513;161.1;540;10084898520;S
20240410;104513;161.14;10;10084898648;B
20240410;104513;161.14;60;10084898938;B
20240410;104514;161.14;20;10084899234;B
20240410;104514;161.14;10;10084899236;B
20240410;104514;161.14;10;10084899507;B
20240410;104515;161.14;10;10084900455;B
20240410;104515;161.14;10;10084900526;B
20240410;104515;161.14;10;10084900533;B
20240410;104516;161.14;60;10084900777;B
20240410;104516;161.16;610;10084900778;B
20240410;104516;161.18;200;10084900779;B
20240410;104516;161.2;2800;10084900780;B
20240410;104516;161.22;330;10084900781;B
20240410;104516;161.22;100;10084900782;B
20240410;104516;161.22;470;10084900783;B
20240410;104516;161.24;3260;10084900784;B
20240410;104516;161.12;100;10084900923;S
20240410;104517;161.22;10;10084901896;B
20240410;104517;161.22;10;10084902189;B
20240410;104517;161.22;10;10084902702;B
20240410;104517;161.22;10;10084902709;B
20240410;104517;161.22;10;10084902716;B
20240410;104517;161.22;20;10084902726;B
20240410;104517;161.22;470;10084902727;B
20240410;104517;161.26;10;10084902728;B
20240410;104517;161.26;500;10084902729;B
20240410;104517;161.26;1000;10084902736;B
20240410;104517;161.26;90;10084902743;B
20240410;104517;161.3;910;10084902744;B
20240410;104517;161.3;100;10084902751;B
20240410;104518;161.38;10;10084903265;B
20240410;104518;161.4;10;10084903269;B
20240410;104518;161.4;60;10084903270;B
20240410;104519;161.36;10;10084904195;B
20240410;104519;161.36;240;10084904393;B
20240410;104519;161.4;920;10084904394;B
20240410;104519;161.42;3660;10084904395;B
20240410;104519;161.42;5180;10084904396;B
20240410;104520;161.44;50;10084904898;B
20240410;104520;161.44;10;10084904902;B
20240410;104521;161.34;10;10084907015;S
20240410;104521;161.34;40;10084907016;S
20240410;104522;161.34;100;10084907665;S
20240410;104523;161.38;140;10084908978;B
20240410;104523;161.42;200;10084908979;B
20240410;104523;161.44;1660;10084908980;B
20240410;104524;161.48;1230;10084909666;B
20240410;104525;161.4;10;10084910926;S
20240410;104525;161.4;100;10084910927;S
20240410;104525;161.38;100;10084910928;S
20240410;104525;161.36;300;10084910929;S
20240410;104525;161.36;200;10084910930;S
20240410;104525;161.36;200;10084910931;S
20240410;104525;161.34;60;10084910932;S
20240410;104525;161.34;1290;10084910933;S
20240410;104525;161.34;2240;10084910934;S
20240410;104526;161.44;500;10084911999;B
20240410;104527;161.32;100;10084913119;S
20240410;104527;161.32;100;10084913120;S
20240410;104527;161.32;30;10084913121;S
20240410;104527;161.32;270;10084913122;S
20240410;104527;161.44;10;10084913365;B
20240410;104528;161.44;10;10084913403;B
20240410;104530;161.38;70;10084915194;B
20240410;104531;161.36;20;10084917278;S
20240410;104531;161.34;10;10084917279;S
20240410;104531;161.32;740;10084917280;S
20240410;104531;161.3;200;10084917281;S
20240410;104531;161.3;200;10084917282;S
20240410;104531;161.3;200;10084917283;S
20240410;104531;161.3;100;10084917284;S
20240410;104531;161.3;30;10084917285;S
20240410;104534;161.38;20;10084920519;B
20240410;104536;161.34;10;10084922151;S
20240410;104537;161.36;50;10084922642;B
20240410;104537;161.34;990;10084923017;S
20240410;104538;161.34;250;10084923447;B
20240410;104538;161.36;2250;10084923448;B
20240410;104538;161.36;20;10084923660;B
20240410;104542;161.36;380;10084927583;B
20240410;104542;161.36;10;10084927601;B
20240410;104542;161.36;10;10084927956;B
20240410;104542;161.36;40;10084928012;B
20240410;104542;161.34;10;10084928130;S
20240410;104542;161.34;650;10084928131;S
20240410;104544;161.32;1010;10084929533;S
20240410;104544;161.32;20;10084929534;S
20240410;104544;161.32;20;10084929535;S
20240410;104544;161.32;20;10084929536;S
20240410;104544;161.32;90;10084929537;S
20240410;104544;161.32;10;10084929538;S
20240410;104544;161.32;10;10084929539;S
20240410;104544;161.32;10;10084929540;S
20240410;104544;161.34;10;10084930404;B
20240410;104544;161.34;10;10084930411;B
20240410;104544;161.34;220;10084930422;B
20240410;104544;161.36;570;10084930423;B
20240410;104544;161.36;60;10084930424;B
20240410;104544;161.38;110;10084930425;B
20240410;104544;161.38;30;10084930426;B
20240410;104544;161.38;10;10084930427;B
20240410;104544;161.38;90;10084930434;B
20240410;104544;161.4;850;10084930435;B
20240410;104544;161.42;60;10084930436;B
20240410;104544;161.42;1000;10084930443;B
20240410;104544;161.42;100;10084930447;B
20240410;104547;161.42;40;10084932630;B
20240410;104547;161.44;10;10084932631;B
20240410;104547;161.38;450;10084933092;B
20240410;104547;161.38;20;10084933511;B
20240410;104547;161.38;10;10084933514;B
20240410;104548;161.36;10;10084933886;S
20240410;104548;161.34;90;10084933887;S
20240410;104548;161.38;10;10084933943;B
20240410;104549;161.34;90;10084934920;S
20240410;104549;161.38;10;10084935278;B
20240410;104549;161.44;10;10084935418;B
20240410;104551;161.44;30;10084936711;B
20240410;104551;161.38;100;10084937074;S
20240410;104553;161.38;60;10084938184;S
20240410;104553;161.48;10;10084939055;B
20240410;104553;161.48;10;10084939056;B
20240410;104553;161.48;1000;10084939057;B
20240410;104553;161.48;440;10084939058;B
20240410;104553;161.48;560;10084939059;B
20240410;104553;161.48;1000;10084939060;B
20240410;104553;161.48;100;10084939061;B
20240410;104555;161.44;10;10084940477;S
20240410;104555;161.4;190;10084940478;S
20240410;104556;161.46;100;10084941373;B
20240410;104556;161.46;50;10084941473;B
20240410;104557;161.4;10;10084941727;S
20240410;104557;161.4;40;10084941728;S
20240410;104557;161.46;10;10084942554;B
20240410;104557;161.46;30;10084942555;B
20240410;104557;161.48;970;10084942556;B
20240410;104557;161.48;20;10084942557;B
20240410;104557;161.5;980;10084942558;B
20240410;104558;161.5;200;10084942569;B
20240410;104601;161.48;10;10084945491;B
20240410;104601;161.44;20;10084945560;S
20240410;104601;161.44;40;10084945561;S
20240410;104601;161.42;130;10084945562;S
20240410;104601;161.42;70;10084945629;S
20240410;104601;161.42;200;10084945630;S
20240410;104601;161.4;10;10084945631;S
20240410;104601;161.4;20;10084945632;S
20240410;104601;161.38;340;10084945661;S
20240410;104601;161.38;560;10084945662;S
20240410;104603;161.4;30;10084946917;S
20240410;104604;161.38;140;10084948108;S
20240410;104604;161.36;60;10084948109;S
20240410;104605;161.36;140;10084949231;S
20240410;104605;161.36;150;10084949232;S
20240410;104606;161.36;700;10084950130;S
20240410;104606;161.36;250;10084950131;S
20240410;104606;161.36;200;10084950132;S
20240410;104606;161.34;650;10084950133;S
20240410;104606;161.34;10;10084950134;S
20240410;104606;161.34;3660;10084950135;S
20240410;104606;161.34;3660;10084950136;S
20240410;104606;161.32;10;10084950137;S
20240410;104606;161.32;10;10084950138;S
20240410;104606;161.32;20;10084950139;S
20240410;104606;161.32;10;10084950140;S
20240410;104606;161.32;20;10084950141;S
20240410;104606;161.32;20;10084950142;S
20240410;104606;161.32;20;10084950143;S
20240410;104606;161.32;10;10084950144;S
20240410;104606;161.32;160;10084950145;S
20240410;104606;161.32;10;10084950146;S
20240410;104606;161.32;30;10084950147;S
20240410;104606;161.32;20;10084950148;S
20240410;104606;161.32;10;10084950149;S
20240410;104606;161.32;10;10084950150;S
20240410;104606;161.32;30;10084950151;S
20240410;104606;161.32;20;10084950152;S
20240410;104606;161.32;10;10084950153;S
20240410;104606;161.32;30;10084950154;S
20240410;104606;161.32;20;10084950155;S
20240410;104606;161.32;20;10084950156;S
20240410;104606;161.32;20;10084950157;S
20240410;104606;161.32;40;10084950158;S
20240410;104606;161.32;20;10084950159;S
20240410;104606;161.32;30;10084950160;S
20240410;104606;161.32;20;10084950161;S
20240410;104606;161.32;10;10084950162;S
20240410;104606;161.32;70;10084950163;S
20240410;104606;161.32;10;10084950164;S
20240410;104606;161.32;20;10084950165;S
20240410;104606;161.32;20;10084950166;S
20240410;104606;161.32;30;10084950167;S
20240410;104606;161.32;10;10084950168;S
20240410;104606;161.32;1010;10084950169;S
20240410;104606;161.32;20;10084950170;S
20240410;104606;161.32;20;10084950171;S
20240410;104606;161.32;20;10084950172;S
20240410;104606;161.32;90;10084950173;S
20240410;104606;161.32;10;10084950174;S
20240410;104606;161.32;10;10084950175;S
20240410;104606;161.32;10;10084950176;S
20240410;104606;161.32;10;10084950177;S
20240410;104606;161.32;20;10084950178;S
20240410;104606;161.32;20;10084950179;S
20240410;104606;161.32;30;10084950180;S
20240410;104606;161.32;20;10084950181;S
20240410;104606;161.32;40;10084950182;S
20240410;104606;161.32;10;10084950183;S
20240410;104606;161.32;20;10084950184;S
20240410;104606;161.32;10;10084950185;S
20240410;104606;161.32;330;10084950186;S
20240410;104606;161.32;20;10084950187;S
20240410;104606;161.32;10;10084950188;S
20240410;104606;161.32;40;10084950189;S
20240410;104606;161.32;10;10084950190;S
20240410;104606;161.32;20;10084950191;S
20240410;104606;161.32;20;10084950192;S
20240410;104606;161.32;70;10084950193;S
20240410;104606;161.32;20;10084950194;S
20240410;104606;161.32;30;10084950195;S
20240410;104606;161.32;190;10084950196;S
20240410;104606;161.3;2020;10084950197;S
20240410;104606;161.3;250;10084950198;S
20240410;104606;161.3;50;10084950199;S
20240410;104606;161.28;1260;10084950200;S
20240410;104606;161.28;90;10084950201;S
20240410;104606;161.28;2000;10084950202;S
20240410;104606;161.26;10;10084950203;S
20240410;104606;161.26;10;10084950204;S
20240410;104606;161.26;250;10084950205;S
20240410;104606;161.26;650;10084950206;S
20240410;104606;161.26;1000;10084950207;S
20240410;104606;161.24;360;10084950208;S
20240410;104606;161.32;20;10084950213;B
20240410;104606;161.32;30;10084950214;B
20240410;104606;161.32;20;10084950215;B
20240410;104606;161.32;20;10084950216;B
20240410;104606;161.32;10;10084950217;B
20240410;104606;161.32;20;10084950218;B
20240410;104606;161.32;70;10084950219;B
20240410;104606;161.32;20;10084950220;B
20240410;104606;161.32;20;10084950221;B
20240410;104606;161.32;160;10084950222;B
20240410;104606;161.32;30;10084950223;B
20240410;104606;161.22;10;10084950224;S
20240410;104606;161.22;190;10084950225;S
20240410;104606;161.32;30;10084950226;B
20240410;104606;161.32;20;10084950227;B
20240410;104606;161.32;10;10084950228;B
20240410;104606;161.32;910;10084950229;B
20240410;104606;161.32;100;10084950230;B
20240410;104606;161.32;20;10084950231;B
20240410;104606;161.32;20;10084950237;B
20240410;104606;161.32;20;10084950238;B
20240410;104606;161.32;10;10084950239;B
20240410;104606;161.32;10;10084950240;B
20240410;104606;161.32;20;10084950241;B
20240410;104606;161.32;20;10084950242;B
20240410;104606;161.32;10;10084950243;B
20240410;104606;161.32;20;10084950247;B
20240410;104606;161.32;20;10084950248;B
20240410;104606;161.32;10;10084950249;B
20240410;104606;161.32;10;10084950250;B
20240410;104606;161.32;30;10084950251;B
20240410;104606;161.32;80;10084950252;B
20240410;104606;161.38;100;10084950301;B
20240410;104607;161.32;100;10084951516;S
20240410;104610;161.32;10;10084952991;S
20240410;104611;161.36;200;10084954250;B
20240410;104611;161.38;30;10084954557;B
20240410;104611;161.38;10;10084954559;B
20240410;104611;161.38;20;10084954568;B
20240410;104612;161.36;200;10084955095;S
20240410;104612;161.38;20;10084955322;B
20240410;104613;161.38;100;10084956532;B
20240410;104613;161.38;10;10084956536;B
20240410;104614;161.38;10;10084956802;B
20240410;104614;161.36;200;10084957021;S
20240410;104615;161.38;50;10084957729;B
20240410;104615;161.36;390;10084957925;S
20240410;104615;161.36;40;10084958026;S
20240410;104616;161.38;10;10084958293;B
20240410;104617;161.36;200;10084959334;S
20240410;104617;161.36;130;10084960063;S
20240410;104618;161.38;10;10084960150;B
20240410;104618;161.38;10;10084960154;B
20240410;104618;161.38;10;10084960155;B
20240410;104618;161.4;400;10084960156;B
20240410;104618;161.4;30;10084960157;B
20240410;104618;161.4;560;10084960158;B
20240410;104618;161.4;90;10084960165;B
20240410;104618;161.4;10;10084960166;B
20240410;104618;161.4;640;10084960173;B
20240410;104618;161.4;360;10084960174;B
20240410;104620;161.38;50;10084961668;S
20240410;104620;161.38;10;10084961673;B
20240410;104620;161.38;80;10084961881;B
20240410;104622;161.32;30;10084964517;S
20240410;104622;161.32;20;10084964518;S
20240410;104622;161.32;20;10084964519;S
20240410;104622;161.32;30;10084964520;S
20240410;104622;161.32;10;10084964521;S
20240410;104622;161.32;70;10084964522;S
20240410;104622;161.32;20;10084964523;S
20240410;104623;161.38;10;10084964662;B
20240410;104623;161.38;10;10084964666;B
20240410;104623;161.38;1000;10084964673;B
20240410;104623;161.38;100;10084964680;B
20240410;104623;161.38;1000;10084964681;B
20240410;104626;161.38;10;10084967689;B
20240410;104627;161.34;200;10084968956;S
20240410;104631;161.34;200;10084972373;S
20240410;104632;161.34;100;10084973203;S
20240410;104632;161.32;90;10084973204;S
20240410;104632;161.32;10;10084973205;S
20240410;104632;161.32;20;10084973206;S
20240410;104632;161.32;20;10084973207;S
20240410;104632;161.32;10;10084973208;S
20240410;104633;161.36;10;10084973515;B
20240410;104633;161.36;10;10084973520;B
20240410;104633;161.36;1000;10084973521;B
20240410;104633;161.36;100;10084973522;B
20240410;104633;161.36;230;10084973523;B
20240410;104633;161.38;770;10084973524;B
20240410;104633;161.32;10;10084974460;S
20240410;104633;161.32;20;10084974461;S
20240410;104633;161.32;10;10084974462;S
20240410;104633;161.32;20;10084974463;S
20240410;104633;161.32;20;10084974464;S
20240410;104633;161.32;10;10084974465;S
20240410;104633;161.32;10;10084974466;S
20240410;104635;161.32;10;10084975393;S
20240410;104635;161.32;10;10084975394;S
20240410;104635;161.32;40;10084975395;S
20240410;104635;161.32;30;10084975396;S
20240410;104635;161.32;40;10084975397;S
20240410;104635;161.32;70;10084975398;S
20240410;104635;161.34;50;10084975816;B
20240410;104636;161.34;10;10084976700;B
20240410;104637;161.34;10;10084977055;B
20240410;104637;161.32;200;10084977071;S
20240410;104637;161.34;10;10084977358;B
20240410;104638;161.34;900;10084978010;B
20240410;104639;161.34;10;10084979205;B
20240410;104639;161.34;100;10084979714;B
20240410;104640;161.32;60;10084979886;S
20240410;104640;161.32;10;10084979887;S
20240410;104640;161.32;30;10084979888;S
20240410;104640;161.32;40;10084979889;S
20240410;104640;161.32;70;10084979890;S
20240410;104640;161.32;20;10084979891;S
20240410;104640;161.32;30;10084979892;S
20240410;104640;161.32;20;10084979893;S
20240410;104640;161.32;10;10084979894;S
20240410;104640;161.32;10;10084979895;S
20240410;104640;161.32;10;10084979896;S
20240410;104640;161.32;30;10084979897;S
20240410;104640;161.32;20;10084979898;S
20240410;104640;161.32;20;10084979899;S
20240410;104640;161.32;160;10084979900;S
20240410;104640;161.32;30;10084979901;S
20240410;104643;161.34;10;10084983303;B
20240410;104644;161.34;3240;10084984257;B
20240410;104644;161.34;50;10084984319;B
20240410;104644;161.32;10;10084984320;S
20240410;104644;161.32;190;10084984321;S
20240410;104645;161.34;10;10084985559;B
20240410;104645;161.34;10;10084985891;B
20240410;104646;161.34;70;10084987260;B
20240410;104647;161.34;10;10084987389;B
20240410;104649;161.34;30;10084989940;B
20240410;104649;161.32;50;10084990155;S
20240410;104650;161.34;10;10084990206;B
20240410;104650;161.34;20;10084990215;B
20240410;104650;161.34;20;10084990218;B
20240410;104650;161.34;10;10084990226;B
20240410;104651;161.34;10;10084991597;B
20240410;104651;161.34;10;10084991854;B
20240410;104651;161.34;10;10084991939;B
20240410;104651;161.32;770;10084992012;S
20240410;104651;161.32;20;10084992013;S
20240410;104651;161.32;10;10084992014;S
20240410;104651;161.32;20;10084992015;S
20240410;104651;161.32;20;10084992016;S
20240410;104651;161.32;20;10084992017;S
20240410;104651;161.32;10;10084992018;S
20240410;104651;161.32;20;10084992019;S
20240410;104651;161.32;10;10084992020;S
20240410;104651;161.32;20;10084992021;S
20240410;104651;161.32;10;10084992022;S
20240410;104651;161.32;10;10084992023;S
20240410;104651;161.32;20;10084992024;S
20240410;104651;161.32;20;10084992025;S
20240410;104651;161.32;10;10084992026;S
20240410;104651;161.32;20;10084992027;S
20240410;104651;161.32;10;10084992028;S
20240410;104651;161.32;10;10084992029;S
20240410;104651;161.32;20;10084992030;S
20240410;104651;161.32;20;10084992031;S
20240410;104651;161.32;190;10084992032;S
20240410;104651;161.32;30;10084992033;S
20240410;104651;161.32;20;10084992034;S
20240410;104651;161.32;20;10084992035;S
20240410;104651;161.32;30;10084992036;S
20240410;104651;161.32;10;10084992037;S
20240410;104651;161.32;70;10084992038;S
20240410;104651;161.32;20;10084992039;S
20240410;104651;161.32;10;10084992040;S
20240410;104651;161.32;90;10084992041;S
20240410;104651;161.32;10;10084992042;S
20240410;104651;161.32;20;10084992043;S
20240410;104651;161.32;20;10084992044;S
20240410;104651;161.32;20;10084992045;S
20240410;104651;161.32;20;10084992046;S
20240410;104651;161.32;10;10084992047;S
20240410;104651;161.32;20;10084992048;S
20240410;104651;161.32;20;10084992049;S
20240410;104651;161.32;10;10084992050;S
20240410;104651;161.32;20;10084992051;S
20240410;104651;161.32;10;10084992052;S
20240410;104651;161.32;30;10084992053;S
20240410;104651;161.32;40;10084992054;S
20240410;104651;161.32;40;10084992055;S
20240410;104651;161.32;60;10084992056;S
20240410;104651;161.32;330;10084992057;S
20240410;104651;161.32;10;10084992058;S
20240410;104651;161.32;30;10084992059;S
20240410;104651;161.32;40;10084992060;S
20240410;104651;161.32;70;10084992061;S
20240410;104651;161.32;20;10084992062;S
20240410;104651;161.32;20;10084992063;S
20240410;104651;161.32;10;10084992064;S
20240410;104651;161.32;10;10084992065;S
20240410;104651;161.32;10;10084992066;S
20240410;104651;161.32;20;10084992067;S
20240410;104651;161.32;80;10084992068;S
20240410;104653;161.32;10;10084994172;S
20240410;104654;161.34;4470;10084994861;B
20240410;104654;161.34;1000;10084994878;B
20240410;104654;161.34;1200;10084994879;B
20240410;104655;161.34;750;10084994985;B
20240410;104655;161.34;10;10084996225;B
20240410;104655;161.34;10;10084996250;B
20240410;104656;161.34;1950;10084996269;B
20240410;104656;161.34;240;10084997155;B
20240410;104657;161.34;10;10084997669;B
20240410;104657;161.34;10;10084997688;B
20240410;104657;161.32;70;10084997929;S
20240410;104657;161.32;30;10084997930;S
20240410;104657;161.32;30;10084997931;S
20240410;104658;161.34;10;10084998432;B
20240410;104659;161.34;20;10085000435;B
20240410;104659;161.34;20;10085000452;B
20240410;104700;161.34;20;10085000475;B
20240410;104700;161.34;20;10085000477;B
20240410;104700;161.34;10;10085000496;B
20240410;104701;161.34;250;10085001738;B
20240410;104701;161.34;10;10085002536;B
20240410;104702;161.34;10;10085002640;B
20240410;104703;161.34;10;10085003691;B
20240410;104703;161.34;440;10085003707;B
20240410;104703;161.38;10;10085003708;B
20240410;104704;161.38;180;10085004864;B
20240410;104705;161.36;10;10085005709;B
20240410;104705;161.36;60;10085006333;B
20240410;104706;161.36;570;10085006519;B
20240410;104706;161.34;560;10085006523;S
20240410;104706;161.34;150;10085006524;S
20240410;104706;161.32;20;10085006525;S
20240410;104706;161.32;30;10085006526;S
20240410;104706;161.32;10;10085006527;S
20240410;104706;161.32;10;10085006528;S
20240410;104706;161.32;180;10085006529;S
20240410;104706;161.36;40;10085006530;B
20240410;104706;161.36;10;10085006541;B
20240410;104706;161.36;10;10085006542;B
20240410;104706;161.36;10;10085006543;B
20240410;104706;161.36;10;10085006544;B
20240410;104706;161.36;100;10085006546;B
20240410;104706;161.36;100;10085006547;B
20240410;104706;161.36;1000;10085006548;B
20240410;104706;161.36;100;10085006550;B
20240410;104706;161.36;1000;10085006554;B
20240410;104707;161.32;830;10085007968;S
20240410;104707;161.32;30;10085007969;S
20240410;104707;161.32;20;10085007970;S
20240410;104707;161.32;10;10085007971;S
20240410;104707;161.32;20;10085007972;S
20240410;104707;161.32;20;10085007973;S
20240410;104707;161.32;70;10085007974;S
20240410;104707;161.32;20;10085007975;S
20240410;104707;161.32;20;10085007976;S
20240410;104707;161.32;10;10085007977;S
20240410;104707;161.32;190;10085007978;S
20240410;104707;161.32;20;10085007979;S
20240410;104707;161.32;20;10085007980;S
20240410;104707;161.32;30;10085007981;S
20240410;104707;161.32;20;10085007982;S
20240410;104707;161.32;20;10085007983;S
20240410;104707;161.32;20;10085007984;S
20240410;104707;161.32;20;10085007985;S
20240410;104707;161.32;10;10085007986;S
20240410;104707;161.32;20;10085007987;S
20240410;104707;161.32;10;10085007988;S
20240410;104707;161.32;20;10085007989;S
20240410;104707;161.32;20;10085007990;S
20240410;104707;161.32;10;10085007991;S
20240410;104707;161.32;30;10085007992;S
20240410;104707;161.32;10;10085007993;S
20240410;104707;161.32;70;10085007994;S
20240410;104707;161.32;20;10085007995;S
20240410;104707;161.32;90;10085007996;S
20240410;104707;161.32;10;10085007997;S
20240410;104707;161.32;20;10085007998;S
20240410;104707;161.32;10;10085007999;S
20240410;104707;161.32;20;10085008000;S
20240410;104707;161.32;20;10085008001;S
20240410;104707;161.32;10;10085008002;S
20240410;104707;161.32;20;10085008003;S
20240410;104707;161.32;20;10085008004;S
20240410;104707;161.32;40;10085008005;S
20240410;104707;161.32;30;10085008006;S
20240410;104707;161.32;40;10085008007;S
20240410;104707;161.32;330;10085008008;S
20240410;104707;161.32;10;10085008009;S
20240410;104707;161.32;10;10085008010;S
20240410;104707;161.32;20;10085008011;S
20240410;104707;161.32;10;10085008012;S
20240410;104707;161.32;20;10085008013;S
20240410;104707;161.32;20;10085008014;S
20240410;104707;161.32;20;10085008015;S
20240410;104707;161.32;40;10085008016;S
20240410;104707;161.32;10;10085008017;S
20240410;104707;161.32;10;10085008018;S
20240410;104707;161.32;10;10085008019;S
20240410;104707;161.32;10;10085008020;S
20240410;104707;161.32;160;10085008021;S
20240410;104707;161.32;30;10085008022;S
20240410;104707;161.32;30;10085008023;S
20240410;104707;161.32;100;10085008024;S
20240410;104707;161.32;20;10085008025;S
20240410;104707;161.32;30;10085008026;S
20240410;104707;161.32;10;10085008027;S
20240410;104707;161.32;10;10085008028;S
20240410;104707;161.3;20;10085008029;S
20240410;104707;161.3;50;10085008030;S
20240410;104707;161.3;50;10085008031;S
20240410;104707;161.3;40;10085008032;S
20240410;104707;161.26;20;10085008033;S
20240410;104707;161.26;250;10085008034;S
20240410;104707;161.26;20;10085008035;S
20240410;104707;161.26;100;10085008036;S
20240410;104707;161.26;150;10085008037;S
20240410;104707;161.24;100;10085008038;S
20240410;104707;161.24;100;10085008039;S
20240410;104707;161.22;10;10085008040;S
20240410;104707;161.22;250;10085008041;S
20240410;104707;161.22;1100;10085008042;S
20240410;104707;161.2;590;10085008043;S
20240410;104707;161.2;10;10085008044;S
20240410;104707;161.2;1000;10085008045;S
20240410;104707;161.2;10;10085008046;S
20240410;104707;161.2;400;10085008047;S
20240410;104707;161.2;400;10085008048;S
20240410;104707;161.2;900;10085008049;S
20240410;104707;161.3;30;10085008057;B
20240410;104707;161.3;20;10085008059;B
20240410;104707;161.3;100;10085008060;B
20240410;104707;161.32;910;10085008061;B
20240410;104707;161.32;10;10085008062;B
20240410;104707;161.32;20;10085008063;B
20240410;104707;161.32;20;10085008064;B
20240410;104707;161.32;70;10085008065;B
20240410;104707;161.32;20;10085008066;B
20240410;104707;161.32;10;10085008067;B
20240410;104707;161.32;10;10085008068;B
20240410;104707;161.32;20;10085008069;B
20240410;104707;161.32;20;10085008070;B
20240410;104707;161.32;20;10085008071;B
20240410;104707;161.32;30;10085008072;B
20240410;104707;161.32;20;10085008073;B
20240410;104707;161.32;30;10085008074;B
20240410;104707;161.32;20;10085008075;B
20240410;104707;161.32;20;10085008076;B
20240410;104707;161.32;10;10085008077;B
20240410;104707;161.32;20;10085008078;B
20240410;104707;161.32;20;10085008079;B
20240410;104707;161.32;10;10085008080;B
20240410;104707;161.32;10;10085008081;B
20240410;104707;161.32;10;10085008082;B
20240410;104707;161.32;20;10085008083;B
20240410;104707;161.32;30;10085008085;B
20240410;104707;161.32;160;10085008086;B
20240410;104707;161.32;10;10085008087;B
20240410;104707;161.32;30;10085008088;B
20240410;104707;161.32;30;10085008089;B
20240410;104707;161.32;10;10085008090;B
20240410;104707;161.32;70;10085008091;B
20240410;104707;161.32;20;10085008092;B
20240410;104707;161.32;20;10085008093;B
20240410;104707;161.32;10;10085008094;B
20240410;104707;161.32;20;10085008095;B
20240410;104707;161.32;20;10085008096;B
20240410;104707;161.32;30;10085008097;B
20240410;104707;161.32;20;10085008101;B
20240410;104707;161.32;40;10085008102;B
20240410;104707;161.32;30;10085008103;B
20240410;104707;161.32;90;10085008104;B
20240410;104707;161.32;20;10085008105;B
20240410;104707;161.32;10;10085008106;B
20240410;104707;161.32;20;10085008107;B
20240410;104707;161.32;20;10085008108;B
20240410;104707;161.32;70;10085008109;B
20240410;104707;161.32;20;10085008110;B
20240410;104707;161.32;330;10085008111;B
20240410;104707;161.32;190;10085008112;B
20240410;104707;161.32;10;10085008113;B
20240410;104707;161.32;20;10085008114;B
20240410;104707;161.32;20;10085008118;B
20240410;104707;161.32;10;10085008119;B
20240410;104707;161.32;20;10085008123;B
20240410;104707;161.32;30;10085008130;B
20240410;104707;161.32;40;10085008143;B
20240410;104707;161.32;20;10085008150;B
20240410;104707;161.32;20;10085008154;B
20240410;104707;161.32;10;10085008161;B
20240410;104707;161.32;10;10085008165;B
20240410;104707;161.32;20;10085008175;B
20240410;104707;161.32;10;10085008182;B
20240410;104707;161.32;20;10085008186;B
20240410;104707;161.32;30;10085008196;B
20240410;104707;161.32;1010;10085008203;B
20240410;104707;161.32;20;10085008207;B
20240410;104707;161.32;20;10085008214;B
20240410;104707;161.32;10;10085008218;B
20240410;104707;161.32;10;10085008222;B
20240410;104707;161.32;20;10085008229;B
20240410;104707;161.32;30;10085008233;B
20240410;104707;161.32;20;10085008237;B
20240410;104707;161.32;20;10085008241;B
20240410;104707;161.32;10;10085008245;B
20240410;104707;161.32;20;10085008249;B
20240410;104707;161.32;20;10085008256;B
20240410;104707;161.32;30;10085008275;B
20240410;104707;161.32;20;10085008276;B
20240410;104707;161.32;20;10085008277;B
20240410;104707;161.32;160;10085008284;B
20240410;104707;161.32;10;10085008291;B
20240410;104707;161.32;10;10085008298;B
20240410;104707;161.32;10;10085008305;B
20240410;104707;161.32;10;10085008309;B
20240410;104707;161.32;20;10085008314;B
20240410;104707;161.32;20;10085008318;B
20240410;104707;161.32;70;10085008325;B
20240410;104707;161.32;20;10085008329;B
20240410;104707;161.32;30;10085008333;B
20240410;104707;161.32;20;10085008337;B
20240410;104707;161.32;10;10085008341;B
20240410;104707;161.32;40;10085008354;B
20240410;104707;161.32;20;10085008364;B
20240410;104707;161.32;10;10085008368;B
20240410;104707;161.32;10;10085008372;B
20240410;104707;161.32;10;10085008376;B
20240410;104707;161.32;10;10085008377;B
20240410;104707;161.32;10;10085008384;B
20240410;104707;161.32;20;10085008388;B
20240410;104707;161.32;30;10085008392;B
20240410;104707;161.32;1010;10085008399;B
20240410;104707;161.32;20;10085008404;B
20240410;104707;161.32;20;10085008411;B
20240410;104707;161.32;330;10085008412;B
20240410;104707;161.32;20;10085008417;B
20240410;104707;161.32;10;10085008421;B
20240410;104707;161.32;20;10085008429;B
20240410;104707;161.32;30;10085008439;B
20240410;104707;161.32;20;10085008446;B
20240410;104707;161.32;30;10085008465;B
20240410;104707;161.32;20;10085008469;B
20240410;104707;161.32;10;10085008479;B
20240410;104707;161.32;30;10085008483;B
20240410;104707;161.32;160;10085008487;B
20240410;104707;161.32;20;10085008491;B
20240410;104707;161.32;30;10085008498;B
20240410;104707;161.32;10;10085008502;B
20240410;104707;161.32;20;10085008506;B
20240410;104707;161.32;20;10085008510;B
20240410;104707;161.32;70;10085008520;B
20240410;104707;161.32;20;10085008524;B
20240410;104707;161.32;20;10085008528;B
20240410;104707;161.32;190;10085008535;B
20240410;104707;161.32;10;10085008545;B
20240410;104708;161.32;10;10085008555;B
20240410;104708;161.32;20;10085008562;B
20240410;104708;161.32;20;10085008566;B
20240410;104708;161.32;30;10085008570;B
20240410;104708;161.32;10;10085008577;B
20240410;104708;161.32;10;10085008587;B
20240410;104708;161.32;20;10085008591;B
20240410;104708;161.32;20;10085008595;B
20240410;104708;161.32;20;10085008603;B
20240410;104708;161.32;20;10085008607;B
20240410;104708;161.32;30;10085008614;B
20240410;104708;161.32;990;10085008621;B
20240410;104708;161.32;250;10085008628;B
20240410;104709;161.34;20;10085010878;B
20240410;104710;161.34;10;10085011023;B
20240410;104710;161.34;30;10085011037;B
20240410;104710;161.34;20;10085011047;B
20240410;104710;161.34;10;10085011053;B
20240410;104710;161.34;10;10085011055;B
20240410;104713;161.34;150;10085014693;B
20240410;104713;161.34;400;10085014694;B
20240410;104713;161.36;90;10085014695;B
20240410;104715;161.36;10;10085015843;B
20240410;104715;161.36;130;10085016413;B
20240410;104716;161.36;20;10085016996;B
20240410;104716;161.34;100;10085017857;S
20240410;104717;161.36;1000;10085018210;B
20240410;104717;161.38;10;10085018460;B
20240410;104717;161.38;10;10085018467;B
20240410;104719;161.38;10;10085019917;B
20240410;104719;161.38;10;10085020101;B
20240410;104720;161.38;10;10085021392;B
20240410;104720;161.36;10;10085021416;S
20240410;104720;161.36;10;10085021423;S
20240410;104722;161.38;10;10085023377;B
20240410;104723;161.38;100;10085024473;B
20240410;104723;161.38;50;10085024474;B
20240410;104723;161.38;3000;10085024601;B
20240410;104725;161.38;20;10085026360;B
20240410;104726;161.38;10;10085027410;B
20240410;104726;161.38;10;10085027423;B
20240410;104727;161.36;20;10085028855;S
20240410;104727;161.34;10;10085028856;S
20240410;104727;161.34;10;10085028857;S
20240410;104727;161.34;10;10085028869;B
20240410;104727;161.34;10;10085028870;B
20240410;104727;161.34;10;10085028871;B
20240410;104727;161.34;230;10085028872;B
20240410;104727;161.38;770;10085028873;B
20240410;104727;161.38;100;10085028874;B
20240410;104727;161.38;1000;10085028875;B
20240410;104731;161.38;150;10085032172;B
20240410;104731;161.38;10;10085033595;B
20240410;104733;161.38;10;10085035217;B
20240410;104735;161.38;20;10085036239;B
20240410;104735;161.38;10000;10085036267;B
20240410;104735;161.38;10;10085037312;B
20240410;104736;161.38;2000;10085037702;B
20240410;104737;161.38;10;10085038788;B
20240410;104737;161.38;10;10085038887;B
20240410;104737;161.38;20;10085038890;B
20240410;104737;161.38;10;10085038914;B
20240410;104737;161.38;10;10085038940;B
20240410;104737;161.38;1230;10085038966;B
20240410;104738;161.38;1550;10085039902;B
20240410;104738;161.38;50;10085039903;B
20240410;104738;161.38;1500;10085039904;B
20240410;104738;161.4;640;10085039905;B
20240410;104738;161.4;260;10085039906;B
20240410;104738;161.4;210;10085039907;B
20240410;104738;161.4;350;10085039908;B
20240410;104740;161.44;10;10085041499;B
20240410;104740;161.44;30;10085041504;B
20240410;104740;161.44;260;10085041511;B
20240410;104740;161.44;90;10085041512;B
20240410;104740;161.44;210;10085041513;B
20240410;104740;161.46;10;10085041514;B
20240410;104740;161.46;100;10085041515;B
20240410;104740;161.48;400;10085041516;B
20240410;104740;161.48;100;10085041517;B
20240410;104740;161.48;150;10085041518;B
20240410;104740;161.5;10;10085041520;B
20240410;104741;161.5;10;10085043031;B
20240410;104741;161.5;90;10085043103;B
20240410;104742;161.42;50;10085043550;S
20240410;104742;161.36;10;10085043583;S
20240410;104742;161.36;150;10085043584;S
20240410;104742;161.36;100;10085043585;S
20240410;104742;161.36;260;10085043586;S
20240410;104745;161.38;100;10085047214;S
20240410;104745;161.36;530;10085047215;S
20240410;104748;161.42;10;10085050260;S
20240410;104748;161.42;10;10085050261;S
20240410;104748;161.46;100;10085050467;B
20240410;104748;161.48;50;10085050785;B
20240410;104749;161.48;100;10085051341;B
20240410;104750;161.46;100;10085051870;S
20240410;104750;161.46;20;10085051872;B
20240410;104751;161.4;520;10085053633;S
20240410;104753;161.38;100;10085055076;B
20240410;104753;161.36;30;10085055141;S
20240410;104754;161.38;30;10085055865;B
20240410;104754;161.38;20;10085056804;B
20240410;104754;161.38;290;10085056805;B
20240410;104757;161.36;200;10085059446;S
20240410;104757;161.38;10;10085059650;B
20240410;104757;161.36;30;10085059660;S
20240410;104758;161.36;30;10085059663;S
20240410;104758;161.36;240;10085059766;S
20240410;104758;161.34;150;10085059767;S
20240410;104758;161.34;850;10085059768;S
20240410;104758;161.38;10;10085060840;B
20240410;104758;161.38;1000;10085060850;B
20240410;104758;161.38;1000;10085060860;B
20240410;104800;161.34;150;10085062074;S
20240410;104800;161.34;200;10085062075;S
20240410;104800;161.32;80;10085062076;S
20240410;104800;161.32;20;10085062077;S
20240410;104800;161.32;20;10085062078;S
20240410;104800;161.32;20;10085062079;S
20240410;104800;161.36;30;10085062224;S
20240410;104800;161.34;100;10085062225;S
20240410;104800;161.32;10;10085062226;S
20240410;104800;161.32;20;10085062227;S
20240410;104800;161.32;10;10085062228;S
20240410;104800;161.32;10;10085062229;S
20240410;104800;161.32;20;10085062230;S
20240410;104800;161.32;90;10085062231;S
20240410;104800;161.32;20;10085062232;S
20240410;104800;161.32;30;10085062233;S
20240410;104800;161.32;20;10085062234;S
20240410;104800;161.32;160;10085062235;S
20240410;104800;161.32;30;10085062236;S
20240410;104800;161.32;20;10085062237;S
20240410;104800;161.32;10;10085062238;S
20240410;104800;161.32;10;10085062239;S
20240410;104800;161.32;70;10085062240;S
20240410;104800;161.32;20;10085062241;S
20240410;104800;161.32;10;10085062242;S
20240410;104800;161.32;20;10085062243;S
20240410;104800;161.32;10;10085062244;S
20240410;104800;161.32;20;10085062245;S
20240410;104800;161.32;20;10085062246;S
20240410;104800;161.32;10;10085062247;S
20240410;104800;161.32;40;10085062248;S
20240410;104800;161.32;10;10085062249;S
20240410;104800;161.32;10;10085062250;S
20240410;104800;161.32;30;10085062251;S
20240410;104800;161.32;20;10085062252;S
20240410;104800;161.32;20;10085062253;S
20240410;104800;161.32;10;10085062254;S
20240410;104800;161.32;40;10085062255;S
20240410;104800;161.32;20;10085062256;S
20240410;104800;161.32;10;10085062257;S
20240410;104800;161.32;20;10085062258;S
20240410;104800;161.32;20;10085062259;S
20240410;104800;161.32;20;10085062260;S
20240410;104800;161.32;20;10085062261;S
20240410;104800;161.32;10;10085062262;S
20240410;104800;161.32;10;10085062263;S
20240410;104800;161.32;190;10085062264;S
20240410;104800;161.32;20;10085062265;S
20240410;104800;161.32;20;10085062266;S
20240410;104800;161.32;10;10085062267;S
20240410;104800;161.32;30;10085062268;S
20240410;104800;161.32;10;10085062269;S
20240410;104800;161.32;20;10085062270;S
20240410;104800;161.32;20;10085062271;S
20240410;104800;161.32;70;10085062272;S
20240410;104800;161.32;40;10085062273;S
20240410;104800;161.32;20;10085062274;S
20240410;104800;161.32;20;10085062275;S
20240410;104800;161.32;330;10085062276;S
20240410;104800;161.32;20;10085062277;S
20240410;104800;161.32;20;10085062278;S
20240410;104800;161.3;30;10085062279;S
20240410;104800;161.3;100;10085062280;S
20240410;104800;161.3;150;10085062281;S
20240410;104800;161.28;100;10085062282;S
20240410;104800;161.28;850;10085062283;S
20240410;104800;161.36;10;10085062350;B
20240410;104801;161.36;250;10085062961;B
20240410;104802;161.36;850;10085064763;B
20240410;104802;161.38;1150;10085064764;B
20240410;104803;161.36;10;10085065640;B
20240410;104803;161.36;1000;10085065641;B
20240410;104803;161.36;180;10085065642;B
20240410;104803;161.38;820;10085065643;B
20240410;104803;161.32;30;10085065647;S
20240410;104803;161.32;20;10085065648;S
20240410;104803;161.32;10;10085065649;S
20240410;104803;161.32;30;10085065650;S
20240410;104803;161.32;10;10085065651;S
20240410;104805;161.32;80;10085067311;S
20240410;104805;161.32;10;10085067312;S
20240410;104805;161.32;160;10085067313;S
20240410;104805;161.32;20;10085067314;S
20240410;104805;161.32;10;10085067315;S
20240410;104805;161.32;10;10085067316;S
20240410;104805;161.32;10;10085067317;S
20240410;104805;161.32;10;10085067318;S
20240410;104805;161.32;20;10085067319;S
20240410;104805;161.32;40;10085067320;S
20240410;104805;161.32;20;10085067321;S
20240410;104805;161.32;10;10085067322;S
20240410;104805;161.32;20;10085067323;S
20240410;104805;161.32;20;10085067324;S
20240410;104805;161.32;190;10085067325;S
20240410;104805;161.32;20;10085067326;S
20240410;104805;161.32;20;10085067327;S
20240410;104805;161.32;20;10085067328;S
20240410;104805;161.32;20;10085067329;S
20240410;104805;161.32;10;10085067330;S
20240410;104805;161.32;330;10085067331;S
20240410;104805;161.32;20;10085067332;S
20240410;104805;161.32;20;10085067333;S
20240410;104805;161.32;40;10085067334;S
20240410;104805;161.32;20;10085067335;S
20240410;104805;161.32;30;10085067336;S
20240410;104805;161.32;20;10085067337;S
20240410;104805;161.32;20;10085067338;S
20240410;104805;161.32;70;10085067339;S
20240410;104805;161.32;20;10085067340;S
20240410;104805;161.32;30;10085067341;S
20240410;104805;161.32;20;10085067342;S
20240410;104805;161.32;40;10085067343;S
20240410;104805;161.32;10;10085067344;S
20240410;104805;161.32;20;10085067345;S
20240410;104805;161.32;10;10085067346;S
20240410;104805;161.32;10;10085067347;S
20240410;104805;161.32;20;10085067348;S
20240410;104805;161.32;20;10085067349;S
20240410;104805;161.32;10;10085067350;S
20240410;104805;161.32;10;10085068327;S
20240410;104805;161.32;10;10085068328;S
20240410;104805;161.32;10;10085068329;S
20240410;104805;161.32;90;10085068330;S
20240410;104805;161.32;10;10085068331;S
20240410;104805;161.32;10;10085068332;S
20240410;104805;161.32;20;10085068333;S
20240410;104805;161.32;20;10085068334;S
20240410;104805;161.32;10;10085068335;S
20240410;104805;161.32;10;10085068336;S
20240410;104805;161.32;40;10085068337;S
20240410;104805;161.32;20;10085068338;S
20240410;104805;161.32;20;10085068339;S
20240410;104805;161.32;20;10085068340;S
20240410;104806;161.32;10;10085068907;S
20240410;104807;161.38;10;10085069915;B
20240410;104808;161.38;20;10085070947;B
20240410;104808;161.34;10;10085071408;S
20240410;104808;161.34;10;10085071526;S
20240410;104809;161.38;10;10085071883;B
20240410;104809;161.38;1000;10085071894;B
20240410;104809;161.38;1000;10085071904;B
20240410;104810;161.38;40;10085072478;B
20240410;104810;161.38;50;10085072488;B
20240410;104811;161.36;30;10085073742;S
20240410;104811;161.36;10;10085073743;S
20240410;104811;161.34;80;10085073744;S
20240410;104811;161.32;160;10085073745;S
20240410;104811;161.32;20;10085073746;S
20240410;104811;161.32;310;10085073747;S
20240410;104811;161.32;20;10085073748;S
20240410;104811;161.32;20;10085073749;S
20240410;104811;161.32;20;10085073750;S
20240410;104811;161.32;20;10085073751;S
20240410;104811;161.32;20;10085073752;S
20240410;104811;161.32;70;10085073753;S
20240410;104811;161.32;30;10085073754;S
20240410;104811;161.32;20;10085073755;S
20240410;104811;161.32;20;10085073756;S
20240410;104811;161.32;40;10085073757;S
20240410;104811;161.32;40;10085073758;S
20240410;104811;161.32;10;10085073759;S
20240410;104811;161.32;20;10085073760;S
20240410;104811;161.32;20;10085073761;S
20240410;104811;161.32;10;10085073762;S
20240410;104811;161.32;10;10085073763;S
20240410;104811;161.32;20;10085073764;S
20240410;104811;161.32;20;10085073765;S
20240410;104811;161.32;20;10085073766;S
20240410;104811;161.32;10;10085073767;S
20240410;104811;161.32;60;10085073768;S
20240410;104811;161.32;20;10085073769;S
20240410;104811;161.32;10;10085073770;S
20240410;104811;161.32;10;10085073771;S
20240410;104811;161.32;40;10085073772;S
20240410;104811;161.32;20;10085073773;S
20240410;104811;161.32;10;10085073774;S
20240410;104811;161.28;150;10085073775;S
20240410;104811;161.28;100;10085073776;S
20240410;104811;161.28;960;10085073777;S
20240410;104811;161.26;10;10085073778;S
20240410;104811;161.26;100;10085073779;S
20240410;104811;161.26;2000;10085073780;S
20240410;104811;161.24;20;10085073781;S
20240410;104811;161.24;250;10085073782;S
20240410;104811;161.24;650;10085073783;S
20240410;104811;161.24;400;10085073784;S
20240410;104811;161.24;500;10085073785;S
20240410;104811;161.24;60;10085073786;S
20240410;104811;161.24;100;10085073787;S
20240410;104811;161.22;20;10085073788;S
20240410;104811;161.22;2560;10085073789;S
20240410;104811;161.22;2820;10085073790;S
20240410;104811;161.22;2660;10085073791;S
20240410;104811;161.32;150;10085073918;B
20240410;104811;161.36;80;10085074064;B
20240410;104812;161.36;70;10085074584;B
20240410;104812;161.36;250;10085074968;S
20240410;104812;161.38;20;10085075017;B
20240410;104815;161.36;60;10085077873;S
20240410;104816;161.36;20;10085079210;S
20240410;104816;161.38;70;10085079309;B
20240410;104817;161.36;130;10085080144;S
20240410;104818;161.38;10;10085081866;B
20240410;104819;161.36;1000;10085082691;S
20240410;104820;161.38;10;10085083094;B
20240410;104822;161.38;10;10085085162;B
20240410;104825;161.36;10;10085088492;S
20240410;104825;161.38;380;10085089547;B
20240410;104825;161.38;400;10085089548;B
20240410;104825;161.38;20;10085089549;B
20240410;104825;161.4;150;10085089550;B
20240410;104825;161.4;50;10085089551;B
20240410;104826;161.36;300;10085089864;S
20240410;104827;161.4;1000;10085091012;B
20240410;104834;161.42;100;10085098597;B
20240410;104835;161.4;1000;10085098939;S
20240410;104836;161.36;3670;10085100340;S
20240410;104836;161.36;150;10085100341;S
20240410;104836;161.34;250;10085100342;S
20240410;104840;161.38;10;10085102885;B
20240410;104840;161.38;10;10085102886;B
20240410;104840;161.38;10;10085102887;B
20240410;104841;161.38;10;10085103219;B
20240410;104841;161.38;10;10085103875;B
20240410;104842;161.38;100;10085105164;B
20240410;104842;161.38;30;10085105165;B
20240410;104842;161.38;180;10085105166;B
20240410;104842;161.38;10;10085105167;B
20240410;104842;161.4;2190;10085105168;B
20240410;104842;161.44;930;10085105169;B
20240410;104842;161.46;300;10085105170;B
20240410;104842;161.46;2660;10085105171;B
20240410;104842;161.46;3660;10085105172;B
20240410;104842;161.46;1900;10085105173;B
20240410;104844;161.48;50;10085106392;S
20240410;104844;161.46;550;10085106393;S
20240410;104845;161.48;50;10085108442;S
20240410;104846;161.48;10;10085108479;B
20240410;104847;161.46;10;10085109023;S
20240410;104847;161.48;840;10085109160;B
20240410;104847;161.48;100;10085109161;B
20240410;104847;161.5;4710;10085109162;B
20240410;104847;161.5;3000;10085109163;B
20240410;104847;161.5;10;10085109164;B
20240410;104847;161.5;10;10085109165;B
20240410;104847;161.52;100;10085109166;B
20240410;104847;161.52;620;10085109167;B
20240410;104847;161.54;100;10085109168;B
20240410;104847;161.54;200;10085109169;B
20240410;104847;161.56;4000;10085109170;B
20240410;104847;161.58;100;10085109171;B
20240410;104847;161.58;10;10085109172;B
20240410;104847;161.58;100;10085109173;B
20240410;104847;161.58;10;10085109174;B
20240410;104847;161.58;190;10085109175;B
20240410;104847;161.58;10;10085109176;B
20240410;104847;161.58;3060;10085109177;B
20240410;104847;161.58;2830;10085109178;B
20240410;104847;161.48;110;10085109805;S
20240410;104849;161.56;110;10085111460;B
20240410;104849;161.58;90;10085111461;B
20240410;104851;161.58;500;10085111666;B
20240410;104851;161.56;50;10085112120;S
20240410;104851;161.56;30;10085112121;S
20240410;104853;161.58;10;10085114767;B
20240410;104854;161.56;170;10085115280;S
20240410;104854;161.56;30;10085115281;S
20240410;104854;161.56;20;10085115568;S
20240410;104854;161.56;200;10085115569;S
20240410;104855;161.56;10;10085116645;B
20240410;104856;161.54;50;10085116924;S
20240410;104856;161.54;50;10085116925;S
20240410;104856;161.56;2000;10085116927;B
20240410;104857;161.56;60;10085118091;B
20240410;104900;161.54;50;10085119795;S
20240410;104900;161.54;450;10085119796;S
20240410;104900;161.56;100;10085119834;B
20240410;104900;161.56;10;10085119835;B
20240410;104901;161.54;470;10085121510;S
20240410;104901;161.54;50;10085121511;S
20240410;104901;161.52;5000;10085121512;S
20240410;104901;161.52;150;10085121513;S
20240410;104901;161.5;50;10085121514;S
20240410;104901;161.5;20;10085121515;S
20240410;104901;161.5;2400;10085121516;S
20240410;104901;161.48;2020;10085121517;S
20240410;104904;161.52;10;10085123940;S
20240410;104906;161.54;10;10085125750;B
20240410;104906;161.54;10;10085125783;B
20240410;104907;161.54;100;10085126682;B
20240410;104907;161.54;10;10085126732;B
20240410;104908;161.52;40;10085127064;S
20240410;104908;161.52;50;10085127065;S
20240410;104908;161.5;50;10085127066;S
20240410;104908;161.48;60;10085127067;S
20240410;104908;161.54;10;10085127394;B
20240410;104910;161.54;10;10085128411;B
20240410;104910;161.54;10;10085128415;B
20240410;104910;161.54;10;10085128416;B
20240410;104912;161.54;10;10085131382;B
20240410;104912;161.54;90;10085131383;B
20240410;104914;161.52;50;10085132663;S
20240410;104914;161.52;50;10085132664;S
20240410;104914;161.5;50;10085132665;S
20240410;104914;161.48;30;10085132666;S
20240410;104914;161.54;100;10085133211;B
20240410;104915;161.54;270;10085133578;B
20240410;104915;161.56;400;10085133579;B
20240410;104915;161.56;750;10085133580;B
20240410;104915;161.56;400;10085133581;B
20240410;104915;161.56;60;10085133582;B
20240410;104915;161.58;590;10085133583;B
20240410;104915;161.58;100;10085133584;B
20240410;104915;161.58;2000;10085133585;B
20240410;104915;161.58;10;10085133586;B
20240410;104915;161.6;250;10085133587;B
20240410;104915;161.6;100;10085133588;B
20240410;104915;161.6;10;10085133589;B
20240410;104915;161.6;10;10085133590;B
20240410;104915;161.6;100;10085133591;B
20240410;104915;161.6;3810;10085133592;B
20240410;104915;161.6;10;10085133745;B
20240410;104916;161.6;20;10085134706;B
20240410;104916;161.62;10;10085134707;B
20240410;104918;161.62;420;10085135956;B
20240410;104918;161.6;20;10085136677;S
20240410;104919;161.6;30;10085137181;S
20240410;104919;161.58;50;10085137182;S
20240410;104919;161.56;20;10085137183;S
20240410;104921;161.62;10;10085139351;B
20240410;104922;161.6;20;10085139920;S
20240410;104922;161.62;500;10085140302;B
20240410;104924;161.62;50;10085141480;B
20240410;104924;161.62;60;10085141667;B
20240410;104928;161.62;200;10085146468;B
20240410;104929;161.62;90;10085146475;B
20240410;104929;161.6;30;10085146543;S
20240410;104929;161.58;50;10085146544;S
20240410;104929;161.56;30;10085146545;S
20240410;104929;161.56;100;10085146546;S
20240410;104929;161.54;50;10085146547;S
20240410;104929;161.54;40;10085146548;S
20240410;104929;161.54;10;10085146549;S
20240410;104929;161.54;100;10085146550;S
20240410;104929;161.54;240;10085146551;S
20240410;104929;161.62;160;10085146814;B
20240410;104929;161.66;10;10085146815;B
20240410;104929;161.66;100;10085146816;B
20240410;104929;161.66;100;10085146817;B
20240410;104929;161.68;30;10085146818;B
20240410;104930;161.68;10;10085147368;B
20240410;104933;161.6;50;10085151141;S
20240410;104937;161.66;10;10085155169;B
20240410;104938;161.6;100;10085155784;S
20240410;104940;161.68;60;10085156607;B
20240410;104940;161.68;10;10085156626;B
20240410;104942;161.66;10;10085160066;B
20240410;104945;161.68;10;10085162837;B
20240410;104945;161.68;400;10085162838;B
20240410;104945;161.68;200;10085162839;B
20240410;104945;161.68;200;10085162840;B
20240410;104947;161.7;10;10085164477;B
20240410;104947;161.7;60;10085164478;B
20240410;104950;161.7;30;10085166862;B
20240410;104951;161.7;70;10085166902;B
20240410;104951;161.7;100;10085167099;B
20240410;104954;161.68;50;10085171970;S
20240410;104956;161.7;10;10085173529;B
20240410;104957;161.7;10;10085175347;B
20240410;104958;161.7;10;10085175793;B
20240410;104958;161.7;1000;10085175803;B
20240410;104958;161.68;10;10085175848;S
20240410;104959;161.7;10;10085176820;B
20240410;104959;161.68;60;10085176966;S
20240410;104959;161.68;50;10085176967;S
20240410;104959;161.68;50;10085176968;S
20240410;104959;161.68;40;10085176969;S
20240410;104959;161.68;50;10085177117;S
20240410;104959;161.7;200;10085177273;B
20240410;104959;161.7;60;10085177283;B
20240410;105000;161.7;10;10085177308;B
20240410;105000;161.7;140;10085177340;B
20240410;105002;161.7;130;10085179266;B
20240410;105002;161.68;400;10085179279;S
20240410;105002;161.7;30;10085179290;B
20240410;105002;161.7;130;10085180144;B
20240410;105002;161.7;150;10085180145;B
20240410;105002;161.72;20;10085180146;B
20240410;105003;161.68;100;10085180932;S
20240410;105003;161.72;10;10085181243;B
20240410;105003;161.7;50;10085181275;S
20240410;105003;161.68;100;10085181276;S
20240410;105007;161.7;10;10085184319;S
20240410;105007;161.72;10;10085184328;B
20240410;105007;161.7;40;10085185560;S
20240410;105007;161.7;50;10085185561;S
20240410;105007;161.68;110;10085185562;S
20240410;105007;161.68;1000;10085185563;S
20240410;105007;161.68;10;10085185564;S
20240410;105007;161.68;100;10085185565;S
20240410;105007;161.68;50;10085185566;S
20240410;105007;161.68;200;10085185567;S
20240410;105007;161.66;80;10085185568;S
20240410;105007;161.66;50;10085185569;S
20240410;105007;161.66;50;10085185570;S
20240410;105007;161.66;160;10085185571;S
20240410;105007;161.62;10;10085185572;S
20240410;105007;161.62;10;10085185573;S
20240410;105007;161.62;570;10085185574;S
20240410;105007;161.6;10;10085185575;S
20240410;105007;161.6;200;10085185576;S
20240410;105007;161.6;3000;10085185577;S
20240410;105007;161.6;30;10085185578;S
20240410;105007;161.58;400;10085185579;S
20240410;105007;161.58;50;10085185580;S
20240410;105007;161.58;3660;10085185581;S
20240410;105007;161.58;2000;10085185582;S
20240410;105007;161.58;1000;10085185583;S
20240410;105007;161.56;50;10085185584;S
20240410;105007;161.56;110;10085185585;S
20240410;105010;161.66;160;10085187590;B
20240410;105010;161.66;20;10085187591;B
20240410;105011;161.66;10;10085188443;B
20240410;105013;161.66;170;10085191122;B
20240410;105013;161.66;10;10085191123;B
20240410;105013;161.66;400;10085191124;B
20240410;105013;161.66;50;10085191125;B
20240410;105013;161.66;170;10085191126;B
20240410;105014;161.66;60;10085191770;B
20240410;105015;161.66;20;10085192751;B
20240410;105016;161.64;50;10085194296;S
20240410;105016;161.64;50;10085194297;S
20240410;105016;161.64;40;10085194708;B
20240410;105017;161.58;50;10085195574;S
20240410;105019;161.58;80;10085197601;B
20240410;105019;161.62;270;10085197602;B
20240410;105019;161.56;30;10085197621;S
20240410;105020;161.62;50;10085197651;B
20240410;105022;161.58;10;10085200662;S
20240410;105024;161.62;110;10085203154;B
20240410;105025;161.6;50;10085203785;S
20240410;105025;161.58;40;10085203786;S
20240410;105025;161.56;510;10085203787;S
20240410;105025;161.56;10;10085203788;S
20240410;105025;161.56;50;10085203789;S
20240410;105025;161.54;70;10085203790;S
20240410;105025;161.54;120;10085203791;S
20240410;105025;161.52;650;10085203792;S
20240410;105025;161.52;130;10085203793;S
20240410;105025;161.52;40;10085204305;S
20240410;105025;161.6;20;10085204994;B
20240410;105027;161.6;90;10085206900;B
20240410;105030;161.6;10;10085209252;B
20240410;105031;161.6;10;10085210831;B
20240410;105031;161.6;10;10085210892;B
20240410;105035;161.6;100;10085214201;B
20240410;105037;161.58;10;10085216966;S
20240410;105038;161.6;50;10085217255;B
20240410;105038;161.6;20;10085217457;B
20240410;105043;161.6;300;10085222306;B
20240410;105043;161.6;120;10085222865;B
20240410;105044;161.6;10;10085223857;B
20240410;105044;161.6;10;10085224147;B
20240410;105044;161.6;10;10085224253;B
20240410;105044;161.6;10;10085224382;B
20240410;105044;161.6;10;10085224383;B
20240410;105044;161.6;20;10085224396;B
20240410;105044;161.6;20;10085224400;B
20240410;105044;161.6;20;10085224407;B
20240410;105044;161.6;10;10085224414;B
20240410;105044;161.6;10;10085224418;B
20240410;105044;161.6;20;10085224484;B
20240410;105044;161.6;10;10085224485;B
20240410;105044;161.6;20;10085224486;B
20240410;105044;161.6;10;10085224487;B
20240410;105044;161.6;10;10085224488;B
20240410;105044;161.6;30;10085224489;B
20240410;105044;161.6;20;10085224490;B
20240410;105044;161.6;70;10085224491;B
20240410;105044;161.6;20;10085224496;B
20240410;105044;161.6;20;10085224497;B
20240410;105044;161.6;10;10085224498;B
20240410;105044;161.6;20;10085224501;B
20240410;105044;161.6;30;10085224502;B
20240410;105044;161.6;20;10085224503;B
20240410;105044;161.6;70;10085224504;B
20240410;105044;161.6;20;10085224505;B
20240410;105044;161.6;20;10085224506;B
20240410;105044;161.6;20;10085224507;B
20240410;105044;161.6;10;10085224508;B
20240410;105044;161.6;10;10085224509;B
20240410;105044;161.6;10;10085224510;B
20240410;105044;161.6;20;10085224511;B
20240410;105044;161.6;20;10085224512;B
20240410;105044;161.6;10;10085224513;B
20240410;105044;161.6;10;10085224514;B
20240410;105044;161.6;10;10085224515;B
20240410;105044;161.6;20;10085224517;B
20240410;105044;161.6;20;10085224518;B
20240410;105044;161.6;10;10085224519;B
20240410;105044;161.6;10;10085224522;B
20240410;105045;161.6;10;10085224524;B
20240410;105045;161.6;20;10085224528;B
20240410;105045;161.58;10;10085224547;S
20240410;105046;161.6;90;10085225732;B
20240410;105046;161.6;10;10085225834;B
20240410;105046;161.62;10;10085225835;B
20240410;105047;161.62;10;10085226773;B
20240410;105049;161.62;20;10085229387;B
20240410;105050;161.6;10;10085229404;S
20240410;105050;161.6;50;10085229405;S
20240410;105050;161.6;20;10085229406;S
20240410;105050;161.6;40;10085229407;S
20240410;105050;161.6;20;10085229408;S
20240410;105050;161.6;80;10085229409;S
20240410;105050;161.6;20;10085229410;S
20240410;105050;161.6;20;10085229411;S
20240410;105050;161.58;30;10085229412;S
20240410;105050;161.58;50;10085229413;S
20240410;105050;161.56;50;10085229414;S
20240410;105050;161.56;340;10085229415;S
20240410;105050;161.54;50;10085229416;S
20240410;105050;161.54;120;10085229417;S
20240410;105050;161.6;20;10085229421;B
20240410;105050;161.6;20;10085229424;B
20240410;105050;161.6;20;10085229425;B
20240410;105050;161.6;20;10085229431;B
20240410;105050;161.6;20;10085229434;B
20240410;105050;161.6;10;10085229440;B
20240410;105053;161.6;100;10085232993;B
20240410;105055;161.58;40;10085235206;S
20240410;105055;161.6;10;10085235220;B
20240410;105057;161.6;80;10085236848;B
20240410;105057;161.6;10;10085237595;B
20240410;105058;161.58;10;10085238538;S
20240410;105058;161.58;50;10085238539;S
20240410;105058;161.56;50;10085238540;S
20240410;105058;161.56;90;10085238541;S
20240410;105102;161.58;10;10085242323;B
20240410;105103;161.58;30;10085244401;B
20240410;105104;161.58;50;10085244933;B
20240410;105104;161.56;160;10085245441;S
20240410;105104;161.56;40;10085245442;S
20240410;105108;161.58;40;10085248952;B
20240410;105109;161.58;10;10085250803;B
20240410;105115;161.6;10;10085256676;B
20240410;105115;161.58;240;10085256809;S
20240410;105115;161.58;50;10085256810;S
20240410;105115;161.56;10;10085256811;S
20240410;105115;161.56;50;10085256812;S
20240410;105115;161.56;2850;10085256813;S
20240410;105115;161.6;10;10085256818;B
20240410;105117;161.56;300;10085258534;S
20240410;105117;161.56;400;10085258536;S
20240410;105118;161.56;110;10085259256;S
20240410;105118;161.56;340;10085259363;S
20240410;105118;161.56;320;10085259364;S
20240410;105118;161.56;100;10085259700;B
20240410;105119;161.56;230;10085260338;B
20240410;105119;161.58;10;10085260342;B
20240410;105119;161.56;100;10085261362;S
20240410;105123;161.58;100;10085264375;B
20240410;105125;161.56;50;10085266657;S
20240410;105125;161.56;100;10085266658;S
20240410;105125;161.54;150;10085266659;S
20240410;105130;161.58;40;10085271173;B
20240410;105132;161.58;40;10085273261;B
20240410;105132;161.58;60;10085273262;B
20240410;105132;161.58;100;10085273474;B
20240410;105135;161.56;50;10085275621;S
20240410;105135;161.56;10;10085275755;B
20240410;105136;161.54;2290;10085275784;S
20240410;105136;161.54;1440;10085275785;S
20240410;105136;161.54;1850;10085275786;S
20240410;105136;161.56;10;10085275820;B
20240410;105136;161.54;100;10085275988;S
20240410;105138;161.54;100;10085277997;S
20240410;105138;161.56;40;10085278041;B
20240410;105139;161.54;10;10085278233;S
20240410;105139;161.56;60;10085279202;B
20240410;105140;161.56;1110;10085279491;B
20240410;105141;161.56;460;10085279492;B
20240410;105143;161.56;30;10085281651;B
20240410;105145;161.56;10;10085283840;B
20240410;105145;161.54;1000;10085283938;S
20240410;105146;161.54;40;10085283954;S
20240410;105146;161.54;40;10085283971;S
20240410;105146;161.56;180;10085284661;B
20240410;105146;161.54;300;10085284887;S
20240410;105150;161.56;10;10085287889;B
20240410;105151;161.54;150;10085288554;S
20240410;105152;161.56;140;10085288575;B
20240410;105152;161.56;10;10085288588;B
20240410;105153;161.56;10;10085288637;B
20240410;105154;161.54;10;10085288723;S
20240410;105155;161.54;300;10085288729;S
20240410;105156;161.56;230;10085288834;B
20240410;105159;161.56;30;10085288983;B
20240410;105200;161.56;20;10085289024;B
20240410;105200;161.54;50;10085289100;S
20240410;105200;161.54;50;10085289104;S
20240410;105200;161.52;50;10085289154;S
20240410;105200;161.5;50;10085289155;S
20240410;105200;161.5;200;10085289156;S
20240410;105200;161.5;20;10085289157;S
20240410;105200;161.5;100;10085289158;S
20240410;105200;161.5;160;10085289159;S
20240410;105200;161.5;60;10085289160;S
20240410;105201;161.5;100;10085289201;S
20240410;105202;161.52;10;10085289229;B
20240410;105202;161.52;40;10085289262;B
20240410;105202;161.52;10;10085289263;B
20240410;105203;161.52;110;10085289291;B
20240410;105204;161.5;90;10085289427;S
20240410;105204;161.5;30;10085289428;S
20240410;105204;161.5;50;10085289429;S
20240410;105204;161.5;60;10085289430;S
20240410;105204;161.5;10;10085289431;S
20240410;105204;161.46;3240;10085289432;S
20240410;105204;161.5;10;10085289433;B
20240410;105204;161.5;40;10085289434;B
20240410;105205;161.5;30;10085289468;B
20240410;105206;161.46;3260;10085289575;S
20240410;105207;161.46;980;10085289648;S
20240410;105208;161.4;500;10085289667;S
20240410;105208;161.4;100;10085289668;S
20240410;105208;161.4;10;10085289669;S
20240410;105208;161.4;10;10085289670;S
20240410;105208;161.38;10;10085289671;S
20240410;105208;161.42;90;10085289685;B
20240410;105208;161.44;10;10085289686;B
20240410;105208;161.44;20;10085289704;B
20240410;105208;161.44;120;10085289709;B
20240410;105208;161.46;280;10085289710;B
20240410;105209;161.44;60;10085289732;B
20240410;105209;161.44;40;10085289741;B
20240410;105209;161.44;200;10085289742;B
20240410;105209;161.46;40;10085289743;B
20240410;105210;161.46;10;10085289826;B
20240410;105210;161.46;890;10085289871;B
20240410;105210;161.46;590;10085289872;B
20240410;105210;161.46;500;10085289873;B
20240410;105210;161.46;20;10085289874;B
20240410;105211;161.46;100;10085289907;B
20240410;105211;161.46;10;10085289913;B
20240410;105213;161.46;60;10085290108;B
20240410;105214;161.46;180;10085290157;B
20240410;105214;161.46;190;10085290186;S
20240410;105216;161.5;10;10085290282;B
20240410;105217;161.46;130;10085290331;S
20240410;105220;161.48;1000;10085290505;B
20240410;105220;161.46;270;10085290510;S
20240410;105221;161.44;20;10085290534;S
20240410;105221;161.42;150;10085290535;S
20240410;105221;161.4;1020;10085290536;S
20240410;105222;161.46;20;10085290578;B
20240410;105223;161.38;100;10085290655;S
20240410;105223;161.38;100;10085290656;S
20240410;105225;161.46;90;10085290703;B
20240410;105225;161.46;60;10085290704;B
20240410;105226;161.46;90;10085290785;B
20240410;105226;161.46;410;10085290786;B
20240410;105227;161.44;10;10085290803;B
20240410;105228;161.44;10;10085290841;B
20240410;105228;161.38;10;10085290853;S
20240410;105232;161.38;40;10085291158;S
20240410;105232;161.36;10;10085291159;S
20240410;105232;161.36;60;10085291160;S
20240410;105232;161.34;10;10085291161;S
20240410;105232;161.34;100;10085291162;S
20240410;105232;161.34;220;10085291163;S
20240410;105232;161.34;250;10085291164;S
20240410;105232;161.34;200;10085291165;S
20240410;105232;161.34;10;10085291166;S
20240410;105232;161.32;100;10085291167;S
20240410;105232;161.32;320;10085291168;S
20240410;105233;161.34;30;10085291209;S
20240410;105235;161.42;40;10085291354;B
20240410;105236;161.42;30;10085291397;B
20240410;105236;161.42;180;10085291408;B
20240410;105236;161.42;10;10085291409;B
20240410;105236;161.44;80;10085291410;B
20240410;105236;161.44;580;10085291411;B
20240410;105239;161.42;80;10085291579;B
20240410;105240;161.46;60;10085291722;B
20240410;105244;161.44;10;10085291869;B
20240410;105247;161.44;40;10085291988;B
20240410;105247;161.44;50;10085291998;B
20240410;105247;161.46;800;10085291999;B
20240410;105248;161.46;10;10085292072;B
20240410;105249;161.42;20;10085292076;S
20240410;105250;161.42;300;10085292116;S
20240410;105251;161.46;170;10085292211;B
20240410;105251;161.46;100;10085292212;B
20240410;105251;161.46;100;10085292213;B
20240410;105252;161.46;100;10085292252;S
20240410;105252;161.46;20;10085292288;S
20240410;105253;161.46;250;10085292342;S
20240410;105254;161.48;10;10085292348;B
20240410;105255;161.46;100;10085292400;S
20240410;105256;161.46;100;10085292477;S
20240410;105258;161.48;100;10085292543;B
20240410;105258;161.46;10;10085292568;S
20240410;105259;161.48;10;10085292586;B
20240410;105301;161.46;550;10085292761;S
20240410;105301;161.46;200;10085292762;S
20240410;105301;161.46;10;10085292763;S
20240410;105304;161.42;210;10085293194;S
20240410;105304;161.42;150;10085293195;S
20240410;105304;161.4;10;10085293196;S
20240410;105304;161.4;100;10085293197;S
20240410;105304;161.4;2000;10085293198;S
20240410;105304;161.38;10;10085293199;S
20240410;105304;161.38;400;10085293200;S
20240410;105304;161.36;200;10085293201;S
20240410;105304;161.36;1810;10085293202;S
20240410;105304;161.34;490;10085293203;S
20240410;105304;161.34;500;10085293204;S
20240410;105304;161.34;650;10085293205;S
20240410;105304;161.32;400;10085293206;S
20240410;105304;161.32;650;10085293207;S
20240410;105304;161.32;250;10085293208;S
20240410;105304;161.32;680;10085293209;S
20240410;105304;161.32;300;10085293210;S
20240410;105304;161.3;20;10085293211;S
20240410;105304;161.3;300;10085293212;S
20240410;105304;161.3;10;10085293213;S
20240410;105304;161.3;100;10085293214;S
20240410;105304;161.3;10000;10085293215;S
20240410;105304;161.3;10000;10085293216;S
20240410;105304;161.3;10000;10085293217;S
20240410;105304;161.3;10;10085293218;S
20240410;105304;161.28;10;10085293219;S
20240410;105304;161.28;610;10085293220;S
20240410;105304;161.28;3660;10085293221;S
20240410;105304;161.26;100;10085293222;S
20240410;105304;161.26;9050;10085293223;S
20240410;105305;161.3;150;10085293265;B
20240410;105305;161.36;1850;10085293266;B
20240410;105305;161.28;160;10085293270;S
20240410;105306;161.28;10;10085293391;B
20240410;105306;161.26;2020;10085293392;S
20240410;105306;161.28;10;10085293401;B
20240410;105306;161.26;200;10085293433;S
20240410;105306;161.28;200;10085293473;B
20240410;105308;161.26;20;10085293628;S
20240410;105309;161.28;2930;10085293660;B
20240410;105309;161.3;160;10085293661;B
20240410;105309;161.32;1580;10085293662;B
20240410;105309;161.34;1220;10085293663;B
20240410;105309;161.34;10000;10085293664;B
20240410;105309;161.34;10;10085293665;B
20240410;105309;161.36;3500;10085293666;B
20240410;105310;161.36;30;10085293861;B
20240410;105312;161.34;10;10085294156;B
20240410;105313;161.34;10;10085294267;B
20240410;105313;161.3;50;10085294284;S
20240410;105314;161.34;100;10085294464;B
20240410;105315;161.3;50;10085294568;S
20240410;105315;161.28;650;10085294618;S
20240410;105316;161.34;10;10085294734;B
20240410;105316;161.34;60;10085294839;B
20240410;105318;161.34;60;10085294967;B
20240410;105318;161.34;50;10085294972;B
20240410;105318;161.36;50;10085294973;B
20240410;105320;161.34;110;10085295200;B
20240410;105320;161.28;10;10085295203;S
20240410;105323;161.3;200;10085295587;S
20240410;105323;161.3;30;10085295687;B
20240410;105323;161.3;100;10085295697;B
20240410;105323;161.3;30;10085295712;B
20240410;105325;161.3;180;10085295877;B
20240410;105325;161.3;820;10085295878;B
20240410;105325;161.3;30;10085295884;B
20240410;105325;161.26;500;10085295927;S
20240410;105328;161.3;100;10085296224;B
20240410;105329;161.28;40;10085296299;S
20240410;105329;161.3;50;10085296306;B
20240410;105330;161.28;60;10085296381;S
20240410;105331;161.28;90;10085296431;B
20240410;105331;161.3;50;10085296432;B
20240410;105331;161.3;70;10085296433;B
20240410;105331;161.3;10;10085296434;B
20240410;105333;161.3;10;10085296602;B
20240410;105333;161.3;20;10085296628;B
20240410;105335;161.32;10;10085296715;B
20240410;105337;161.3;1700;10085296825;S
20240410;105337;161.28;200;10085296826;S
20240410;105337;161.26;460;10085296827;S
20240410;105337;161.26;190;10085296828;S
20240410;105337;161.26;10;10085296829;S
20240410;105337;161.26;20;10085296830;S
20240410;105337;161.26;10;10085296831;S
20240410;105337;161.24;10;10085296832;S
20240410;105337;161.24;500;10085296833;S
20240410;105337;161.24;570;10085296834;S
20240410;105337;161.22;100;10085296835;S
20240410;105337;161.22;1040;10085296836;S
20240410;105337;161.2;50;10085296837;S
20240410;105337;161.2;10;10085296838;S
20240410;105337;161.2;2470;10085296839;S
20240410;105338;161.26;180;10085296976;B
20240410;105338;161.28;820;10085296977;B
20240410;105341;161.28;10;10085297218;B
20240410;105341;161.28;400;10085297219;B
20240410;105342;161.3;850;10085297319;B
20240410;105342;161.32;30;10085297320;B
20240410;105343;161.32;300;10085297578;B
20240410;105343;161.3;600;10085297593;S
20240410;105343;161.3;30;10085297601;S
20240410;105343;161.32;10;10085297614;B
20240410;105344;161.32;10;10085297642;B
20240410;105344;161.3;50;10085297668;S
20240410;105344;161.32;20;10085297833;B
20240410;105345;161.32;130;10085297917;B
20240410;105345;161.32;200;10085297918;B
20240410;105347;161.34;280;10085298044;B
20240410;105347;161.32;100;10085298087;S
20240410;105347;161.34;10;10085298091;B
20240410;105348;161.32;2570;10085298106;S
20240410;105348;161.3;420;10085298107;S
20240410;105349;161.3;30;10085298267;S
20240410;105349;161.34;50;10085298288;B
20240410;105349;161.34;50;10085298302;B
20240410;105349;161.34;40;10085298332;B
20240410;105350;161.3;700;10085298357;S
20240410;105350;161.32;3660;10085298389;B
20240410;105350;161.34;21790;10085298390;B
20240410;105350;161.36;10;10085298391;B
20240410;105350;161.38;2000;10085298392;B
20240410;105350;161.4;90;10085298393;B
20240410;105350;161.4;1500;10085298394;B
20240410;105350;161.4;8000;10085298395;B
20240410;105350;161.4;1000;10085298396;B
20240410;105350;161.4;10000;10085298397;B
20240410;105350;161.46;1210;10085298398;B
20240410;105350;161.46;10000;10085298399;B
20240410;105350;161.46;10000;10085298400;B
20240410;105350;161.46;10000;10085298401;B
20240410;105350;161.46;100;10085298406;S
20240410;105350;161.46;1220;10085298413;S
20240410;105351;161.48;100;10085298418;B
20240410;105351;161.48;50;10085298419;B
20240410;105351;161.46;10;10085298450;S
20240410;105351;161.48;50;10085298463;B
20240410;105351;161.48;100;10085298464;B
20240410;105352;161.46;90;10085298523;S
20240410;105353;161.46;100;10085298567;S
20240410;105353;161.48;100;10085298570;B
20240410;105353;161.5;190;10085298606;B
20240410;105353;161.5;100;10085298607;B
20240410;105353;161.5;670;10085298608;B
20240410;105353;161.5;450;10085298609;B
20240410;105353;161.5;80;10085298610;B
20240410;105354;161.5;10;10085298649;B
20240410;105354;161.48;150;10085298656;S
20240410;105355;161.48;1330;10085298715;S
20240410;105355;161.48;1000;10085298717;S
20240410;105357;161.5;120;10085298857;B
20240410;105403;161.5;10;10085299549;B
20240410;105403;161.5;10;10085299612;B
20240410;105403;161.48;140;10085299640;S
20240410;105403;161.48;20;10085299647;S
20240410;105403;161.48;100;10085299653;S
20240410;105404;161.5;770;10085299718;B
20240410;105404;161.5;2860;10085299719;B
20240410;105404;161.5;10;10085299796;B
20240410;105405;161.5;10;10085299880;B
20240410;105405;161.5;10;10085299989;B
20240410;105405;161.48;100;10085299991;S
20240410;105407;161.48;100;10085300269;S
20240410;105408;161.5;270;10085300414;B
20240410;105408;161.5;3340;10085300415;B
20240410;105408;161.5;100;10085300416;B
20240410;105408;161.5;10;10085300417;B
20240410;105408;161.52;60;10085300418;B
20240410;105408;161.52;10;10085300454;B
20240410;105409;161.52;30;10085300540;B
20240410;105409;161.54;100;10085300541;B
20240410;105409;161.56;100;10085300542;B
20240410;105409;161.56;200;10085300543;B
20240410;105409;161.58;100;10085300544;B
20240410;105409;161.6;30;10085300545;B
20240410;105409;161.6;100;10085300546;B
20240410;105409;161.6;400;10085300547;B
20240410;105409;161.6;30;10085300548;B
20240410;105409;161.6;1910;10085300549;B
20240410;105409;161.6;10;10085300553;B
20240410;105409;161.6;10;10085300567;B
20240410;105409;161.54;100;10085300611;S
20240410;105410;161.6;10;10085300662;B
20240410;105410;161.6;10;10085300678;B
20240410;105411;161.6;100;10085300899;B
20240410;105414;161.56;460;10085301187;S
20240410;105414;161.54;290;10085301188;S
20240410;105415;161.6;690;10085301266;B
20240410;105415;161.62;10;10085301295;B
20240410;105416;161.62;10;10085301399;B
20240410;105417;161.6;130;10085301538;S
20240410;105419;161.6;10;10085301687;S
20240410;105419;161.62;20;10085301690;B
20240410;105419;161.6;50;10085301712;S
20240410;105420;161.62;60;10085301715;B
20240410;105420;161.64;100;10085301716;B
20240410;105420;161.64;3820;10085301717;B
20240410;105420;161.66;2100;10085301718;B
20240410;105420;161.66;100;10085301719;B
20240410;105420;161.66;3740;10085301720;B
20240410;105420;161.66;4000;10085301721;B
20240410;105420;161.68;60;10085301722;B
20240410;105420;161.68;10;10085301723;B
20240410;105420;161.7;20;10085301724;B
20240410;105420;161.7;10;10085301725;B
20240410;105420;161.7;5000;10085301726;B
20240410;105420;161.7;40;10085301734;S
20240410;105423;161.7;10;10085302052;S
20240410;105424;161.7;300;10085302076;S
20240410;105424;161.72;20;10085302077;B
20240410;105424;161.72;100;10085302078;B
20240410;105424;161.72;10;10085302079;B
20240410;105424;161.72;450;10085302080;B
20240410;105424;161.72;720;10085302081;B
20240410;105425;161.72;1000;10085302421;B
20240410;105425;161.72;80;10085302438;B
20240410;105426;161.72;1680;10085302498;B
20240410;105426;161.72;100;10085302562;B
20240410;105426;161.7;200;10085302591;S
20240410;105427;161.72;350;10085302686;B
20240410;105428;161.72;500;10085302810;B
20240410;105430;161.72;5000;10085302944;B
20240410;105430;161.72;10;10085302959;B
20240410;105431;161.7;430;10085302980;S
20240410;105431;161.7;200;10085302981;S
20240410;105431;161.7;70;10085302982;S
20240410;105431;161.72;50;10085302986;B
20240410;105431;161.7;130;10085302997;S
20240410;105431;161.7;10;10085302998;S
20240410;105431;161.7;20;10085302999;S
20240410;105431;161.7;10;10085303000;S
20240410;105431;161.7;10;10085303001;S
20240410;105431;161.7;30;10085303002;S
20240410;105431;161.7;10;10085303003;S
20240410;105431;161.7;10;10085303004;S
20240410;105431;161.7;30;10085303005;S
20240410;105431;161.7;60;10085303006;S
20240410;105431;161.7;20;10085303007;S
20240410;105431;161.7;20;10085303008;S
20240410;105431;161.7;20;10085303009;S
20240410;105431;161.7;10;10085303010;S
20240410;105431;161.7;10;10085303011;S
20240410;105431;161.7;10;10085303012;S
20240410;105431;161.7;90;10085303013;S
20240410;105432;161.7;900;10085303079;S
20240410;105432;161.7;20;10085303080;S
20240410;105432;161.7;10;10085303081;S
20240410;105432;161.7;10;10085303082;S
20240410;105432;161.7;30;10085303083;S
20240410;105432;161.7;10;10085303084;S
20240410;105432;161.7;10;10085303085;S
20240410;105432;161.7;20;10085303086;S
20240410;105432;161.7;20;10085303087;S
20240410;105432;161.7;20;10085303088;S
20240410;105432;161.7;10;10085303089;S
20240410;105432;161.7;10;10085303090;S
20240410;105432;161.7;10;10085303091;S
20240410;105432;161.7;30;10085303092;S
20240410;105432;161.7;60;10085303093;S
20240410;105432;161.7;1000;10085303094;S
20240410;105432;161.7;20;10085303098;B
20240410;105432;161.7;10;10085303100;B
20240410;105432;161.7;10;10085303101;B
20240410;105432;161.7;30;10085303102;B
20240410;105432;161.7;10;10085303103;B
20240410;105432;161.7;20;10085303104;B
20240410;105432;161.7;20;10085303105;B
20240410;105432;161.7;20;10085303106;B
20240410;105432;161.7;10;10085303108;B
20240410;105432;161.7;10;10085303109;B
20240410;105432;161.7;10;10085303110;B
20240410;105432;161.7;30;10085303111;B
20240410;105432;161.7;60;10085303112;B
20240410;105432;161.7;20;10085303116;B
20240410;105432;161.7;10;10085303117;B
20240410;105432;161.7;10;10085303118;B
20240410;105432;161.7;30;10085303119;B
20240410;105432;161.7;10;10085303120;B
20240410;105432;161.7;20;10085303121;B
20240410;105432;161.7;20;10085303122;B
20240410;105432;161.7;20;10085303123;B
20240410;105432;161.7;10;10085303124;B
20240410;105432;161.7;10;10085303125;B
20240410;105432;161.7;200;10085303126;B
20240410;105432;161.7;10;10085303127;B
20240410;105432;161.7;10;10085303128;B
20240410;105432;161.7;30;10085303129;B
20240410;105432;161.7;60;10085303130;B
20240410;105432;161.7;20;10085303131;B
20240410;105432;161.7;10;10085303132;B
20240410;105432;161.7;10;10085303133;B
20240410;105432;161.7;30;10085303139;B
20240410;105432;161.7;10;10085303140;B
20240410;105432;161.7;20;10085303141;B
20240410;105432;161.72;400;10085303160;B
20240410;105433;161.7;20;10085303196;S
20240410;105433;161.7;20;10085303197;S
20240410;105433;161.7;10;10085303198;S
20240410;105433;161.7;10;10085303199;S
20240410;105433;161.7;10;10085303200;S
20240410;105433;161.7;30;10085303201;S
20240410;105433;161.7;10;10085303202;S
20240410;105433;161.7;60;10085303203;S
20240410;105433;161.7;30;10085303204;S
20240410;105433;161.72;50;10085303219;B
20240410;105433;161.7;20;10085303235;S
20240410;105433;161.7;10;10085303236;S
20240410;105433;161.7;10;10085303237;S
20240410;105433;161.7;30;10085303238;S
20240410;105433;161.7;10;10085303239;S
20240410;105433;161.7;20;10085303240;S
20240410;105433;161.7;450;10085303241;S
20240410;105433;161.7;20;10085303242;S
20240410;105433;161.7;200;10085303243;S
20240410;105433;161.7;20;10085303244;S
20240410;105433;161.7;10;10085303245;S
20240410;105433;161.7;10;10085303246;S
20240410;105433;161.7;10;10085303247;S
20240410;105433;161.7;30;10085303248;S
20240410;105433;161.7;10;10085303249;S
20240410;105433;161.7;60;10085303250;S
20240410;105433;161.7;580;10085303251;S
20240410;105434;161.72;50;10085303267;B
20240410;105435;161.7;20;10085303418;S
20240410;105435;161.7;30;10085303419;S
20240410;105435;161.7;20;10085303420;S
20240410;105435;161.7;20;10085303421;S
20240410;105435;161.7;10;10085303422;S
20240410;105435;161.72;10;10085303444;B
20240410;105435;161.72;40;10085303445;B
20240410;105435;161.72;60;10085303447;B
20240410;105435;161.72;10;10085303448;B
20240410;105435;161.72;40;10085303453;B
20240410;105435;161.72;60;10085303454;B
20240410;105436;161.72;40;10085303481;B
20240410;105436;161.74;20;10085303482;B
20240410;105436;161.76;100;10085303483;B
20240410;105436;161.78;40;10085303484;B
20240410;105437;161.78;60;10085303570;B
20240410;105437;161.78;1000;10085303571;B
20240410;105438;161.76;10;10085303648;S
20240410;105441;161.8;50;10085303844;B
20240410;105441;161.8;50;10085303845;B
20240410;105441;161.8;10;10085303886;B
20240410;105442;161.8;10;10085303909;B
20240410;105442;161.8;10;10085303962;B
20240410;105445;161.8;70;10085304122;B
20240410;105445;161.8;10;10085304123;B
20240410;105446;161.8;10;10085304166;B
20240410;105446;161.82;3260;10085304167;B
20240410;105446;161.82;50;10085304183;B
20240410;105448;161.82;390;10085304283;B
20240410;105448;161.82;2400;10085304339;B
20240410;105448;161.84;100;10085304340;B
20240410;105448;161.86;1000;10085304341;B
20240410;105448;161.86;50;10085304342;B
20240410;105448;161.86;440;10085304343;B
20240410;105448;161.88;150;10085304344;B
20240410;105448;161.88;30;10085304345;B
20240410;105448;161.88;1750;10085304346;B
20240410;105448;161.88;1220;10085304347;B
20240410;105448;161.88;2830;10085304348;B
20240410;105448;161.9;10;10085304349;B
20240410;105448;161.9;500;10085304350;B
20240410;105448;161.9;2240;10085304351;B
20240410;105448;161.9;100;10085304352;B
20240410;105448;161.9;100;10085304353;B
20240410;105448;161.9;2100;10085304354;B
20240410;105448;161.92;10;10085304361;B
20240410;105448;161.92;10;10085304362;B
20240410;105448;161.92;10;10085304364;B
20240410;105449;161.92;10;10085304411;B
20240410;105450;161.86;10;10085304484;S
20240410;105451;161.9;90;10085304541;S
20240410;105453;161.92;20;10085304650;B
20240410;105453;161.92;1000;10085304651;B
20240410;105453;161.92;540;10085304652;B
20240410;105454;161.92;10;10085304815;B
20240410;105455;161.9;100;10085304846;S
20240410;105456;161.92;100;10085304904;B
20240410;105456;161.9;10;10085304912;S
20240410;105456;161.9;1800;10085304928;S
20240410;105456;161.9;500;10085304929;S
20240410;105456;161.9;500;10085304930;S
20240410;105458;161.9;70;10085305057;B
20240410;105459;161.9;1610;10085305177;B
20240410;105459;161.9;70;10085305178;B
20240410;105459;161.9;1000;10085305203;B
20240410;105503;161.88;10;10085305495;S
20240410;105504;161.9;300;10085305515;B
20240410;105504;161.9;400;10085305532;B
20240410;105504;161.9;10;10085305635;B
20240410;105504;161.9;30;10085305644;B
20240410;105505;161.9;10;10085305684;B
20240410;105506;161.88;490;10085305774;S
20240410;105506;161.88;40;10085305775;S
20240410;105506;161.86;30;10085305776;S
20240410;105506;161.86;200;10085305777;S
20240410;105506;161.86;220;10085305778;S
20240410;105506;161.84;40;10085305779;S
20240410;105506;161.84;1000;10085305780;S
20240410;105506;161.84;480;10085305781;S
20240410;105507;161.88;200;10085305813;B
20240410;105507;161.9;180;10085305823;B
20240410;105507;161.88;50;10085305848;S
20240410;105507;161.9;60;10085305856;B
20240410;105507;161.9;130;10085305862;B
20240410;105508;161.88;250;10085305886;S
20240410;105508;161.88;20;10085305887;S
20240410;105508;161.86;10;10085305919;S
20240410;105509;161.86;50;10085305951;S
20240410;105509;161.86;50;10085305974;S
20240410;105509;161.86;50;10085306006;S
20240410;105510;161.86;50;10085306082;S
20240410;105510;161.88;610;10085306085;B
20240410;105513;161.88;70;10085306377;B
20240410;105513;161.88;250;10085306403;B
20240410;105514;161.88;10;10085306526;B
20240410;105514;161.88;140;10085306574;B
20240410;105517;161.86;10;10085306702;S
20240410;105517;161.86;340;10085306721;S
20240410;105517;161.86;40;10085306722;S
20240410;105517;161.86;10;10085306723;S
20240410;105517;161.84;20;10085306724;S
20240410;105517;161.84;40;10085306725;S
20240410;105518;161.82;10;10085306766;S
20240410;105518;161.82;200;10085306767;S
20240410;105518;161.8;100;10085306768;S
20240410;105518;161.8;30;10085306769;S
20240410;105518;161.8;500;10085306770;S
20240410;105518;161.8;30;10085306771;S
20240410;105518;161.78;200;10085306772;S
20240410;105518;161.78;200;10085306773;S
20240410;105518;161.78;230;10085306774;S
20240410;105519;161.76;190;10085306847;S
20240410;105519;161.76;400;10085306848;S
20240410;105519;161.76;180;10085306849;S
20240410;105519;161.76;9230;10085306850;S
20240410;105520;161.76;300;10085306879;S
20240410;105520;161.78;10;10085306880;B
20240410;105520;161.78;10;10085306881;B
20240410;105520;161.78;10;10085306882;B
20240410;105520;161.78;200;10085306886;B
20240410;105521;161.78;330;10085306962;B
20240410;105523;161.8;20;10085307060;B
20240410;105523;161.8;30;10085307074;B
20240410;105523;161.8;30;10085307075;B
20240410;105526;161.82;20;10085307260;B
20240410;105528;161.78;840;10085307470;S
20240410;105528;161.78;500;10085307471;S
20240410;105528;161.76;470;10085307472;S
20240410;105528;161.76;30;10085307473;S
20240410;105528;161.74;200;10085307474;S
20240410;105528;161.74;5120;10085307475;S
20240410;105529;161.8;150;10085307550;S
20240410;105529;161.8;350;10085307557;S
20240410;105529;161.8;200;10085307559;S
20240410;105530;161.82;10;10085307634;B
20240410;105530;161.82;10;10085307642;B
20240410;105530;161.8;1000;10085307649;S
20240410;105530;161.82;20;10085307655;B
20240410;105530;161.86;80;10085307656;B
20240410;105531;161.84;50;10085307687;B
20240410;105532;161.84;150;10085307730;B
20240410;105534;161.84;300;10085307918;S
20240410;105535;161.86;20;10085307937;B
20240410;105535;161.84;50;10085307955;S
20240410;105536;161.84;130;10085308076;S
20240410;105536;161.84;30;10085308088;S
20240410;105537;161.8;3700;10085308133;S
20240410;105539;161.8;100;10085308242;B
20240410;105541;161.78;100;10085308620;S
20240410;105541;161.78;40;10085308621;S
20240410;105543;161.8;410;10085309093;B
20240410;105543;161.78;10;10085309123;S
20240410;105543;161.76;70;10085309124;S
20240410;105544;161.8;10;10085309249;B
20240410;105545;161.8;100;10085309434;B
20240410;105546;161.76;130;10085309574;S
20240410;105546;161.72;200;10085309575;S
20240410;105546;161.72;50;10085309576;S
20240410;105546;161.72;220;10085309577;S
20240410;105547;161.8;460;10085309643;B
20240410;105547;161.8;10;10085309644;B
20240410;105547;161.82;180;10085309645;B
20240410;105547;161.84;850;10085309646;B
20240410;105548;161.82;190;10085309700;B
20240410;105548;161.82;110;10085309701;B
20240410;105549;161.8;50;10085309808;S
20240410;105550;161.8;10;10085309876;S
20240410;105552;161.8;50;10085309985;S
20240410;105553;161.78;50;10085310058;S
20240410;105553;161.76;50;10085310059;S
20240410;105553;161.76;20;10085310060;S
20240410;105553;161.74;50;10085310061;S
20240410;105553;161.72;3660;10085310062;S
20240410;105553;161.7;10;10085310063;S
20240410;105553;161.7;10;10085310064;S
20240410;105553;161.7;10;10085310065;S
20240410;105553;161.7;10;10085310066;S
20240410;105553;161.7;30;10085310067;S
20240410;105553;161.7;60;10085310068;S
20240410;105553;161.7;200;10085310069;S
20240410;105553;161.7;20;10085310070;S
20240410;105553;161.7;30;10085310071;S
20240410;105553;161.7;20;10085310072;S
20240410;105553;161.7;20;10085310073;S
20240410;105553;161.7;200;10085310074;S
20240410;105553;161.7;10;10085310075;S
20240410;105553;161.7;190;10085310076;S
20240410;105553;161.7;4500;10085310077;S
20240410;105553;161.68;200;10085310078;S
20240410;105553;161.68;650;10085310079;S
20240410;105554;161.7;10;10085310127;S
20240410;105554;161.76;150;10085310136;B
20240410;105554;161.76;870;10085310137;S
20240410;105556;161.74;50;10085310293;S
20240410;105556;161.72;50;10085310294;S
20240410;105556;161.7;10;10085310295;S
20240410;105556;161.7;10;10085310296;S
20240410;105556;161.7;10;10085310297;S
20240410;105556;161.7;10;10085310298;S
20240410;105556;161.7;30;10085310299;S
20240410;105556;161.7;20;10085310300;S
20240410;105556;161.7;30;10085310301;S
20240410;105556;161.7;20;10085310302;S
20240410;105556;161.7;20;10085310303;S
20240410;105556;161.7;60;10085310304;S
20240410;105556;161.68;10;10085310305;S
20240410;105556;161.66;170;10085310306;S
20240410;105558;161.72;50;10085310527;S
20240410;105558;161.74;10;10085310530;B
20240410;105602;161.76;50;10085311163;B
20240410;105602;161.78;150;10085311164;B
20240410;105602;161.72;20;10085311185;S
20240410;105602;161.78;10;10085311191;B
20240410;105605;161.78;140;10085311396;B
20240410;105607;161.78;500;10085311519;B
20240410;105608;161.78;40;10085311573;B
20240410;105608;161.78;1220;10085311574;B
20240410;105608;161.78;3750;10085311575;S
20240410;105609;161.8;10;10085311621;B
20240410;105613;161.8;300;10085311866;B
20240410;105614;161.78;40;10085311980;S
20240410;105615;161.8;20;10085311992;B
20240410;105616;161.8;150;10085312062;B
20240410;105616;161.8;470;10085312064;B
20240410;105616;161.8;20;10085312065;B
20240410;105616;161.78;50;10085312103;S
20240410;105617;161.78;130;10085312148;S
20240410;105618;161.8;30;10085312268;B
20240410;105624;161.82;10;10085312767;B
20240410;105624;161.8;50;10085312778;S
20240410;105624;161.8;150;10085312779;S
20240410;105625;161.8;60;10085312902;B
20240410;105626;161.8;10;10085312940;B
20240410;105626;161.8;10;10085312953;B
20240410;105626;161.8;40;10085312956;B
20240410;105627;161.8;100;10085312978;B
20240410;105627;161.8;300;10085312986;B
20240410;105627;161.8;40;10085312999;B
20240410;105627;161.8;400;10085313011;B
20240410;105628;161.8;40;10085313044;B
20240410;105628;161.8;10;10085313045;B
20240410;105628;161.8;200;10085313046;B
20240410;105628;161.82;150;10085313047;B
20240410;105628;161.84;150;10085313048;B
20240410;105628;161.84;150;10085313049;B
20240410;105628;161.84;10;10085313050;B
20240410;105628;161.84;1670;10085313051;B
20240410;105628;161.86;20;10085313052;B
20240410;105628;161.86;1220;10085313053;B
20240410;105628;161.86;220;10085313054;B
20240410;105628;161.88;3000;10085313055;B
20240410;105628;161.88;150;10085313056;B
20240410;105628;161.88;150;10085313057;B
20240410;105628;161.9;50;10085313058;B
20240410;105628;161.9;100;10085313059;B
20240410;105628;161.9;100;10085313060;B
20240410;105628;161.9;70;10085313061;B
20240410;105628;161.9;3500;10085313062;B
20240410;105628;161.9;10;10085313063;B
20240410;105628;161.9;3660;10085313064;B
20240410;105628;161.92;350;10085313065;B
20240410;105628;161.92;350;10085313066;B
20240410;105628;161.92;50;10085313067;B
20240410;105628;161.92;100;10085313068;B
20240410;105628;161.92;12850;10085313069;B
20240410;105628;161.94;90;10085313070;B
20240410;105628;161.94;10;10085313071;B
20240410;105628;161.94;10000;10085313072;B
20240410;105628;161.94;1000;10085313073;B
20240410;105628;161.94;10000;10085313074;B
20240410;105628;161.94;200;10085313075;B
20240410;105628;161.96;2000;10085313076;B
20240410;105628;161.96;20;10085313077;B
20240410;105628;161.96;10;10085313078;B
20240410;105628;161.96;50;10085313079;B
20240410;105628;161.96;10000;10085313080;B
20240410;105628;161.96;2060;10085313081;B
20240410;105628;161.96;1000;10085313083;B
20240410;105628;161.92;1000;10085313084;S
20240410;105630;161.96;1000;10085313252;B
20240410;105632;161.96;20;10085313515;S
20240410;105633;161.98;20;10085313644;B
20240410;105633;161.98;100;10085313645;B
20240410;105633;161.98;2000;10085313646;B
20240410;105633;161.98;10;10085313647;B
20240410;105633;161.98;10;10085313648;B
20240410;105633;161.98;4860;10085313649;B
20240410;105633;161.98;10;10085313660;B
20240410;105633;161.96;20;10085313667;S
20240410;105633;161.98;10;10085313674;B
20240410;105633;161.98;500;10085313779;B
20240410;105634;161.96;10;10085314019;S
20240410;105634;161.96;10;10085314020;S
20240410;105638;161.98;730;10085315026;B
20240410;105638;161.98;2500;10085315027;B
20240410;105638;161.98;10;10085315028;B
20240410;105638;161.98;10;10085315029;B
20240410;105638;162;10;10085315081;B
20240410;105638;162;10;10085315083;B
20240410;105638;162;10;10085315084;B
20240410;105638;162;10;10085315094;B
20240410;105639;162;60;10085315163;B
20240410;105639;162;940;10085315164;B
20240410;105639;162;200;10085315184;B
20240410;105639;162;6000;10085315193;B
20240410;105639;162;1700;10085315207;B
20240410;105639;162;250;10085315212;B
20240410;105639;162;50;10085315241;B
20240410;105639;162;10;10085315261;B
20240410;105640;162;1320;10085315288;B
20240410;105640;162;40;10085315289;B
20240410;105640;162;500;10085315290;B
20240410;105640;162;100;10085315291;B
20240410;105640;162;1000;10085315292;B
20240410;105640;162;1000;10085315293;B
20240410;105640;162;1000;10085315294;B
20240410;105640;162;10;10085315295;B
20240410;105640;162;30;10085315296;B
20240410;105640;162;40;10085315297;B
20240410;105640;162;10;10085315298;B
20240410;105640;162;50;10085315299;B
20240410;105640;162;200;10085315300;B
20240410;105640;162;10;10085315301;B
20240410;105640;162;100;10085315302;B
20240410;105640;162;10;10085315303;B
20240410;105640;162;2000;10085315304;B
20240410;105640;162;20;10085315305;B
20240410;105640;162;2000;10085315306;B
20240410;105640;162;100;10085315307;B
20240410;105640;162;40;10085315308;B
20240410;105640;162;410;10085315309;B
20240410;105640;162;10;10085315310;B
20240410;105640;162;10;10085315409;B
20240410;105641;162;300;10085315430;B
20240410;105641;162;10000;10085315478;B
20240410;105643;162;10;10085315622;B
20240410;105643;162;20;10085315631;B
20240410;105643;161.98;100;10085315646;S
20240410;105644;162;550;10085315755;B
20240410;105644;162;100;10085315778;B
20240410;105644;162;50;10085315806;B
20240410;105645;162;100;10085315875;B
20240410;105646;161.98;10;10085315937;S
20240410;105646;162;10;10085315946;B
20240410;105646;162;2210;10085315988;B
20240410;105646;162;50;10085316006;B
20240410;105646;162;1500;10085316044;B
20240410;105647;162;160;10085316132;B
20240410;105647;161.98;30;10085316135;S
20240410;105647;162;200;10085316157;B
20240410;105647;162;1000;10085316190;B
20240410;105647;162;20;10085316198;B
20240410;105647;162;30;10085316199;B
20240410;105648;161.98;50;10085316297;S
20240410;105648;161.98;10;10085316298;S
20240410;105648;161.98;10;10085316299;S
20240410;105648;161.98;10;10085316300;S
20240410;105648;161.98;20;10085316301;S
20240410;105649;162;5700;10085316331;B
20240410;105649;162;500;10085316371;B
20240410;105650;162;100;10085316448;B
20240410;105650;162;1000;10085316461;B
20240410;105650;162;3470;10085316474;B
20240410;105650;162.02;100;10085316475;B
20240410;105650;162.02;100;10085316476;B
20240410;105650;162.04;110;10085316477;B
20240410;105650;162.06;50;10085316480;B
20240410;105650;162.06;500;10085316481;B
20240410;105650;162.06;10;10085316482;B
20240410;105650;162.06;10;10085316483;B
20240410;105650;162.06;10;10085316484;B
20240410;105650;162.08;1220;10085316485;B
20240410;105650;162.1;50;10085316486;B
20240410;105650;162.1;150;10085316487;B
20240410;105650;162.08;10;10085316491;B
20240410;105650;162.08;1210;10085316492;B
20240410;105650;162.1;250;10085316493;B
20240410;105650;162.1;30;10085316494;B
20240410;105650;162.1;1000;10085316495;B
20240410;105650;162.1;1000;10085316496;B
20240410;105650;162.1;100;10085316497;B
20240410;105650;162.1;10;10085316498;B
20240410;105650;162.12;5000;10085316499;B
20240410;105650;162.14;100;10085316500;B
20240410;105650;162.14;20;10085316501;B
20240410;105650;162.14;110;10085316502;B
20240410;105650;162.14;1170;10085316503;B
20240410;105650;162.12;1220;10085316507;B
20240410;105650;162.14;630;10085316508;B
20240410;105650;162.14;660;10085316509;B
20240410;105650;162.14;130;10085316514;B
20240410;105650;162.14;1000;10085316515;B
20240410;105650;162.16;40;10085316516;B
20240410;105650;162.16;100;10085316517;B
20240410;105650;162.16;100;10085316518;B
20240410;105650;162.16;3770;10085316519;B
20240410;105650;162.16;410;10085316520;B
20240410;105650;162.18;100;10085316521;B
20240410;105650;162.18;500;10085316522;B
20240410;105650;162.18;100;10085316523;B
20240410;105650;162.18;400;10085316524;B
20240410;105650;162.18;20;10085316525;B
20240410;105650;162.18;500;10085316526;B
20240410;105650;162.18;100;10085316527;B
20240410;105650;162.2;10;10085316528;B
20240410;105650;162.2;200;10085316529;B
20240410;105650;162.2;100;10085316530;B
20240410;105650;162.2;60;10085316531;B
20240410;105650;162.14;50;10085316532;B
20240410;105650;162.14;50;10085316533;B
20240410;105650;162.14;10;10085316534;B
20240410;105650;162.14;1110;10085316535;B
20240410;105650;162.2;940;10085316536;B
20240410;105650;162.2;10;10085316537;B
20240410;105650;162.2;50;10085316538;B
20240410;105650;162.22;100;10085316539;B
20240410;105650;162.22;10;10085316540;B
20240410;105650;162.22;40;10085316541;B
20240410;105650;162.22;240;10085316542;B
20240410;105650;162.22;1250;10085316543;B
20240410;105650;162.22;280;10085316544;B
20240410;105650;162.24;10;10085316545;B
20240410;105650;162.24;10;10085316546;B
20240410;105650;162.24;20;10085316547;B
20240410;105650;162.24;400;10085316548;B
20240410;105650;162.24;110;10085316549;B
20240410;105650;162.24;1100;10085316550;B
20240410;105650;162.24;80;10085316551;B
20240410;105650;162.24;190;10085316552;B
20240410;105650;162.24;100;10085316553;B
20240410;105650;162.24;320;10085316556;B
20240410;105650;162.24;110;10085316557;B
20240410;105650;162.24;200;10085316558;B
20240410;105650;162.24;110;10085316559;B
20240410;105650;162.24;50;10085316560;B
20240410;105650;162.24;60;10085316561;B
20240410;105650;162.24;400;10085316562;B
20240410;105650;162.24;60;10085316563;B
20240410;105650;162.24;140;10085316564;B
20240410;105650;162.24;150;10085316565;B
20240410;105650;162.24;80;10085316566;B
20240410;105650;162.24;1000;10085316567;B
20240410;105650;162.26;50;10085316568;B
20240410;105650;162.26;10;10085316569;B
20240410;105650;162.28;1000;10085316570;B
20240410;105650;162.28;260;10085316571;B
20240410;105650;162.28;10;10085316572;B
20240410;105650;162.28;230;10085316573;B
20240410;105650;162.28;70;10085316574;B
20240410;105650;162.28;300;10085316575;B
20240410;105650;162.28;10;10085316576;B
20240410;105650;162.28;1000;10085316577;B
20240410;105650;162.28;150;10085316578;B
20240410;105650;162.28;50;10085316579;B
20240410;105650;162.28;20;10085316609;B
20240410;105650;162.28;10;10085316610;B
20240410;105650;162.22;30;10085316612;S
20240410;105650;162.28;20;10085316629;B
20240410;105651;162.28;10;10085316639;B
20240410;105651;162.28;190;10085316640;B
20240410;105651;162.28;600;10085316658;B
20240410;105651;162.26;10;10085316677;S
20240410;105651;162.28;30;10085316699;B
20240410;105651;162.28;1500;10085316700;B
20240410;105651;162.28;10;10085316701;B
20240410;105651;162.28;490;10085316702;B
20240410;105651;162.28;200;10085316711;B
20240410;105651;162.28;3000;10085316718;B
20240410;105652;162.28;1110;10085316773;B
20240410;105652;162.28;90;10085316774;B
20240410;105652;162.28;710;10085316775;B
20240410;105652;162.28;590;10085316776;B
20240410;105653;162.28;230;10085316796;B
20240410;105653;162.28;410;10085316857;B
20240410;105653;162.28;160;10085316861;B
20240410;105653;162.28;10;10085316862;B
20240410;105653;162.28;50;10085316867;B
20240410;105653;162.28;900;10085316918;B
20240410;105653;162.3;10;10085316919;B
20240410;105653;162.3;90;10085316920;B
20240410;105653;162.28;500;10085316942;B
20240410;105654;162.28;150;10085316972;B
20240410;105657;162.28;70;10085317234;B
20240410;105657;162.26;190;10085317307;S
20240410;105657;162.26;50;10085317308;S
20240410;105657;162.26;50;10085317309;S
20240410;105657;162.26;100;10085317310;S
20240410;105657;162.26;200;10085317311;S
20240410;105657;162.26;200;10085317312;S
20240410;105657;162.26;200;10085317313;S
20240410;105657;162.26;10;10085317314;S
20240410;105658;162.26;100;10085317415;S
20240410;105659;162.28;30;10085317463;B
20240410;105659;162.28;1530;10085317464;B
20240410;105659;162.28;1220;10085317465;B
20240410;105659;162.28;100;10085317466;B
20240410;105659;162.28;1000;10085317467;B
20240410;105659;162.28;100;10085317468;B
20240410;105659;162.28;100;10085317469;B
20240410;105659;162.28;820;10085317470;B
20240410;105659;162.26;60;10085317478;B
20240410;105659;162.24;100;10085317528;S
20240410;105659;162.24;10;10085317770;S
20240410;105700;162.24;10;10085317783;S
20240410;105700;162.24;10;10085317832;S
20240410;105701;162.24;370;10085317906;S
20240410;105701;162.24;50;10085317907;S
20240410;105701;162.24;100;10085317908;S
20240410;105701;162.24;680;10085317909;S
20240410;105701;162.24;500;10085317910;S
20240410;105701;162.22;3300;10085317911;S
20240410;105701;162.24;100;10085317933;B
20240410;105704;162.2;1220;10085318148;B
20240410;105705;162.22;10;10085318202;B
20240410;105705;162.2;80;10085318207;S
20240410;105705;162.22;10;10085318237;B
20240410;105706;162.22;50;10085318307;B
20240410;105706;162.22;10;10085318313;B
20240410;105706;162.2;50;10085318323;S
20240410;105707;162.22;10;10085318543;B
20240410;105707;162.2;140;10085318704;S
20240410;105707;162.2;140;10085318735;S
20240410;105708;162.22;10;10085318804;B
20240410;105708;162.22;100;10085318810;B
20240410;105708;162.2;10;10085318845;S
20240410;105708;162.2;200;10085318917;S
20240410;105708;162.2;10;10085318953;S
20240410;105708;162.2;100;10085318992;S
20240410;105709;162.22;800;10085319034;B
20240410;105709;162.22;50;10085319035;B
20240410;105709;162.22;10;10085319036;B
20240410;105709;162.22;820;10085319037;B
20240410;105709;162.22;10;10085319038;B
20240410;105709;162.22;10;10085319083;B
20240410;105709;162.22;160;10085319133;B
20240410;105709;162.22;30;10085319134;B
20240410;105709;162.22;680;10085319135;B
20240410;105709;162.22;1220;10085319136;B
20240410;105709;162.22;10;10085319137;B
20240410;105709;162.22;10;10085319138;B
20240410;105709;162.22;10;10085319139;B
20240410;105709;162.24;150;10085319140;B
20240410;105709;162.24;670;10085319141;B
20240410;105709;162.24;100;10085319142;B
20240410;105709;162.24;500;10085319143;B
20240410;105709;162.24;30;10085319144;B
20240410;105709;162.24;460;10085319145;B
20240410;105709;162.24;100;10085319146;B
20240410;105709;162.26;190;10085319147;B
20240410;105709;162.26;10;10085319148;B
20240410;105709;162.26;1120;10085319149;B
20240410;105709;162.26;30;10085319150;B
20240410;105709;162.26;470;10085319151;B
20240410;105709;162.28;10;10085319152;B
20240410;105709;162.28;730;10085319153;B
20240410;105709;162.28;100;10085319154;B
20240410;105709;162.28;840;10085319155;B
20240410;105709;162.28;990;10085319156;B
20240410;105709;162.2;40;10085319268;S
20240410;105709;162.2;550;10085319269;S
20240410;105709;162.26;1000;10085319313;B
20240410;105710;162.26;1530;10085319418;B
20240410;105710;162.26;470;10085319419;B
20240410;105710;162.26;120;10085319420;B
20240410;105710;162.26;1220;10085319421;B
20240410;105710;162.26;1530;10085319422;B
20240410;105710;162.28;970;10085319423;B
20240410;105710;162.28;470;10085319424;B
20240410;105710;162.28;1000;10085319425;B
20240410;105710;162.3;690;10085319426;B
20240410;105710;162.28;10;10085319506;B
20240410;105710;162.28;50;10085319512;B
20240410;105710;162.26;40;10085319513;S
20240410;105711;162.28;10;10085319587;B
20240410;105711;162.28;10;10085319588;B
20240410;105711;162.28;10;10085319590;B
20240410;105711;162.28;760;10085319591;B
20240410;105711;162.28;100;10085319592;B
20240410;105711;162.28;1000;10085319593;B
20240410;105712;162.28;950;10085319652;B
20240410;105712;162.28;150;10085319791;B
20240410;105713;162.26;10;10085319810;S
20240410;105713;162.28;10;10085319920;B
20240410;105714;162.28;10;10085319944;B
20240410;105715;162.26;10;10085320161;S
20240410;105715;162.26;40;10085320170;S
20240410;105715;162.26;10;10085320171;S
20240410;105715;162.28;10;10085320235;B
20240410;105716;162.28;460;10085320449;B
20240410;105716;162.28;10;10085320450;B
20240410;105716;162.3;30;10085320451;B
20240410;105716;162.3;10;10085320452;B
20240410;105716;162.3;400;10085320580;B
20240410;105716;162.26;350;10085320596;S
20240410;105716;162.3;10;10085320597;B
20240410;105716;162.3;10;10085320608;B
20240410;105719;162.3;10;10085320946;B
20240410;105719;162.3;1730;10085320950;B
20240410;105719;162.3;10;10085320951;B
20240410;105719;162.3;10;10085320952;B
20240410;105719;162.3;20;10085320953;B
20240410;105719;162.3;620;10085320954;B
20240410;105719;162.3;1530;10085320955;B
20240410;105719;162.32;110;10085320956;B
20240410;105719;162.32;1240;10085320957;B
20240410;105719;162.3;110;10085320997;B
20240410;105719;162.28;10;10085321062;S
20240410;105720;162.3;10;10085321099;B
20240410;105720;162.3;30;10085321117;B
20240410;105720;162.3;110;10085321118;B
20240410;105720;162.32;10;10085321119;B
20240410;105720;162.32;10;10085321142;B
20240410;105721;162.32;150;10085321226;B
20240410;105722;162.3;10;10085321293;S
20240410;105722;162.32;2040;10085321317;B
20240410;105722;162.32;310;10085321318;B
20240410;105723;162.32;50;10085321528;B
20240410;105723;162.3;100;10085321591;S
20240410;105723;162.32;10;10085321592;B
20240410;105724;162.32;620;10085321632;B
20240410;105724;162.32;10;10085321662;B
20240410;105724;162.32;10;10085321686;B
20240410;105724;162.32;10;10085321688;B
20240410;105725;162.32;1000;10085321695;B
20240410;105725;162.32;30;10085321844;B
20240410;105725;162.32;10;10085321870;B
20240410;105725;162.3;500;10085322033;S
20240410;105725;162.3;250;10085322036;S
20240410;105725;162.3;250;10085322037;S
20240410;105725;162.3;500;10085322038;S
20240410;105725;162.3;250;10085322039;S
20240410;105725;162.3;250;10085322040;B
20240410;105726;162.3;920;10085322044;B
20240410;105726;162.3;500;10085322045;B
20240410;105726;162.32;1110;10085322046;B
20240410;105726;162.32;3190;10085322047;B
20240410;105726;162.32;100;10085322048;B
20240410;105726;162.32;710;10085322049;B
20240410;105726;162.32;20;10085322050;B
20240410;105726;162.32;450;10085322051;B
20240410;105726;162.32;10;10085322052;B
20240410;105726;162.32;1000;10085322053;B
20240410;105726;162.32;490;10085322054;S
20240410;105726;162.3;10;10085322055;S
20240410;105726;162.3;190;10085322056;S
20240410;105726;162.3;310;10085322158;B
20240410;105726;162.3;300;10085322159;B
20240410;105726;162.32;1220;10085322160;B
20240410;105726;162.32;10;10085322161;B
20240410;105726;162.32;70;10085322162;B
20240410;105726;162.34;20;10085322163;B
20240410;105726;162.34;10;10085322164;B
20240410;105726;162.34;60;10085322165;B
20240410;105726;162.32;190;10085322194;B
20240410;105726;162.32;100;10085322195;B
20240410;105726;162.34;40;10085322196;B
20240410;105726;162.34;1190;10085322197;B
20240410;105726;162.34;1220;10085322198;B
20240410;105726;162.36;100;10085322199;B
20240410;105726;162.36;1660;10085322200;B
20240410;105726;162.38;150;10085322201;B
20240410;105726;162.38;20;10085322202;B
20240410;105726;162.38;20;10085322203;B
20240410;105726;162.38;500;10085322204;B
20240410;105726;162.38;100;10085322205;B
20240410;105726;162.38;20;10085322206;B
20240410;105726;162.38;2140;10085322207;B
20240410;105726;162.38;100;10085322208;B
20240410;105726;162.38;610;10085322209;B
20240410;105726;162.4;10;10085322256;B
20240410;105726;162.4;390;10085322257;B
20240410;105727;162.38;500;10085322309;B
20240410;105727;162.4;1310;10085322310;B
20240410;105727;162.4;10;10085322311;B
20240410;105727;162.4;10;10085322312;B
20240410;105727;162.4;30;10085322313;B
20240410;105727;162.4;640;10085322314;B
20240410;105727;162.38;10;10085322315;B
20240410;105727;162.32;40;10085322329;B
20240410;105727;162.38;490;10085322380;B
20240410;105727;162.38;750;10085322381;B
20240410;105727;162.4;160;10085322382;B
20240410;105727;162.4;200;10085322383;B
20240410;105727;162.4;50;10085322384;B
20240410;105727;162.4;10;10085322385;B
20240410;105727;162.4;1420;10085322386;B
20240410;105727;162.38;500;10085322415;B
20240410;105727;162.4;780;10085322416;B
20240410;105727;162.4;10;10085322417;B
20240410;105727;162.4;5000;10085322418;B
20240410;105727;162.4;20;10085322419;B
20240410;105727;162.4;1250;10085322420;B
20240410;105727;162.42;1000;10085322421;B
20240410;105727;162.42;50;10085322422;B
20240410;105727;162.42;750;10085322423;B
20240410;105727;162.38;500;10085322426;B
20240410;105728;162.42;1010;10085322500;B
20240410;105728;162.42;500;10085322501;B
20240410;105728;162.42;1220;10085322502;B
20240410;105728;162.44;10;10085322503;B
20240410;105728;162.44;40;10085322504;B
20240410;105728;162.44;40;10085322505;B
20240410;105728;162.44;20;10085322506;B
20240410;105728;162.44;100;10085322507;B
20240410;105728;162.44;50;10085322508;B
20240410;105728;162.44;10;10085322509;B
20240410;105728;162.44;2260;10085322510;B
20240410;105728;162.44;1400;10085322511;B
20240410;105728;162.44;2400;10085322512;B
20240410;105728;162.46;10;10085322513;B
20240410;105728;162.46;1000;10085322514;B
20240410;105728;162.46;1000;10085322515;B
20240410;105728;162.46;2760;10085322516;B
20240410;105728;162.46;390;10085322517;B
20240410;105728;162.46;1600;10085322518;B
20240410;105728;162.48;290;10085322519;B
20240410;105728;162.48;100;10085322520;B
20240410;105728;162.48;20;10085322521;B
20240410;105728;162.48;150;10085322522;B
20240410;105728;162.48;500;10085322523;B
20240410;105728;162.48;10;10085322524;B
20240410;105728;162.5;200;10085322525;B
20240410;105728;162.5;20;10085322526;B
20240410;105728;162.5;20;10085322527;B
20240410;105728;162.5;10;10085322528;B
20240410;105728;162.5;200;10085322529;B
20240410;105728;162.5;100;10085322530;B
20240410;105728;162.5;10;10085322531;B
20240410;105728;162.5;8000;10085322532;B
20240410;105728;162.5;70;10085322533;B
20240410;105728;162.5;10;10085322534;B
20240410;105728;162.5;10;10085322535;B
20240410;105728;162.5;100;10085322536;B
20240410;105728;162.5;150;10085322537;B
20240410;105728;162.5;5000;10085322538;B
20240410;105728;162.5;10;10085322539;B
20240410;105728;162.5;10;10085322540;B
20240410;105728;162.5;100;10085322541;B
20240410;105728;162.5;10;10085322542;B
20240410;105728;162.5;4000;10085322543;B
20240410;105728;162.5;10000;10085322544;B
20240410;105728;162.5;500;10085322545;S
20240410;105728;162.52;100;10085322546;B
20240410;105728;162.52;100;10085322547;B
20240410;105728;162.5;200;10085322548;S
20240410;105728;162.5;500;10085322549;S
20240410;105728;162.5;500;10085322550;S
20240410;105728;162.5;500;10085322551;S
20240410;105728;162.52;500;10085322554;B
20240410;105728;162.5;100;10085322568;S
20240410;105728;162.52;500;10085322569;B
20240410;105728;162.52;10;10085322570;B
20240410;105728;162.52;90;10085322572;B
20240410;105728;162.54;10;10085322573;B
20240410;105728;162.54;150;10085322574;B
20240410;105728;162.54;40;10085322578;B
20240410;105729;162.5;310;10085322627;S
20240410;105729;162.54;1530;10085322629;B
20240410;105729;162.56;400;10085322630;B
20240410;105729;162.58;70;10085322631;B
20240410;105729;162.58;70;10085322636;B
20240410;105729;162.58;260;10085322640;B
20240410;105729;162.58;50;10085322641;B
20240410;105729;162.58;110;10085322642;B
20240410;105729;162.58;100;10085322654;B
20240410;105729;162.58;100;10085322655;B
20240410;105729;162.58;10;10085322656;B
20240410;105729;162.58;200;10085322670;B
20240410;105729;162.58;90;10085322680;B
20240410;105729;162.58;20;10085322681;B
20240410;105729;162.6;90;10085322686;B
20240410;105729;162.6;1760;10085322687;B
20240410;105730;162.58;70;10085322694;B
20240410;105730;162.58;60;10085322695;B
20240410;105730;162.56;10;10085322720;S
20240410;105730;162.58;1000;10085322730;B
20240410;105730;162.58;1220;10085322740;B
20240410;105730;162.6;700;10085322741;B
20240410;105730;162.56;100;10085322803;S
20240410;105731;162.58;260;10085322840;B
20240410;105731;162.6;240;10085322841;B
20240410;105731;162.58;100;10085322874;B
20240410;105731;162.6;10;10085322945;B
20240410;105731;162.6;10;10085322946;B
20240410;105731;162.6;10;10085322947;B
20240410;105731;162.6;10;10085322948;B
20240410;105731;162.6;100;10085322951;B
20240410;105731;162.6;1000;10085322952;B
20240410;105733;162.58;100;10085323038;S
20240410;105733;162.6;10;10085323057;B
20240410;105734;162.56;10;10085323187;S
20240410;105734;162.58;10;10085323259;B
20240410;105735;162.56;10;10085323279;S
20240410;105735;162.58;10;10085323302;B
20240410;105735;162.58;460;10085323310;B
20240410;105736;162.58;10;10085323384;B
20240410;105736;162.6;60;10085323385;B
20240410;105736;162.6;10;10085323406;B
20240410;105737;162.58;10;10085323470;B
20240410;105737;162.58;490;10085323471;B
20240410;105737;162.58;10;10085323479;B
20240410;105737;162.58;250;10085323485;B
20240410;105737;162.58;250;10085323491;B
20240410;105737;162.58;650;10085323492;B
20240410;105737;162.58;10;10085323493;B
20240410;105737;162.6;150;10085323494;B
20240410;105737;162.6;10;10085323495;B
20240410;105737;162.6;10;10085323496;B
20240410;105737;162.6;700;10085323497;B
20240410;105737;162.6;220;10085323498;B
20240410;105738;162.6;60;10085323509;B
20240410;105738;162.56;80;10085323513;S
20240410;105738;162.56;200;10085323514;S
20240410;105738;162.56;10;10085323515;S
20240410;105738;162.54;1090;10085323516;S
20240410;105738;162.52;200;10085323517;S
20240410;105738;162.52;380;10085323518;S
20240410;105738;162.58;200;10085323519;B
20240410;105738;162.58;1010;10085323520;B
20240410;105739;162.58;1530;10085323606;B
20240410;105739;162.58;10;10085323607;B
20240410;105739;162.6;940;10085323608;B
20240410;105739;162.6;300;10085323609;B
20240410;105739;162.6;230;10085323610;B
20240410;105740;162.6;100;10085323689;B
20240410;105740;162.56;50;10085323760;S
20240410;105741;162.6;60;10085323784;B
20240410;105741;162.6;10;10085323785;B
20240410;105741;162.6;430;10085323786;B
20240410;105741;162.6;100;10085323798;B
20240410;105742;162.58;10;10085323996;B
20240410;105742;162.58;40;10085323997;B
20240410;105742;162.58;40;10085323999;B
20240410;105743;162.56;20;10085324039;S
20240410;105744;162.56;90;10085324109;S
20240410;105744;162.56;10;10085324110;S
20240410;105744;162.56;500;10085324111;S
20240410;105744;162.54;10;10085324113;S
20240410;105744;162.56;20;10085324166;B
20240410;105744;162.56;1000;10085324170;B
20240410;105745;162.56;980;10085324195;B
20240410;105745;162.56;10;10085324324;B
20240410;105746;162.54;240;10085324338;S
20240410;105746;162.52;2060;10085324339;S
20240410;105746;162.52;200;10085324340;S
20240410;105746;162.52;100;10085324341;S
20240410;105746;162.52;10;10085324342;S
20240410;105746;162.52;530;10085324343;S
20240410;105746;162.5;6860;10085324344;S
20240410;105748;162.52;50;10085324684;B
20240410;105748;162.52;830;10085324685;B
20240410;105748;162.52;200;10085324686;B
20240410;105748;162.52;970;10085324687;B
20240410;105748;162.54;200;10085324688;B
20240410;105748;162.54;1230;10085324689;B
20240410;105748;162.54;20;10085324692;B
20240410;105748;162.5;50;10085324698;S
20240410;105749;162.54;10;10085324765;B
20240410;105749;162.54;130;10085324805;B
20240410;105749;162.54;370;10085324806;B
20240410;105749;162.54;1160;10085324807;B
20240410;105749;162.54;260;10085324808;B
20240410;105749;162.56;1640;10085324809;B
20240410;105751;162.54;100;10085325154;B
20240410;105752;162.54;330;10085325260;B
20240410;105752;162.54;120;10085325356;B
20240410;105752;162.54;100;10085325357;B
20240410;105753;162.52;10;10085325402;S
20240410;105753;162.54;500;10085325475;B
20240410;105753;162.52;190;10085325501;S
20240410;105753;162.5;60;10085325502;S
20240410;105754;162.54;40;10085325557;B
20240410;105754;162.54;50;10085325570;B
20240410;105755;162.52;50;10085325746;S
20240410;105756;162.52;250;10085325902;S
20240410;105756;162.52;250;10085325903;S
20240410;105756;162.52;40;10085325919;S
20240410;105756;162.5;500;10085325920;S
20240410;105756;162.5;4460;10085325921;S
20240410;105757;162.52;1000;10085326031;B
20240410;105757;162.52;20;10085326047;B
20240410;105757;162.5;10000;10085326095;S
20240410;105757;162.52;200;10085326114;B
20240410;105757;162.5;100;10085326145;S
20240410;105758;162.52;310;10085326284;B
20240410;105758;162.5;400;10085326687;S
20240410;105758;162.52;10;10085326688;B
20240410;105759;162.5;500;10085326738;S
20240410;105759;162.52;10;10085326798;B
20240410;105759;162.5;150;10085326846;S
20240410;105759;162.5;70;10085326910;S
20240410;105759;162.52;150;10085326917;B
20240410;105759;162.5;70;10085326943;S
20240410;105759;162.5;300;10085326957;S
20240410;105759;162.5;80;10085326992;S
20240410;105759;162.5;70;10085327044;S
20240410;105759;162.52;10;10085327068;B
20240410;105800;162.5;3800;10085327211;S
20240410;105800;162.5;800;10085327212;S
20240410;105800;162.5;50;10085327213;S
20240410;105800;162.5;100;10085327214;S
20240410;105800;162.5;150;10085327215;S
20240410;105800;162.5;10;10085327216;S
20240410;105801;162.48;150;10085327411;B
20240410;105801;162.48;50;10085327413;B
20240410;105801;162.48;100;10085327527;B
20240410;105801;162.48;1230;10085327567;B
20240410;105801;162.48;40;10085327568;B
20240410;105801;162.48;40;10085327569;B
20240410;105801;162.48;440;10085327570;B
20240410;105801;162.5;250;10085327571;B
20240410;105802;162.4;60;10085327657;S
20240410;105802;162.4;100;10085327661;S
20240410;105802;162.4;10;10085327665;S
20240410;105802;162.46;10;10085327693;B
20240410;105802;162.46;190;10085327719;B
20240410;105802;162.46;290;10085327720;B
20240410;105804;162.4;10;10085327902;S
20240410;105804;162.4;190;10085327918;S
20240410;105804;162.36;60;10085327919;S
20240410;105804;162.36;10000;10085327920;S
20240410;105804;162.34;1000;10085327921;S
20240410;105804;162.34;5110;10085327922;S
20240410;105804;162.42;10;10085327928;B
20240410;105805;162.4;10;10085327988;S
20240410;105805;162.4;40;10085328011;B
20240410;105805;162.42;160;10085328012;B
20240410;105805;162.34;200;10085328054;S
20240410;105805;162.34;300;10085328055;S
20240410;105806;162.42;40;10085328119;B
20240410;105806;162.42;110;10085328120;B
20240410;105807;162.42;50;10085328170;B
20240410;105807;162.34;10;10085328171;S
20240410;105807;162.42;20;10085328173;B
20240410;105807;162.42;140;10085328352;B
20240410;105807;162.42;940;10085328353;B
20240410;105807;162.44;10;10085328354;B
20240410;105807;162.44;1530;10085328355;B
20240410;105807;162.44;1010;10085328356;B
20240410;105807;162.44;1560;10085328357;B
20240410;105807;162.46;1510;10085328358;B
20240410;105807;162.46;920;10085328359;B
20240410;105807;162.46;250;10085328360;B
20240410;105807;162.46;1270;10085328361;B
20240410;105807;162.48;1540;10085328362;B
20240410;105807;162.48;310;10085328363;B
20240410;105807;162.48;1280;10085328364;B
20240410;105807;162.5;1480;10085328365;B
20240410;105807;162.5;300;10085328366;B
20240410;105807;162.5;2160;10085328367;B
20240410;105807;162.5;210;10085328368;B
20240410;105807;162.5;2470;10085328369;B
20240410;105807;162.5;800;10085328370;B
20240410;105807;162.5;1290;10085328371;B
20240410;105807;162.52;2780;10085328372;B
20240410;105809;162.54;500;10085328646;B
20240410;105809;162.54;50;10085328647;B
20240410;105809;162.54;450;10085328648;B
20240410;105809;162.54;1000;10085328670;B
20240410;105809;162.52;10;10085328753;S
20240410;105809;162.52;110;10085328785;S
20240410;105809;162.52;5000;10085328824;S
20240410;105809;162.52;40;10085328866;S
20240410;105810;162.52;10;10085328945;S
20240410;105810;162.54;370;10085329125;B
20240410;105811;162.54;10;10085329202;B
20240410;105811;162.54;100;10085329217;B
20240410;105812;162.54;50;10085329334;B
20240410;105812;162.52;210;10085329344;S
20240410;105812;162.52;1500;10085329389;S
20240410;105813;162.54;10;10085329476;B
20240410;105815;162.54;1000;10085329775;B
20240410;105815;162.54;1000;10085329872;B
20240410;105815;162.54;560;10085329960;B
20240410;105816;162.54;510;10085330077;B
20240410;105816;162.54;40;10085330078;B
20240410;105816;162.54;10;10085330079;B
20240410;105816;162.54;50;10085330080;B
20240410;105816;162.52;100;10085330110;S
20240410;105816;162.54;70;10085330168;B
20240410;105817;162.54;20;10085330181;B
20240410;105817;162.54;1390;10085330202;B
20240410;105817;162.54;1180;10085330203;S
20240410;105817;162.54;1820;10085330204;B
20240410;105817;162.54;180;10085330205;B
20240410;105817;162.52;140;10085330218;S
20240410;105817;162.54;10;10085330226;B
20240410;105817;162.52;7880;10085330286;S
20240410;105817;162.54;420;10085330295;B
20240410;105818;162.54;920;10085330360;B
20240410;105818;162.54;1080;10085330361;B
20240410;105818;162.54;80;10085330397;B
20240410;105818;162.54;350;10085330398;B
20240410;105818;162.52;40;10085330425;S
20240410;105818;162.54;20;10085330438;B
20240410;105818;162.52;1000;10085330531;S
20240410;105818;162.54;480;10085330532;B
20240410;105818;162.54;10;10085330533;B
20240410;105819;162.54;990;10085330655;B
20240410;105819;162.54;1340;10085330656;B
20240410;105819;162.52;20;10085330686;S
20240410;105820;162.54;10;10085330775;B
20240410;105821;162.52;180;10085331019;S
20240410;105821;162.52;320;10085331020;S
20240410;105821;162.52;100;10085331080;S
20240410;105821;162.52;150;10085331137;S
20240410;105821;162.52;2430;10085331138;S
20240410;105821;162.52;40;10085331139;S
20240410;105821;162.52;10;10085331140;S
20240410;105822;162.52;100;10085331355;B
20240410;105823;162.52;10;10085331374;B
20240410;105823;162.52;10;10085331488;B
20240410;105823;162.52;70;10085331577;B
20240410;105824;162.52;100;10085331611;B
20240410;105824;162.5;200;10085331670;S
20240410;105825;162.52;10;10085331715;B
20240410;105825;162.5;100;10085331742;S
20240410;105825;162.52;160;10085331787;B
20240410;105826;162.5;200;10085331808;S
20240410;105826;162.5;10;10085331809;S
20240410;105826;162.5;10;10085331810;S
20240410;105826;162.5;20;10085331811;S
20240410;105826;162.5;10;10085331812;S
20240410;105826;162.48;200;10085331838;B
20240410;105826;162.48;300;10085331839;B
20240410;105826;162.46;190;10085331845;B
20240410;105826;162.48;810;10085331846;B
20240410;105826;162.48;610;10085331876;B
20240410;105826;162.48;60;10085331925;B
20240410;105828;162.42;780;10085332115;S
20240410;105828;162.42;20;10085332116;S
20240410;105828;162.4;240;10085332117;S
20240410;105828;162.38;200;10085332118;S
20240410;105828;162.36;80;10085332119;S
20240410;105828;162.44;10;10085332190;B
20240410;105828;162.44;140;10085332191;B
20240410;105830;162.36;200;10085332401;S
20240410;105830;162.42;10;10085332441;B
20240410;105830;162.44;60;10085332442;B
20240410;105833;162.36;10;10085332726;S
20240410;105834;162.4;30;10085332941;B
20240410;105836;162.4;10;10085333306;B
20240410;105836;162.4;70;10085333307;B
20240410;105836;162.4;20;10085333316;B
20240410;105836;162.32;30;10085333331;S
20240410;105836;162.32;1270;10085333332;S
20240410;105837;162.4;10;10085333490;B
20240410;105837;162.4;10;10085333531;B
20240410;105838;162.4;20;10085333628;B
20240410;105839;162.4;150;10085333682;B
20240410;105842;162.4;670;10085333966;B
20240410;105842;162.4;40;10085333967;B
20240410;105842;162.4;290;10085333968;B
20240410;105842;162.4;10;10085334067;B
20240410;105844;162.4;50;10085334400;B
20240410;105844;162.4;250;10085334401;B
20240410;105844;162.4;20;10085334474;B
20240410;105845;162.4;500;10085334533;B
20240410;105845;162.38;20;10085334562;S
20240410;105845;162.36;10;10085334622;S
20240410;105845;162.38;50;10085334700;B
20240410;105846;162.34;10;10085334907;S
20240410;105846;162.36;10;10085334965;B
20240410;105846;162.34;2000;10085335126;B
20240410;105846;162.32;710;10085335127;S
20240410;105847;162.32;670;10085335351;S
20240410;105847;162.36;20;10085335404;B
20240410;105847;162.32;790;10085335423;S
20240410;105847;162.36;300;10085335514;B
20240410;105848;162.32;1290;10085335669;S
20240410;105848;162.36;10;10085335765;B
20240410;105850;162.32;10;10085336018;S
20240410;105850;162.32;10;10085336081;S
20240410;105851;162.36;20;10085336336;B
20240410;105851;162.36;40;10085336401;B
20240410;105853;162.34;200;10085336772;S
20240410;105853;162.32;5250;10085336773;S
20240410;105853;162.32;10;10085336774;S
20240410;105853;162.32;200;10085336775;S
20240410;105853;162.32;200;10085336776;S
20240410;105853;162.3;10;10085336777;S
20240410;105853;162.3;10;10085336778;S
20240410;105853;162.28;150;10085336779;S
20240410;105853;162.28;10;10085336780;S
20240410;105853;162.28;2230;10085336781;B
20240410;105854;162.34;30;10085336940;B
20240410;105854;162.34;320;10085336947;B
20240410;105854;162.34;190;10085336948;B
20240410;105854;162.34;450;10085336949;B
20240410;105854;162.34;40;10085336950;B
20240410;105857;162.32;20;10085337544;B
20240410;105859;162.32;10;10085337831;B
20240410;105900;162.26;10;10085337846;S
20240410;105900;162.32;70;10085337851;B
20240410;105900;162.32;30;10085337852;B
20240410;105900;162.32;10;10085337853;B
20240410;105900;162.32;10;10085337886;B
20240410;105900;162.32;250;10085337915;B
20240410;105902;162.32;40;10085338179;B
20240410;105903;162.32;180;10085338450;B
20240410;105905;162.32;10;10085338627;B
20240410;105911;162.26;100;10085339264;S
20240410;105911;162.32;190;10085339277;B
20240410;105911;162.32;60;10085339278;B
20240410;105911;162.32;1000;10085339279;B
20240410;105911;162.32;500;10085339280;B
20240410;105911;162.32;100;10085339281;B
20240410;105911;162.32;10;10085339282;B
20240410;105911;162.34;170;10085339283;B
20240410;105911;162.34;1430;10085339284;B
20240410;105911;162.34;500;10085339285;B
20240410;105911;162.34;1100;10085339286;B
20240410;105911;162.36;440;10085339287;B
20240410;105911;162.36;500;10085339288;B
20240410;105911;162.36;850;10085339289;B
20240410;105911;162.38;1000;10085339290;B
20240410;105911;162.38;1300;10085339291;B
20240410;105911;162.38;680;10085339292;B
20240410;105911;162.4;170;10085339293;B
20240410;105914;162.38;10;10085339791;B
20240410;105916;162.32;50;10085340201;S
20240410;105917;162.38;610;10085340226;B
20240410;105917;162.38;10;10085340227;B
20240410;105917;162.38;590;10085340228;B
20240410;105918;162.38;40;10085340405;B
20240410;105919;162.34;50;10085340488;S
20240410;105919;162.32;450;10085340489;S
20240410;105919;162.32;660;10085340490;B
20240410;105919;162.3;190;10085340536;S
20240410;105919;162.3;310;10085340537;S
20240410;105921;162.36;20;10085340908;B
20240410;105922;162.36;10;10085341083;B
20240410;105925;162.34;10;10085341574;S
20240410;105925;162.36;60;10085341580;B
20240410;105927;162.36;90;10085341879;B
20240410;105927;162.32;50;10085341954;S
20240410;105930;162.32;450;10085342304;S
20240410;105930;162.3;10;10085342305;S
20240410;105930;162.3;140;10085342306;S
20240410;105930;162.3;50;10085342408;S
20240410;105930;162.3;250;10085342409;S
20240410;105932;162.36;10;10085342700;B
20240410;105932;162.36;10;10085342701;B
20240410;105932;162.36;10;10085342710;B
20240410;105935;162.3;200;10085343013;S
20240410;105936;162.32;50;10085343122;B
20240410;105938;162.36;100;10085343273;B
20240410;105942;162.32;40;10085343725;S
20240410;105942;162.32;540;10085343726;S
20240410;105942;162.3;350;10085343727;S
20240410;105942;162.34;10;10085343766;B
20240410;105943;162.34;750;10085343810;B
20240410;105943;162.34;250;10085343811;B
20240410;105946;162.32;200;10085344135;B
20240410;105948;162.32;100;10085344310;B
20240410;105948;162.3;3700;10085344366;S
20240410;105948;162.3;10;10085344367;S
20240410;105948;162.3;780;10085344368;B
20240410;105949;162.28;200;10085344473;S
20240410;105950;162.28;250;10085344549;S
20240410;105951;162.28;200;10085344597;S
20240410;105955;162.26;90;10085345053;S
20240410;105955;162.26;200;10085345054;S
20240410;105955;162.26;10;10085345055;S
20240410;105955;162.26;10;10085345056;S
20240410;105955;162.24;1350;10085345057;S
20240410;105955;162.22;100;10085345058;S
20240410;105955;162.22;160;10085345059;S
20240410;105955;162.2;1000;10085345060;S
20240410;105955;162.2;50;10085345061;S
20240410;105955;162.2;100;10085345062;S
20240410;105955;162.2;50;10085345063;S
20240410;105955;162.2;1000;10085345064;S
20240410;105955;162.2;500;10085345065;S
20240410;105955;162.2;3580;10085345066;S
20240410;105955;162.2;3660;10085345067;S
20240410;105955;162.2;490;10085345068;B
20240410;105956;162.28;170;10085345140;B
20240410;105956;162.28;330;10085345141;B
20240410;105957;162.22;10;10085345283;B
20240410;105957;162.18;10;10085345344;S
20240410;105957;162.18;50;10085345345;S
20240410;105957;162.18;30;10085345346;S
20240410;105957;162.16;50;10085345347;S
20240410;105958;162.14;50;10085345462;S
20240410;105958;162.14;170;10085345463;S
20240410;105958;162.14;1200;10085345464;S
20240410;105958;162.12;50;10085345465;S
20240410;105958;162.1;90;10085345466;S
20240410;105958;162.12;10;10085345504;B
20240410;105958;162.14;990;10085345505;B
20240410;105958;162.1;100;10085345512;S
20240410;105959;162.1;310;10085345521;S
20240410;105959;162.1;100;10085345522;S
20240410;105959;162.1;590;10085345523;S
20240410;105959;162.1;50;10085345527;S
20240410;105959;162.1;100;10085345545;S
20240410;105959;162.1;100;10085345592;S
20240410;110000;162.1;140;10085345622;S
20240410;110000;162.14;80;10085345770;B
20240410;110000;162.1;10;10085345804;S
20240410;110001;162.14;10;10085345900;B
20240410;110002;162.14;200;10085345977;B
20240410;110002;162.1;140;10085345978;S
20240410;110003;162.1;440;10085346092;S
20240410;110003;162.1;440;10085346094;S
20240410;110004;162.1;60;10085346287;S
20240410;110004;162.12;50;10085346289;B
20240410;110004;162.14;50;10085346290;B
20240410;110005;162.14;50;10085346561;B
20240410;110007;162.12;10;10085347011;B
20240410;110008;162.12;10;10085347054;B
20240410;110008;162.12;10;10085347075;B
20240410;110009;162.12;10;10085347263;B
20240410;110010;162.1;180;10085347447;S
20240410;110011;162.1;500;10085347542;S
20240410;110011;162.1;290;10085347620;S
20240410;110012;162.12;10;10085347836;B
20240410;110013;162.12;120;10085347968;B
20240410;110013;162.12;40;10085348002;B
20240410;110014;162.12;370;10085348211;B
20240410;110014;162.12;430;10085348212;B
20240410;110014;162.12;30;10085348213;B
20240410;110014;162.12;290;10085348214;B
20240410;110014;162.12;10;10085348215;B
20240410;110014;162.14;3350;10085348216;B
20240410;110015;162.12;50;10085348360;B
20240410;110015;162.14;20;10085348361;B
20240410;110015;162.14;160;10085348362;B
20240410;110015;162.14;600;10085348363;B
20240410;110015;162.14;320;10085348364;B
20240410;110015;162.16;1000;10085348365;B
20240410;110015;162.16;290;10085348366;B
20240410;110015;162.18;1400;10085348367;B
20240410;110015;162.18;260;10085348368;B
20240410;110015;162.18;650;10085348369;B
20240410;110015;162.2;1750;10085348370;B
20240410;110016;162.1;960;10085348468;S
20240410;110016;162.1;200;10085348469;S
20240410;110016;162.1;50;10085348470;S
20240410;110016;162.1;290;10085348471;B
20240410;110016;162.08;200;10085348474;S
20240410;110016;162.08;150;10085348475;S
20240410;110016;162.06;100;10085348476;S
20240410;110016;162.06;200;10085348477;S
20240410;110016;162.16;10;10085348481;B
20240410;110016;162.16;10;10085348521;B
20240410;110019;162.16;100;10085349084;B
20240410;110020;162.12;4390;10085349416;S
20240410;110020;162.04;130;10085349417;S
20240410;110020;162.04;200;10085349418;S
20240410;110020;162.04;10;10085349419;S
20240410;110020;162.04;10;10085349420;S
20240410;110020;162.04;150;10085349421;S
20240410;110020;162.04;30;10085349422;S
20240410;110020;162.04;1360;10085349423;S
20240410;110020;162.02;100;10085349424;S
20240410;110020;162.02;100;10085349425;S
20240410;110020;162.02;380;10085349426;S
20240410;110022;162.12;20;10085349680;B
20240410;110023;162.04;20;10085349983;S
20240410;110025;162.08;10;10085350510;B
20240410;110026;162.08;200;10085350578;B
20240410;110026;162.04;10;10085350620;S
20240410;110026;162.04;30;10085350621;B
20240410;110029;162.08;430;10085351207;B
20240410;110031;162.06;100;10085351512;S
20240410;110031;162.06;100;10085351641;S
20240410;110031;162.04;10;10085351642;S
20240410;110031;162.04;1000;10085351643;S
20240410;110031;162.04;1120;10085351645;B
20240410;110031;162.02;50;10085351712;S
20240410;110032;162.04;2410;10085351737;B
20240410;110032;162.02;590;10085351825;S
20240410;110032;162.02;10;10085351826;S
20240410;110032;162;10;10085351827;S
20240410;110032;162;300;10085351828;S
20240410;110032;162;900;10085351829;S
20240410;110032;162;10;10085351830;S
20240410;110032;162;1000;10085351831;S
20240410;110032;162;200;10085351832;S
20240410;110032;162;90;10085351833;S
20240410;110032;162;10;10085351834;S
20240410;110032;162;10;10085351835;S
20240410;110032;162;10;10085351836;S
20240410;110032;162;10;10085351837;S
20240410;110032;162;10;10085351838;S
20240410;110032;162;10;10085351839;S
20240410;110032;162;100;10085351840;S
20240410;110032;162;600;10085351841;S
20240410;110032;162;10;10085351842;S
20240410;110032;162;250;10085351843;S
20240410;110032;162;100;10085351844;S
20240410;110032;162;500;10085351845;S
20240410;110032;162;200;10085351846;S
20240410;110032;162;300;10085351847;S
20240410;110032;162;130;10085351848;S
20240410;110032;162.04;50;10085351867;B
20240410;110032;162.04;1950;10085351963;B
20240410;110032;162.02;260;10085351980;S
20240410;110032;162.02;150;10085351994;S
20240410;110033;162.04;90;10085352013;B
20240410;110033;162.02;510;10085352014;S
20240410;110033;162;1870;10085352017;S
20240410;110033;162;130;10085352018;S
20240410;110037;162.02;10;10085352712;S
20240410;110037;162;130;10085352713;S
20240410;110037;162.02;580;10085352807;B
20240410;110037;162.04;40;10085352808;B
20240410;110037;162;230;10085352819;S
20240410;110037;162;500;10085352820;S
20240410;110039;162;40;10085353052;S
20240410;110039;162;50;10085353117;S
20240410;110040;162.04;500;10085353169;B
20240410;110041;162.04;70;10085353462;B
20240410;110047;162.04;10;10085354538;B
20240410;110050;162.04;30;10085355138;B
20240410;110052;162.04;1000;10085355360;B
20240410;110054;162.04;10;10085355670;B
20240410;110055;162;10;10085355799;S
20240410;110056;162.04;10;10085355914;B
20240410;110058;162.04;10770;10085356168;B
20240410;110058;162.04;830;10085356169;B
20240410;110058;162.04;150;10085356170;B
20240410;110058;162.04;10;10085356171;B
20240410;110058;162.06;200;10085356173;B
20240410;110058;162.08;30;10085356184;B
20240410;110059;162.08;120;10085356343;B
20240410;110059;162.1;730;10085356344;B
20240410;110059;162.12;400;10085356345;B
20240410;110059;162.12;50;10085356481;B
20240410;110102;162.12;10;10085356968;B
20240410;110104;162.12;10;10085357240;B
20240410;110104;162.12;110;10085357241;B
20240410;110107;162.08;10;10085357715;S
20240410;110107;162.06;10;10085357716;S
20240410;110108;162.12;120;10085357908;B
20240410;110108;162.12;20;10085357970;B
20240410;110108;162.12;110;10085358057;B
20240410;110112;162.08;10;10085358682;S
20240410;110114;162.12;10;10085359270;B
20240410;110114;162.12;20;10085359364;B
20240410;110115;162.12;50;10085359548;B
20240410;110115;162.12;110;10085359616;B
20240410;110115;162.12;80;10085359617;B
20240410;110115;162.12;10;10085359618;B
20240410;110117;162.08;120;10085359905;S
20240410;110118;162.08;50;10085360100;S
20240410;110118;162.12;10;10085360177;B
20240410;110119;162.08;10;10085360236;S
20240410;110123;162.08;100;10085361187;S
20240410;110124;162.1;10;10085361432;B
20240410;110125;162.08;110;10085361652;S
20240410;110125;162.08;150;10085361653;S
20240410;110125;162.08;200;10085361654;S
20240410;110125;162.06;240;10085361655;S
20240410;110125;162.06;970;10085361737;S
20240410;110125;162.06;500;10085361738;S
20240410;110125;162.04;1530;10085361739;S
20240410;110125;162.04;1960;10085361740;S
20240410;110125;162.04;50;10085361741;S
20240410;110125;162.04;10;10085361742;S
20240410;110125;162.04;1000;10085361743;S
20240410;110125;162.02;8980;10085361744;S
20240410;110128;162.06;20;10085362336;B
20240410;110129;162.06;10;10085362501;B
20240410;110130;162.06;10;10085362758;B
20240410;110132;162.02;30;10085363006;S
20240410;110132;162.04;230;10085363054;B
20240410;110133;162.04;30;10085363209;B
20240410;110135;162.02;200;10085363479;S
20240410;110135;162.02;10;10085363545;S
20240410;110135;162.02;780;10085363616;S
20240410;110135;162.02;1220;10085363617;S
20240410;110135;162.02;290;10085363618;S
20240410;110135;162.02;1530;10085363619;S
20240410;110135;162;100;10085363620;S
20240410;110135;162;30;10085363621;S
20240410;110135;162;10;10085363622;S
20240410;110135;162;10;10085363623;S
20240410;110135;162;10;10085363624;S
20240410;110135;162;2340;10085363625;S
20240410;110135;162;400;10085363626;S
20240410;110135;162;10;10085363627;S
20240410;110135;162;100;10085363628;S
20240410;110135;162;3170;10085363629;S
20240410;110136;162.02;1000;10085363691;B
20240410;110136;162.02;20;10085363738;B
20240410;110136;162.02;240;10085363739;B
20240410;110136;162.02;390;10085363740;B
20240410;110136;162.02;30;10085363749;B
20240410;110136;162.02;10;10085363855;B
20240410;110137;162.02;10;10085363942;B
20240410;110137;162.02;200;10085363981;B
20240410;110137;162.02;10;10085364060;B
20240410;110138;162.02;10;10085364105;B
20240410;110140;162;100;10085364549;S
20240410;110140;162;850;10085364550;S
20240410;110140;162;250;10085364551;S
20240410;110140;162.02;10;10085364555;B
20240410;110141;162.02;20;10085364634;B
20240410;110141;161.98;10;10085364698;S
20240410;110141;161.98;10;10085364699;S
20240410;110141;161.98;90;10085364709;S
20240410;110141;161.98;40;10085364710;S
20240410;110141;161.98;20;10085364711;S
20240410;110141;161.96;50;10085364712;S
20240410;110141;161.96;10;10085364713;S
20240410;110141;161.96;10;10085364714;S
20240410;110141;161.94;200;10085364715;S
20240410;110141;161.94;10;10085364716;S
20240410;110141;161.94;510;10085364717;S
20240410;110141;161.92;50;10085364718;S
20240410;110141;161.92;10;10085364719;S
20240410;110141;161.92;160;10085364720;S
20240410;110141;161.92;1220;10085364721;S
20240410;110141;161.92;500;10085364722;S
20240410;110141;161.9;50;10085364723;S
20240410;110141;161.9;100;10085364724;S
20240410;110141;161.9;500;10085364725;S
20240410;110141;161.9;1470;10085364726;S
20240410;110141;161.9;20;10085364777;S
20240410;110141;161.98;30;10085364792;B
20240410;110145;161.98;60;10085365277;B
20240410;110145;161.98;10;10085365345;B
20240410;110145;161.98;10;10085365347;B
20240410;110146;161.98;40;10085365476;B
20240410;110146;161.98;50;10085365477;B
20240410;110147;162;10;10085365717;B
20240410;110149;162;190;10085365961;B
20240410;110149;162;10;10085365984;B
20240410;110150;162;50;10085366124;B
20240410;110152;162;10;10085366458;B
20240410;110152;162;40;10085366477;B
20240410;110153;161.98;250;10085366786;S
20240410;110155;162;50;10085367001;B
20240410;110155;162;80;10085367176;B
20240410;110156;161.98;130;10085367208;B
20240410;110156;161.98;10;10085367215;B
20240410;110156;161.98;10;10085367297;B
20240410;110157;162;710;10085367370;B
20240410;110157;162;10;10085367371;B
20240410;110157;162.02;10;10085367418;B
20240410;110157;162.02;190;10085367419;B
20240410;110158;162.02;10;10085367839;B
20240410;110200;162.02;30;10085368225;B
20240410;110203;162.02;10;10085368714;B
20240410;110203;162.02;10;10085368715;B
20240410;110204;162;30;10085368844;S
20240410;110204;162;10;10085368845;S
20240410;110205;161.98;40;10085368971;S
20240410;110205;161.98;40;10085368972;S
20240410;110205;161.98;20;10085368973;S
20240410;110205;161.98;100;10085368974;B
20240410;110205;161.96;500;10085369029;S
20240410;110205;161.96;150;10085369030;S
20240410;110205;161.94;260;10085369031;S
20240410;110205;161.92;1530;10085369032;S
20240410;110205;161.92;1220;10085369033;S
20240410;110205;161.9;50;10085369034;S
20240410;110205;161.9;10;10085369035;S
20240410;110205;161.9;960;10085369036;S
20240410;110205;161.96;150;10085369037;B
20240410;110205;161.98;20;10085369038;B
20240410;110206;161.94;500;10085369207;S
20240410;110206;161.9;150;10085369208;S
20240410;110206;161.9;1530;10085369209;S
20240410;110206;161.9;1220;10085369210;S
20240410;110206;161.88;10;10085369211;S
20240410;110206;161.88;100;10085369212;S
20240410;110206;161.88;10;10085369213;S
20240410;110206;161.88;390;10085369214;S
20240410;110207;161.94;320;10085369591;B
20240410;110207;161.94;20;10085369608;B
20240410;110207;161.94;10;10085369629;B
20240410;110208;161.94;40;10085369741;B
20240410;110208;161.96;150;10085369872;B
20240410;110208;161.98;3320;10085369873;B
20240410;110208;162;60;10085369875;B
20240410;110208;162;10;10085369876;B
20240410;110209;162.02;10;10085370041;B
20240410;110209;162.02;990;10085370042;B
20240410;110209;162.02;10;10085370120;B
20240410;110210;162.02;2350;10085370277;B
20240410;110210;162.04;150;10085370278;B
20240410;110211;162.04;50;10085370579;B
20240410;110211;162.04;100;10085370580;B
20240410;110212;162.04;100;10085370653;B
20240410;110214;162.08;50;10085371110;B
20240410;110214;162.08;450;10085371111;B
20240410;110215;162.06;10;10085371429;S
20240410;110215;162.04;40;10085371430;S
20240410;110217;162.04;10;10085371846;S
20240410;110217;162.02;40;10085371847;S
20240410;110219;162.06;30;10085372275;S
20240410;110219;162.08;20;10085372279;B
20240410;110219;162.08;20;10085372280;B
20240410;110219;162.08;20;10085372285;B
20240410;110219;162.08;10;10085372286;B
20240410;110222;162.08;50;10085372805;B
20240410;110222;162.1;70;10085372806;B
20240410;110222;162.1;790;10085372807;B
20240410;110222;162.1;90;10085372808;B
20240410;110222;162.1;500;10085372942;B
20240410;110222;162.08;210;10085372977;S
20240410;110224;162.1;460;10085373181;B
20240410;110224;162.12;20;10085373261;B
20240410;110225;162.12;280;10085373334;B
20240410;110225;162.12;220;10085373335;B
20240410;110225;162.1;100;10085373391;S
20240410;110225;162.12;30;10085373394;B
20240410;110226;162.1;40;10085373493;S
20240410;110226;162.12;10;10085373551;B
20240410;110226;162.12;500;10085373597;B
20240410;110227;162.14;450;10085373790;B
20240410;110227;162.16;110;10085373791;B
20240410;110230;162.16;640;10085374315;B
20240410;110230;162.16;360;10085374316;B
20240410;110231;162.16;60;10085374419;B
20240410;110231;162.16;500;10085374431;B
20240410;110231;162.16;1860;10085374442;B
20240410;110231;162.18;300;10085374478;B
20240410;110232;162.18;500;10085374598;B
20240410;110232;162.18;50;10085374729;B
20240410;110232;162.16;140;10085374784;S
20240410;110232;162.16;360;10085374785;S
20240410;110233;162.18;100;10085374809;B
20240410;110234;162.16;20;10085375105;S
20240410;110235;162.16;820;10085375318;S
20240410;110235;162.16;40;10085375319;S
20240410;110235;162.16;100;10085375320;S
20240410;110237;162.16;100;10085375483;B
20240410;110237;162.16;10;10085375571;B
20240410;110237;162.16;10;10085375577;B
20240410;110238;162.14;50;10085375697;S
20240410;110238;162.14;100;10085375698;S
20240410;110238;162.14;150;10085375699;S
20240410;110238;162.12;100;10085375700;S
20240410;110238;162.14;200;10085375738;B
20240410;110238;162.14;20;10085375747;B
20240410;110239;162.14;10;10085375881;B
20240410;110239;162.14;210;10085375957;B
20240410;110239;162.16;1790;10085375958;B
20240410;110241;162.14;800;10085376241;B
20240410;110241;162.14;10;10085376263;B
20240410;110241;162.12;20;10085376281;S
20240410;110244;162.12;30;10085376638;S
20240410;110244;162.14;190;10085376643;B
20240410;110244;162.14;420;10085376644;B
20240410;110245;162.12;10;10085376911;S
20240410;110245;162.14;60;10085376994;B
20240410;110249;162.12;280;10085377588;S
20240410;110249;162.12;1220;10085377589;S
20240410;110249;162.12;1000;10085377590;S
20240410;110249;162.12;710;10085377591;S
20240410;110249;162.14;30;10085377711;B
20240410;110249;162.14;10;10085377712;B
20240410;110249;162.14;10;10085377757;B
20240410;110249;162.16;550;10085377758;B
20240410;110249;162.16;150;10085377759;B
20240410;110249;162.16;200;10085377760;B
20240410;110249;162.16;90;10085377761;B
20240410;110250;162.14;10;10085377842;B
20240410;110251;162.14;10;10085377941;B
20240410;110252;162.14;1000;10085378183;B
20240410;110252;162.14;10;10085378228;B
20240410;110253;162.14;60;10085378449;B
20240410;110254;162.14;1000;10085378551;B
20240410;110254;162.14;10;10085378602;B
20240410;110254;162.14;10;10085378615;B
20240410;110254;162.14;50;10085378618;B
20240410;110257;162.14;10;10085379179;B
20240410;110257;162.14;10;10085379264;B
20240410;110258;162.14;1150;10085379371;B
20240410;110258;162.14;100;10085379372;B
20240410;110258;162.14;440;10085379373;B
20240410;110258;162.14;10;10085379374;B
20240410;110258;162.12;30;10085379415;S
20240410;110258;162.12;1220;10085379416;S
20240410;110258;162.16;10;10085379452;B
20240410;110259;162.12;10;10085379554;S
20240410;110259;162.12;130;10085379604;S
20240410;110300;162.16;10;10085379749;B
20240410;110301;162.16;10;10085379968;B
20240410;110303;162.16;10;10085380273;B
20240410;110304;162.14;10;10085380576;S
20240410;110305;162.14;30;10085380680;S
20240410;110305;162.14;40;10085380681;S
20240410;110305;162.12;30;10085380682;S
20240410;110306;162.12;1360;10085381114;S
20240410;110306;162.12;860;10085381115;S
20240410;110311;162.16;170;10085382052;B
20240410;110311;162.16;20;10085382053;B
20240410;110311;162.16;230;10085382054;B
20240410;110311;162.18;80;10085382055;B
20240410;110315;162.18;10;10085382736;B
20240410;110316;162.18;50;10085382931;B
20240410;110317;162.18;10;10085383071;B
20240410;110317;162.18;250;10085383141;B
20240410;110317;162.18;130;10085383195;B
20240410;110317;162.18;500;10085383196;B
20240410;110317;162.18;30;10085383197;B
20240410;110317;162.18;20;10085383198;B
20240410;110319;162.2;10;10085383464;B
20240410;110319;162.2;20;10085383465;B
20240410;110319;162.2;30;10085383486;B
20240410;110319;162.2;410;10085383487;B
20240410;110319;162.2;870;10085383488;B
20240410;110319;162.2;50;10085383489;B
20240410;110319;162.2;170;10085383490;B
20240410;110319;162.2;10;10085383491;B
20240410;110319;162.22;10;10085383492;B
20240410;110320;162.22;590;10085383722;B
20240410;110320;162.22;1000;10085383723;B
20240410;110320;162.22;410;10085383724;B
20240410;110320;162.2;900;10085383729;S
20240410;110322;162.22;150;10085384153;S
20240410;110322;162.22;450;10085384154;S
20240410;110322;162.24;30;10085384168;B
20240410;110323;162.22;60;10085384301;S
20240410;110323;162.24;970;10085384385;B
20240410;110323;162.26;380;10085384386;B
20240410;110323;162.26;400;10085384387;B
20240410;110323;162.26;150;10085384388;B
20240410;110323;162.26;1400;10085384389;B
20240410;110323;162.28;1670;10085384390;B
20240410;110324;162.28;130;10085384598;B
20240410;110324;162.3;10;10085384599;B
20240410;110324;162.3;860;10085384600;B
20240410;110325;162.3;10;10085384760;B
20240410;110325;162.3;2280;10085384762;B
20240410;110325;162.3;1220;10085384763;B
20240410;110325;162.28;500;10085384798;B
20240410;110326;162.28;2000;10085384905;B
20240410;110326;162.26;150;10085384925;S
20240410;110326;162.28;10;10085384933;B
20240410;110327;162.3;10;10085385068;B
20240410;110329;162.3;1000;10085385371;B
20240410;110329;162.3;10;10085385372;B
20240410;110329;162.3;780;10085385460;B
20240410;110329;162.3;600;10085385461;B
20240410;110329;162.32;10;10085385462;B
20240410;110329;162.32;1000;10085385463;B
20240410;110329;162.32;100;10085385464;B
20240410;110329;162.34;2490;10085385465;B
20240410;110329;162.34;1400;10085385466;B
20240410;110329;162.36;100;10085385467;B
20240410;110329;162.36;3000;10085385468;B
20240410;110329;162.36;50;10085385469;B
20240410;110329;162.36;1810;10085385470;B
20240410;110330;162.38;10;10085385505;B
20240410;110330;162.38;10;10085385520;B
20240410;110330;162.38;10;10085385546;B
20240410;110330;162.38;500;10085385662;B
20240410;110330;162.38;10;10085385680;B
20240410;110331;162.38;10;10085385844;B
20240410;110332;162.38;450;10085385890;B
20240410;110332;162.38;2210;10085385891;B
20240410;110332;162.4;10;10085385916;B
20240410;110332;162.4;50;10085386032;B
20240410;110332;162.4;10;10085386040;B
20240410;110332;162.4;100;10085386041;B
20240410;110332;162.4;1720;10085386042;B
20240410;110332;162.4;20;10085386043;B
20240410;110332;162.4;150;10085386044;B
20240410;110333;162.4;50;10085386216;B
20240410;110333;162.4;200;10085386217;B
20240410;110333;162.4;250;10085386218;B
20240410;110333;162.4;10;10085386235;B
20240410;110333;162.4;1250;10085386257;B
20240410;110334;162.4;10;10085386395;B
20240410;110334;162.4;10;10085386425;B
20240410;110334;162.4;470;10085386451;B
20240410;110334;162.4;610;10085386452;B
20240410;110334;162.42;10;10085386453;B
20240410;110334;162.42;1030;10085386454;B
20240410;110334;162.44;1440;10085386455;B
20240410;110335;162.46;350;10085386593;B
20240410;110335;162.46;650;10085386630;B
20240410;110335;162.46;600;10085386631;B
20240410;110335;162.44;30;10085386709;B
20240410;110335;162.44;350;10085386723;B
20240410;110336;162.44;120;10085386939;B
20240410;110336;162.44;500;10085386940;S
20240410;110336;162.44;500;10085386941;S
20240410;110336;162.44;470;10085386942;S
20240410;110337;162.46;1000;10085387049;B
20240410;110337;162.46;250;10085387167;B
20240410;110337;162.46;100;10085387168;B
20240410;110338;162.46;60;10085387326;S
20240410;110338;162.48;10;10085387359;B
20240410;110338;162.46;200;10085387409;S
20240410;110339;162.48;50;10085387578;B
20240410;110339;162.48;10;10085387590;B
20240410;110339;162.48;40;10085387603;B
20240410;110339;162.48;200;10085387604;B
20240410;110339;162.48;100;10085387605;B
20240410;110339;162.48;980;10085387606;B
20240410;110339;162.5;480;10085387607;B
20240410;110341;162.5;200;10085387922;B
20240410;110341;162.5;500;10085387931;B
20240410;110341;162.5;1920;10085388003;B
20240410;110341;162.5;1580;10085388004;B
20240410;110342;162.5;10;10085388140;B
20240410;110343;162.5;270;10085388390;B
20240410;110344;162.5;220;10085388482;B
20240410;110344;162.5;400;10085388578;B
20240410;110344;162.5;2520;10085388594;B
20240410;110344;162.5;100;10085388595;B
20240410;110344;162.5;2000;10085388596;B
20240410;110344;162.5;10;10085388597;B
20240410;110344;162.5;1000;10085388598;B
20240410;110344;162.5;10;10085388599;B
20240410;110344;162.5;3000;10085388600;B
20240410;110344;162.5;10;10085388601;B
20240410;110344;162.5;300;10085388602;B
20240410;110344;162.5;690;10085388603;B
20240410;110344;162.52;100;10085388609;B
20240410;110344;162.52;40;10085388662;B
20240410;110346;162.52;50;10085388927;B
20240410;110346;162.5;200;10085388955;S
20240410;110346;162.52;30;10085388987;B
20240410;110347;162.52;180;10085389140;B
20240410;110347;162.52;1150;10085389141;B
20240410;110347;162.54;30;10085389142;B
20240410;110347;162.52;710;10085389143;S
20240410;110348;162.54;30;10085389284;B
20240410;110348;162.54;10;10085389334;B
20240410;110348;162.54;500;10085389349;B
20240410;110348;162.54;650;10085389451;B
20240410;110348;162.54;500;10085389452;B
20240410;110348;162.56;4850;10085389453;B
20240410;110349;162.52;150;10085389469;S
20240410;110349;162.52;50;10085389470;S
20240410;110349;162.52;300;10085389471;S
20240410;110350;162.54;50;10085389736;B
20240410;110350;162.52;50;10085389792;S
20240410;110351;162.52;280;10085389854;S
20240410;110351;162.52;200;10085389855;S
20240410;110351;162.52;20;10085389856;S
20240410;110351;162.54;30;10085389858;B
20240410;110351;162.54;30;10085389860;B
20240410;110351;162.54;250;10085389972;B
20240410;110352;162.54;10;10085390031;B
20240410;110353;162.54;400;10085390187;B
20240410;110353;162.54;230;10085390216;B
20240410;110353;162.54;270;10085390217;B
20240410;110353;162.54;100;10085390254;B
20240410;110353;162.54;50;10085390262;B
20240410;110353;162.52;40;10085390339;S
20240410;110353;162.52;10;10085390340;S
20240410;110353;162.52;10;10085390341;S
20240410;110353;162.52;10;10085390342;S
20240410;110353;162.52;10;10085390343;S
20240410;110354;162.54;750;10085390417;B
20240410;110354;162.52;40;10085390446;S
20240410;110354;162.52;100;10085390447;S
20240410;110354;162.54;50;10085390492;B
20240410;110355;162.52;140;10085390708;S
20240410;110355;162.52;10;10085390735;S
20240410;110355;162.52;970;10085390749;S
20240410;110355;162.52;2460;10085390750;S
20240410;110355;162.52;50;10085390751;S
20240410;110355;162.52;210;10085390752;S
20240410;110355;162.5;4810;10085390753;S
20240410;110355;162.5;10;10085390754;S
20240410;110355;162.5;10;10085390755;S
20240410;110355;162.5;10;10085390756;S
20240410;110355;162.5;130;10085390757;S
20240410;110355;162.5;10;10085390758;S
20240410;110356;162.5;10;10085390799;B
20240410;110356;162.5;1020;10085390919;B
20240410;110357;162.5;20;10085391005;B
20240410;110357;162.5;480;10085391006;B
20240410;110357;162.48;100;10085391011;S
20240410;110358;162.5;40;10085391096;B
20240410;110359;162.5;10;10085391337;B
20240410;110359;162.5;120;10085391376;B
20240410;110359;162.5;330;10085391377;B
20240410;110359;162.5;10;10085391394;B
20240410;110400;162.5;10;10085391416;B
20240410;110400;162.48;40;10085391551;S
20240410;110401;162.5;30;10085391631;B
20240410;110401;162.5;10;10085391649;B
20240410;110401;162.5;660;10085391725;B
20240410;110401;162.5;20;10085391726;B
20240410;110401;162.5;100;10085391727;B
20240410;110401;162.52;220;10085391728;B
20240410;110402;162.5;100;10085391881;S
20240410;110403;162.52;250;10085391998;B
20240410;110403;162.52;80;10085391999;B
20240410;110405;162.52;40;10085392875;B
20240410;110405;162.52;310;10085392949;B
20240410;110406;162.5;100;10085393053;S
20240410;110408;162.5;50;10085393355;S
20240410;110408;162.52;10;10085393426;B
20240410;110408;162.5;460;10085393430;S
20240410;110408;162.5;100;10085393523;S
20240410;110408;162.5;10;10085393545;S
20240410;110409;162.5;350;10085393761;S
20240410;110410;162.52;20;10085393831;B
20240410;110410;162.52;180;10085393873;B
20240410;110410;162.5;20;10085393892;S
20240410;110411;162.52;150;10085393962;B
20240410;110411;162.52;20;10085393980;B
20240410;110411;162.5;100;10085394105;S
20240410;110412;162.52;190;10085394158;B
20240410;110412;162.52;620;10085394159;B
20240410;110412;162.52;90;10085394160;B
20240410;110412;162.54;470;10085394161;B
20240410;110412;162.54;20;10085394162;B
20240410;110413;162.54;50;10085394287;B
20240410;110413;162.54;30;10085394330;B
20240410;110413;162.5;10;10085394395;S
20240410;110414;162.54;20;10085394497;B
20240410;110414;162.52;50;10085394554;S
20240410;110414;162.5;200;10085394555;S
20240410;110414;162.5;10;10085394556;S
20240410;110414;162.5;90;10085394557;S
20240410;110414;162.5;30;10085394558;S
20240410;110414;162.5;970;10085394559;S
20240410;110414;162.48;1380;10085394560;S
20240410;110414;162.48;20;10085394561;S
20240410;110414;162.46;300;10085394562;S
20240410;110414;162.46;150;10085394563;S
20240410;110414;162.46;50;10085394564;S
20240410;110414;162.46;1530;10085394565;S
20240410;110414;162.46;160;10085394566;S
20240410;110414;162.44;1910;10085394567;S
20240410;110414;162.44;400;10085394568;S
20240410;110414;162.44;730;10085394569;B
20240410;110417;162.48;40;10085395136;B
20240410;110419;162.48;110;10085395368;B
20240410;110419;162.48;90;10085395369;B
20240410;110420;162.46;50;10085395570;B
20240410;110421;162.42;30;10085395780;S
20240410;110421;162.4;70;10085395781;S
20240410;110422;162.44;50;10085395929;B
20240410;110423;162.44;80;10085396093;B
20240410;110423;162.44;20;10085396108;B
20240410;110424;162.44;200;10085396151;B
20240410;110424;162.44;570;10085396152;B
20240410;110424;162.44;1220;10085396153;B
20240410;110424;162.44;250;10085396154;B
20240410;110424;162.44;1530;10085396155;B
20240410;110424;162.44;30;10085396156;B
20240410;110424;162.46;1030;10085396157;B
20240410;110424;162.44;20;10085396198;B
20240410;110424;162.44;20;10085396276;B
20240410;110424;162.44;20;10085396277;B
20240410;110427;162.4;10;10085396652;S
20240410;110427;162.44;1160;10085396665;B
20240410;110427;162.44;1530;10085396666;B
20240410;110427;162.44;570;10085396667;B
20240410;110427;162.46;40;10085396668;B
20240410;110427;162.4;80;10085396695;S
20240410;110428;162.44;50;10085396806;B
20240410;110428;162.44;10;10085396817;B
20240410;110430;162.44;10;10085397092;B
20240410;110430;162.42;30;10085397145;B
20240410;110431;162.44;110;10085397296;B
20240410;110431;162.44;250;10085397341;B
20240410;110433;162.44;100;10085397586;B
20240410;110433;162.44;510;10085397636;B
20240410;110433;162.44;40;10085397637;B
20240410;110433;162.44;1220;10085397638;B
20240410;110433;162.46;790;10085397639;B
20240410;110433;162.46;400;10085397640;B
20240410;110433;162.46;440;10085397641;B
20240410;110433;162.44;80;10085397663;B
20240410;110433;162.42;40;10085397683;S
20240410;110433;162.42;110;10085397684;S
20240410;110435;162.42;600;10085397958;S
20240410;110436;162.42;30;10085398054;S
20240410;110436;162.42;120;10085398055;S
20240410;110436;162.46;10;10085398088;B
20240410;110436;162.46;30;10085398182;B
20240410;110437;162.46;10;10085398335;B
20240410;110438;162.46;1670;10085398506;B
20240410;110439;162.46;2500;10085398574;B
20240410;110439;162.46;30;10085398575;B
20240410;110439;162.46;660;10085398576;B
20240410;110439;162.48;10;10085398577;B
20240410;110439;162.48;150;10085398578;B
20240410;110439;162.48;850;10085398579;B
20240410;110439;162.46;300;10085398666;B
20240410;110440;162.48;10;10085398723;B
20240410;110441;162.48;30;10085398889;B
20240410;110442;162.48;10;10085399069;B
20240410;110442;162.48;210;10085399083;B
20240410;110443;162.5;50;10085399169;B
20240410;110444;162.48;300;10085399367;S
20240410;110444;162.48;50;10085399375;S
20240410;110444;162.5;10;10085399460;B
20240410;110445;162.48;250;10085399486;S
20240410;110446;162.5;10;10085399696;B
20240410;110446;162.48;500;10085399723;S
20240410;110447;162.5;930;10085399800;B
20240410;110447;162.5;180;10085399873;B
20240410;110448;162.5;430;10085399918;B
20240410;110448;162.52;220;10085399919;B
20240410;110448;162.52;150;10085399920;B
20240410;110449;162.52;20;10085400179;B
20240410;110450;162.52;500;10085400216;B
20240410;110450;162.52;300;10085400375;B
20240410;110450;162.52;50;10085400441;B
20240410;110450;162.52;10;10085400442;B
20240410;110450;162.54;90;10085400443;B
20240410;110450;162.54;90;10085400447;B
20240410;110450;162.54;20;10085400448;B
20240410;110450;162.54;190;10085400449;B
20240410;110451;162.54;100;10085400594;B
20240410;110452;162.54;500;10085400725;B
20240410;110455;162.52;350;10085401255;S
20240410;110455;162.5;150;10085401256;S
20240410;110455;162.5;500;10085401257;S
20240410;110455;162.48;100;10085401258;S
20240410;110455;162.48;1220;10085401259;S
20240410;110455;162.48;400;10085401260;S
20240410;110455;162.48;280;10085401261;S
20240410;110455;162.54;10;10085401267;B
20240410;110456;162.52;50;10085401399;B
20240410;110456;162.54;70;10085401400;B
20240410;110456;162.54;150;10085401401;B
20240410;110456;162.56;900;10085401402;B
20240410;110456;162.56;30;10085401403;B
20240410;110456;162.56;800;10085401404;B
20240410;110456;162.56;10;10085401493;B
20240410;110456;162.56;150;10085401509;B
20240410;110456;162.58;160;10085401510;B
20240410;110456;162.58;550;10085401511;B
20240410;110501;162.56;1000;10085402404;B
20240410;110502;162.54;300;10085402498;B
20240410;110502;162.56;2660;10085402499;B
20240410;110502;162.56;40;10085402500;B
20240410;110502;162.56;150;10085402647;B
20240410;110503;162.54;500;10085402731;B
20240410;110503;162.54;950;10085402732;B
20240410;110503;162.56;400;10085402733;B
20240410;110503;162.56;580;10085402734;B
20240410;110503;162.56;570;10085402735;B
20240410;110505;162.52;10;10085403215;S
20240410;110507;162.52;40;10085403624;S
20240410;110507;162.52;30;10085403625;S
20240410;110507;162.52;10;10085403626;S
20240410;110507;162.52;80;10085403627;S
20240410;110507;162.52;100;10085403628;S
20240410;110507;162.5;20;10085403629;S
20240410;110507;162.5;120;10085403630;S
20240410;110508;162.52;20;10085403764;B
20240410;110508;162.52;100;10085403830;B
20240410;110509;162.52;410;10085404006;B
20240410;110509;162.54;90;10085404007;B
20240410;110510;162.54;30;10085404083;B
20240410;110517;162.54;700;10085405338;B
20240410;110519;162.54;10;10085405628;B
20240410;110519;162.54;70;10085405716;B
20240410;110519;162.52;500;10085405801;S
20240410;110520;162.54;2510;10085406026;B
20240410;110520;162.54;490;10085406027;B
20240410;110521;162.54;80;10085406162;B
20240410;110521;162.54;10;10085406163;B
20240410;110521;162.54;30;10085406164;B
20240410;110521;162.54;10;10085406165;B
20240410;110521;162.54;200;10085406166;B
20240410;110521;162.54;50;10085406167;B
20240410;110522;162.52;500;10085406409;S
20240410;110523;162.54;50;10085406458;B
20240410;110523;162.54;400;10085406497;B
20240410;110523;162.54;290;10085406498;B
20240410;110524;162.54;130;10085406596;B
20240410;110525;162.54;40;10085406725;B
20240410;110525;162.54;10;10085406798;B
20240410;110525;162.54;80;10085406812;B
20240410;110525;162.56;100;10085406813;B
20240410;110526;162.56;170;10085407129;B
20240410;110526;162.56;10;10085407130;B
20240410;110528;162.54;200;10085407870;S
20240410;110529;162.56;10;10085408115;B
20240410;110530;162.56;10;10085408161;B
20240410;110530;162.54;60;10085408182;S
20240410;110530;162.54;450;10085408322;S
20240410;110530;162.54;30;10085408323;S
20240410;110530;162.54;20;10085408324;S
20240410;110531;162.56;380;10085408348;B
20240410;110531;162.56;200;10085408349;B
20240410;110531;162.56;50;10085408350;B
20240410;110531;162.56;540;10085408351;B
20240410;110531;162.58;450;10085408352;B
20240410;110531;162.58;11300;10085408353;B
20240410;110531;162.58;900;10085408354;B
20240410;110531;162.6;10;10085408355;B
20240410;110531;162.6;290;10085408488;B
20240410;110531;162.6;150;10085408489;B
20240410;110531;162.6;140;10085408490;B
20240410;110531;162.6;850;10085408491;B
20240410;110531;162.6;10;10085408492;B
20240410;110531;162.6;10;10085408534;B
20240410;110531;162.6;40;10085408539;B
20240410;110532;162.6;2090;10085408574;B
20240410;110532;162.6;410;10085408575;B
20240410;110532;162.62;10;10085408670;B
20240410;110532;162.62;100;10085408671;B
20240410;110532;162.62;100;10085408672;B
20240410;110532;162.62;40;10085408673;B
20240410;110532;162.62;500;10085408674;B
20240410;110532;162.62;10;10085408675;B
20240410;110532;162.6;60;10085408676;S
20240410;110532;162.6;780;10085408677;B
20240410;110532;162.62;1410;10085408678;B
20240410;110532;162.62;10;10085408760;B
20240410;110535;162.62;200;10085409256;B
20240410;110535;162.62;270;10085409258;B
20240410;110535;162.62;30;10085409259;B
20240410;110535;162.62;30;10085409303;B
20240410;110535;162.62;300;10085409304;B
20240410;110535;162.62;10;10085409311;B
20240410;110535;162.62;1000;10085409314;B
20240410;110535;162.62;100;10085409398;B
20240410;110536;162.62;10;10085409500;B
20240410;110537;162.62;310;10085409532;B
20240410;110538;162.62;50;10085409688;B
20240410;110538;162.62;3160;10085409713;B
20240410;110538;162.62;850;10085409714;B
20240410;110538;162.64;100;10085409715;B
20240410;110538;162.64;890;10085409716;B
20240410;110538;162.64;530;10085409745;B
20240410;110538;162.66;440;10085409746;B
20240410;110538;162.66;20;10085409747;B
20240410;110538;162.66;3660;10085409748;B
20240410;110538;162.66;1990;10085409749;B
20240410;110538;162.68;100;10085409750;B
20240410;110538;162.68;660;10085409751;B
20240410;110538;162.68;10;10085409762;B
20240410;110540;162.68;1890;10085410195;B
20240410;110540;162.7;300;10085410196;B
20240410;110540;162.7;10;10085410197;B
20240410;110540;162.7;10;10085410198;B
20240410;110540;162.7;30;10085410199;B
20240410;110540;162.7;40;10085410200;B
20240410;110540;162.7;3400;10085410201;B
20240410;110540;162.7;3130;10085410202;B
20240410;110541;162.72;20;10085410282;B
20240410;110542;162.72;270;10085410591;B
20240410;110542;162.72;200;10085410592;B
20240410;110542;162.72;10;10085410593;B
20240410;110542;162.72;10;10085410594;B
20240410;110542;162.72;510;10085410595;B
20240410;110542;162.72;300;10085410642;B
20240410;110543;162.72;230;10085410788;B
20240410;110543;162.72;2000;10085410826;B
20240410;110543;162.72;30;10085410858;B
20240410;110544;162.72;970;10085411026;B
20240410;110544;162.72;220;10085411027;B
20240410;110545;162.72;10;10085411061;B
20240410;110545;162.72;20;10085411102;B
20240410;110545;162.72;150;10085411122;B
20240410;110545;162.7;40;10085411128;S
20240410;110545;162.72;20;10085411176;B
20240410;110546;162.72;50;10085411327;B
20240410;110548;162.72;50;10085411717;B
20240410;110549;162.72;10;10085411818;B
20240410;110549;162.7;10;10085411860;S
20240410;110550;162.72;70;10085411931;B
20240410;110550;162.7;200;10085412056;S
20240410;110550;162.72;440;10085412088;B
20240410;110550;162.72;110;10085412089;B
20240410;110550;162.72;1250;10085412090;B
20240410;110550;162.72;100;10085412091;B
20240410;110550;162.74;30;10085412092;B
20240410;110550;162.74;150;10085412093;B
20240410;110550;162.74;1740;10085412094;B
20240410;110550;162.74;200;10085412095;B
20240410;110550;162.74;180;10085412096;B
20240410;110550;162.74;1220;10085412097;B
20240410;110551;162.76;10;10085412158;B
20240410;110551;162.76;10;10085412159;B
20240410;110551;162.76;30;10085412160;B
20240410;110551;162.76;30;10085412221;B
20240410;110552;162.76;440;10085412335;B
20240410;110552;162.76;10;10085412336;B
20240410;110552;162.76;500;10085412337;B
20240410;110552;162.76;2440;10085412338;B
20240410;110552;162.76;40;10085412339;B
20240410;110552;162.76;250;10085412340;B
20240410;110552;162.76;500;10085412341;B
20240410;110552;162.76;500;10085412342;B
20240410;110552;162.76;10;10085412343;B
20240410;110552;162.76;300;10085412360;B
20240410;110552;162.76;200;10085412387;B
20240410;110552;162.78;40;10085412428;B
20240410;110552;162.78;60;10085412429;B
20240410;110552;162.78;1040;10085412432;B
20240410;110553;162.8;10;10085412520;B
20240410;110553;162.8;10;10085412521;B
20240410;110553;162.8;150;10085412522;B
20240410;110553;162.8;2330;10085412523;B
20240410;110553;162.8;80;10085412527;B
20240410;110553;162.8;20;10085412617;B
20240410;110553;162.8;70;10085412629;B
20240410;110553;162.8;10;10085412687;B
20240410;110554;162.8;200;10085412701;B
20240410;110554;162.8;100;10085412759;B
20240410;110554;162.78;50;10085412821;S
20240410;110554;162.78;50;10085412822;S
20240410;110554;162.78;100;10085412823;S
20240410;110554;162.78;30;10085412824;S
20240410;110554;162.76;70;10085412825;S
20240410;110554;162.78;10;10085412840;B
20240410;110555;162.8;2190;10085412915;B
20240410;110555;162.8;1830;10085412916;B
20240410;110555;162.8;400;10085412917;B
20240410;110555;162.82;100;10085412918;B
20240410;110555;162.82;500;10085412919;B
20240410;110555;162.82;10000;10085412920;B
20240410;110555;162.82;2560;10085412921;B
20240410;110555;162.84;30;10085412922;B
20240410;110555;162.84;3300;10085412923;B
20240410;110555;162.86;500;10085412924;B
20240410;110555;162.86;50;10085412925;B
20240410;110555;162.86;4030;10085412926;B
20240410;110555;162.88;110;10085412927;B
20240410;110555;162.88;20;10085412928;B
20240410;110555;162.88;100;10085412929;B
20240410;110555;162.88;220;10085412930;B
20240410;110555;162.88;10;10085412931;B
20240410;110555;162.88;100;10085412932;B
20240410;110555;162.88;1000;10085412933;B
20240410;110555;162.88;500;10085412934;B
20240410;110555;162.88;100;10085412935;B
20240410;110555;162.88;1000;10085412936;B
20240410;110555;162.88;10;10085412937;B
20240410;110555;162.88;40;10085412938;B
20240410;110555;162.88;3400;10085412939;B
20240410;110555;162.88;1000;10085412940;B
20240410;110555;162.88;500;10085412941;B
20240410;110555;162.88;1470;10085412942;B
20240410;110555;162.88;500;10085412943;B
20240410;110555;162.9;100;10085412944;B
20240410;110555;162.9;2700;10085412945;B
20240410;110555;162.9;120;10085412956;B
20240410;110555;162.9;20;10085413139;B
20240410;110556;162.9;600;10085413194;B
20240410;110557;162.88;10;10085413336;B
20240410;110558;162.88;10;10085413510;B
20240410;110558;162.88;10;10085413591;B
20240410;110559;162.86;10;10085413633;S
20240410;110600;162.88;40;10085413751;B
20240410;110600;162.88;60;10085413752;B
20240410;110600;162.86;180;10085413828;S
20240410;110600;162.88;200;10085413839;B
20240410;110600;162.86;10;10085413856;S
20240410;110600;162.86;5000;10085413866;S
20240410;110601;162.88;300;10085413971;B
20240410;110601;162.86;6860;10085413990;S
20240410;110602;162.82;300;10085414141;B
20240410;110602;162.82;20;10085414142;B
20240410;110603;162.8;10;10085414299;S
20240410;110603;162.82;10;10085414331;B
20240410;110603;162.82;200;10085414359;B
20240410;110603;162.8;10;10085414382;S
20240410;110604;162.82;150;10085414464;B
20240410;110604;162.82;10;10085414494;B
20240410;110605;162.8;150;10085414612;S
20240410;110605;162.8;40;10085414613;S
20240410;110605;162.8;40;10085414614;S
20240410;110605;162.8;10;10085414615;S
20240410;110605;162.76;10;10085414616;S
20240410;110606;162.8;50;10085414759;B
20240410;110606;162.78;410;10085414855;B
20240410;110606;162.78;50;10085414856;B
20240410;110606;162.8;1170;10085414857;B
20240410;110606;162.8;1530;10085414858;B
20240410;110606;162.8;50;10085414859;B
20240410;110606;162.82;520;10085414860;B
20240410;110606;162.82;100;10085414861;B
20240410;110606;162.82;1250;10085414862;B
20240410;110606;162.82;1250;10085414863;B
20240410;110606;162.82;100;10085414864;B
20240410;110606;162.82;10;10085414865;B
20240410;110606;162.82;10;10085414866;B
20240410;110606;162.84;710;10085414867;B
20240410;110607;162.78;100;10085414952;B
20240410;110608;162.76;50;10085415059;S
20240410;110608;162.76;10;10085415143;S
20240410;110608;162.76;100;10085415155;S
20240410;110610;162.78;400;10085415477;B
20240410;110610;162.78;840;10085415478;B
20240410;110610;162.78;1220;10085415479;B
20240410;110610;162.78;250;10085415480;B
20240410;110610;162.8;1400;10085415481;B
20240410;110610;162.8;160;10085415482;B
20240410;110610;162.8;1380;10085415483;B
20240410;110610;162.76;50;10085415493;S
20240410;110610;162.8;10;10085415569;B
20240410;110610;162.72;10;10085415570;S
20240410;110611;162.76;50;10085415723;B
20240410;110611;162.72;1080;10085415773;S
20240410;110611;162.72;10;10085415774;S
20240410;110611;162.72;500;10085415775;S
20240410;110611;162.7;100;10085415776;S
20240410;110611;162.7;180;10085415777;S
20240410;110611;162.68;130;10085415778;S
20240410;110611;162.74;180;10085415781;B
20240410;110611;162.76;960;10085415782;B
20240410;110611;162.78;50;10085415783;B
20240410;110611;162.78;60;10085415784;B
20240410;110612;162.68;50;10085415805;S
20240410;110612;162.74;190;10085415866;S
20240410;110612;162.72;1060;10085415867;S
20240410;110612;162.76;50;10085415872;B
20240410;110612;162.76;50;10085415884;B
20240410;110612;162.72;360;10085415937;S
20240410;110612;162.76;1120;10085415980;B
20240410;110612;162.78;340;10085415981;B
20240410;110612;162.78;190;10085415982;B
20240410;110612;162.78;350;10085415983;B
20240410;110613;162.74;10;10085416059;B
20240410;110613;162.76;190;10085416060;B
20240410;110613;162.72;50;10085416091;S
20240410;110614;162.76;10;10085416175;B
20240410;110614;162.72;30;10085416289;S
20240410;110614;162.72;30;10085416290;S
20240410;110615;162.72;30;10085416504;B
20240410;110615;162.74;270;10085416505;B
20240410;110615;162.74;40;10085416531;B
20240410;110615;162.74;100;10085416532;B
20240410;110615;162.76;340;10085416533;B
20240410;110615;162.76;30;10085416581;B
20240410;110615;162.76;20;10085416609;B
20240410;110615;162.76;150;10085416622;B
20240410;110615;162.76;10;10085416656;B
20240410;110615;162.76;30;10085416657;B
20240410;110616;162.74;30;10085416734;B
20240410;110616;162.76;220;10085416735;B
20240410;110616;162.76;10;10085416760;B
20240410;110617;162.72;50;10085416970;B
20240410;110617;162.72;10;10085416994;B
20240410;110617;162.72;200;10085417065;B
20240410;110618;162.72;20;10085417096;B
20240410;110618;162.72;940;10085417125;B
20240410;110618;162.72;210;10085417126;B
20240410;110618;162.72;70;10085417306;B
20240410;110619;162.72;30;10085417524;B
20240410;110619;162.72;250;10085417627;B
20240410;110620;162.72;160;10085417741;B
20240410;110620;162.72;320;10085417742;B
20240410;110620;162.72;300;10085417770;B
20240410;110621;162.72;10;10085417882;B
20240410;110621;162.7;100;10085418002;S
20240410;110621;162.7;9900;10085418003;S
20240410;110621;162.72;100;10085418054;B
20240410;110622;162.72;10;10085418129;B
20240410;110622;162.72;50;10085418213;B
20240410;110622;162.72;50;10085418214;B
20240410;110623;162.72;10;10085418245;B
20240410;110623;162.7;50;10085418281;S
20240410;110623;162.7;300;10085418296;S
20240410;110623;162.72;1000;10085418306;B
20240410;110624;162.7;3930;10085418460;S
20240410;110624;162.68;80;10085418561;S
20240410;110624;162.68;190;10085418562;S
20240410;110624;162.64;20;10085418563;S
20240410;110624;162.64;300;10085418564;S
20240410;110624;162.62;100;10085418710;S
20240410;110624;162.62;100;10085418711;S
20240410;110624;162.62;1000;10085418712;S
20240410;110624;162.62;30;10085418713;S
20240410;110624;162.62;1820;10085418714;S
20240410;110626;162.6;40;10085419431;B
20240410;110626;162.6;10;10085419466;B
20240410;110626;162.58;100;10085419492;S
20240410;110626;162.58;10;10085419493;S
20240410;110626;162.56;20;10085419553;S
20240410;110626;162.56;190;10085419554;S
20240410;110626;162.56;180;10085419555;S
20240410;110626;162.54;160;10085419556;S
20240410;110628;162.56;100;10085420073;B
20240410;110629;162.54;340;10085420133;S
20240410;110629;162.54;250;10085420134;S
20240410;110629;162.52;1530;10085420151;B
20240410;110629;162.54;180;10085420152;B
20240410;110629;162.54;50;10085420153;B
20240410;110629;162.52;30;10085420289;B
20240410;110630;162.5;40;10085420317;S
20240410;110631;162.52;1000;10085420527;B
20240410;110632;162.52;40;10085420743;B
20240410;110632;162.52;10;10085420751;B
20240410;110632;162.5;10;10085420862;S
20240410;110633;162.52;10;10085420898;B
20240410;110633;162.52;20;10085420939;B
20240410;110633;162.52;250;10085421034;B
20240410;110633;162.52;200;10085421104;B
20240410;110633;162.52;10;10085421130;B
20240410;110635;162.52;120;10085421422;B
20240410;110635;162.52;280;10085421423;B
20240410;110635;162.5;330;10085421431;S
20240410;110635;162.5;380;10085421432;S
20240410;110635;162.5;2000;10085421433;S
20240410;110635;162.5;2290;10085421434;S
20240410;110635;162.52;410;10085421531;B
20240410;110635;162.52;400;10085421532;B
20240410;110635;162.52;50;10085421533;B
20240410;110635;162.52;730;10085421534;B
20240410;110635;162.52;110;10085421535;B
20240410;110636;162.52;570;10085421602;B
20240410;110636;162.52;1530;10085421603;B
20240410;110636;162.54;1170;10085421604;B
20240410;110636;162.54;2440;10085421605;B
20240410;110636;162.54;1270;10085421608;B
20240410;110636;162.54;180;10085421609;B
20240410;110636;162.54;550;10085421610;B
20240410;110636;162.52;200;10085421781;S
20240410;110637;162.54;20;10085421804;B
20240410;110637;162.54;10;10085421995;B
20240410;110638;162.52;10;10085422187;S
20240410;110638;162.52;440;10085422205;S
20240410;110638;162.52;2000;10085422206;S
20240410;110638;162.52;30;10085422207;S
20240410;110638;162.5;710;10085422208;S
20240410;110638;162.5;200;10085422209;S
20240410;110638;162.5;30;10085422210;S
20240410;110638;162.5;40;10085422211;S
20240410;110638;162.5;10;10085422212;S
20240410;110638;162.5;10;10085422213;S
20240410;110638;162.5;1530;10085422214;S
20240410;110639;162.54;10;10085422231;B
20240410;110639;162.54;100;10085422238;B
20240410;110640;162.5;40;10085422410;S
20240410;110641;162.5;10;10085422540;B
20240410;110641;162.48;100;10085422655;S
20240410;110641;162.48;70;10085422656;S
20240410;110641;162.48;80;10085422657;S
20240410;110642;162.48;10;10085422787;S
20240410;110642;162.5;10;10085422789;B
20240410;110642;162.52;20;10085422790;B
20240410;110642;162.5;2500;10085422856;B
20240410;110642;162.5;620;10085422857;B
20240410;110642;162.52;980;10085422858;B
20240410;110642;162.52;900;10085422859;B
20240410;110642;162.52;20;10085422895;B
20240410;110644;162.52;20;10085423061;B
20240410;110646;162.52;100;10085423397;B
20240410;110646;162.52;900;10085423398;B
20240410;110646;162.52;150;10085423404;B
20240410;110647;162.5;100;10085423519;S
20240410;110647;162.5;100;10085423520;S
20240410;110647;162.48;200;10085423587;S
20240410;110647;162.5;30;10085423630;B
20240410;110648;162.5;10;10085423794;B
20240410;110648;162.5;50;10085423886;B
20240410;110648;162.48;10;10085423895;S
20240410;110649;162.48;200;10085424232;S
20240410;110651;162.48;20;10085424515;S
20240410;110652;162.48;80;10085424651;S
20240410;110652;162.48;320;10085424652;S
20240410;110652;162.5;10;10085424732;B
20240410;110652;162.48;60;10085424766;S
20240410;110652;162.48;130;10085424767;S
20240410;110652;162.48;10;10085424768;S
20240410;110652;162.48;40;10085424769;S
20240410;110653;162.46;20;10085425014;S
20240410;110653;162.48;150;10085425015;B
20240410;110653;162.46;10;10085425109;S
20240410;110655;162.48;10;10085425370;B
20240410;110655;162.48;40;10085425421;B
20240410;110655;162.48;110;10085425491;B
20240410;110656;162.48;30;10085425611;B
20240410;110657;162.46;30;10085425778;S
20240410;110657;162.46;40;10085425823;S
20240410;110657;162.46;260;10085425824;S
20240410;110658;162.48;10;10085425953;B
20240410;110658;162.48;10;10085425992;B
20240410;110658;162.48;900;10085425994;B
20240410;110658;162.48;410;10085425995;B
20240410;110658;162.48;810;10085426033;B
20240410;110658;162.48;10;10085426034;B
20240410;110658;162.48;480;10085426035;B
20240410;110658;162.48;40;10085426054;B
20240410;110658;162.48;10;10085426092;B
20240410;110700;162.46;20;10085426257;S
20240410;110702;162.48;40;10085426680;B
20240410;110702;162.46;120;10085426682;S
20240410;110702;162.46;180;10085426683;S
20240410;110702;162.46;10;10085426684;S
20240410;110702;162.44;20;10085426685;S
20240410;110702;162.44;180;10085426686;S
20240410;110702;162.42;2000;10085426687;S
20240410;110702;162.42;10;10085426688;S
20240410;110702;162.42;1010;10085426689;S
20240410;110702;162.42;6470;10085426690;B
20240410;110702;162.44;10;10085426783;B
20240410;110702;162.44;510;10085426784;B
20240410;110702;162.44;50;10085426785;B
20240410;110702;162.46;430;10085426786;B
20240410;110703;162.44;180;10085426820;B
20240410;110703;162.46;110;10085426821;B
20240410;110703;162.46;290;10085426860;B
20240410;110703;162.46;710;10085426861;B
20240410;110703;162.46;250;10085426911;B
20240410;110703;162.48;40;10085426912;B
20240410;110703;162.48;2500;10085426913;B
20240410;110703;162.48;770;10085426914;B
20240410;110703;162.5;200;10085426915;B
20240410;110703;162.5;580;10085426916;B
20240410;110703;162.5;10;10085426917;B
20240410;110703;162.5;250;10085426918;B
20240410;110703;162.44;3950;10085426951;B
20240410;110704;162.46;10;10085427040;B
20240410;110704;162.5;120;10085427041;B
20240410;110704;162.5;370;10085427042;B
20240410;110707;162.5;60;10085427741;B
20240410;110709;162.5;10;10085428196;B
20240410;110709;162.46;180;10085428248;S
20240410;110709;162.46;200;10085428249;S
20240410;110709;162.44;350;10085428250;S
20240410;110709;162.44;1000;10085428251;S
20240410;110709;162.42;1220;10085428252;S
20240410;110709;162.42;760;10085428253;S
20240410;110709;162.4;2260;10085428254;S
20240410;110709;162.4;50;10085428255;S
20240410;110717;162.42;50;10085429825;S
20240410;110717;162.4;1450;10085429826;S
20240410;110717;162.4;500;10085429827;S
20240410;110717;162.4;10;10085429828;S
20240410;110717;162.4;350;10085429829;S
20240410;110717;162.4;50;10085429830;S
20240410;110717;162.4;10;10085429831;S
20240410;110717;162.4;380;10085429832;S
20240410;110717;162.4;380;10085429833;S
20240410;110717;162.4;50;10085429834;S
20240410;110717;162.4;10;10085429835;S
20240410;110717;162.4;500;10085429836;S
20240410;110717;162.38;840;10085429837;S
20240410;110717;162.38;10;10085429838;S
20240410;110717;162.38;10;10085429839;S
20240410;110717;162.38;430;10085429840;S
20240410;110717;162.38;190;10085429841;S
20240410;110717;162.38;400;10085429842;S
20240410;110717;162.36;100;10085429843;S
20240410;110717;162.36;10;10085429844;S
20240410;110717;162.36;200;10085429845;S
20240410;110717;162.36;1030;10085429846;S
20240410;110717;162.36;10;10085429879;S
20240410;110718;162.46;10;10085429987;B
20240410;110721;162.4;100;10085430452;S
20240410;110721;162.4;30;10085430453;S
20240410;110723;162.4;30;10085430669;B
20240410;110723;162.42;30;10085430670;B
20240410;110724;162.36;50;10085430883;S
20240410;110724;162.36;10;10085430884;S
20240410;110724;162.36;160;10085430885;S
20240410;110724;162.34;460;10085430886;S
20240410;110724;162.34;2620;10085430887;S
20240410;110724;162.34;3550;10085430888;S
20240410;110724;162.42;100;10085430905;B
20240410;110726;162.32;30;10085431233;S
20240410;110726;162.32;50;10085431234;S
20240410;110726;162.32;190;10085431235;S
20240410;110726;162.32;150;10085431236;S
20240410;110726;162.3;100;10085431237;S
20240410;110726;162.3;10;10085431238;S
20240410;110726;162.3;60;10085431239;S
20240410;110726;162.3;10;10085431240;S
20240410;110726;162.3;7500;10085431241;S
20240410;110726;162.3;1900;10085431242;S
20240410;110727;162.36;10;10085431326;B
20240410;110727;162.4;1000;10085431348;S
20240410;110727;162.32;50;10085431349;S
20240410;110727;162.32;190;10085431350;S
20240410;110727;162.3;100;10085431351;S
20240410;110727;162.3;110;10085431352;S
20240410;110727;162.3;2550;10085431353;S
20240410;110727;162.42;60;10085431380;B
20240410;110727;162.42;10;10085431381;B
20240410;110727;162.42;10;10085431382;B
20240410;110727;162.42;10;10085431383;B
20240410;110727;162.42;10;10085431384;B
20240410;110727;162.42;1220;10085431385;B
20240410;110727;162.44;400;10085431386;B
20240410;110727;162.44;280;10085431387;B
20240410;110728;162.3;10;10085431501;S
20240410;110729;162.3;190;10085431631;S
20240410;110729;162.3;30;10085431632;S
20240410;110729;162.3;200;10085431633;S
20240410;110729;162.28;880;10085431634;S
20240410;110730;162.34;10;10085431841;B
20240410;110733;162.38;200;10085432299;B
20240410;110733;162.38;10;10085432300;B
20240410;110733;162.4;50;10085432301;B
20240410;110733;162.42;340;10085432302;B
20240410;110734;162.4;100;10085432374;B
20240410;110737;162.34;250;10085433040;S
20240410;110738;162.4;10;10085433188;B
20240410;110739;162.34;150;10085433312;S
20240410;110739;162.34;150;10085433316;S
20240410;110745;162.34;200;10085434418;S
20240410;110746;162.34;100;10085434456;S
20240410;110747;162.4;10;10085434644;B
20240410;110750;162.4;80;10085435139;B
20240410;110750;162.4;20;10085435140;B
20240410;110751;162.34;30;10085435442;S
20240410;110751;162.34;120;10085435443;S
20240410;110752;162.32;70;10085435551;S
20240410;110753;162.38;10;10085435660;B
20240410;110753;162.38;10;10085435761;B
20240410;110753;162.38;150;10085435784;B
20240410;110753;162.38;530;10085435785;B
20240410;110753;162.4;350;10085435786;B
20240410;110753;162.4;10;10085435787;B
20240410;110753;162.4;500;10085435788;B
20240410;110753;162.4;50;10085435789;B
20240410;110753;162.4;380;10085435790;B
20240410;110753;162.42;1140;10085435791;B
20240410;110753;162.42;840;10085435792;B
20240410;110753;162.42;190;10085435793;B
20240410;110753;162.42;390;10085435794;B
20240410;110753;162.44;3660;10085435795;B
20240410;110753;162.44;1810;10085435796;B
20240410;110800;162.44;800;10085436464;B
20240410;110800;162.46;20;10085436465;B
20240410;110800;162.46;180;10085436466;B
20240410;110801;162.4;40;10085436559;S
20240410;110801;162.4;60;10085436560;S
20240410;110802;162.4;190;10085436763;S
20240410;110806;162.42;20;10085437231;B
20240410;110808;162.4;250;10085437463;S
20240410;110808;162.42;350;10085437523;B
20240410;110808;162.4;100;10085437555;S
20240410;110810;162.42;10;10085437735;B
20240410;110810;162.4;100;10085437769;S
20240410;110811;162.4;50;10085437860;S
20240410;110814;162.42;10;10085438209;B
20240410;110814;162.4;10;10085438252;S
20240410;110816;162.42;10;10085438403;B
20240410;110817;162.42;1000;10085438609;B
20240410;110819;162.42;60;10085438948;B
20240410;110820;162.42;10;10085438997;B
20240410;110821;162.42;160;10085439178;B
20240410;110824;162.42;10;10085439561;B
20240410;110825;162.4;20;10085439689;S
20240410;110825;162.4;450;10085439783;S
20240410;110825;162.42;1000;10085439801;B
20240410;110827;162.42;40;10085440025;B
20240410;110829;162.42;760;10085440337;B
20240410;110829;162.42;520;10085440338;B
20240410;110829;162.42;10;10085440339;B
20240410;110829;162.42;500;10085440340;B
20240410;110829;162.42;10;10085440341;B
20240410;110829;162.42;30;10085440342;B
20240410;110829;162.42;90;10085440343;B
20240410;110830;162.44;10;10085440595;B
20240410;110830;162.44;10;10085440615;B
20240410;110831;162.42;680;10085440700;S
20240410;110831;162.42;40;10085440701;S
20240410;110831;162.42;200;10085440702;S
20240410;110831;162.4;20;10085440703;S
20240410;110831;162.4;70;10085440704;S
20240410;110831;162.4;30;10085440705;S
20240410;110831;162.4;10;10085440706;S
20240410;110831;162.4;10;10085440707;S
20240410;110831;162.4;1720;10085440708;S
20240410;110831;162.4;200;10085440709;S
20240410;110831;162.4;10;10085440710;S
20240410;110831;162.4;10;10085440711;S
20240410;110831;162.4;100;10085440712;S
20240410;110831;162.4;10;10085440713;S
20240410;110831;162.36;200;10085440714;S
20240410;110831;162.36;1000;10085440715;S
20240410;110831;162.36;260;10085440716;S
20240410;110831;162.34;10;10085440717;S
20240410;110831;162.42;180;10085440754;B
20240410;110831;162.44;70;10085440755;B
20240410;110834;162.42;20;10085441101;B
20240410;110834;162.42;540;10085441102;B
20240410;110836;162.44;10;10085441255;B
20240410;110836;162.42;30;10085441290;S
20240410;110836;162.44;300;10085441357;B
20240410;110836;162.44;300;10085441358;B
20240410;110836;162.44;10;10085441359;B
20240410;110836;162.44;30;10085441360;B
20240410;110836;162.44;40;10085441361;B
20240410;110836;162.44;10;10085441362;B
20240410;110836;162.46;2320;10085441363;B
20240410;110836;162.46;30;10085441364;B
20240410;110836;162.46;1240;10085441365;B
20240410;110836;162.46;20;10085441366;B
20240410;110836;162.48;100;10085441367;B
20240410;110836;162.48;1620;10085441368;B
20240410;110836;162.5;630;10085441369;B
20240410;110836;162.5;50;10085441370;B
20240410;110836;162.5;1980;10085441371;B
20240410;110836;162.52;10;10085441372;B
20240410;110836;162.52;310;10085441373;B
20240410;110837;162.52;900;10085441476;B
20240410;110843;162.52;20;10085442468;B
20240410;110845;162.52;10;10085442803;B
20240410;110847;162.46;10;10085443148;S
20240410;110850;162.5;10;10085443740;B
20240410;110850;162.52;190;10085443741;B
20240410;110850;162.48;40;10085443908;B
20240410;110851;162.48;2000;10085443988;B
20240410;110853;162.48;10;10085444571;B
20240410;110853;162.48;200;10085444628;B
20240410;110853;162.48;20;10085444649;B
20240410;110854;162.46;170;10085444919;S
20240410;110854;162.46;30;10085444920;S
20240410;110855;162.44;300;10085445044;S
20240410;110856;162.48;1590;10085445225;B
20240410;110856;162.48;260;10085445226;B
20240410;110857;162.44;10;10085445506;S
20240410;110859;162.48;100;10085446006;B
20240410;110859;162.44;10;10085446043;S
20240410;110900;162.48;90;10085446116;B
20240410;110900;162.48;170;10085446117;B
20240410;110900;162.5;490;10085446118;B
20240410;110900;162.5;730;10085446119;B
20240410;110900;162.5;20;10085446120;B
20240410;110902;162.5;20;10085446708;B
20240410;110908;162.5;10;10085447619;B
20240410;110909;162.48;10;10085447726;S
20240410;110909;162.48;130;10085447727;S
20240410;110909;162.46;10;10085447728;S
20240410;110909;162.46;1000;10085447729;S
20240410;110909;162.44;550;10085447730;S
20240410;110910;162.5;10;10085447875;B
20240410;110910;162.5;40;10085447938;B
20240410;110910;162.5;50;10085447939;B
20240410;110911;162.48;10;10085447978;S
20240410;110913;162.48;130;10085448350;B
20240410;110915;162.48;30;10085448694;B
20240410;110917;162.48;10;10085448913;B
20240410;110919;162.48;20;10085449099;B
20240410;110920;162.48;300;10085449305;B
20240410;110920;162.48;350;10085449306;B
20240410;110920;162.48;350;10085449307;B
20240410;110920;162.48;200;10085449337;B
20240410;110921;162.46;10;10085449423;S
20240410;110921;162.46;30;10085449424;S
20240410;110921;162.44;30;10085449425;S
20240410;110921;162.44;130;10085449426;S
20240410;110921;162.44;210;10085449427;S
20240410;110921;162.44;680;10085449428;S
20240410;110923;162.48;120;10085449733;B
20240410;110925;162.48;10;10085449938;B
20240410;110926;162.48;20;10085450097;B
20240410;110926;162.48;10;10085450115;B
20240410;110927;162.48;290;10085450242;B
20240410;110927;162.48;10;10085450243;B
20240410;110928;162.48;10;10085450527;B
20240410;110929;162.48;30;10085450694;B
20240410;110930;162.48;10;10085451307;B
20240410;110931;162.48;60;10085451469;B
20240410;110935;162.46;800;10085452144;S
20240410;110936;162.46;50;10085452261;B
20240410;110937;162.46;40;10085452462;B
20240410;110937;162.46;2370;10085452526;B
20240410;110937;162.46;370;10085452527;B
20240410;110940;162.48;50;10085452888;B
20240410;110940;162.48;170;10085452898;B
20240410;110940;162.48;290;10085452899;B
20240410;110940;162.5;320;10085452900;B
20240410;110940;162.5;500;10085452901;B
20240410;110940;162.5;90;10085452902;B
20240410;110940;162.5;180;10085452903;B
20240410;110940;162.5;310;10085452904;B
20240410;110941;162.52;470;10085452953;B
20240410;110941;162.52;20;10085452954;B
20240410;110941;162.52;150;10085452955;B
20240410;110941;162.52;120;10085452956;B
20240410;110941;162.52;370;10085452957;B
20240410;110941;162.54;10;10085452958;B
20240410;110941;162.54;1960;10085452959;B
20240410;110941;162.5;60;10085453031;S
20240410;110941;162.54;2500;10085453048;B
20240410;110943;162.54;10;10085453229;B
20240410;110943;162.54;4190;10085453301;B
20240410;110943;162.54;10;10085453302;B
20240410;110943;162.54;300;10085453303;B
20240410;110943;162.54;130;10085453314;B
20240410;110943;162.56;500;10085453315;B
20240410;110943;162.56;720;10085453316;B
20240410;110943;162.58;1010;10085453317;B
20240410;110943;162.6;1500;10085453318;B
20240410;110943;162.6;740;10085453319;B
20240410;110943;162.6;1300;10085453320;B
20240410;110943;162.62;100;10085453321;B
20240410;110944;162.62;30;10085453341;B
20240410;110945;162.62;1000;10085453563;B
20240410;110945;162.52;70;10085453749;S
20240410;110945;162.52;130;10085453750;S
20240410;110950;162.6;10;10085454650;B
20240410;110953;162.6;240;10085455187;B
20240410;110953;162.6;370;10085455188;B
20240410;110953;162.62;10;10085455189;B
20240410;110956;162.62;120;10085455585;B
20240410;110956;162.62;170;10085455586;B
20240410;110959;162.62;60;10085456109;B
20240410;111001;162.6;10;10085456475;S
20240410;111001;162.6;190;10085456476;S
20240410;111004;162.62;90;10085456886;B
20240410;111005;162.62;80;10085456966;B
20240410;111005;162.64;250;10085456967;B
20240410;111006;162.64;360;10085457067;B
20240410;111007;162.64;20;10085457245;B
20240410;111009;162.64;10;10085457529;B
20240410;111010;162.62;340;10085457603;S
20240410;111010;162.62;70;10085457604;S
20240410;111010;162.62;490;10085457605;S
20240410;111011;162.64;20;10085457705;B
20240410;111012;162.64;500;10085457894;B
20240410;111012;162.64;10;10085457934;B
20240410;111012;162.64;50;10085457951;B
20240410;111015;162.64;50;10085458335;B
20240410;111015;162.64;1150;10085458450;B
20240410;111016;162.64;310;10085458610;B
20240410;111016;162.64;10;10085458631;B
20240410;111016;162.64;250;10085458742;B
20240410;111017;162.64;500;10085458757;B
20240410;111017;162.64;790;10085458761;B
20240410;111017;162.64;710;10085458762;B
20240410;111017;162.64;10;10085458861;B
20240410;111018;162.64;10;10085458943;B
20240410;111018;162.64;40;10085459007;B
20240410;111018;162.62;250;10085459010;S
20240410;111018;162.64;300;10085459021;B
20240410;111019;162.64;50;10085459048;B
20240410;111019;162.62;100;10085459063;S
20240410;111020;162.64;120;10085459202;B
20240410;111020;162.62;2660;10085459206;S
20240410;111020;162.62;10;10085459207;B
20240410;111020;162.62;10;10085459309;B
20240410;111023;162.6;1310;10085459682;S
20240410;111023;162.6;10;10085459683;S
20240410;111023;162.6;300;10085459684;S
20240410;111023;162.6;300;10085459685;S
20240410;111023;162.58;150;10085459686;S
20240410;111023;162.56;400;10085459687;S
20240410;111023;162.56;30;10085459688;S
20240410;111023;162.54;3500;10085459689;S
20240410;111023;162.6;10;10085459733;B
20240410;111024;162.54;500;10085459873;S
20240410;111024;162.54;500;10085459885;S
20240410;111026;162.56;30;10085460120;B
20240410;111026;162.56;10;10085460216;B
20240410;111027;162.56;110;10085460324;B
20240410;111027;162.56;520;10085460325;B
20240410;111027;162.58;370;10085460326;B
20240410;111028;162.58;200;10085460359;B
20240410;111029;162.58;310;10085460564;B
20240410;111029;162.58;1760;10085460565;B
20240410;111029;162.58;400;10085460566;B
20240410;111029;162.58;100;10085460567;B
20240410;111029;162.6;140;10085460568;B
20240410;111029;162.6;300;10085460569;B
20240410;111029;162.54;600;10085460571;S
20240410;111034;162.58;10;10085461353;S
20240410;111034;162.6;20;10085461355;B
20240410;111034;162.6;290;10085461464;B
20240410;111035;162.6;20;10085461528;B
20240410;111036;162.6;160;10085461777;B
20240410;111036;162.6;500;10085461778;B
20240410;111038;162.6;50;10085462023;S
20240410;111040;162.62;80;10085462178;B
20240410;111040;162.6;10;10085462204;S
20240410;111040;162.62;10;10085462238;B
20240410;111042;162.62;380;10085462448;B
20240410;111042;162.62;440;10085462449;B
20240410;111042;162.64;180;10085462450;B
20240410;111044;162.64;100;10085462660;B
20240410;111044;162.62;10;10085462663;S
20240410;111044;162.64;10;10085462727;B
20240410;111044;162.64;50;10085462728;B
20240410;111045;162.62;1790;10085462901;S
20240410;111045;162.62;20;10085462902;S
20240410;111045;162.62;50;10085462903;S
20240410;111045;162.6;280;10085462904;S
20240410;111045;162.6;700;10085462905;S
20240410;111045;162.58;190;10085462906;S
20240410;111045;162.58;150;10085462907;S
20240410;111045;162.56;400;10085462908;S
20240410;111045;162.56;1220;10085462909;S
20240410;111045;162.56;900;10085462910;S
20240410;111045;162.54;900;10085462911;S
20240410;111045;162.56;800;10085462914;S
20240410;111045;162.62;50;10085462993;B
20240410;111050;162.62;10;10085463718;B
20240410;111050;162.6;10;10085463805;B
20240410;111050;162.6;10;10085463806;B
20240410;111051;162.6;80;10085464041;S
20240410;111053;162.58;20;10085464217;B
20240410;111053;162.58;1260;10085464229;B
20240410;111053;162.58;20;10085464232;B
20240410;111053;162.58;30;10085464238;B
20240410;111053;162.58;10;10085464239;B
20240410;111054;162.6;120;10085464341;B
20240410;111054;162.6;210;10085464342;B
20240410;111054;162.6;1220;10085464375;B
20240410;111056;162.58;620;10085464525;B
20240410;111056;162.6;280;10085464526;B
20240410;111056;162.58;30;10085464594;B
20240410;111057;162.58;100;10085464702;B
20240410;111100;162.58;250;10085465059;B
20240410;111101;162.58;10;10085465168;B
20240410;111102;162.58;10;10085465321;B
20240410;111102;162.58;20;10085465392;B
20240410;111104;162.56;70;10085465595;S
20240410;111110;162.54;500;10085466619;S
20240410;111110;162.54;400;10085466620;S
20240410;111110;162.54;30;10085466621;S
20240410;111110;162.52;500;10085466622;S
20240410;111110;162.52;10;10085466623;S
20240410;111110;162.52;10;10085466624;S
20240410;111110;162.52;550;10085466625;S
20240410;111110;162.56;10;10085466685;B
20240410;111111;162.56;10;10085466835;B
20240410;111112;162.56;10;10085466915;B
20240410;111112;162.56;100;10085466967;B
20240410;111113;162.56;10;10085467136;B
20240410;111119;162.56;10;10085467904;B
20240410;111119;162.56;50;10085468112;B
20240410;111122;162.5;1580;10085468695;S
20240410;111122;162.5;20;10085468696;S
20240410;111122;162.5;500;10085468697;S
20240410;111122;162.5;20;10085468698;S
20240410;111122;162.5;690;10085468699;S
20240410;111122;162.5;100;10085468700;S
20240410;111122;162.5;120;10085468701;S
20240410;111122;162.5;20;10085468702;S
20240410;111122;162.5;150;10085468703;S
20240410;111122;162.5;60;10085468704;S
20240410;111122;162.5;150;10085468705;S
20240410;111122;162.5;200;10085468706;S
20240410;111122;162.5;180;10085468707;S
20240410;111123;162.54;130;10085468789;B
20240410;111123;162.52;200;10085468851;B
20240410;111126;162.52;10;10085469175;B
20240410;111129;162.52;20;10085469577;B
20240410;111131;162.5;230;10085469820;S
20240410;111133;162.52;100;10085470037;B
20240410;111134;162.52;170;10085470194;B
20240410;111134;162.52;400;10085470195;B
20240410;111134;162.54;20;10085470196;B
20240410;111134;162.54;60;10085470197;B
20240410;111135;162.5;40;10085470471;S
20240410;111137;162.54;10;10085470654;B
20240410;111139;162.54;180;10085470863;B
20240410;111140;162.54;190;10085471019;B
20240410;111140;162.56;300;10085471020;B
20240410;111140;162.56;150;10085471021;B
20240410;111140;162.56;360;10085471022;B
20240410;111141;162.52;10;10085471211;S
20240410;111142;162.52;20;10085471332;S
20240410;111143;162.56;30;10085471345;B
20240410;111143;162.56;10;10085471428;B
20240410;111147;162.56;20;10085471918;B
20240410;111147;162.56;680;10085471919;B
20240410;111148;162.54;390;10085471934;S
20240410;111149;162.56;10;10085472101;B
20240410;111149;162.56;10;10085472138;B
20240410;111150;162.54;10;10085472277;S
20240410;111150;162.54;70;10085472278;S
20240410;111150;162.54;60;10085472279;S
20240410;111150;162.54;70;10085472346;B
20240410;111151;162.54;20;10085472394;B
20240410;111151;162.54;2950;10085472450;B
20240410;111151;162.56;310;10085472451;B
20240410;111151;162.56;200;10085472452;B
20240410;111151;162.56;260;10085472453;B
20240410;111151;162.56;150;10085472454;B
20240410;111151;162.56;400;10085472455;B
20240410;111151;162.58;1750;10085472456;B
20240410;111151;162.58;700;10085472457;B
20240410;111151;162.58;200;10085472458;B
20240410;111151;162.58;10;10085472459;B
20240410;111151;162.6;1070;10085472460;B
20240410;111152;162.58;10;10085472493;B
20240410;111152;162.6;80;10085472494;B
20240410;111156;162.58;10;10085473039;B
20240410;111158;162.54;100;10085473376;S
20240410;111158;162.58;10;10085473459;B
20240410;111159;162.54;200;10085473783;S
20240410;111200;162.56;10;10085473860;B
20240410;111202;162.52;30;10085474247;S
20240410;111202;162.52;10;10085474248;S
20240410;111202;162.52;60;10085474249;S
20240410;111203;162.54;70;10085474481;B
20240410;111204;162.54;90;10085474591;B
20240410;111207;162.54;10;10085474999;B
20240410;111210;162.54;10;10085475428;B
20240410;111211;162.54;100;10085475575;B
20240410;111212;162.54;20;10085475690;B
20240410;111213;162.54;1000;10085475782;B
20240410;111213;162.52;20;10085475818;S
20240410;111218;162.54;10;10085476444;B
20240410;111219;162.52;20;10085476508;S
20240410;111219;162.52;10;10085476509;S
20240410;111219;162.52;10;10085476510;S
20240410;111219;162.54;120;10085476606;B
20240410;111219;162.54;50;10085476625;B
20240410;111219;162.52;80;10085476627;S
20240410;111221;162.52;120;10085476864;S
20240410;111221;162.52;10;10085476865;S
20240410;111221;162.52;30;10085476866;S
20240410;111221;162.52;1220;10085476867;S
20240410;111221;162.52;10;10085476868;S
20240410;111221;162.52;200;10085476869;S
20240410;111221;162.5;50;10085476870;S
20240410;111221;162.5;360;10085476871;S
20240410;111222;162.54;50;10085476995;B
20240410;111222;162.52;10;10085477032;S
20240410;111223;162.54;60;10085477191;B
20240410;111223;162.54;10;10085477195;B
20240410;111226;162.54;100;10085477567;B
20240410;111227;162.52;50;10085477636;S
20240410;111227;162.54;30;10085477676;B
20240410;111227;162.54;10;10085477722;B
20240410;111228;162.52;320;10085477732;S
20240410;111228;162.5;190;10085477733;S
20240410;111228;162.5;10;10085477734;S
20240410;111228;162.5;750;10085477735;S
20240410;111228;162.5;1220;10085477736;S
20240410;111228;162.5;10;10085477737;S
20240410;111229;162.54;80;10085477848;B
20240410;111230;162.52;50;10085477991;B
20240410;111232;162.52;100;10085478174;B
20240410;111233;162.52;200;10085478298;B
20240410;111233;162.5;1220;10085478301;S
20240410;111233;162.5;1530;10085478302;S
20240410;111233;162.48;50;10085478309;S
20240410;111233;162.48;1000;10085478348;S
20240410;111233;162.48;200;10085478349;S
20240410;111234;162.48;100;10085478372;S
20240410;111234;162.48;1000;10085478446;S
20240410;111235;162.48;3770;10085478507;S
20240410;111235;162.5;70;10085478520;B
20240410;111236;162.5;20;10085478714;B
20240410;111236;162.48;4000;10085478721;S
20240410;111237;162.5;10;10085478920;B
20240410;111239;162.5;100;10085479120;B
20240410;111241;162.48;10;10085479374;S
20240410;111242;162.48;80;10085479467;S
20240410;111242;162.5;10;10085479492;B
20240410;111243;162.5;10;10085479636;B
20240410;111245;162.48;120;10085479773;S
20240410;111245;162.5;10;10085479828;B
20240410;111246;162.5;80;10085479941;B
20240410;111247;162.5;50;10085480058;B
20240410;111247;162.5;50;10085480059;B
20240410;111247;162.5;50;10085480060;B
20240410;111247;162.5;50;10085480061;B
20240410;111247;162.5;50;10085480062;B
20240410;111247;162.5;50;10085480063;B
20240410;111248;162.5;90;10085480145;B
20240410;111249;162.5;100;10085480246;B
20240410;111249;162.5;10;10085480255;B
20240410;111249;162.5;10;10085480282;B
20240410;111250;162.5;390;10085480402;B
20240410;111250;162.5;470;10085480403;B
20240410;111250;162.5;210;10085480404;B
20240410;111250;162.52;50;10085480405;B
20240410;111250;162.52;500;10085480406;B
20240410;111250;162.52;780;10085480407;B
20240410;111250;162.54;1090;10085480408;B
20240410;111250;162.54;1220;10085480409;B
20240410;111250;162.56;20;10085480410;B
20240410;111250;162.56;500;10085480411;B
20240410;111250;162.56;80;10085480412;B
20240410;111250;162.56;380;10085480413;B
20240410;111250;162.56;1410;10085480414;B
20240410;111250;162.58;380;10085480415;B
20240410;111253;162.56;70;10085480705;S
20240410;111256;162.54;70;10085480995;S
20240410;111300;162.58;70;10085481446;B
20240410;111300;162.58;440;10085481447;B
20240410;111302;162.6;20;10085481585;B
20240410;111303;162.6;1720;10085481741;B
20240410;111305;162.6;500;10085481908;B
20240410;111306;162.6;10;10085482088;B
20240410;111307;162.6;10;10085482225;B
20240410;111307;162.58;430;10085482230;S
20240410;111307;162.58;1150;10085482233;S
20240410;111310;162.6;10;10085482628;B
20240410;111311;162.58;10;10085482665;S
20240410;111315;162.58;20;10085483302;S
20240410;111315;162.6;10;10085483320;B
20240410;111318;162.6;10;10085483646;B
20240410;111318;162.58;300;10085483689;S
20240410;111318;162.6;10;10085483717;B
20240410;111319;162.6;20;10085483906;B
20240410;111320;162.58;380;10085483957;S
20240410;111320;162.58;60;10085483958;S
20240410;111320;162.58;100;10085483959;S
20240410;111320;162.58;10;10085483960;S
20240410;111320;162.58;10;10085483961;S
20240410;111321;162.58;10;10085484143;B
20240410;111322;162.54;10;10085484159;S
20240410;111325;162.56;30;10085484617;B
20240410;111326;162.56;100;10085484769;B
20240410;111327;162.56;10;10085485018;B
20240410;111328;162.56;90;10085485029;B
20240410;111328;162.54;50;10085485132;S
20240410;111328;162.54;50;10085485133;S
20240410;111329;162.56;190;10085485194;B
20240410;111335;162.56;10;10085486083;B
20240410;111336;162.56;990;10085486280;B
20240410;111336;162.56;480;10085486281;B
20240410;111336;162.56;10;10085486282;B
20240410;111336;162.56;20;10085486287;S
20240410;111338;162.54;100;10085486499;S
20240410;111338;162.54;30;10085486500;S
20240410;111339;162.54;30;10085486654;S
20240410;111340;162.56;10;10085486696;B
20240410;111341;162.56;10;10085486918;B
20240410;111342;162.54;10;10085486998;S
20240410;111344;162.56;10;10085487244;B
20240410;111346;162.54;150;10085487483;S
20240410;111347;162.56;450;10085487582;B
20240410;111347;162.56;50;10085487583;B
20240410;111347;162.56;10;10085487585;B
20240410;111347;162.54;200;10085487607;S
20240410;111351;162.56;390;10085488076;B
20240410;111353;162.56;10;10085488330;S
20240410;111356;162.58;250;10085488749;B
20240410;111356;162.56;30;10085488800;S
20240410;111357;162.58;200;10085488815;B
20240410;111357;162.58;30;10085488917;B
20240410;111400;162.56;990;10085489276;S
20240410;111400;162.56;40;10085489277;S
20240410;111400;162.56;10;10085489278;S
20240410;111400;162.56;1090;10085489279;S
20240410;111400;162.56;10;10085489280;S
20240410;111400;162.54;10;10085489339;S
20240410;111400;162.56;130;10085489450;B
20240410;111401;162.54;40;10085489552;S
20240410;111402;162.56;10;10085489683;B
20240410;111403;162.56;10;10085489818;B
20240410;111403;162.56;20;10085489856;B
20240410;111405;162.56;70;10085490000;B
20240410;111405;162.54;320;10085490008;S
20240410;111405;162.54;100;10085490009;S
20240410;111405;162.54;20;10085490010;S
20240410;111405;162.54;500;10085490011;S
20240410;111405;162.54;1500;10085490012;S
20240410;111405;162.54;20;10085490013;S
20240410;111406;162.52;150;10085490118;S
20240410;111406;162.52;10;10085490119;S
20240410;111406;162.52;10;10085490120;S
20240410;111406;162.5;2570;10085490121;S
20240410;111408;162.5;13000;10085490397;S
20240410;111408;162.5;9430;10085490398;S
20240410;111408;162.5;1000;10085490399;S
20240410;111408;162.5;50;10085490400;S
20240410;111408;162.5;10;10085490401;S
20240410;111408;162.5;100;10085490402;S
20240410;111408;162.5;600;10085490403;S
20240410;111408;162.5;30;10085490404;S
20240410;111408;162.48;720;10085490405;S
20240410;111408;162.48;10;10085490406;S
20240410;111408;162.48;50;10085490407;S
20240410;111408;162.48;40;10085490408;S
20240410;111408;162.5;200;10085490452;B
20240410;111408;162.5;300;10085490453;B
20240410;111408;162.46;40;10085490471;S
20240410;111408;162.46;150;10085490472;S
20240410;111408;162.44;510;10085490473;S
20240410;111409;162.48;150;10085490607;B
20240410;111409;162.5;150;10085490608;B
20240410;111409;162.48;10;10085490609;B
20240410;111410;162.44;10;10085490654;S
20240410;111410;162.46;10;10085490727;S
20240410;111410;162.44;90;10085490728;S
20240410;111410;162.48;10;10085490801;B
20240410;111417;162.44;90;10085491670;S
20240410;111417;162.44;10;10085491671;S
20240410;111419;162.46;500;10085492179;B
20240410;111423;162.46;10;10085492639;B
20240410;111424;162.46;20;10085492690;B
20240410;111427;162.42;80;10085493051;S
20240410;111429;162.44;10;10085493327;B
20240410;111431;162.44;30;10085493715;B
20240410;111432;162.42;10;10085493812;S
20240410;111432;162.44;470;10085493857;B
20240410;111432;162.44;530;10085493858;B
20240410;111433;162.44;10;10085493993;B
20240410;111434;162.44;10;10085494065;B
20240410;111435;162.46;10;10085494267;B
20240410;111436;162.46;10;10085494375;B
20240410;111437;162.46;300;10085494516;B
20240410;111438;162.44;10;10085494620;S
20240410;111441;162.46;100;10085494903;B
20240410;111441;162.46;10;10085494937;B
20240410;111442;162.44;10;10085495093;S
20240410;111443;162.46;30;10085495120;B
20240410;111444;162.46;10;10085495230;B
20240410;111444;162.46;10;10085495318;B
20240410;111444;162.44;30;10085495322;S
20240410;111444;162.44;960;10085495323;S
20240410;111444;162.44;20;10085495324;S
20240410;111444;162.42;3820;10085495325;S
20240410;111444;162.42;200;10085495326;S
20240410;111444;162.42;20;10085495327;S
20240410;111444;162.42;130;10085495328;S
20240410;111444;162.42;10;10085495329;S
20240410;111444;162.42;40;10085495330;S
20240410;111444;162.42;1130;10085495331;S
20240410;111447;162.46;600;10085495758;B
20240410;111447;162.46;30;10085495806;B
20240410;111449;162.46;30;10085496025;B
20240410;111449;162.46;470;10085496026;B
20240410;111450;162.44;100;10085496106;B
20240410;111450;162.44;10;10085496118;B
20240410;111451;162.42;1770;10085496242;S
20240410;111452;162.44;10;10085496450;B
20240410;111452;162.44;3470;10085496475;B
20240410;111452;162.44;450;10085496476;B
20240410;111452;162.44;1080;10085496477;B
20240410;111455;162.46;10;10085496779;B
20240410;111455;162.46;20;10085496786;B
20240410;111455;162.46;40;10085496787;B
20240410;111455;162.46;340;10085496788;B
20240410;111456;162.42;300;10085496900;S
20240410;111459;162.46;10;10085497113;B
20240410;111459;162.44;10;10085497218;B
20240410;111459;162.46;390;10085497219;B
20240410;111504;162.46;190;10085498049;B
20240410;111505;162.46;100;10085498057;B
20240410;111505;162.46;50;10085498109;B
20240410;111505;162.46;10;10085498304;B
20240410;111508;162.46;10;10085498652;B
20240410;111509;162.44;150;10085498746;S
20240410;111509;162.46;10;10085498796;B
20240410;111509;162.46;40;10085498802;B
20240410;111509;162.46;170;10085498807;B
20240410;111509;162.46;70;10085498808;B
20240410;111509;162.46;500;10085498809;B
20240410;111509;162.48;110;10085498810;B
20240410;111510;162.44;20;10085498867;S
20240410;111510;162.46;560;10085498961;S
20240410;111513;162.46;300;10085499237;S
20240410;111513;162.48;20;10085499322;B
20240410;111513;162.48;30;10085499323;B
20240410;111517;162.46;80;10085499727;S
20240410;111524;162.48;60;10085500553;B
20240410;111525;162.48;500;10085500676;B
20240410;111525;162.46;60;10085500712;S
20240410;111525;162.46;40;10085500713;S
20240410;111525;162.46;100;10085500714;S
20240410;111527;162.48;10;10085500951;B
20240410;111527;162.48;140;10085500952;B
20240410;111527;162.48;300;10085500963;B
20240410;111527;162.48;10;10085500994;B
20240410;111529;162.46;10;10085501168;S
20240410;111530;162.46;100;10085501315;S
20240410;111531;162.48;10;10085501414;B
20240410;111531;162.48;230;10085501430;B
20240410;111531;162.48;240;10085501431;B
20240410;111531;162.5;530;10085501432;B
20240410;111531;162.46;80;10085501441;S
20240410;111534;162.48;10;10085501758;B
20240410;111535;162.46;810;10085501893;S
20240410;111535;162.46;150;10085501894;S
20240410;111536;162.46;10;10085502075;B
20240410;111536;162.46;20;10085502088;B
20240410;111536;162.44;10;10085502138;S
20240410;111536;162.44;690;10085502139;S
20240410;111536;162.44;150;10085502145;S
20240410;111538;162.46;350;10085502295;B
20240410;111538;162.46;100;10085502401;B
20240410;111539;162.44;700;10085502476;S
20240410;111539;162.46;110;10085502487;B
20240410;111540;162.46;10;10085502590;B
20240410;111541;162.46;50;10085502749;B
20240410;111542;162.46;50;10085502829;B
20240410;111542;162.44;80;10085502879;S
20240410;111544;162.46;10;10085503104;B
20240410;111545;162.44;380;10085503306;S
20240410;111545;162.44;10;10085503307;S
20240410;111545;162.44;10;10085503308;S
20240410;111545;162.44;10;10085503309;S
20240410;111545;162.44;20;10085503310;S
20240410;111545;162.44;10;10085503311;S
20240410;111547;162.44;30;10085503558;B
20240410;111549;162.44;10;10085503939;B
20240410;111550;162.44;10;10085504016;B
20240410;111551;162.42;10;10085504205;S
20240410;111551;162.42;10;10085504206;S
20240410;111551;162.42;20;10085504207;S
20240410;111552;162.44;60;10085504292;B
20240410;111553;162.42;40;10085504458;S
20240410;111553;162.42;100;10085504459;S
20240410;111555;162.42;30;10085504690;B
20240410;111555;162.42;10;10085504716;B
20240410;111556;162.42;10;10085504939;B
20240410;111557;162.4;10;10085504983;S
20240410;111557;162.42;50;10085504999;B
20240410;111557;162.42;70;10085505116;B
20240410;111559;162.4;70;10085505587;S
20240410;111559;162.4;20;10085505588;S
20240410;111559;162.4;50;10085505589;S
20240410;111559;162.4;20;10085505590;S
20240410;111559;162.4;30;10085505591;S
20240410;111559;162.4;180;10085505592;S
20240410;111600;162.4;20;10085505821;S
20240410;111600;162.4;20;10085505822;S
20240410;111600;162.4;50;10085505823;S
20240410;111600;162.4;10;10085505824;S
20240410;111600;162.4;10;10085505891;S
20240410;111600;162.4;600;10085506047;S
20240410;111602;162.42;10;10085506229;B
20240410;111602;162.4;80;10085506296;S
20240410;111603;162.4;50;10085506366;S
20240410;111609;162.4;180;10085507089;S
20240410;111609;162.4;10;10085507101;S
20240410;111612;162.42;180;10085507659;B
20240410;111612;162.42;160;10085507660;B
20240410;111612;162.42;100;10085507661;B
20240410;111612;162.42;630;10085507662;B
20240410;111612;162.44;130;10085507663;B
20240410;111612;162.44;10;10085507664;B
20240410;111612;162.44;10;10085507665;B
20240410;111612;162.4;150;10085507681;S
20240410;111612;162.4;4170;10085507685;S
20240410;111612;162.4;20;10085507686;S
20240410;111612;162.4;10;10085507687;S
20240410;111612;162.4;10;10085507688;S
20240410;111614;162.42;150;10085507862;B
20240410;111618;162.44;10;10085508379;B
20240410;111620;162.42;20;10085508612;B
20240410;111621;162.4;2070;10085508659;S
20240410;111621;162.42;50;10085508690;B
20240410;111621;162.4;100;10085508721;S
20240410;111622;162.42;100;10085508835;B
20240410;111623;162.4;30;10085509003;S
20240410;111626;162.42;10;10085509367;B
20240410;111626;162.4;60;10085509375;S
20240410;111626;162.4;100;10085509376;S
20240410;111626;162.4;420;10085509377;S
20240410;111628;162.42;1000;10085509663;B
20240410;111628;162.4;60;10085509665;S
20240410;111629;162.42;2480;10085509746;B
20240410;111629;162.42;20;10085509747;B
20240410;111629;162.42;190;10085509768;B
20240410;111629;162.42;670;10085509769;B
20240410;111629;162.42;40;10085509770;B
20240410;111629;162.42;280;10085509771;B
20240410;111629;162.42;1320;10085509772;B
20240410;111629;162.4;130;10085509803;S
20240410;111629;162.4;200;10085509804;S
20240410;111629;162.4;30;10085509805;S
20240410;111629;162.4;370;10085509806;S
20240410;111629;162.4;260;10085509808;S
20240410;111629;162.4;210;10085509809;S
20240410;111630;162.4;10;10085509908;S
20240410;111631;162.4;3550;10085510032;S
20240410;111631;162.4;1810;10085510033;S
20240410;111631;162.4;250;10085510101;S
20240410;111631;162.4;90;10085510103;S
20240410;111631;162.4;550;10085510105;S
20240410;111631;162.4;210;10085510109;S
20240410;111634;162.4;4960;10085510579;S
20240410;111634;162.4;10;10085510580;S
20240410;111634;162.4;30;10085510581;S
20240410;111634;162.4;50;10085510597;S
20240410;111634;162.4;340;10085510622;S
20240410;111634;162.4;370;10085510623;S
20240410;111634;162.4;280;10085510626;S
20240410;111635;162.42;120;10085510827;B
20240410;111636;162.4;250;10085510935;S
20240410;111636;162.4;150;10085510936;S
20240410;111636;162.4;370;10085510937;S
20240410;111636;162.4;250;10085510940;S
20240410;111638;162.42;150;10085511239;B
20240410;111638;162.4;1000;10085511244;S
20240410;111638;162.4;200;10085511322;S
20240410;111638;162.4;110;10085511324;S
20240410;111638;162.4;420;10085511325;S
20240410;111638;162.4;310;10085511327;S
20240410;111640;162.4;790;10085511480;S
20240410;111640;162.4;10;10085511481;S
20240410;111640;162.42;10;10085511587;B
20240410;111641;162.4;310;10085511716;S
20240410;111641;162.4;470;10085511717;S
20240410;111641;162.4;50;10085511718;S
20240410;111641;162.4;270;10085511719;S
20240410;111641;162.42;30;10085511736;B
20240410;111642;162.42;10;10085511759;B
20240410;111642;162.42;10;10085511819;B
20240410;111642;162.42;440;10085511828;B
20240410;111642;162.42;140;10085511829;B
20240410;111642;162.42;10;10085511833;B
20240410;111643;162.4;50;10085511973;S
20240410;111643;162.4;280;10085511974;S
20240410;111643;162.4;250;10085511975;S
20240410;111643;162.4;110;10085511976;S
20240410;111643;162.4;260;10085511977;S
20240410;111643;162.4;50;10085511978;S
20240410;111644;162.4;50;10085512030;S
20240410;111645;162.4;100;10085512182;S
20240410;111645;162.4;10;10085512183;S
20240410;111645;162.4;70;10085512184;S
20240410;111645;162.38;50;10085512185;S
20240410;111645;162.38;10;10085512186;S
20240410;111645;162.38;20;10085512187;S
20240410;111645;162.38;80;10085512188;S
20240410;111645;162.38;150;10085512189;S
20240410;111645;162.38;10;10085512190;S
20240410;111645;162.38;10;10085512191;S
20240410;111645;162.38;10;10085512192;S
20240410;111645;162.36;50;10085512195;S
20240410;111645;162.36;20;10085512196;S
20240410;111645;162.36;330;10085512204;S
20240410;111645;162.36;30;10085512205;S
20240410;111645;162.36;10;10085512206;S
20240410;111645;162.36;20;10085512207;S
20240410;111645;162.36;400;10085512208;S
20240410;111645;162.34;100;10085512209;S
20240410;111645;162.34;30;10085512210;S
20240410;111645;162.32;100;10085512211;S
20240410;111645;162.32;100;10085512212;S
20240410;111645;162.32;400;10085512213;S
20240410;111645;162.32;160;10085512214;S
20240410;111645;162.32;2660;10085512215;S
20240410;111645;162.3;100;10085512216;S
20240410;111645;162.3;20;10085512217;S
20240410;111645;162.3;10;10085512218;S
20240410;111645;162.3;20;10085512219;S
20240410;111645;162.3;10;10085512220;S
20240410;111645;162.3;500;10085512221;S
20240410;111645;162.28;200;10085512223;S
20240410;111645;162.28;2420;10085512228;S
20240410;111645;162.28;200;10085512229;S
20240410;111645;162.28;300;10085512230;S
20240410;111645;162.28;60;10085512231;S
20240410;111645;162.28;10;10085512232;S
20240410;111645;162.28;840;10085512233;S
20240410;111645;162.26;1170;10085512234;S
20240410;111645;162.26;100;10085512244;S
20240410;111646;162.3;2000;10085512394;S
20240410;111647;162.32;150;10085512614;B
20240410;111647;162.36;470;10085512615;B
20240410;111647;162.38;10;10085512719;B
20240410;111648;162.3;930;10085512840;S
20240410;111648;162.3;70;10085512841;S
20240410;111650;162.34;200;10085513213;B
20240410;111650;162.36;3300;10085513214;B
20240410;111651;162.36;330;10085513366;B
20240410;111702;162.3;19830;10085515068;S
20240410;111702;162.3;150;10085515069;S
20240410;111702;162.3;20;10085515070;S
20240410;111704;162.3;200;10085515441;S
20240410;111709;162.32;20;10085516142;B
20240410;111716;162.32;10;10085517312;B
20240410;111717;162.32;10;10085517412;B
20240410;111719;162.32;50;10085517642;B
20240410;111720;162.3;100;10085517842;S
20240410;111720;162.32;10;10085517931;B
20240410;111723;162.3;170;10085518300;S
20240410;111723;162.3;980;10085518341;S
20240410;111725;162.32;50;10085518629;B
20240410;111726;162.3;20;10085518903;S
20240410;111726;162.32;20;10085518966;B
20240410;111726;162.3;250;10085519025;S
20240410;111727;162.32;10;10085519125;B
20240410;111727;162.3;90;10085519211;S
20240410;111728;162.3;430;10085519343;S
20240410;111728;162.32;20;10085519426;B
20240410;111729;162.32;390;10085519456;B
20240410;111729;162.32;890;10085519457;B
20240410;111730;162.3;30;10085519587;S
20240410;111730;162.3;10;10085519588;S
20240410;111730;162.3;150;10085519601;B
20240410;111732;162.3;10;10085519851;B
20240410;111733;162.28;10;10085519982;S
20240410;111733;162.28;750;10085519983;S
20240410;111733;162.26;1240;10085519984;S
20240410;111737;162.26;990;10085520513;S
20240410;111737;162.26;50;10085520514;S
20240410;111737;162.26;10;10085520515;S
20240410;111737;162.26;60;10085520516;S
20240410;111737;162.24;300;10085520517;S
20240410;111737;162.24;10;10085520518;S
20240410;111737;162.24;200;10085520519;S
20240410;111737;162.24;3660;10085520520;S
20240410;111737;162.24;500;10085520521;S
20240410;111737;162.22;40;10085520522;S
20240410;111737;162.22;40;10085520523;S
20240410;111737;162.22;40;10085520524;S
20240410;111737;162.22;7100;10085520525;S
20240410;111738;162.22;10;10085520627;S
20240410;111740;162.24;10;10085520812;B
20240410;111742;162.24;20;10085521184;B
20240410;111743;162.22;200;10085521339;S
20240410;111748;162.24;10;10085522023;B
20240410;111750;162.22;3520;10085522268;S
20240410;111751;162.22;280;10085522410;S
20240410;111751;162.22;10;10085522411;S
20240410;111751;162.22;10;10085522412;S
20240410;111751;162.2;1060;10085522413;S
20240410;111751;162.2;1840;10085522414;S
20240410;111751;162.24;10;10085522425;B
20240410;111757;162.22;1220;10085523300;S
20240410;111757;162.2;20;10085523330;S
20240410;111758;162.24;30;10085523384;B
20240410;111804;162.24;10;10085524241;B
20240410;111805;162.24;20;10085524372;B
20240410;111805;162.24;20;10085524416;B
20240410;111807;162.22;10;10085524666;S
20240410;111807;162.22;40;10085524667;S
20240410;111807;162.2;150;10085524668;S
20240410;111810;162.24;70;10085525061;B
20240410;111810;162.24;510;10085525062;B
20240410;111810;162.24;420;10085525063;B
20240410;111810;162.24;20;10085525079;B
20240410;111812;162.24;10;10085525271;B
20240410;111812;162.22;440;10085525287;S
20240410;111813;162.24;10;10085525411;B
20240410;111814;162.24;100;10085525483;B
20240410;111817;162.22;10;10085525965;S
20240410;111818;162.22;20;10085526090;S
20240410;111819;162.22;30;10085526183;S
20240410;111824;162.22;100;10085526802;S
20240410;111824;162.24;60;10085526878;B
20240410;111825;162.22;70;10085526967;S
20240410;111826;162.24;100;10085527097;B
20240410;111829;162.24;30;10085527445;B
20240410;111829;162.22;20;10085527453;S
20240410;111830;162.22;60;10085527658;S
20240410;111831;162.24;10;10085527863;B
20240410;111833;162.22;100;10085528475;S
20240410;111835;162.22;40;10085528956;S
20240410;111835;162.22;1190;10085528957;S
20240410;111835;162.22;100;10085528958;S
20240410;111835;162.22;1220;10085528959;S
20240410;111835;162.22;40;10085528960;S
20240410;111835;162.22;640;10085528961;S
20240410;111836;162.24;40;10085529265;B
20240410;111836;162.24;140;10085529266;B
20240410;111836;162.24;20;10085529307;B
20240410;111839;162.22;1360;10085530030;S
20240410;111839;162.22;140;10085530031;S
20240410;111841;162.22;100;10085530528;S
20240410;111842;162.24;50;10085530652;B
20240410;111842;162.22;10;10085530739;S
20240410;111844;162.22;140;10085531047;S
20240410;111844;162.22;1220;10085531048;S
20240410;111844;162.22;20;10085531049;S
20240410;111844;162.2;120;10085531050;S
20240410;111845;162.22;470;10085531237;S
20240410;111847;162.24;10;10085531599;B
20240410;111851;162.22;50;10085532236;S
20240410;111851;162.2;10;10085532237;S
20240410;111855;162.22;500;10085532748;B
20240410;111856;162.24;10;10085532820;B
20240410;111859;162.2;10;10085533110;S
20240410;111900;162.2;10;10085533303;S
20240410;111901;162.2;150;10085533419;S
20240410;111902;162.24;80;10085533502;B
20240410;111905;162.22;230;10085534054;S
20240410;111905;162.22;30;10085534055;S
20240410;111905;162.2;30;10085534056;S
20240410;111906;162.2;200;10085534138;S
20240410;111906;162.22;500;10085534189;B
20240410;111908;162.2;600;10085534415;S
20240410;111913;162.22;3680;10085535060;B
20240410;111913;162.22;820;10085535061;B
20240410;111913;162.22;70;10085535062;B
20240410;111913;162.24;190;10085535063;B
20240410;111913;162.24;10;10085535064;B
20240410;111913;162.24;490;10085535065;B
20240410;111913;162.24;600;10085535066;B
20240410;111913;162.24;30;10085535067;B
20240410;111913;162.24;20;10085535068;B
20240410;111913;162.24;90;10085535069;B
20240410;111914;162.22;60;10085535108;B
20240410;111914;162.22;20;10085535117;B
20240410;111918;162.22;10;10085535626;B
20240410;111918;162.22;1000;10085535761;B
20240410;111920;162.2;360;10085535932;S
20240410;111920;162.2;10;10085535933;S
20240410;111920;162.2;70;10085535934;S
20240410;111920;162.2;610;10085535935;S
20240410;111920;162.2;10;10085535936;S
20240410;111920;162.2;500;10085535937;S
20240410;111920;162.2;1000;10085535938;S
20240410;111920;162.2;50;10085535939;S
20240410;111920;162.2;10;10085535940;S
20240410;111920;162.2;200;10085535941;S
20240410;111920;162.2;100;10085535942;S
20240410;111920;162.2;150;10085535943;S
20240410;111920;162.2;10;10085535944;S
20240410;111920;162.2;120;10085535945;S
20240410;111920;162.2;2780;10085535948;S
20240410;111920;162.2;120;10085535949;S
20240410;111920;162.2;550;10085535950;S
20240410;111921;162.2;10;10085536128;B
20240410;111922;162.2;10;10085536224;B
20240410;111924;162.2;10;10085536448;B
20240410;111925;162.2;80;10085536619;B
20240410;111927;162.2;10;10085536893;B
20240410;111929;162.2;20;10085537128;B
20240410;111930;162.18;2000;10085537321;S
20240410;111931;162.18;20;10085537548;S
20240410;111935;162.2;20;10085537964;B
20240410;111936;162.2;40;10085538227;B
20240410;111936;162.2;20;10085538233;B
20240410;111936;162.2;20;10085538319;B
20240410;111937;162.18;140;10085538372;S
20240410;111937;162.2;10;10085538455;B
20240410;111940;162.18;10;10085538873;S
20240410;111941;162.2;190;10085539059;B
20240410;111943;162.18;650;10085539222;S
20240410;111943;162.18;10;10085539223;S
20240410;111943;162.18;20;10085539224;S
20240410;111943;162.18;10;10085539225;S
20240410;111943;162.18;10;10085539226;S
20240410;111945;162.18;130;10085539437;B
20240410;111945;162.2;20;10085539438;B
20240410;111945;162.2;10;10085539439;B
20240410;111945;162.2;740;10085539440;B
20240410;111945;162.2;150;10085539441;B
20240410;111945;162.2;640;10085539442;B
20240410;111945;162.2;1000;10085539443;B
20240410;111945;162.2;10;10085539554;S
20240410;111945;162.2;2800;10085539569;S
20240410;111947;162.22;950;10085540046;B
20240410;111947;162.22;50;10085540047;B
20240410;111948;162.2;500;10085540206;S
20240410;111949;162.22;10;10085540453;B
20240410;111953;162.2;50;10085541261;S
20240410;111956;162.2;500;10085541675;S
20240410;111957;162.2;100;10085542068;S
20240410;112001;162.2;100;10085542983;S
20240410;112001;162.22;10;10085543020;B
20240410;112001;162.22;30;10085543021;B
20240410;112001;162.22;280;10085543022;B
20240410;112001;162.22;290;10085543023;B
20240410;112004;162.2;1070;10085543467;S
20240410;112004;162.2;30;10085543468;S
20240410;112005;162.2;3230;10085543645;S
20240410;112007;162.22;10;10085543994;B
20240410;112008;162.22;30;10085544085;B
20240410;112010;162.22;30;10085544374;B
20240410;112010;162.22;10;10085544375;B
20240410;112010;162.22;10;10085544389;B
20240410;112011;162.22;10;10085544492;B
20240410;112016;162.22;10;10085545207;B
20240410;112020;162.22;150;10085545790;B
20240410;112021;162.2;300;10085545885;S
20240410;112022;162.22;10;10085546179;B
20240410;112025;162.22;30;10085546492;B
20240410;112025;162.22;440;10085546493;B
20240410;112026;162.2;390;10085546756;S
20240410;112026;162.22;20;10085546795;B
20240410;112027;162.2;600;10085546832;S
20240410;112027;162.22;40;10085546930;B
20240410;112027;162.22;10;10085546931;B
20240410;112027;162.22;100;10085547016;B
20240410;112029;162.2;30;10085547279;S
20240410;112031;162.2;50;10085547445;S
20240410;112031;162.22;10;10085547476;B
20240410;112032;162.22;180;10085547620;B
20240410;112033;162.22;20;10085547740;B
20240410;112034;162.22;30;10085547812;B
20240410;112034;162.22;100;10085547826;B
20240410;112034;162.2;80;10085547832;S
20240410;112034;162.2;670;10085547833;S
20240410;112034;162.2;10;10085547870;S
20240410;112034;162.22;30;10085547877;B
20240410;112034;162.22;90;10085547878;B
20240410;112035;162.22;10;10085548016;B
20240410;112036;162.22;70;10085548070;B
20240410;112036;162.22;30;10085548071;B
20240410;112044;162.24;10;10085549062;B
20240410;112046;162.24;50;10085549266;B
20240410;112046;162.24;60;10085549267;B
20240410;112046;162.24;50;10085549268;B
20240410;112046;162.24;150;10085549269;B
20240410;112046;162.24;1350;10085549270;B
20240410;112046;162.24;140;10085549271;B
20240410;112046;162.24;30;10085549272;B
20240410;112046;162.24;2050;10085549273;B
20240410;112046;162.2;70;10085549301;S
20240410;112046;162.2;40;10085549302;S
20240410;112046;162.2;10;10085549303;S
20240410;112046;162.2;10;10085549304;S
20240410;112046;162.2;890;10085549305;S
20240410;112048;162.22;30;10085549581;B
20240410;112048;162.2;1750;10085549654;S
20240410;112048;162.2;100;10085549655;S
20240410;112048;162.2;150;10085549656;S
20240410;112050;162.2;3280;10085549803;S
20240410;112050;162.22;20;10085549835;B
20240410;112051;162.22;50;10085550000;B
20240410;112051;162.22;60;10085550001;B
20240410;112051;162.22;10;10085550069;B
20240410;112052;162.2;700;10085550191;S
20240410;112054;162.22;70;10085550454;B
20240410;112059;162.22;210;10085551220;B
20240410;112101;162.22;10;10085551403;B
20240410;112102;162.2;300;10085551533;S
20240410;112102;162.22;50;10085551620;B
20240410;112103;162.22;10;10085551673;B
20240410;112104;162.22;500;10085551902;B
20240410;112105;162.22;10;10085551986;B
20240410;112106;162.2;60;10085552207;S
20240410;112106;162.2;850;10085552223;S
20240410;112106;162.2;40;10085552224;S
20240410;112106;162.2;100;10085552225;S
20240410;112106;162.2;10;10085552226;S
20240410;112108;162.22;70;10085552597;B
20240410;112109;162.22;10;10085552812;B
20240410;112111;162.22;30;10085553163;B
20240410;112112;162.22;460;10085553207;B
20240410;112112;162.22;40;10085553208;B
20240410;112113;162.22;810;10085553390;B
20240410;112113;162.22;2690;10085553391;B
20240410;112114;162.2;10;10085553589;S
20240410;112115;162.22;10;10085553662;B
20240410;112118;162.22;90;10085553981;B
20240410;112118;162.22;300;10085553982;B
20240410;112118;162.22;10;10085553983;B
20240410;112118;162.22;810;10085553984;B
20240410;112118;162.24;950;10085553985;B
20240410;112118;162.24;2000;10085553986;B
20240410;112118;162.24;5840;10085553987;B
20240410;112118;162.2;200;10085554134;S
20240410;112119;162.22;10;10085554250;B
20240410;112120;162.24;150;10085554361;B
20240410;112120;162.24;10;10085554362;B
20240410;112120;162.2;10;10085554431;S
20240410;112125;162.24;10;10085555034;B
20240410;112126;162.24;20;10085555089;B
20240410;112128;162.24;730;10085555701;B
20240410;112128;162.26;4270;10085555702;B
20240410;112135;162.24;40;10085557157;B
20240410;112136;162.22;30;10085557340;S
20240410;112138;162.24;10;10085557687;B
20240410;112140;162.24;10;10085557984;B
20240410;112142;162.22;50;10085558295;S
20240410;112146;162.24;4160;10085558775;B
20240410;112146;162.24;740;10085558776;B
20240410;112146;162.24;10;10085558777;B
20240410;112150;162.24;200;10085559350;S
20240410;112156;162.26;200;10085560338;B
20240410;112157;162.26;260;10085560663;B
20240410;112157;162.26;240;10085560664;B
20240410;112159;162.26;10;10085560951;B
20240410;112200;162.24;100;10085561154;S
20240410;112206;162.26;20;10085561846;B
20240410;112207;162.26;100;10085561915;B
20240410;112208;162.26;80;10085562053;B
20240410;112209;162.26;20;10085562160;B
20240410;112210;162.26;1700;10085562410;B
20240410;112210;162.26;30;10085562444;B
20240410;112212;162.26;10;10085562924;B
20240410;112212;162.26;10;10085562932;B
20240410;112213;162.26;10;10085563200;B
20240410;112213;162.26;100;10085563213;B
20240410;112215;162.24;20;10085563658;S
20240410;112216;162.24;10;10085564040;S
20240410;112220;162.24;4230;10085564938;S
20240410;112221;162.24;2530;10085565380;S
20240410;112221;162.24;150;10085565381;S
20240410;112221;162.24;360;10085565382;S
20240410;112221;162.24;40;10085565383;S
20240410;112221;162.24;10;10085565384;S
20240410;112222;162.24;30;10085565679;B
20240410;112224;162.24;10;10085565936;B
20240410;112226;162.24;150;10085566449;B
20240410;112227;162.24;30;10085566583;B
20240410;112228;162.22;500;10085566671;S
20240410;112228;162.22;30;10085566672;S
20240410;112228;162.22;150;10085566673;S
20240410;112228;162.22;10;10085566674;S
20240410;112228;162.2;810;10085566675;S
20240410;112235;162.2;300;10085567517;S
20240410;112237;162.24;100;10085567721;B
20240410;112239;162.22;40;10085568007;S
20240410;112239;162.24;40;10085568044;B
20240410;112243;162.24;50;10085568508;B
20240410;112244;162.24;50;10085568683;B
20240410;112244;162.22;10;10085568707;S
20240410;112246;162.24;10;10085568987;B
20240410;112246;162.24;10;10085569072;B
20240410;112247;162.24;270;10085569153;B
20240410;112247;162.22;20;10085569170;S
20240410;112247;162.24;10;10085569187;B
20240410;112250;162.24;120;10085569599;B
20240410;112251;162.24;200;10085569645;B
20240410;112252;162.22;430;10085569808;S
20240410;112252;162.22;40;10085569809;S
20240410;112252;162.22;10;10085569810;S
20240410;112252;162.22;640;10085569811;S
20240410;112252;162.2;1290;10085569812;S
20240410;112252;162.2;150;10085569813;S
20240410;112252;162.2;1000;10085569814;S
20240410;112252;162.2;150;10085569815;S
20240410;112252;162.2;100;10085569816;S
20240410;112252;162.2;10;10085569817;S
20240410;112252;162.2;10;10085569818;S
20240410;112253;162.2;200;10085569862;S
20240410;112253;162.2;210;10085569955;S
20240410;112255;162.24;60;10085570128;B
20240410;112256;162.24;20;10085570489;B
20240410;112257;162.22;30;10085570563;S
20240410;112259;162.22;110;10085571026;S
20240410;112259;162.22;50;10085571027;S
20240410;112259;162.2;140;10085571028;S
20240410;112302;162.24;130;10085571536;B
20240410;112304;162.2;180;10085571730;S
20240410;112304;162.24;40;10085571731;B
20240410;112308;162.2;1000;10085572544;S
20240410;112310;162.2;190;10085572786;S
20240410;112314;162.22;10;10085573260;B
20240410;112318;162.22;20;10085573823;B
20240410;112320;162.22;10;10085574027;B
20240410;112320;162.22;10;10085574068;B
20240410;112322;162.22;50;10085574329;B
20240410;112323;162.22;20;10085574423;B
20240410;112325;162.22;20;10085574643;B
20240410;112326;162.2;10;10085574702;S
20240410;112326;162.22;20;10085574779;B
20240410;112327;162.2;120;10085575043;S
20240410;112327;162.2;20;10085575044;S
20240410;112328;162.2;10;10085575069;S
20240410;112332;162.2;20;10085575656;S
20240410;112333;162.2;10;10085575734;S
20240410;112333;162.2;10;10085575735;S
20240410;112333;162.2;10;10085575736;S
20240410;112333;162.2;10;10085575737;S
20240410;112333;162.2;300;10085575738;S
20240410;112333;162.2;10;10085575739;S
20240410;112333;162.18;250;10085575740;S
20240410;112336;162.2;20;10085576036;B
20240410;112336;162.2;30;10085576115;B
20240410;112337;162.18;750;10085576192;S
20240410;112337;162.16;3500;10085576193;S
20240410;112337;162.16;20;10085576194;S
20240410;112337;162.16;150;10085576195;S
20240410;112337;162.14;3500;10085576196;S
20240410;112337;162.14;20;10085576197;S
20240410;112337;162.12;500;10085576198;S
20240410;112337;162.12;1560;10085576199;S
20240410;112337;162.12;1940;10085576207;S
20240410;112337;162.12;60;10085576208;S
20240410;112337;162.12;10;10085576209;S
20240410;112337;162.12;10;10085576210;S
20240410;112337;162.12;10;10085576211;S
20240410;112337;162.12;300;10085576212;S
20240410;112340;162.1;20;10085576553;S
20240410;112340;162.1;10;10085576554;S
20240410;112340;162.1;50;10085576555;S
20240410;112340;162.1;120;10085576556;S
20240410;112341;162.1;580;10085576609;S
20240410;112341;162.1;10;10085576610;S
20240410;112341;162.1;200;10085576611;S
20240410;112341;162.1;10;10085576612;S
20240410;112341;162.1;20;10085576613;S
20240410;112341;162.1;280;10085576614;S
20240410;112341;162.1;50;10085576615;S
20240410;112341;162.1;10;10085576616;S
20240410;112341;162.1;3140;10085576617;S
20240410;112341;162.1;40;10085576618;S
20240410;112341;162.1;1550;10085576619;S
20240410;112341;162.1;100;10085576620;S
20240410;112341;162.1;10;10085576621;S
20240410;112341;162.12;30;10085576633;B
20240410;112341;162.12;10;10085576640;B
20240410;112342;162.1;50;10085576814;S
20240410;112342;162.1;50;10085576913;S
20240410;112344;162.12;10;10085577218;B
20240410;112345;162.12;20;10085577442;B
20240410;112346;162.12;40;10085577644;B
20240410;112348;162.1;500;10085578124;S
20240410;112349;162.12;30;10085578382;B
20240410;112349;162.1;100;10085578433;S
20240410;112350;162.1;3290;10085578518;S
20240410;112350;162.12;40;10085578549;B
20240410;112350;162.12;10;10085578589;B
20240410;112351;162.1;4090;10085578695;S
20240410;112351;162.1;20;10085578748;S
20240410;112352;162.1;13760;10085578868;S
20240410;112352;162.08;500;10085578869;S
20240410;112352;162.08;10;10085578870;S
20240410;112352;162.08;100;10085578871;S
20240410;112352;162.06;3400;10085578872;S
20240410;112352;162.06;30;10085578873;S
20240410;112352;162.06;70;10085578874;S
20240410;112352;162.06;1000;10085578875;S
20240410;112352;162.06;10;10085578876;S
20240410;112352;162.04;10;10085578877;S
20240410;112352;162.04;50;10085578878;S
20240410;112352;162.04;8060;10085578879;S
20240410;112352;162.04;500;10085578880;S
20240410;112352;162.02;10;10085578891;S
20240410;112352;162.02;10;10085578892;S
20240410;112352;162.02;20;10085578893;S
20240410;112352;162.02;10;10085578908;S
20240410;112352;162.02;20;10085578909;S
20240410;112352;162.02;100;10085578910;S
20240410;112352;162.02;50;10085578911;S
20240410;112352;162.02;200;10085578912;S
20240410;112352;162.02;250;10085578913;S
20240410;112352;162;10;10085578914;S
20240410;112352;162;10;10085578915;S
20240410;112352;162;10;10085578916;S
20240410;112352;162;500;10085578917;S
20240410;112352;162;10;10085578918;S
20240410;112352;162;10;10085578919;S
20240410;112352;162;20;10085578920;S
20240410;112352;162;10;10085578921;S
20240410;112352;162;100;10085578922;S
20240410;112352;162;560;10085578923;S
20240410;112352;162;440;10085578981;S
20240410;112352;162;50;10085578982;S
20240410;112352;162;100;10085578983;S
20240410;112352;162;10;10085578984;S
20240410;112352;162;20;10085578985;S
20240410;112352;162;50;10085578986;S
20240410;112352;162;300;10085578987;S
20240410;112352;162;10;10085578988;S
20240410;112352;162;20;10085578989;S
20240410;112352;162;800;10085578990;S
20240410;112352;162;3080;10085578991;S
20240410;112352;162;50;10085578992;S
20240410;112352;162;2460;10085578993;S
20240410;112352;162;10;10085578994;S
20240410;112352;162;10;10085578995;S
20240410;112352;162;10;10085578996;S
20240410;112352;162;180;10085578997;S
20240410;112352;162;10;10085578998;S
20240410;112352;162;10;10085578999;S
20240410;112352;162;10;10085579000;S
20240410;112352;162;10;10085579001;S
20240410;112352;162;200;10085579002;S
20240410;112352;162;370;10085579003;S
20240410;112352;162;20;10085579004;S
20240410;112352;162;50;10085579005;S
20240410;112352;162;100;10085579006;S
20240410;112352;162;10;10085579007;S
20240410;112352;162;100;10085579008;S
20240410;112352;162;10;10085579009;S
20240410;112352;162;100;10085579010;S
20240410;112352;162;10;10085579011;S
20240410;112352;162;10;10085579012;S
20240410;112352;162;200;10085579013;S
20240410;112352;162;1180;10085579014;S
20240410;112352;162;1000;10085579015;S
20240410;112352;162;320;10085579037;S
20240410;112352;162;10;10085579038;S
20240410;112352;162;50;10085579039;S
20240410;112352;162;130;10085579040;S
20240410;112352;162;10;10085579041;S
20240410;112352;162;10;10085579042;S
20240410;112352;162;10;10085579043;S
20240410;112352;162;30;10085579044;S
20240410;112352;162;50;10085579045;S
20240410;112352;162;30;10085579046;S
20240410;112352;162;10;10085579047;S
20240410;112352;162;980;10085579048;S
20240410;112352;162;1000;10085579049;S
20240410;112352;162;2640;10085579050;S
20240410;112352;162;2500;10085579051;S
20240410;112352;162;2360;10085579052;S
20240410;112352;162;2360;10085579053;S
20240410;112352;162;390;10085579054;S
20240410;112352;162.02;10;10085579075;B
20240410;112352;162.02;10;10085579092;B
20240410;112353;162;50;10085579132;S
20240410;112353;162;10;10085579152;S
20240410;112353;162;650;10085579202;S
20240410;112353;162.02;10;10085579216;B
20240410;112353;162;10;10085579217;S
20240410;112354;162;40;10085579329;S
20240410;112354;162;10;10085579423;S
20240410;112356;162;100;10085579864;S
20240410;112357;162;70;10085580048;S
20240410;112357;162;20;10085580138;S
20240410;112359;162.02;10;10085580463;B
20240410;112359;162;50;10085580470;S
20240410;112400;162;500;10085580620;S
20240410;112401;162.02;20;10085580697;B
20240410;112401;162.02;30;10085580765;B
20240410;112401;162;10;10085580766;S
20240410;112401;162;90;10085580817;S
20240410;112402;162.02;220;10085580905;B
20240410;112402;162;640;10085580970;S
20240410;112402;162;20;10085580971;S
20240410;112402;162;50;10085580972;S
20240410;112402;162;40;10085580973;S
20240410;112402;162;60;10085580974;S
20240410;112402;162;2190;10085580975;S
20240410;112404;162.02;10;10085581206;B
20240410;112405;162;10;10085581355;S
20240410;112406;162;10;10085581474;S
20240410;112406;162;90;10085581475;S
20240410;112406;162;750;10085581477;S
20240410;112407;162.02;300;10085581664;B
20240410;112407;162.02;20;10085581694;B
20240410;112407;162;400;10085581753;S
20240410;112409;162;10;10085582024;S
20240410;112409;162.02;10;10085582038;B
20240410;112409;162;10;10085582039;S
20240410;112411;162;200;10085582232;S
20240410;112412;162;170;10085582374;S
20240410;112413;162;200;10085582627;S
20240410;112415;162;10;10085582866;S
20240410;112416;162;50;10085582967;S
20240410;112416;162.02;100;10085583067;B
20240410;112416;162.02;100;10085583152;B
20240410;112416;162.02;100;10085583175;B
20240410;112419;162.02;880;10085583453;B
20240410;112419;162.02;1990;10085583454;B
20240410;112419;162.02;130;10085583455;S
20240410;112419;162.02;1970;10085583481;S
20240410;112419;162.02;50;10085583482;S
20240410;112419;162.02;320;10085583483;S
20240410;112419;162.02;930;10085583484;S
20240410;112419;162.02;10;10085583489;S
20240410;112422;162.02;200;10085583958;S
20240410;112423;162.04;50;10085584077;B
20240410;112424;162.08;80;10085584239;B
20240410;112428;162.08;90;10085584720;B
20240410;112428;162.08;30;10085584721;B
20240410;112430;162.08;50;10085585069;B
20240410;112431;162.06;10;10085585183;S
20240410;112431;162.08;10;10085585208;B
20240410;112432;162.06;100;10085585341;S
20240410;112433;162.08;10;10085585621;B
20240410;112434;162.06;100;10085585721;S
20240410;112435;162.06;1320;10085585853;S
20240410;112435;162.06;50;10085585854;S
20240410;112435;162.06;10;10085585855;S
20240410;112435;162.06;50;10085585856;S
20240410;112435;162.06;1220;10085585857;S
20240410;112435;162.06;100;10085585858;S
20240410;112435;162.06;10;10085585859;S
20240410;112435;162.04;80;10085585880;B
20240410;112435;162.06;120;10085585881;B
20240410;112436;162.02;170;10085585979;S
20240410;112436;162.02;30;10085585980;S
20240410;112438;162.06;10;10085586280;B
20240410;112440;162.04;200;10085586496;S
20240410;112440;162.06;50;10085586518;B
20240410;112441;162.04;150;10085586561;S
20240410;112441;162.04;150;10085586628;S
20240410;112441;162.02;1530;10085586629;S
20240410;112441;162.02;140;10085586630;S
20240410;112441;162.02;10;10085586643;B
20240410;112442;162.02;30;10085586707;B
20240410;112446;162;610;10085587289;S
20240410;112446;162;10;10085587290;S
20240410;112446;162;10;10085587291;S
20240410;112446;162;370;10085587292;S
20240410;112449;162.02;10;10085587590;B
20240410;112449;162.02;50;10085587667;B
20240410;112452;162.02;100;10085587966;B
20240410;112455;162.02;20;10085588575;B
20240410;112456;162;60;10085588602;S
20240410;112457;162;1000;10085588775;S
20240410;112457;162;110;10085588778;S
20240410;112457;162.02;100;10085588834;B
20240410;112458;162;600;10085588895;S
20240410;112501;162.02;860;10085589324;B
20240410;112501;162.02;10;10085589325;B
20240410;112501;162.02;130;10085589326;B
20240410;112504;162.02;230;10085589700;B
20240410;112504;162.06;1050;10085589701;B
20240410;112504;162.06;160;10085589702;B
20240410;112504;162.06;340;10085589703;B
20240410;112504;162.08;730;10085589704;B
20240410;112504;162.08;110;10085589705;B
20240410;112504;162.08;1220;10085589706;B
20240410;112504;162.1;160;10085589707;B
20240410;112505;162.08;10;10085589852;B
20240410;112505;162.1;240;10085589853;B
20240410;112505;162.1;200;10085589854;B
20240410;112505;162.1;50;10085589855;B
20240410;112506;162.08;50;10085590008;S
20240410;112506;162.08;100;10085590047;S
20240410;112508;162.1;10;10085590207;B
20240410;112509;162.08;320;10085590392;S
20240410;112511;162.08;40;10085590682;S
20240410;112511;162.08;730;10085590683;S
20240410;112511;162.1;170;10085590687;B
20240410;112512;162.08;800;10085590807;S
20240410;112516;162.06;160;10085591249;S
20240410;112518;162.08;250;10085591446;B
20240410;112520;162.06;50;10085591596;S
20240410;112520;162.04;70;10085591698;S
20240410;112520;162.04;110;10085591699;S
20240410;112522;162.06;30;10085591929;B
20240410;112524;162.06;10;10085592241;B
20240410;112525;162.04;90;10085592309;S
20240410;112525;162.04;10;10085592346;S
20240410;112528;162.06;300;10085592702;B
20240410;112528;162.06;10;10085592790;B
20240410;112530;162.06;10;10085592990;B
20240410;112531;162.06;10;10085593082;B
20240410;112532;162.06;180;10085593352;B
20240410;112533;162.06;10;10085593393;B
20240410;112533;162.06;400;10085593459;B
20240410;112534;162.06;80;10085593576;B
20240410;112534;162.04;30;10085593621;S
20240410;112536;162.06;100;10085593946;B
20240410;112537;162.04;150;10085594155;S
20240410;112538;162.06;1000;10085594354;B
20240410;112539;162.06;20;10085594494;B
20240410;112540;162.06;10;10085594604;B
20240410;112542;162.06;550;10085594870;B
20240410;112544;162.06;610;10085595276;B
20240410;112544;162.06;10;10085595277;B
20240410;112544;162.08;30;10085595289;B
20240410;112546;162.08;10;10085595633;B
20240410;112548;162.06;40;10085595804;S
20240410;112549;162.08;80;10085595917;B
20240410;112549;162.08;120;10085595918;B
20240410;112550;162.06;10;10085596020;S
20240410;112550;162.08;50;10085596058;B
20240410;112550;162.08;230;10085596059;B
20240410;112550;162.08;610;10085596060;B
20240410;112550;162.08;360;10085596061;B
20240410;112550;162.06;170;10085596094;S
20240410;112551;162.06;10;10085596373;S
20240410;112551;162.06;30;10085596374;S
20240410;112553;162.08;10;10085596642;B
20240410;112554;162.06;60;10085596733;S
20240410;112554;162.06;40;10085596734;S
20240410;112554;162.06;20;10085596735;S
20240410;112554;162.04;220;10085596736;S
20240410;112554;162.04;660;10085596737;S
20240410;112554;162.08;500;10085596751;B
20240410;112555;162.08;10;10085596779;B
20240410;112555;162.08;80;10085596797;B
20240410;112555;162.08;120;10085596798;B
20240410;112556;162.08;100;10085596978;B
20240410;112557;162.08;10;10085597114;B
20240410;112559;162.06;100;10085597294;S
20240410;112559;162.06;1120;10085597395;S
20240410;112559;162.04;1850;10085597396;S
20240410;112559;162.02;170;10085597397;S
20240410;112559;162.02;500;10085597398;S
20240410;112559;162.02;90;10085597399;S
20240410;112559;162.02;1530;10085597400;S
20240410;112559;162.02;3900;10085597401;S
20240410;112559;162.06;150;10085597402;S
20240410;112605;162.06;1070;10085598071;S
20240410;112607;162.04;50;10085598400;S
20240410;112607;162.02;1530;10085598401;S
20240410;112607;162.02;400;10085598402;S
20240410;112607;162.02;1220;10085598403;S
20240410;112608;162.02;60;10085598512;B
20240410;112609;162.02;740;10085598685;B
20240410;112611;162;450;10085598960;S
20240410;112613;162;2410;10085599245;S
20240410;112613;162;70;10085599246;S
20240410;112613;162;90;10085599247;S
20240410;112613;162;4560;10085599248;S
20240410;112613;162;300;10085599249;S
20240410;112613;162;100;10085599250;S
20240410;112613;162;200;10085599251;S
20240410;112613;162;300;10085599252;S
20240410;112613;162;10;10085599253;S
20240410;112613;162;10;10085599254;S
20240410;112613;162;150;10085599255;S
20240410;112613;162;50;10085599256;S
20240410;112613;162;10;10085599257;S
20240410;112613;162;720;10085599258;S
20240410;112613;162;20;10085599259;S
20240410;112613;162;10;10085599340;S
20240410;112614;162.02;10;10085599519;B
20240410;112615;162.02;300;10085599616;B
20240410;112616;162.02;10;10085599706;B
20240410;112616;162;100;10085599775;S
20240410;112618;162.02;100;10085599982;B
20240410;112621;162;30;10085600313;S
20240410;112622;162;300;10085600442;S
20240410;112622;162;20;10085600443;S
20240410;112622;162;10;10085600444;S
20240410;112622;162;30;10085600445;S
20240410;112624;162;100;10085600735;S
20240410;112625;162;100;10085600890;S
20240410;112629;162.02;130;10085601378;B
20240410;112629;162;500;10085601491;S
20240410;112630;162;100;10085601544;S
20240410;112630;162;400;10085601545;S
20240410;112630;162.02;370;10085601615;B
20240410;112631;162.02;10;10085601632;B
20240410;112631;162.02;40;10085601638;B
20240410;112632;162.02;100;10085601785;B
20240410;112634;162.02;10;10085602072;B
20240410;112642;162;220;10085603121;S
20240410;112643;162;660;10085603359;S
20240410;112643;162;10;10085603455;S
20240410;112644;162.02;40;10085603585;B
20240410;112644;162;40;10085603586;S
20240410;112646;162.02;40;10085603730;B
20240410;112646;162.02;210;10085603731;B
20240410;112646;162.02;50;10085603732;B
20240410;112646;162;160;10085603748;S
20240410;112646;162;90;10085603752;S
20240410;112646;162;500;10085603753;S
20240410;112646;162;330;10085603754;S
20240410;112646;162;90;10085603755;S
20240410;112646;162;30;10085603756;S
20240410;112647;162;10;10085603846;S
20240410;112647;162.02;20;10085603964;B
20240410;112647;162.02;10;10085603965;B
20240410;112648;162;70;10085604120;S
20240410;112648;162;70;10085604121;S
20240410;112648;162;140;10085604122;S
20240410;112648;162;40;10085604123;S
20240410;112648;162;10;10085604124;S
20240410;112648;162;10;10085604125;S
20240410;112648;162;140;10085604126;S
20240410;112648;162;80;10085604127;S
20240410;112648;162;70;10085604128;S
20240410;112648;162;20;10085604129;S
20240410;112648;162;70;10085604130;S
20240410;112648;162;190;10085604131;S
20240410;112648;162;240;10085604132;S
20240410;112649;162;100;10085604157;S
20240410;112649;162.02;20;10085604200;B
20240410;112649;162.02;10;10085604212;B
20240410;112649;162;120;10085604250;S
20240410;112650;162;3290;10085604275;S
20240410;112650;162;100;10085604276;S
20240410;112650;162;10;10085604277;S
20240410;112650;162;230;10085604309;S
20240410;112650;162;280;10085604310;S
20240410;112650;162;200;10085604311;S
20240410;112650;162;190;10085604312;S
20240410;112650;162;200;10085604313;S
20240410;112650;162;10;10085604353;S
20240410;112651;162;2250;10085604373;S
20240410;112652;162;130;10085604571;S
20240410;112652;162;280;10085604572;S
20240410;112652;162;200;10085604573;S
20240410;112652;162;350;10085604574;S
20240410;112652;162;190;10085604578;S
20240410;112654;162;120;10085604818;S
20240410;112654;162;50;10085604844;S
20240410;112655;162;260;10085604899;S
20240410;112655;162;50;10085604904;S
20240410;112655;162;40;10085604905;S
20240410;112655;162;280;10085604906;S
20240410;112655;162;110;10085604907;S
20240410;112655;162;30;10085604908;S
20240410;112655;162;40;10085604909;S
20240410;112655;162;100;10085604910;S
20240410;112655;162;50;10085604911;S
20240410;112655;162;200;10085604912;S
20240410;112655;162;40;10085604913;S
20240410;112657;162.02;50;10085605132;B
20240410;112658;162;510;10085605294;S
20240410;112658;162;20;10085605310;S
20240410;112659;162;14160;10085605436;S
20240410;112659;162;970;10085605437;S
20240410;112703;162;20;10085605936;S
20240410;112704;162.02;10;10085606217;B
20240410;112705;162.02;10;10085606328;B
20240410;112706;162.02;290;10085606395;B
20240410;112706;162.02;210;10085606396;B
20240410;112706;162.02;500;10085606454;B
20240410;112707;162.02;50;10085606489;B
20240410;112707;162.02;490;10085606526;B
20240410;112707;162.02;10;10085606527;S
20240410;112708;162.04;20;10085606614;B
20240410;112709;162.06;30;10085606715;B
20240410;112713;162.06;10;10085607373;B
20240410;112714;162.06;10;10085607442;B
20240410;112714;162.04;500;10085607478;S
20240410;112714;162.04;500;10085607479;S
20240410;112714;162.04;500;10085607480;S
20240410;112714;162.04;20;10085607481;S
20240410;112714;162.02;1530;10085607482;S
20240410;112714;162.02;20;10085607483;S
20240410;112714;162.02;500;10085607484;S
20240410;112714;162.02;1220;10085607485;S
20240410;112714;162.02;100;10085607486;S
20240410;112714;162.02;100;10085607487;S
20240410;112714;162;790;10085607488;S
20240410;112716;162.06;10;10085607650;B
20240410;112719;162.02;10;10085608006;S
20240410;112719;162.06;90;10085608025;B
20240410;112719;162.08;330;10085608026;B
20240410;112719;162.08;80;10085608027;B
20240410;112719;162.08;220;10085608028;B
20240410;112719;162.1;120;10085608029;B
20240410;112719;162.1;160;10085608030;B
20240410;112722;162.06;1220;10085608417;S
20240410;112722;162.04;500;10085608418;S
20240410;112722;162.04;4000;10085608419;S
20240410;112722;162.02;430;10085608420;S
20240410;112723;162.04;10;10085608476;S
20240410;112724;162.04;1210;10085608612;S
20240410;112724;162.02;1090;10085608613;S
20240410;112724;162.02;100;10085608614;S
20240410;112724;162.02;2000;10085608615;S
20240410;112724;162.02;10;10085608616;S
20240410;112724;162;1710;10085608617;S
20240410;112724;162;500;10085608618;S
20240410;112724;162;500;10085608619;S
20240410;112724;162;150;10085608620;S
20240410;112724;162;60;10085608621;S
20240410;112724;162;100;10085608622;S
20240410;112724;162;500;10085608623;S
20240410;112724;162;10;10085608624;S
20240410;112724;162;100;10085608625;S
20240410;112724;162;1000;10085608626;S
20240410;112724;162;1520;10085608627;S
20240410;112724;162;3100;10085608628;S
20240410;112724;162.04;140;10085608668;B
20240410;112725;162.06;150;10085608671;B
20240410;112725;162.08;100;10085608672;B
20240410;112725;162.08;470;10085608673;B
20240410;112725;162.1;280;10085608674;B
20240410;112730;162.08;100;10085609264;B
20240410;112730;162.08;450;10085609265;B
20240410;112730;162.1;100;10085609266;B
20240410;112731;162.1;300;10085609388;B
20240410;112731;162.1;170;10085609389;B
20240410;112734;162.1;30;10085609733;B
20240410;112734;162.1;510;10085609734;B
20240410;112734;162.1;50;10085609735;B
20240410;112734;162.1;420;10085609736;B
20240410;112734;162.12;2280;10085609737;B
20240410;112736;162.1;1000;10085609935;B
20240410;112738;162.1;10;10085610225;B
20240410;112738;162.1;10;10085610256;B
20240410;112740;162.1;20;10085610460;B
20240410;112741;162.06;10;10085610578;S
20240410;112741;162.06;20;10085610579;S
20240410;112741;162.06;50;10085610580;S
20240410;112741;162.06;500;10085610581;S
20240410;112741;162.04;120;10085610582;S
20240410;112741;162.1;100;10085610603;B
20240410;112746;162.06;300;10085611146;S
20240410;112747;162.06;10;10085611202;B
20240410;112747;162.1;40;10085611203;B
20240410;112747;162.1;2520;10085611208;B
20240410;112747;162.1;420;10085611209;B
20240410;112747;162.1;1680;10085611210;B
20240410;112747;162.1;10;10085611211;B
20240410;112747;162.1;30;10085611212;B
20240410;112747;162.12;200;10085611213;B
20240410;112747;162.12;20;10085611214;B
20240410;112747;162.12;700;10085611215;B
20240410;112747;162.12;10;10085611216;B
20240410;112747;162.12;40;10085611217;B
20240410;112753;162.14;50;10085612142;B
20240410;112753;162.14;360;10085612182;B
20240410;112801;162.16;20;10085613151;B
20240410;112807;162.14;20;10085613771;B
20240410;112814;162.12;100;10085614460;S
20240410;112814;162.12;1120;10085614481;S
20240410;112814;162.12;1530;10085614482;S
20240410;112814;162.12;30;10085614483;S
20240410;112814;162.12;20;10085614484;S
20240410;112814;162.12;10;10085614485;S
20240410;112814;162.1;100;10085614486;S
20240410;112814;162.1;100;10085614487;S
20240410;112814;162.1;200;10085614488;S
20240410;112814;162.1;10;10085614489;S
20240410;112814;162.1;10;10085614490;S
20240410;112814;162.1;20;10085614491;S
20240410;112814;162.1;10;10085614492;S
20240410;112814;162.1;2470;10085614493;S
20240410;112814;162.14;10;10085614532;B
20240410;112814;162.14;10;10085614588;B
20240410;112815;162.14;60;10085614596;B
20240410;112815;162.14;240;10085614597;B
20240410;112815;162.14;120;10085614616;B
20240410;112815;162.14;10;10085614617;B
20240410;112815;162.14;10;10085614618;B
20240410;112815;162.16;380;10085614619;B
20240410;112815;162.16;220;10085614620;B
20240410;112815;162.16;20;10085614621;B
20240410;112815;162.16;10;10085614622;B
20240410;112815;162.18;230;10085614623;B
20240410;112818;162.16;10;10085614926;B
20240410;112819;162.16;10;10085615144;B
20240410;112819;162.16;10;10085615145;B
20240410;112820;162.14;1000;10085615179;S
20240410;112823;162.14;30;10085615508;B
20240410;112827;162.14;50;10085616106;B
20240410;112828;162.14;20;10085616285;B
20240410;112830;162.14;20;10085616485;B
20240410;112830;162.12;10;10085616668;S
20240410;112830;162.12;60;10085616669;S
20240410;112831;162.14;200;10085616728;B
20240410;112833;162.14;10;10085616947;B
20240410;112833;162.12;240;10085617034;S
20240410;112833;162.12;10;10085617035;S
20240410;112833;162.1;20;10085617036;S
20240410;112833;162.1;70;10085617037;S
20240410;112839;162.1;500;10085617901;S
20240410;112841;162.1;500;10085618062;S
20240410;112842;162.1;20;10085618173;S
20240410;112842;162.1;1530;10085618174;S
20240410;112842;162.1;2450;10085618207;B
20240410;112842;162.1;390;10085618208;B
20240410;112842;162.12;640;10085618209;B
20240410;112842;162.12;10;10085618216;B
20240410;112842;162.12;10;10085618256;B
20240410;112842;162.12;10;10085618257;B
20240410;112843;162.12;30;10085618323;B
20240410;112845;162.12;10;10085618561;B
20240410;112845;162.12;250;10085618577;B
20240410;112848;162.12;100;10085618983;B
20240410;112850;162.12;310;10085619265;B
20240410;112850;162.12;40;10085619266;B
20240410;112850;162.12;720;10085619327;B
20240410;112850;162.12;500;10085619328;B
20240410;112852;162.12;10;10085619539;B
20240410;112859;162.12;20;10085620262;B
20240410;112900;162.12;10;10085620371;B
20240410;112900;162.12;10;10085620468;B
20240410;112901;162.12;40;10085620567;B
20240410;112905;162.1;50;10085621059;S
20240410;112905;162.1;10;10085621127;B
20240410;112906;162.08;160;10085621155;S
20240410;112906;162.08;1780;10085621156;S
20240410;112906;162.1;10;10085621208;B
20240410;112908;162.1;30;10085621373;B
20240410;112908;162.08;500;10085621457;S
20240410;112917;162.1;60;10085622713;B
20240410;112919;162.1;10;10085622986;B
20240410;112919;162.1;30;10085623078;B
20240410;112919;162.08;50;10085623113;S
20240410;112922;162.08;20;10085623491;S
20240410;112924;162.1;30;10085623783;B
20240410;112925;162.1;300;10085623836;B
20240410;112925;162.08;10;10085623890;S
20240410;112926;162.1;10;10085624051;B
20240410;112928;162.1;2000;10085624205;B
20240410;112928;162.1;100;10085624249;B
20240410;112930;162.1;10;10085624483;B
20240410;112937;162.08;140;10085625327;S
20240410;112937;162.08;20;10085625328;S
20240410;112937;162.08;10;10085625329;S
20240410;112937;162.08;10;10085625330;S
20240410;112937;162.08;10;10085625331;S
20240410;112937;162.08;210;10085625332;S
20240410;112940;162.1;10;10085625646;B
20240410;112943;162.1;700;10085626000;B
20240410;112947;162.08;790;10085626545;S
20240410;112947;162.06;610;10085626546;S
20240410;112947;162.06;10;10085626547;S
20240410;112947;162.04;1000;10085626548;S
20240410;112947;162.04;210;10085626549;S
20240410;112947;162.04;200;10085626550;S
20240410;112947;162.04;10;10085626551;S
20240410;112947;162.04;1220;10085626552;S
20240410;112947;162.02;160;10085626553;S
20240410;112947;162.02;4580;10085626554;S
20240410;112950;162.08;10;10085626876;S
20240410;112950;162.08;10;10085626877;S
20240410;112951;162.04;50;10085627018;S
20240410;112951;162.02;610;10085627019;S
20240410;112956;162.04;10;10085627764;B
20240410;113012;162;40;10085629982;S
20240410;113012;162;10;10085629983;S
20240410;113012;162;100;10085629984;S
20240410;113012;162;10;10085629985;S
20240410;113012;162;1000;10085629986;S
20240410;113012;162;90;10085629987;S
20240410;113012;162;50;10085629988;S
20240410;113012;162;10;10085629989;S
20240410;113012;162;140;10085629990;S
20240410;113012;162;10;10085629991;S
20240410;113012;162;10;10085629992;S
20240410;113012;162;80;10085629993;S
20240410;113012;162;450;10085629994;S
20240410;113015;162.02;10;10085630437;B
20240410;113016;162;700;10085630619;S
20240410;113018;162;260;10085630912;S
20240410;113020;162.02;10;10085631196;B
20240410;113021;162.04;10;10085631339;B
20240410;113021;162.04;60;10085631359;B
20240410;113022;162.02;30;10085631529;S
20240410;113022;162;270;10085631530;S
20240410;113023;162.04;30;10085631592;B
20240410;113023;162.04;60;10085631593;B
20240410;113023;162.04;40;10085631658;B
20240410;113023;162.06;110;10085631659;B
20240410;113030;162.04;10;10085632553;S
20240410;113030;162.02;50;10085632554;S
20240410;113030;162.02;400;10085632555;S
20240410;113031;162.06;10;10085632797;B
20240410;113032;162.06;30;10085632901;B
20240410;113033;162.08;20;10085633026;B
20240410;113033;162.08;10;10085633038;B
20240410;113035;162.06;10;10085633188;S
20240410;113035;162.06;60;10085633189;S
20240410;113036;162.04;100;10085633384;S
20240410;113036;162.02;100;10085633385;S
20240410;113036;162.02;10;10085633386;S
20240410;113036;162;2530;10085633387;S
20240410;113036;162;30;10085633388;S
20240410;113036;162;10;10085633389;S
20240410;113036;162;10;10085633390;S
20240410;113036;162;200;10085633391;S
20240410;113036;162;320;10085633392;S
20240410;113038;162;10;10085633713;S
20240410;113039;162;300;10085633833;S
20240410;113040;162.04;20;10085633959;B
20240410;113040;162.04;100;10085634017;B
20240410;113042;162;370;10085634238;S
20240410;113042;162;10;10085634239;S
20240410;113042;162;10;10085634240;S
20240410;113042;162;150;10085634241;S
20240410;113042;162;460;10085634242;S
20240410;113043;162.02;10;10085634281;S
20240410;113043;162.04;10;10085634295;B
20240410;113045;162;100;10085634513;S
20240410;113045;162;30;10085634514;S
20240410;113045;162;970;10085634565;S
20240410;113045;162;130;10085634566;S
20240410;113048;162.04;10;10085634899;B
20240410;113054;162;10;10085635560;S
20240410;113055;162.04;10;10085635758;B
20240410;113056;162.04;50;10085635820;B
20240410;113056;162.04;1220;10085635821;B
20240410;113056;162.04;150;10085635822;B
20240410;113056;162.06;3230;10085635823;B
20240410;113056;162.1;10;10085635824;B
20240410;113056;162.1;10;10085635825;B
20240410;113056;162.1;580;10085635826;B
20240410;113056;162.12;910;10085635827;B
20240410;113056;162.12;990;10085635828;B
20240410;113056;162.14;1390;10085635829;B
20240410;113056;162.14;500;10085635830;B
20240410;113056;162.14;1780;10085635831;B
20240410;113056;162.16;1790;10085635832;B
20240410;113056;162.16;1020;10085635833;B
20240410;113056;162.14;10;10085635848;B
20240410;113057;162.02;100;10085636023;S
20240410;113105;162.02;10;10085637042;S
20240410;113105;162.02;140;10085637058;S
20240410;113105;162.02;400;10085637059;S
20240410;113105;162.02;10;10085637060;S
20240410;113107;162.02;10;10085637336;S
20240410;113109;162.04;10;10085637546;B
20240410;113110;162.04;10;10085637697;B
20240410;113110;162.04;30;10085637707;B
20240410;113110;162.02;10;10085637817;B
20240410;113110;162.04;90;10085637818;B
20240410;113112;162.04;10;10085638049;B
20240410;113115;162.06;200;10085638398;B
20240410;113116;162.04;100;10085638604;S
20240410;113117;162.06;200;10085638749;B
20240410;113118;162.08;150;10085638977;B
20240410;113120;162.06;50;10085639091;S
20240410;113120;162.04;90;10085639141;S
20240410;113120;162.04;30;10085639142;S
20240410;113120;162.04;200;10085639143;S
20240410;113120;162.04;650;10085639144;S
20240410;113121;162.06;10;10085639228;B
20240410;113123;162.04;100;10085639526;S
20240410;113124;162.06;100;10085639687;B
20240410;113125;162.06;10;10085639718;B
20240410;113127;162.06;2000;10085639994;B
20240410;113130;162.06;1870;10085640333;B
20240410;113130;162.08;130;10085640334;B
20240410;113130;162.06;10;10085640402;S
20240410;113131;162.08;60;10085640509;B
20240410;113135;162.08;220;10085640897;B
20240410;113135;162.08;20;10085640898;B
20240410;113135;162.1;60;10085640899;B
20240410;113137;162.1;530;10085641150;S
20240410;113138;162.12;10;10085641260;B
20240410;113141;162.1;20;10085641594;S
20240410;113143;162.1;20;10085641963;S
20240410;113145;162.1;100;10085642195;S
20240410;113147;162.12;390;10085642503;B
20240410;113147;162.12;510;10085642504;B
20240410;113149;162.14;10;10085642733;B
20240410;113149;162.14;10;10085642736;B
20240410;113150;162.12;30;10085642866;S
20240410;113152;162.12;70;10085643082;S
20240410;113152;162.12;40;10085643083;S
20240410;113152;162.12;100;10085643084;S
20240410;113152;162.12;100;10085643085;S
20240410;113152;162.1;290;10085643086;S
20240410;113152;162.14;50;10085643168;B
20240410;113153;162.14;10;10085643201;B
20240410;113153;162.14;10;10085643234;B
20240410;113155;162.14;10;10085643419;B
20240410;113155;162.12;80;10085643421;S
20240410;113156;162.14;50;10085643576;B
20240410;113158;162.12;50;10085643767;S
20240410;113158;162.12;20;10085643822;S
20240410;113158;162.08;10;10085643823;S
20240410;113158;162.08;90;10085643824;S
20240410;113158;162.08;200;10085643825;S
20240410;113158;162.06;100;10085643826;S
20240410;113158;162.06;10;10085643827;S
20240410;113158;162.06;3020;10085643828;S
20240410;113158;162.06;1220;10085643829;S
20240410;113158;162.06;840;10085643830;S
20240410;113158;162.06;1210;10085643831;S
20240410;113201;162.1;190;10085644128;S
20240410;113202;162.12;20;10085644272;B
20240410;113202;162.12;30;10085644300;B
20240410;113202;162.12;20;10085644301;B
20240410;113204;162.1;100;10085644522;S
20240410;113205;162.1;20;10085644589;S
20240410;113205;162.1;40;10085644590;S
20240410;113205;162.08;150;10085644594;B
20240410;113205;162.1;4220;10085644595;B
20240410;113205;162.12;130;10085644596;B
20240410;113208;162.12;280;10085644925;B
20240410;113208;162.12;20;10085644926;B
20240410;113212;162.12;20;10085645479;B
20240410;113216;162.12;10;10085645887;B
20240410;113216;162.12;10;10085645896;B
20240410;113221;162.12;650;10085646448;B
20240410;113221;162.12;500;10085646522;B
20240410;113223;162.1;40;10085646882;S
20240410;113224;162.12;790;10085646994;B
20240410;113224;162.12;410;10085646995;B
20240410;113224;162.12;800;10085646996;B
20240410;113226;162.12;150;10085647278;B
20240410;113227;162.1;60;10085647416;S
20240410;113227;162.1;30;10085647417;S
20240410;113227;162.1;10;10085647418;S
20240410;113227;162.1;40;10085647419;S
20240410;113228;162.1;10;10085647435;B
20240410;113228;162.1;50;10085647443;B
20240410;113228;162.12;550;10085647444;B
20240410;113228;162.12;20;10085647445;B
20240410;113228;162.12;380;10085647446;B
20240410;113229;162.12;60;10085647603;S
20240410;113231;162.14;150;10085647824;B
20240410;113231;162.14;60;10085647844;B
20240410;113231;162.14;40;10085647876;B
20240410;113233;162.12;100;10085648032;S
20240410;113234;162.12;10;10085648199;S
20240410;113234;162.12;20;10085648216;S
20240410;113236;162.14;10;10085648436;B
20240410;113237;162.14;40;10085648496;B
20240410;113237;162.12;20;10085648555;S
20240410;113239;162.14;10;10085648773;B
20240410;113239;162.14;10;10085648792;B
20240410;113240;162.14;60;10085648920;B
20240410;113240;162.14;210;10085648921;B
20240410;113241;162.16;650;10085649060;B
20240410;113241;162.18;50;10085649061;B
20240410;113244;162.18;670;10085649379;B
20240410;113245;162.16;30;10085649461;S
20240410;113245;162.18;10;10085649462;B
20240410;113246;162.18;50;10085649575;B
20240410;113246;162.18;60;10085649607;B
20240410;113247;162.18;10;10085649631;B
20240410;113248;162.18;10;10085649757;B
20240410;113250;162.16;1190;10085650042;S
20240410;113250;162.16;30;10085650043;S
20240410;113250;162.16;1000;10085650044;S
20240410;113250;162.16;10;10085650045;S
20240410;113250;162.16;250;10085650046;S
20240410;113252;162.16;50;10085650559;B
20240410;113255;162.14;50;10085650963;S
20240410;113256;162.16;1330;10085650971;B
20240410;113256;162.16;460;10085650972;B
20240410;113256;162.16;200;10085650973;B
20240410;113257;162.18;20;10085651127;B
20240410;113300;162.18;120;10085651511;B
20240410;113303;162.18;80;10085651964;B
20240410;113303;162.18;10;10085651975;B
20240410;113306;162.18;110;10085652428;B
20240410;113306;162.16;1510;10085652469;S
20240410;113306;162.16;1220;10085652470;S
20240410;113306;162.16;10;10085652471;S
20240410;113307;162.16;590;10085652570;B
20240410;113308;162.16;100;10085652666;B
20240410;113312;162.14;500;10085653179;S
20240410;113312;162.16;50;10085653190;B
20240410;113313;162.16;50;10085653262;B
20240410;113313;162.16;10;10085653322;B
20240410;113316;162.16;10;10085653603;B
20240410;113316;162.16;500;10085653667;B
20240410;113316;162.16;20;10085653670;B
20240410;113319;162.14;110;10085654115;S
20240410;113320;162.16;100;10085654207;B
20240410;113320;162.16;200;10085654214;B
20240410;113321;162.16;50;10085654300;B
20240410;113322;162.16;10;10085654475;B
20240410;113323;162.16;10;10085654511;B
20240410;113326;162.16;20;10085654974;B
20240410;113330;162.16;50;10085655421;B
20240410;113330;162.16;20;10085655483;B
20240410;113333;162.16;20;10085655816;B
20240410;113334;162.16;10;10085655962;B
20240410;113335;162.16;440;10085656034;B
20240410;113335;162.16;300;10085656035;B
20240410;113335;162.14;3230;10085656036;S
20240410;113341;162.14;110;10085656828;S
20240410;113344;162.16;200;10085657102;B
20240410;113345;162.16;190;10085657173;B
20240410;113345;162.16;10;10085657174;B
20240410;113346;162.16;10;10085657395;B
20240410;113349;162.14;730;10085657822;S
20240410;113349;162.14;30;10085657823;S
20240410;113349;162.14;10;10085657824;S
20240410;113349;162.14;10;10085657825;S
20240410;113349;162.12;10;10085657826;S
20240410;113352;162.14;10;10085658171;B
20240410;113354;162.12;100;10085658285;S
20240410;113356;162.14;80;10085658530;B
20240410;113357;162.14;60;10085658671;B
20240410;113400;162.14;10;10085659152;B
20240410;113405;162.14;30;10085659788;B
20240410;113405;162.14;470;10085659789;B
20240410;113405;162.14;300;10085659827;B
20240410;113411;162.14;200;10085660628;B
20240410;113414;162.14;120;10085661015;B
20240410;113414;162.14;10;10085661016;B
20240410;113414;162.14;250;10085661017;B
20240410;113414;162.14;10;10085661018;B
20240410;113414;162.14;370;10085661019;B
20240410;113415;162.14;150;10085661105;B
20240410;113415;162.14;10;10085661128;B
20240410;113418;162.14;100;10085661428;B
20240410;113418;162.12;1640;10085661432;S
20240410;113420;162.12;40;10085661736;S
20240410;113420;162.12;40;10085661737;S
20240410;113420;162.12;20;10085661738;S
20240410;113420;162.12;10;10085661739;S
20240410;113420;162.12;30;10085661740;S
20240410;113420;162.12;20;10085661767;B
20240410;113423;162.12;50;10085662163;B
20240410;113424;162.12;2000;10085662346;B
20240410;113424;162.12;10;10085662359;B
20240410;113425;162.12;10;10085662508;B
20240410;113430;162.12;10;10085663096;B
20240410;113431;162.1;30;10085663175;S
20240410;113431;162.1;100;10085663176;S
20240410;113431;162.1;250;10085663177;S
20240410;113431;162.1;40;10085663178;S
20240410;113431;162.1;40;10085663179;S
20240410;113431;162.1;40;10085663180;S
20240410;113431;162.08;500;10085663181;S
20240410;113431;162.08;500;10085663182;S
20240410;113431;162.06;50;10085663183;S
20240410;113431;162.06;150;10085663184;S
20240410;113431;162.04;20;10085663185;S
20240410;113431;162.04;100;10085663186;S
20240410;113431;162.04;180;10085663187;S
20240410;113433;162.04;10;10085663641;S
20240410;113437;162.08;50;10085664230;B
20240410;113437;162.08;240;10085664231;B
20240410;113437;162.08;110;10085664247;B
20240410;113439;162.04;60;10085664563;S
20240410;113439;162.04;30;10085664564;S
20240410;113439;162.04;110;10085664565;S
20240410;113448;162.04;40;10085665733;S
20240410;113448;162.04;50;10085665734;S
20240410;113448;162.04;10;10085665735;S
20240410;113448;162.04;150;10085665736;S
20240410;113448;162.04;400;10085665737;S
20240410;113448;162.04;30;10085665738;S
20240410;113448;162.02;50;10085665739;S
20240410;113456;162.04;200;10085666816;S
20240410;113456;162.02;100;10085666817;S
20240410;113500;162.08;10;10085667248;B
20240410;113500;162.08;20;10085667567;B
20240410;113505;162.06;110;10085668126;S
20240410;113505;162.06;10;10085668127;S
20240410;113505;162.06;30;10085668128;S
20240410;113505;162.04;50;10085668164;B
20240410;113506;162.02;120;10085668264;S
20240410;113506;162.02;500;10085668265;S
20240410;113506;162.02;450;10085668266;S
20240410;113508;162.04;150;10085668522;B
20240410;113515;162.04;480;10085669337;B
20240410;113518;162.04;200;10085669683;B
20240410;113519;162.04;10;10085669805;B
20240410;113521;162.04;10;10085670058;B
20240410;113522;162.02;20;10085670147;S
20240410;113523;162.04;100;10085670259;B
20240410;113524;162.02;200;10085670346;S
20240410;113524;162.04;10;10085670476;B
20240410;113525;162.02;100;10085670518;S
20240410;113525;162.02;50;10085670519;S
20240410;113525;162.02;50;10085670520;S
20240410;113525;162.02;50;10085670521;S
20240410;113525;162.02;10;10085670522;S
20240410;113525;162.02;40;10085670523;S
20240410;113526;162.02;400;10085670735;S
20240410;113527;162.04;10;10085670831;B
20240410;113528;162.02;1200;10085670909;S
20240410;113528;162.04;100;10085671007;B
20240410;113530;162.04;60;10085671232;B
20240410;113530;162.04;10;10085671235;B
20240410;113532;162.04;10;10085671418;B
20240410;113533;162.02;50;10085671567;S
20240410;113535;162.04;10;10085671706;B
20240410;113536;162.02;1300;10085671887;S
20240410;113538;162.04;60;10085672410;B
20240410;113539;162.02;100;10085672495;S
20240410;113542;162.04;100;10085673000;B
20240410;113545;162.04;100;10085673348;B
20240410;113546;162.04;100;10085673471;B
20240410;113546;162.02;1910;10085673473;S
20240410;113546;162.02;10000;10085673474;S
20240410;113546;162.02;970;10085673475;S
20240410;113546;162.02;420;10085673476;S
20240410;113546;162.02;20;10085673477;S
20240410;113546;162.02;10;10085673478;S
20240410;113546;162.02;10;10085673479;S
20240410;113546;162.02;10;10085673480;S
20240410;113546;162.02;10;10085673481;S
20240410;113546;162.02;30;10085673482;S
20240410;113551;162;10;10085674001;S
20240410;113551;162;20;10085674002;S
20240410;113551;162;10;10085674003;S
20240410;113551;162;120;10085674004;S
20240410;113551;162;100;10085674005;S
20240410;113551;162;10;10085674006;S
20240410;113551;162;500;10085674007;S
20240410;113551;162;200;10085674008;S
20240410;113551;162;150;10085674009;S
20240410;113551;162;2170;10085674010;S
20240410;113551;162.02;10;10085674037;B
20240410;113551;162.02;10;10085674092;B
20240410;113552;162;100;10085674100;S
20240410;113552;162.02;40;10085674145;B
20240410;113553;162.02;3320;10085674275;B
20240410;113553;162.04;170;10085674276;B
20240410;113553;162.04;10;10085674277;B
20240410;113553;162.04;100;10085674278;B
20240410;113553;162.04;150;10085674279;B
20240410;113553;162.06;20;10085674280;B
20240410;113553;162.06;410;10085674281;B
20240410;113553;162.04;10;10085674309;B
20240410;113554;162.04;140;10085674389;B
20240410;113554;162.04;10;10085674390;B
20240410;113604;162.04;10;10085675590;B
20240410;113610;162.02;50;10085676216;S
20240410;113610;162.02;40;10085676217;S
20240410;113610;162;8200;10085676218;S
20240410;113610;162;40;10085676219;S
20240410;113610;162;100;10085676220;S
20240410;113610;162;620;10085676221;S
20240410;113610;162;10;10085676222;S
20240410;113610;162;1000;10085676223;S
20240410;113610;162;10;10085676224;S
20240410;113610;162;30;10085676225;S
20240410;113610;162;210;10085676226;S
20240410;113610;162;10;10085676227;S
20240410;113610;162;11000;10085676228;S
20240410;113610;162;50;10085676229;S
20240410;113610;162;20;10085676230;S
20240410;113610;162;30;10085676231;S
20240410;113610;162;10;10085676232;S
20240410;113610;162;10;10085676233;S
20240410;113610;162;10;10085676234;S
20240410;113610;162;500;10085676235;S
20240410;113610;162;300;10085676236;S
20240410;113610;162;1240;10085676237;S
20240410;113610;161.98;10;10085676238;S
20240410;113610;161.98;20;10085676239;S
20240410;113610;161.98;1000;10085676240;S
20240410;113610;161.98;20;10085676241;S
20240410;113610;161.98;150;10085676242;S
20240410;113610;161.96;10;10085676243;S
20240410;113610;161.96;30;10085676244;S
20240410;113610;161.96;20;10085676245;S
20240410;113610;161.96;2000;10085676246;S
20240410;113610;161.94;120;10085676247;S
20240410;113610;161.94;10;10085676248;S
20240410;113610;161.94;10;10085676249;S
20240410;113610;161.94;250;10085676250;S
20240410;113610;161.94;320;10085676251;S
20240410;113610;161.92;30;10085676252;S
20240410;113610;161.92;300;10085676253;S
20240410;113610;161.92;10;10085676254;S
20240410;113610;161.92;20;10085676255;S
20240410;113610;161.92;1890;10085676256;S
20240410;113610;162;10;10085676262;S
20240410;113610;162;290;10085676263;S
20240410;113610;161.94;200;10085676264;S
20240410;113610;161.92;510;10085676265;S
20240410;113610;161.94;500;10085676267;S
20240410;113610;161.92;550;10085676268;S
20240410;113610;161.92;200;10085676269;S
20240410;113610;161.9;30;10085676270;S
20240410;113610;161.9;20;10085676271;S
20240410;113610;161.9;30;10085676272;S
20240410;113610;161.9;10;10085676273;S
20240410;113610;161.9;120;10085676274;S
20240410;113610;161.9;10;10085676275;S
20240410;113610;161.9;100;10085676276;S
20240410;113610;161.9;5000;10085676277;S
20240410;113610;161.9;10;10085676278;S
20240410;113610;161.9;250;10085676279;S
20240410;113610;161.9;2500;10085676280;S
20240410;113610;161.9;120;10085676281;S
20240410;113610;161.94;50;10085676283;S
20240410;113610;161.94;450;10085676287;S
20240410;113610;161.9;2060;10085676288;S
20240410;113610;161.9;100;10085676289;S
20240410;113610;161.9;720;10085676290;S
20240410;113610;161.9;30;10085676291;S
20240410;113610;161.9;100;10085676292;S
20240410;113610;161.9;1400;10085676293;S
20240410;113610;161.9;2400;10085676294;S
20240410;113610;161.9;350;10085676295;S
20240410;113610;161.9;30;10085676297;S
20240410;113610;161.9;120;10085676298;S
20240410;113610;161.9;480;10085676299;S
20240410;113610;161.9;400;10085676300;S
20240410;113610;161.9;100;10085676301;S
20240410;113610;161.9;50;10085676302;S
20240410;113610;161.9;3300;10085676303;S
20240410;113610;161.9;200;10085676304;S
20240410;113610;161.9;500;10085676305;S
20240410;113610;161.9;1000;10085676308;S
20240410;113610;161.9;500;10085676309;S
20240410;113610;161.9;500;10085676314;S
20240410;113610;161.9;10;10085676315;S
20240410;113610;161.9;1660;10085676317;S
20240410;113610;161.9;340;10085676318;S
20240410;113610;161.9;50;10085676319;S
20240410;113610;161.9;110;10085676322;S
20240410;113610;161.9;4640;10085676323;S
20240410;113610;161.9;4100;10085676345;S
20240410;113610;161.9;500;10085676346;S
20240410;113610;161.9;40;10085676351;S
20240410;113610;161.9;2000;10085676368;S
20240410;113612;161.98;60;10085676623;B
20240410;113614;161.96;10;10085676953;B
20240410;113614;161.96;1550;10085676954;S
20240410;113614;161.98;70;10085677026;B
20240410;113617;162;10;10085677397;B
20240410;113617;162;20;10085677415;B
20240410;113617;162;200;10085677416;B
20240410;113617;162;280;10085677417;S
20240410;113618;161.96;100;10085677604;S
20240410;113620;162;10;10085677788;B
20240410;113620;162;130;10085677853;B
20240410;113625;161.98;1220;10085678313;B
20240410;113625;162;20;10085678375;B
20240410;113627;161.98;350;10085678572;S
20240410;113629;162;30;10085678874;B
20240410;113630;162;10;10085678933;B
20240410;113630;162.02;500;10085678934;B
20240410;113630;162.04;90;10085678935;B
20240410;113630;162.04;70;10085678936;B
20240410;113630;162.04;10;10085678937;B
20240410;113630;162.06;200;10085678938;B
20240410;113630;162.04;10;10085679018;B
20240410;113633;162.04;10;10085679313;B
20240410;113636;162.02;350;10085679759;B
20240410;113636;162;30;10085679802;S
20240410;113637;162;220;10085679816;S
20240410;113640;162.02;10;10085680332;B
20240410;113643;162.02;700;10085680561;B
20240410;113648;162.02;150;10085681179;B
20240410;113648;162.02;10;10085681196;B
20240410;113649;162.02;20;10085681309;B
20240410;113649;162.02;10;10085681310;B
20240410;113651;162;50;10085681677;S
20240410;113651;162.02;1950;10085681689;B
20240410;113651;162.04;180;10085681690;B
20240410;113651;162.06;890;10085681691;B
20240410;113651;162.08;170;10085681692;B
20240410;113651;162.08;400;10085681693;B
20240410;113651;162.08;10;10085681694;B
20240410;113651;162.08;710;10085681695;B
20240410;113653;162.02;100;10085681947;S
20240410;113655;162.04;10;10085682063;B
20240410;113655;162.04;500;10085682167;B
20240410;113656;162.04;10;10085682263;B
20240410;113657;162.04;20;10085682285;B
20240410;113657;162.04;10;10085682396;B
20240410;113702;162.04;10;10085682999;B
20240410;113702;162.04;10;10085683050;B
20240410;113703;162.04;100;10085683175;B
20240410;113705;162.04;10;10085683571;B
20240410;113709;162.02;30;10085684089;S
20240410;113709;162.02;10;10085684090;S
20240410;113709;162.02;10;10085684091;S
20240410;113713;162;10;10085684669;S
20240410;113713;162;10;10085684670;S
20240410;113713;162;80;10085684671;S
20240410;113713;162.02;1100;10085684717;B
20240410;113713;162.04;20;10085684718;B
20240410;113713;162.06;20;10085684719;B
20240410;113713;162.1;730;10085684720;B
20240410;113713;162.1;50;10085684721;B
20240410;113713;162.1;1150;10085684722;B
20240410;113713;162.12;1020;10085684723;B
20240410;113713;162.12;100;10085684724;B
20240410;113715;162.08;100;10085685000;B
20240410;113715;162.1;10;10085685001;B
20240410;113716;162.1;10;10085685181;B
20240410;113716;162.08;200;10085685188;S
20240410;113722;162.1;20;10085685856;B
20240410;113723;162.1;200;10085685931;B
20240410;113724;162.1;60;10085685975;B
20240410;113724;162.1;30;10085685976;B
20240410;113724;162.08;20;10085686013;S
20240410;113727;162.1;100;10085686358;B
20240410;113728;162.1;10;10085686458;B
20240410;113730;162.1;10;10085686615;B
20240410;113731;162.1;10;10085686759;B
20240410;113732;162.1;50;10085686829;B
20240410;113732;162.1;20;10085686863;B
20240410;113734;162.1;40;10085687084;B
20240410;113743;162.1;50;10085688156;B
20240410;113744;162.1;2750;10085688292;B
20240410;113744;162.1;410;10085688293;B
20240410;113747;162.1;40;10085688640;B
20240410;113748;162.1;10;10085688742;B
20240410;113748;162.08;10;10085688763;S
20240410;113748;162.08;260;10085688807;S
20240410;113749;162.1;100;10085688899;B
20240410;113749;162.1;10;10085688948;B
20240410;113751;162.1;20;10085689175;B
20240410;113754;162.08;10;10085689540;S
20240410;113754;162.08;30;10085689541;S
20240410;113754;162.08;10;10085689542;S
20240410;113754;162.08;10;10085689543;S
20240410;113754;162.08;40;10085689544;S
20240410;113755;162.08;10;10085689562;S
20240410;113755;162.08;10;10085689563;S
20240410;113759;162.06;10;10085690187;B
20240410;113800;162.08;4500;10085690222;B
20240410;113803;162.08;110;10085690596;B
20240410;113806;162.06;30;10085690968;B
20240410;113808;162.06;10;10085691220;B
20240410;113808;162.04;10;10085691221;S
20240410;113808;162.06;20;10085691284;B
20240410;113809;162.06;60;10085691365;B
20240410;113811;162.04;500;10085691616;S
20240410;113814;162.06;30;10085691954;B
20240410;113824;162.04;10;10085693196;S
20240410;113825;162.06;10;10085693360;B
20240410;113826;162.04;300;10085693421;S
20240410;113827;162.06;10;10085693504;B
20240410;113828;162.04;10;10085693765;S
20240410;113829;162.06;1500;10085693920;B
20240410;113833;162.06;10;10085694353;B
20240410;113834;162.04;400;10085694558;S
20240410;113838;162.04;30;10085695027;S
20240410;113839;162.06;10;10085695158;B
20240410;113841;162.04;3170;10085695271;S
20240410;113842;162.06;160;10085695465;B
20240410;113843;162.04;350;10085695611;S
20240410;113844;162.06;10;10085695681;B
20240410;113847;162.06;10;10085696141;B
20240410;113849;162.06;10;10085696418;B
20240410;113850;162.04;730;10085696475;S
20240410;113850;162.04;30;10085696476;S
20240410;113850;162.04;10;10085696477;S
20240410;113850;162.04;10;10085696478;S
20240410;113850;162.04;50;10085696479;S
20240410;113850;162.04;20;10085696480;S
20240410;113850;162.04;10;10085696481;S
20240410;113850;162.04;10;10085696482;S
20240410;113850;162.04;500;10085696483;S
20240410;113850;162.04;10;10085696484;S
20240410;113850;162.04;10;10085696485;S
20240410;113851;162.02;200;10085696643;S
20240410;113851;162.02;10;10085696644;S
20240410;113851;162;10;10085696645;S
20240410;113851;162;10;10085696646;S
20240410;113851;162;1210;10085696647;S
20240410;113851;162;920;10085696721;S
20240410;113851;162;5370;10085696724;S
20240410;113851;162;100;10085696725;S
20240410;113851;162;1970;10085696726;S
20240410;113851;161.98;50;10085696727;S
20240410;113851;161.96;150;10085696728;S
20240410;113851;161.96;50;10085696729;B
20240410;113853;161.98;10;10085696895;B
20240410;113853;161.94;10;10085696906;S
20240410;113853;161.92;250;10085696907;S
20240410;113853;161.92;50;10085696908;S
20240410;113853;161.92;50;10085696909;S
20240410;113853;161.92;100;10085696910;S
20240410;113853;161.9;1030;10085696911;S
20240410;113858;161.96;10;10085697413;B
20240410;113859;161.96;190;10085697543;B
20240410;113903;161.96;600;10085698024;S
20240410;113904;161.96;160;10085698347;S
20240410;113905;161.98;140;10085698487;B
20240410;113905;161.98;10;10085698488;B
20240410;113906;161.98;10;10085698571;B
20240410;113906;161.98;100;10085698572;B
20240410;113908;161.98;10;10085698794;B
20240410;113909;161.98;90;10085698978;B
20240410;113910;161.98;30;10085699163;B
20240410;113910;161.98;100;10085699164;B
20240410;113910;161.98;50;10085699165;B
20240410;113911;161.96;20;10085699457;S
20240410;113911;161.96;20;10085699458;S
20240410;113911;161.92;890;10085699459;S
20240410;113911;161.92;400;10085699460;S
20240410;113911;161.92;500;10085699461;S
20240410;113911;161.9;690;10085699462;S
20240410;113911;161.9;770;10085699463;S
20240410;113912;161.92;200;10085699701;S
20240410;113913;161.96;10;10085699990;S
20240410;113913;161.92;300;10085699991;S
20240410;113913;161.92;360;10085699992;S
20240410;113913;161.9;4230;10085699993;S
20240410;113913;161.9;30;10085699994;S
20240410;113913;161.9;250;10085699995;S
20240410;113913;161.9;2500;10085699996;S
20240410;113913;161.88;20;10085699997;S
20240410;113913;161.88;20;10085699998;S
20240410;113913;161.88;100;10085699999;S
20240410;113913;161.88;10;10085700000;S
20240410;113913;161.88;1820;10085700001;S
20240410;113918;161.92;20;10085701320;B
20240410;113918;161.94;30;10085701321;B
20240410;113920;161.94;20;10085701500;B
20240410;113921;161.94;100;10085701827;B
20240410;113921;161.94;250;10085701828;B
20240410;113923;161.96;10;10085702123;B
20240410;113927;161.94;190;10085702608;S
20240410;113930;161.92;10;10085702903;B
20240410;113932;161.88;10;10085703080;S
20240410;113933;161.9;10;10085703238;B
20240410;113933;161.9;50;10085703239;B
20240410;113933;161.92;20;10085703240;B
20240410;113936;161.9;20;10085703817;B
20240410;113936;161.88;40;10085703836;S
20240410;113936;161.88;30;10085703837;S
20240410;113936;161.88;10;10085703838;S
20240410;113936;161.88;10;10085703839;S
20240410;113936;161.86;20;10085703840;S
20240410;113936;161.86;10;10085703841;S
20240410;113936;161.86;150;10085703842;S
20240410;113936;161.86;500;10085703843;S
20240410;113936;161.84;10;10085703844;S
20240410;113936;161.84;50;10085703845;S
20240410;113936;161.84;50;10085703846;S
20240410;113936;161.84;30;10085703847;S
20240410;113936;161.84;20;10085703848;S
20240410;113936;161.84;400;10085703849;S
20240410;113936;161.84;10;10085703850;S
20240410;113936;161.84;600;10085703851;S
20240410;113936;161.84;250;10085703852;S
20240410;113936;161.82;80;10085703853;S
20240410;113936;161.82;620;10085703854;S
20240410;113936;161.88;10;10085703989;B
20240410;113937;161.84;500;10085704236;S
20240410;113937;161.84;10;10085704237;S
20240410;113937;161.82;1890;10085704238;S
20240410;113937;161.88;30;10085704241;B
20240410;113938;161.84;500;10085704410;S
20240410;113939;161.88;250;10085704695;B
20240410;113939;161.9;1750;10085704696;B
20240410;113942;161.84;70;10085705590;S
20240410;113942;161.84;70;10085705591;S
20240410;113942;161.84;80;10085705645;S
20240410;113942;161.84;80;10085705648;S
20240410;113943;161.84;10;10085705689;S
20240410;113943;161.82;60;10085705690;S
20240410;113943;161.82;70;10085705712;S
20240410;113943;161.82;70;10085705789;S
20240410;113943;161.82;70;10085705799;S
20240410;113943;161.82;80;10085705849;S
20240410;113943;161.82;80;10085705856;S
20240410;113943;161.82;70;10085705910;S
20240410;113943;161.82;70;10085705921;S
20240410;113943;161.82;70;10085705950;S
20240410;113943;161.82;70;10085705980;S
20240410;113943;161.84;10;10085705997;B
20240410;113943;161.82;80;10085706022;S
20240410;113943;161.82;80;10085706036;S
20240410;113944;161.82;70;10085706083;S
20240410;113944;161.82;70;10085706087;S
20240410;113944;161.84;100;10085706127;B
20240410;113945;161.82;70;10085706367;S
20240410;113945;161.82;70;10085706377;S
20240410;113946;161.82;5200;10085706543;S
20240410;113946;161.8;10;10085706544;S
20240410;113946;161.8;50;10085706545;S
20240410;113946;161.8;300;10085706546;S
20240410;113946;161.8;20;10085706547;S
20240410;113946;161.8;200;10085706548;S
20240410;113946;161.8;8000;10085706549;S
20240410;113946;161.8;20;10085706550;S
20240410;113946;161.8;20;10085706551;S
20240410;113946;161.8;1000;10085706552;S
20240410;113946;161.8;10;10085706553;S
20240410;113946;161.8;20;10085706554;S
20240410;113946;161.8;14960;10085706555;S
20240410;113946;161.8;10;10085706556;S
20240410;113946;161.8;20;10085706557;S
20240410;113946;161.8;10;10085706558;S
20240410;113946;161.8;40;10085706559;S
20240410;113946;161.8;10;10085706560;S
20240410;113946;161.8;100;10085706561;S
20240410;113946;161.8;90;10085706574;S
20240410;113946;161.8;10;10085706575;S
20240410;113946;161.82;50;10085706613;B
20240410;113947;161.8;240;10085706682;S
20240410;113948;161.8;800;10085706874;S
20240410;113950;161.8;150;10085707082;S
20240410;113950;161.82;10;10085707146;B
20240410;113951;161.82;10;10085707209;B
20240410;113951;161.82;10;10085707234;B
20240410;113951;161.82;10;10085707235;B
20240410;113951;161.82;10;10085707236;B
20240410;113951;161.84;20;10085707237;B
20240410;113952;161.8;80;10085707314;S
20240410;113953;161.8;590;10085707443;S
20240410;113953;161.8;360;10085707525;S
20240410;113954;161.8;230;10085707638;S
20240410;113954;161.8;70;10085707639;S
20240410;113955;161.84;10;10085707893;B
20240410;113956;161.82;10;10085707915;S
20240410;113958;161.84;100;10085708189;B
20240410;113958;161.82;50;10085708193;S
20240410;113958;161.82;40;10085708242;S
20240410;113958;161.8;430;10085708243;S
20240410;113958;161.8;20;10085708244;S
20240410;113958;161.8;1510;10085708245;S
20240410;114000;161.8;560;10085708477;S
20240410;114001;161.8;290;10085708685;S
20240410;114002;161.8;140;10085708773;S
20240410;114002;161.8;280;10085708774;S
20240410;114002;161.8;720;10085708780;S
20240410;114002;161.8;270;10085708781;S
20240410;114003;161.8;80;10085708862;S
20240410;114006;161.84;20;10085709374;B
20240410;114006;161.84;10;10085709375;B
20240410;114006;161.84;100;10085709376;B
20240410;114006;161.84;370;10085709377;B
20240410;114007;161.84;80;10085709479;B
20240410;114008;161.84;50;10085709558;S
20240410;114009;161.84;70;10085709621;S
20240410;114009;161.84;40;10085709622;S
20240410;114009;161.8;310;10085709623;S
20240410;114011;161.86;80;10085709852;B
20240410;114011;161.88;120;10085709853;B
20240410;114012;161.88;80;10085709956;B
20240410;114012;161.88;20;10085709957;B
20240410;114016;161.84;20;10085710441;S
20240410;114016;161.82;70;10085710442;S
20240410;114021;161.8;340;10085711191;S
20240410;114021;161.8;2160;10085711192;S
20240410;114026;161.8;2840;10085711891;S
20240410;114026;161.8;150;10085711892;S
20240410;114026;161.8;140;10085711893;S
20240410;114026;161.8;1000;10085711894;S
20240410;114027;161.8;60;10085711902;B
20240410;114028;161.8;80;10085712076;B
20240410;114031;161.8;50;10085712322;B
20240410;114031;161.78;130;10085712323;S
20240410;114031;161.78;20;10085712324;S
20240410;114031;161.78;20;10085712325;S
20240410;114031;161.78;200;10085712326;S
20240410;114031;161.74;10;10085712328;S
20240410;114031;161.74;20;10085712331;S
20240410;114031;161.74;980;10085712332;S
20240410;114031;161.74;10;10085712384;S
20240410;114031;161.74;170;10085712385;S
20240410;114031;161.72;30;10085712386;S
20240410;114031;161.72;500;10085712387;S
20240410;114031;161.72;450;10085712388;S
20240410;114032;161.72;90;10085712454;S
20240410;114032;161.76;160;10085712519;B
20240410;114032;161.78;40;10085712520;B
20240410;114033;161.78;100;10085712586;B
20240410;114040;161.76;10;10085713331;S
20240410;114043;161.76;120;10085713625;S
20240410;114043;161.76;170;10085713692;S
20240410;114043;161.76;660;10085713729;S
20240410;114044;161.76;40;10085713778;S
20240410;114044;161.76;30;10085713779;S
20240410;114044;161.76;10;10085713780;S
20240410;114044;161.74;200;10085713781;S
20240410;114044;161.74;340;10085713782;S
20240410;114047;161.76;150;10085714184;B
20240410;114049;161.74;10;10085714581;S
20240410;114049;161.72;340;10085714582;S
20240410;114050;161.7;30;10085714736;S
20240410;114050;161.7;200;10085714737;S
20240410;114050;161.7;10;10085714738;S
20240410;114050;161.7;10;10085714739;S
20240410;114050;161.7;30;10085714740;S
20240410;114051;161.7;350;10085714819;S
20240410;114051;161.7;3000;10085714859;S
20240410;114053;161.72;100;10085715000;B
20240410;114057;161.72;10;10085715500;B
20240410;114058;161.72;10;10085715554;B
20240410;114058;161.72;10;10085715610;S
20240410;114059;161.74;10;10085715748;B
20240410;114102;161.76;100;10085716105;B
20240410;114102;161.76;500;10085716153;B
20240410;114102;161.72;390;10085716202;S
20240410;114102;161.72;110;10085716203;S
20240410;114104;161.72;500;10085716416;S
20240410;114105;161.74;20;10085716534;B
20240410;114105;161.7;140;10085716582;S
20240410;114105;161.74;240;10085716597;B
20240410;114106;161.72;1220;10085716648;S
20240410;114106;161.7;1480;10085716649;S
20240410;114106;161.7;10;10085716650;S
20240410;114106;161.7;20;10085716651;S
20240410;114106;161.7;200;10085716652;S
20240410;114106;161.7;100;10085716653;S
20240410;114106;161.7;40;10085716654;S
20240410;114106;161.7;40;10085716655;S
20240410;114106;161.7;30;10085716656;S
20240410;114106;161.7;10;10085716657;S
20240410;114106;161.7;20;10085716658;S
20240410;114106;161.7;10;10085716659;S
20240410;114106;161.7;220;10085716660;S
20240410;114106;161.7;600;10085716707;S
20240410;114107;161.74;10;10085716760;B
20240410;114108;161.72;10;10085716879;B
20240410;114109;161.72;30;10085716955;B
20240410;114111;161.72;30;10085717294;S
20240410;114112;161.74;10;10085717443;B
20240410;114112;161.72;510;10085717445;S
20240410;114112;161.72;20;10085717446;S
20240410;114112;161.7;24180;10085717447;S
20240410;114112;161.7;10;10085717448;S
20240410;114112;161.7;500;10085717449;S
20240410;114112;161.7;10;10085717450;S
20240410;114112;161.7;4770;10085717451;S
20240410;114113;161.74;10;10085717530;B
20240410;114115;161.72;20;10085717803;B
20240410;114115;161.7;200;10085717852;S
20240410;114115;161.7;70;10085717853;S
20240410;114115;161.7;30;10085717854;S
20240410;114116;161.7;20;10085717894;S
20240410;114116;161.7;20;10085717895;S
20240410;114116;161.7;500;10085717896;S
20240410;114116;161.7;10;10085717897;S
20240410;114116;161.68;10;10085717902;S
20240410;114116;161.66;130;10085717934;S
20240410;114116;161.66;110;10085717935;S
20240410;114116;161.66;10;10085717936;S
20240410;114116;161.66;150;10085717937;S
20240410;114116;161.66;500;10085717938;S
20240410;114116;161.64;3600;10085717939;S
20240410;114116;161.7;10;10085717984;B
20240410;114117;161.66;100;10085718002;S
20240410;114117;161.68;160;10085718004;B
20240410;114119;161.68;340;10085718204;B
20240410;114119;161.68;10;10085718205;B
20240410;114119;161.7;530;10085718206;B
20240410;114119;161.7;120;10085718207;B
20240410;114119;161.7;10;10085718236;B
20240410;114119;161.7;30;10085718259;B
20240410;114120;161.7;1190;10085718291;B
20240410;114120;161.7;980;10085718309;S
20240410;114120;161.72;10;10085718356;B
20240410;114122;161.72;10;10085718520;B
20240410;114124;161.7;200;10085718815;S
20240410;114125;161.72;460;10085719043;B
20240410;114125;161.72;140;10085719044;B
20240410;114129;161.72;10;10085719515;B
20240410;114130;161.7;100;10085719562;S
20240410;114130;161.72;10;10085719588;B
20240410;114131;161.72;10;10085719637;B
20240410;114134;161.74;10;10085720030;B
20240410;114136;161.72;10;10085720336;S
20240410;114136;161.74;10;10085720360;B
20240410;114138;161.74;300;10085720516;B
20240410;114138;161.72;400;10085720582;S
20240410;114139;161.74;1000;10085720644;B
20240410;114140;161.74;10;10085720729;B
20240410;114141;161.74;10;10085720791;B
20240410;114141;161.74;400;10085720804;B
20240410;114142;161.74;10;10085720894;B
20240410;114143;161.74;10;10085720954;B
20240410;114144;161.74;10;10085721140;B
20240410;114144;161.72;100;10085721195;S
20240410;114144;161.74;10;10085721197;B
20240410;114146;161.74;10;10085721551;B
20240410;114148;161.72;220;10085721753;S
20240410;114150;161.74;20;10085721881;B
20240410;114150;161.72;760;10085721895;S
20240410;114150;161.72;20;10085721896;S
20240410;114150;161.72;10;10085721897;S
20240410;114150;161.72;10;10085721898;S
20240410;114151;161.7;10;10085721996;S
20240410;114151;161.7;1000;10085721997;S
20240410;114151;161.7;10;10085721998;S
20240410;114151;161.7;10;10085721999;S
20240410;114151;161.68;10;10085722000;S
20240410;114151;161.68;200;10085722001;S
20240410;114151;161.72;50;10085722024;B
20240410;114151;161.72;50;10085722025;B
20240410;114151;161.72;50;10085722026;B
20240410;114151;161.72;50;10085722027;B
20240410;114151;161.72;2180;10085722028;B
20240410;114151;161.74;200;10085722029;B
20240410;114151;161.74;150;10085722030;B
20240410;114151;161.74;20;10085722031;B
20240410;114155;161.74;10;10085722407;S
20240410;114156;161.74;10;10085722510;B
20240410;114156;161.74;20;10085722562;B
20240410;114157;161.74;250;10085722639;B
20240410;114157;161.74;60;10085722672;B
20240410;114157;161.72;200;10085722687;S
20240410;114157;161.7;150;10085722688;S
20240410;114157;161.7;550;10085722689;S
20240410;114157;161.74;10;10085722693;B
20240410;114158;161.74;20;10085722777;B
20240410;114200;161.74;10;10085722901;B
20240410;114200;161.74;10;10085722951;B
20240410;114201;161.7;670;10085722966;S
20240410;114201;161.7;330;10085722967;S
20240410;114202;161.74;50;10085723036;B
20240410;114203;161.74;50;10085723117;B
20240410;114203;161.74;150;10085723118;B
20240410;114203;161.76;10;10085723119;B
20240410;114203;161.76;290;10085723120;B
20240410;114203;161.76;20;10085723145;B
20240410;114205;161.72;150;10085723360;S
20240410;114205;161.72;400;10085723361;S
20240410;114206;161.72;1000;10085723399;B
20240410;114207;161.7;150;10085723479;S
20240410;114208;161.72;200;10085723601;B
20240410;114208;161.72;10;10085723720;B
20240410;114209;161.72;50;10085723743;B
20240410;114209;161.72;1220;10085723777;B
20240410;114210;161.72;100;10085724026;S
20240410;114211;161.74;10;10085724050;B
20240410;114213;161.74;10;10085724252;B
20240410;114214;161.74;30;10085724478;B
20240410;114215;161.74;50;10085724599;B
20240410;114215;161.72;90;10085724610;S
20240410;114215;161.74;10;10085724612;B
20240410;114218;161.72;300;10085724984;S
20240410;114219;161.72;1490;10085725093;S
20240410;114219;161.72;10;10085725094;S
20240410;114219;161.72;30;10085725095;S
20240410;114219;161.72;10;10085725096;S
20240410;114221;161.72;100;10085725471;B
20240410;114221;161.7;100;10085725499;S
20240410;114221;161.72;10;10085725547;B
20240410;114223;161.72;350;10085725747;B
20240410;114223;161.74;40;10085725867;B
20240410;114223;161.74;400;10085725868;B
20240410;114223;161.74;20;10085725869;B
20240410;114223;161.74;10;10085725870;B
20240410;114223;161.74;10;10085725871;B
20240410;114223;161.74;100;10085725880;S
20240410;114225;161.76;10;10085726073;B
20240410;114226;161.76;10;10085726228;B
20240410;114226;161.74;20;10085726239;S
20240410;114226;161.74;280;10085726240;S
20240410;114227;161.76;1300;10085726291;B
20240410;114227;161.76;10;10085726292;B
20240410;114227;161.76;200;10085726341;S
20240410;114228;161.78;200;10085726424;B
20240410;114228;161.78;200;10085726425;B
20240410;114228;161.8;3000;10085726426;B
20240410;114228;161.82;220;10085726427;B
20240410;114228;161.82;640;10085726428;S
20240410;114228;161.82;20;10085726433;S
20240410;114228;161.82;1000;10085726463;S
20240410;114228;161.82;30;10085726465;S
20240410;114229;161.84;10;10085726564;B
20240410;114229;161.84;500;10085726599;B
20240410;114229;161.84;30;10085726614;B
20240410;114231;161.84;50;10085727054;B
20240410;114231;161.84;50;10085727076;B
20240410;114231;161.82;200;10085727133;S
20240410;114232;161.84;10;10085727219;B
20240410;114232;161.84;10;10085727251;B
20240410;114233;161.82;200;10085727355;S
20240410;114234;161.82;10;10085727376;S
20240410;114235;161.82;1640;10085727513;S
20240410;114235;161.82;1220;10085727514;S
20240410;114235;161.82;10;10085727515;S
20240410;114236;161.82;10;10085727731;B
20240410;114237;161.82;340;10085727782;B
20240410;114237;161.76;150;10085727825;S
20240410;114237;161.76;830;10085727826;S
20240410;114237;161.74;20;10085727827;S
20240410;114238;161.8;100;10085727968;B
20240410;114239;161.8;10;10085728113;B
20240410;114243;161.76;100;10085728446;B
20240410;114243;161.76;10;10085728467;B
20240410;114246;161.76;10;10085728876;B
20240410;114246;161.76;110;10085728958;B
20240410;114247;161.76;40;10085729075;B
20240410;114247;161.76;960;10085729082;B
20240410;114247;161.76;500;10085729083;B
20240410;114247;161.8;40;10085729084;B
20240410;114247;161.8;500;10085729085;B
20240410;114247;161.8;10;10085729086;B
20240410;114247;161.82;450;10085729087;B
20240410;114247;161.82;3660;10085729088;B
20240410;114247;161.82;230;10085729089;B
20240410;114247;161.82;680;10085729090;S
20240410;114248;161.82;100;10085729130;B
20240410;114249;161.76;1530;10085729254;S
20240410;114249;161.76;940;10085729255;S
20240410;114249;161.76;40;10085729256;S
20240410;114249;161.74;700;10085729257;S
20240410;114249;161.74;40;10085729258;S
20240410;114249;161.74;40;10085729259;S
20240410;114249;161.74;40;10085729260;S
20240410;114249;161.74;400;10085729261;S
20240410;114249;161.74;50;10085729262;S
20240410;114249;161.74;150;10085729263;S
20240410;114249;161.74;4230;10085729264;S
20240410;114249;161.78;10;10085729314;B
20240410;114250;161.78;10;10085729435;B
20240410;114250;161.78;130;10085729438;B
20240410;114250;161.78;1220;10085729439;B
20240410;114250;161.8;650;10085729440;B
20240410;114251;161.78;10;10085729533;B
20240410;114253;161.78;10;10085729751;B
20240410;114253;161.74;200;10085729808;S
20240410;114253;161.74;120;10085729809;S
20240410;114257;161.78;390;10085730208;B
20240410;114257;161.8;110;10085730209;B
20240410;114258;161.74;70;10085730333;S
20240410;114259;161.8;220;10085730387;B
20240410;114300;161.74;210;10085730715;S
20240410;114300;161.72;1150;10085730741;S
20240410;114300;161.72;60;10085730742;S
20240410;114300;161.72;40;10085730922;S
20240410;114300;161.72;100;10085730923;S
20240410;114301;161.72;80;10085730963;B
20240410;114301;161.74;50;10085731009;B
20240410;114301;161.74;470;10085731030;B
20240410;114301;161.76;560;10085731031;B
20240410;114301;161.78;1220;10085731032;B
20240410;114301;161.8;620;10085731033;B
20240410;114301;161.8;730;10085731034;B
20240410;114301;161.8;400;10085731035;B
20240410;114310;161.76;370;10085732033;B
20240410;114310;161.74;500;10085732114;S
20240410;114310;161.72;130;10085732115;S
20240410;114311;161.72;290;10085732290;S
20240410;114311;161.72;400;10085732291;S
20240410;114311;161.72;20;10085732354;B
20240410;114314;161.72;80;10085732699;B
20240410;114315;161.72;100;10085732916;B
20240410;114317;161.7;100;10085733166;S
20240410;114317;161.7;150;10085733167;S
20240410;114317;161.7;100;10085733168;S
20240410;114317;161.7;30;10085733169;S
20240410;114317;161.68;10;10085733170;S
20240410;114317;161.68;10;10085733171;S
20240410;114317;161.68;10;10085733172;S
20240410;114317;161.68;1710;10085733173;S
20240410;114317;161.68;500;10085733174;S
20240410;114317;161.66;10;10085733175;S
20240410;114317;161.66;10;10085733176;S
20240410;114317;161.64;10;10085733177;S
20240410;114317;161.64;10;10085733178;S
20240410;114317;161.64;20;10085733179;S
20240410;114317;161.64;2320;10085733180;S
20240410;114319;161.68;10;10085733379;B
20240410;114320;161.62;910;10085733475;S
20240410;114320;161.66;100;10085733482;B
20240410;114320;161.64;110;10085733483;B
20240410;114320;161.64;100;10085733484;B
20240410;114320;161.64;100;10085733488;B
20240410;114320;161.64;110;10085733489;B
20240410;114320;161.64;100;10085733493;B
20240410;114320;161.64;100;10085733494;B
20240410;114320;161.66;110;10085733495;B
20240410;114320;161.66;10;10085733559;B
20240410;114321;161.66;2950;10085733593;B
20240410;114321;161.68;1990;10085733594;B
20240410;114321;161.68;150;10085733595;B
20240410;114321;161.7;400;10085733596;B
20240410;114324;161.68;800;10085734026;B
20240410;114328;161.68;10;10085734440;B
20240410;114331;161.68;900;10085734792;S
20240410;114331;161.66;500;10085734793;S
20240410;114331;161.66;100;10085734794;S
20240410;114331;161.64;150;10085734795;S
20240410;114331;161.64;400;10085734796;S
20240410;114331;161.64;550;10085734797;S
20240410;114331;161.64;1220;10085734798;S
20240410;114331;161.64;1500;10085734799;S
20240410;114331;161.64;1530;10085734800;S
20240410;114331;161.62;1090;10085734801;S
20240410;114331;161.62;60;10085734802;S
20240410;114332;161.68;150;10085734906;B
20240410;114332;161.7;50;10085734907;B
20240410;114332;161.7;420;10085734908;B
20240410;114332;161.72;110;10085734909;B
20240410;114332;161.72;100;10085734910;B
20240410;114332;161.72;50;10085734911;B
20240410;114332;161.66;50;10085734987;S
20240410;114333;161.66;1290;10085735008;S
20240410;114333;161.66;100;10085735009;S
20240410;114333;161.64;4420;10085735010;S
20240410;114335;161.7;100;10085735260;S
20240410;114337;161.72;250;10085735519;B
20240410;114337;161.7;900;10085735556;S
20240410;114337;161.7;320;10085735557;S
20240410;114340;161.7;1500;10085735871;S
20240410;114342;161.7;680;10085736061;S
20240410;114342;161.7;30;10085736062;S
20240410;114342;161.68;150;10085736063;S
20240410;114343;161.66;130;10085736186;B
20240410;114343;161.7;150;10085736187;B
20240410;114343;161.72;680;10085736188;B
20240410;114344;161.72;20;10085736317;S
20240410;114344;161.74;100;10085736353;B
20240410;114345;161.68;100;10085736495;S
20240410;114345;161.66;100;10085736496;S
20240410;114345;161.74;20;10085736534;B
20240410;114347;161.74;710;10085736777;B
20240410;114349;161.7;10;10085737014;S
20240410;114349;161.74;10;10085737052;B
20240410;114349;161.76;170;10085737053;B
20240410;114350;161.72;50;10085737281;S
20240410;114352;161.76;20;10085737492;B
20240410;114354;161.76;10;10085737642;B
20240410;114354;161.8;300;10085737658;B
20240410;114355;161.8;40;10085737845;B
20240410;114356;161.76;120;10085737980;S
20240410;114356;161.72;50;10085737981;S
20240410;114356;161.7;140;10085737982;S
20240410;114356;161.7;110;10085737983;S
20240410;114356;161.7;630;10085737984;S
20240410;114358;161.8;40;10085738116;B
20240410;114358;161.8;10;10085738117;B
20240410;114358;161.8;10;10085738118;B
20240410;114358;161.8;140;10085738119;B
20240410;114358;161.72;100;10085738120;S
20240410;114358;161.7;100;10085738121;S
20240410;114404;161.8;100;10085738818;B
20240410;114404;161.8;510;10085738819;B
20240410;114404;161.82;40;10085738820;B
20240410;114404;161.82;10;10085738895;B
20240410;114404;161.82;10;10085738896;B
20240410;114405;161.82;230;10085738933;B
20240410;114407;161.76;10;10085739211;S
20240410;114407;161.74;100;10085739212;S
20240410;114407;161.74;90;10085739213;S
20240410;114407;161.8;10;10085739267;B
20240410;114409;161.8;20;10085739471;B
20240410;114410;161.8;3000;10085739574;B
20240410;114410;161.82;2000;10085739575;B
20240410;114410;161.82;10;10085739578;B
20240410;114413;161.84;30;10085739915;B
20240410;114413;161.8;20;10085739947;S
20240410;114413;161.78;80;10085739948;S
20240410;114415;161.8;10;10085740205;S
20240410;114416;161.84;540;10085740252;B
20240410;114419;161.84;10;10085740633;B
20240410;114422;161.82;100;10085740990;S
20240410;114422;161.82;40;10085740991;S
20240410;114422;161.8;30;10085740992;S
20240410;114422;161.8;130;10085740993;S
20240410;114423;161.82;10;10085741019;B
20240410;114427;161.82;30;10085741439;B
20240410;114428;161.82;30;10085741581;B
20240410;114429;161.78;10;10085741677;S
20240410;114431;161.82;30;10085741873;B
20240410;114435;161.82;20;10085742333;B
20240410;114435;161.82;10;10085742334;B
20240410;114435;161.84;13760;10085742335;B
20240410;114435;161.88;770;10085742336;B
20240410;114435;161.9;30;10085742337;B
20240410;114435;161.9;10000;10085742338;B
20240410;114435;161.92;1000;10085742339;B
20240410;114435;161.92;2000;10085742340;B
20240410;114435;161.94;3500;10085742341;B
20240410;114435;161.94;10000;10085742342;B
20240410;114435;161.96;100;10085742343;B
20240410;114435;161.96;4170;10085742344;B
20240410;114435;161.96;3520;10085742345;B
20240410;114435;161.96;10000;10085742346;B
20240410;114435;161.98;70;10085742347;B
20240410;114436;162;10;10085742490;B
20240410;114436;162;90;10085742522;B
20240410;114436;162;90;10085742523;B
20240410;114436;161.98;50;10085742560;S
20240410;114438;162;3950;10085742702;B
20240410;114440;162;10;10085743033;B
20240410;114441;161.98;100;10085743054;S
20240410;114441;161.98;10;10085743055;S
20240410;114442;161.98;10;10085743215;S
20240410;114443;162;10;10085743295;B
20240410;114444;162;10;10085743352;B
20240410;114444;162;100;10085743426;B
20240410;114446;161.98;20;10085743613;S
20240410;114446;161.98;20;10085743614;S
20240410;114447;162;620;10085743681;B
20240410;114448;161.98;10;10085743881;S
20240410;114449;162;410;10085743918;B
20240410;114450;162;10;10085744176;B
20240410;114451;161.98;10;10085744177;S
20240410;114452;162;10;10085744320;B
20240410;114456;162;220;10085744768;B
20240410;114458;162;80;10085744982;B
20240410;114459;161.98;90;10085745129;S
20240410;114459;161.98;510;10085745130;S
20240410;114459;162;10;10085745132;B
20240410;114500;162;110;10085745177;B
20240410;114504;162;2000;10085745601;B
20240410;114505;162;30;10085745756;B
20240410;114506;162;30;10085745871;B
20240410;114506;161.98;100;10085745882;S
20240410;114508;162;10;10085746081;B
20240410;114508;162;50;10085746120;B
20240410;114509;162;100;10085746184;B
20240410;114510;162;80;10085746331;B
20240410;114511;162;210;10085746372;B
20240410;114511;162;20;10085746441;B
20240410;114513;162;10;10085746624;B
20240410;114513;162;30;10085746719;B
20240410;114516;161.98;10;10085747051;S
20240410;114517;161.98;90;10085747190;S
20240410;114517;161.98;50;10085747191;S
20240410;114517;161.98;270;10085747192;S
20240410;114519;162;10;10085747332;B
20240410;114519;162;100;10085747391;B
20240410;114521;162;10;10085747543;B
20240410;114522;162;60;10085747660;B
20240410;114522;162;100;10085747717;B
20240410;114523;162;10;10085747814;B
20240410;114523;162;10;10085747946;B
20240410;114527;162;100;10085748396;B
20240410;114528;161.98;100;10085748558;S
20240410;114528;161.98;20;10085748559;S
20240410;114528;161.98;10;10085748560;S
20240410;114528;161.98;70;10085748561;S
20240410;114529;161.98;10;10085748605;S
20240410;114529;162;10;10085748625;B
20240410;114529;162;10;10085748628;B
20240410;114529;162;10;10085748648;B
20240410;114532;162;10;10085749018;B
20240410;114533;162;50;10085749091;B
20240410;114533;162;60;10085749128;B
20240410;114534;161.98;10;10085749217;S
20240410;114535;162;10;10085749378;B
20240410;114538;162;10;10085749645;B
20240410;114538;162;150;10085749720;B
20240410;114541;162;2000;10085749935;B
20240410;114541;162;10;10085749980;B
20240410;114542;162;40;10085750062;B
20240410;114544;162;190;10085750239;B
20240410;114544;162;620;10085750265;B
20240410;114544;162;2000;10085750319;B
20240410;114548;162;20;10085750733;B
20240410;114548;162;10;10085750787;B
20240410;114553;161.98;30;10085751410;S
20240410;114553;162;10;10085751437;B
20240410;114554;162;20;10085751605;B
20240410;114555;162;250;10085751664;B
20240410;114555;162;900;10085751685;B
20240410;114555;162;300;10085751686;B
20240410;114555;162;10;10085751687;B
20240410;114555;162;300;10085751688;B
20240410;114555;162;100;10085751689;B
20240410;114555;162;450;10085751690;B
20240410;114555;162;40;10085751691;B
20240410;114555;162;50;10085751692;B
20240410;114555;162;1710;10085751693;B
20240410;114555;162;700;10085751694;B
20240410;114555;162;10;10085751695;B
20240410;114555;162;10;10085751696;B
20240410;114555;162;100;10085751697;B
20240410;114555;162;20;10085751698;B
20240410;114555;162.04;10;10085751699;B
20240410;114555;162.06;10;10085751700;B
20240410;114555;162.06;80;10085751701;B
20240410;114555;162.06;80;10085751702;B
20240410;114555;162.08;1200;10085751703;B
20240410;114555;162.1;110;10085751704;B
20240410;114555;162.1;200;10085751705;B
20240410;114555;162.1;10;10085751706;B
20240410;114555;162.1;200;10085751707;B
20240410;114555;162.1;10;10085751708;B
20240410;114555;162.1;470;10085751709;B
20240410;114557;162.12;10;10085752000;B
20240410;114558;162.12;10;10085752107;B
20240410;114559;162.12;20;10085752217;B
20240410;114559;162.12;10;10085752218;B
20240410;114559;162.12;220;10085752219;B
20240410;114600;162.1;10;10085752277;S
20240410;114600;162.12;10;10085752305;B
20240410;114602;162.1;20;10085752528;S
20240410;114603;162.1;10;10085752614;S
20240410;114603;162.1;1000;10085752733;S
20240410;114606;162.12;20;10085753022;B
20240410;114606;162.12;50;10085753060;B
20240410;114606;162.12;10;10085753061;B
20240410;114606;162.12;140;10085753062;B
20240410;114607;162.12;50;10085753147;B
20240410;114608;162.12;30;10085753204;B
20240410;114610;162.12;140;10085753478;B
20240410;114610;162.1;20;10085753508;S
20240410;114611;162.12;20;10085753557;B
20240410;114612;162.1;10;10085753644;S
20240410;114613;162.1;40;10085753781;S
20240410;114613;162.1;250;10085753782;S
20240410;114613;162.1;10;10085753783;S
20240410;114613;162.1;1000;10085753784;S
20240410;114613;162.08;1700;10085753785;S
20240410;114615;162.1;10;10085753927;S
20240410;114615;162.1;1000;10085753952;B
20240410;114615;162.12;120;10085754036;B
20240410;114617;162.12;1130;10085754219;B
20240410;114617;162.14;100;10085754220;B
20240410;114617;162.14;100;10085754221;B
20240410;114617;162.14;2360;10085754222;B
20240410;114617;162.14;260;10085754223;B
20240410;114617;162.16;100;10085754224;B
20240410;114617;162.16;10;10085754225;B
20240410;114617;162.16;100;10085754226;B
20240410;114617;162.16;100;10085754227;B
20240410;114617;162.16;100;10085754228;B
20240410;114617;162.16;790;10085754229;B
20240410;114617;162.16;10;10085754284;B
20240410;114619;162.16;50;10085754528;B
20240410;114619;162.16;60;10085754568;B
20240410;114619;162.16;2970;10085754570;B
20240410;114619;162.16;1420;10085754571;B
20240410;114620;162.16;100;10085754631;S
20240410;114620;162.16;20;10085754642;S
20240410;114623;162.16;30;10085755033;S
20240410;114624;162.18;10;10085755173;B
20240410;114624;162.16;900;10085755180;S
20240410;114624;162.18;30;10085755193;B
20240410;114628;162.18;250;10085755650;B
20240410;114628;162.18;280;10085755709;B
20240410;114628;162.18;3900;10085755710;B
20240410;114628;162.18;30;10085755711;B
20240410;114628;162.18;10;10085755712;B
20240410;114628;162.18;330;10085755713;B
20240410;114631;162.16;10;10085756032;S
20240410;114634;162.18;650;10085756287;B
20240410;114635;162.16;30;10085756528;S
20240410;114635;162.12;180;10085756529;S
20240410;114635;162.12;50;10085756530;S
20240410;114635;162.16;150;10085756605;B
20240410;114635;162.16;130;10085756606;B
20240410;114635;162.18;510;10085756607;B
20240410;114635;162.18;60;10085756608;B
20240410;114635;162.18;3420;10085756609;B
20240410;114635;162.2;100;10085756610;B
20240410;114635;162.2;60;10085756611;B
20240410;114635;162.2;2100;10085756612;B
20240410;114635;162.2;260;10085756613;B
20240410;114636;162.18;30;10085756729;B
20240410;114636;162.2;2230;10085756730;B
20240410;114636;162.2;40;10085756731;B
20240410;114636;162.22;10;10085756732;B
20240410;114636;162.22;10;10085756733;B
20240410;114636;162.22;500;10085756734;B
20240410;114636;162.22;1180;10085756735;B
20240410;114637;162.2;200;10085756802;B
20240410;114638;162.2;620;10085756908;B
20240410;114639;162.2;650;10085757088;B
20240410;114640;162.2;420;10085757200;B
20240410;114640;162.2;230;10085757201;B
20240410;114641;162.2;400;10085757244;B
20240410;114642;162.2;650;10085757401;B
20240410;114643;162.2;10;10085757477;B
20240410;114643;162.2;140;10085757485;B
20240410;114643;162.22;10;10085757486;B
20240410;114643;162.22;150;10085757487;B
20240410;114643;162.14;10;10085757489;S
20240410;114643;162.2;10;10085757530;B
20240410;114643;162.2;70;10085757531;B
20240410;114643;162.22;420;10085757532;B
20240410;114643;162.22;800;10085757552;B
20240410;114644;162.16;1500;10085757625;S
20240410;114644;162.14;140;10085757626;S
20240410;114644;162.14;1450;10085757627;S
20240410;114644;162.12;10;10085757628;S
20240410;114644;162.12;1530;10085757629;S
20240410;114644;162.12;1220;10085757630;S
20240410;114644;162.12;1000;10085757631;S
20240410;114644;162.1;10000;10085757632;S
20240410;114644;162.08;2000;10085757633;S
20240410;114644;162.06;150;10085757634;S
20240410;114644;162.16;80;10085757639;B
20240410;114644;162.16;60;10085757658;B
20240410;114644;162.18;140;10085757659;B
20240410;114644;162.04;50;10085757685;S
20240410;114645;162.18;700;10085757692;B
20240410;114645;162.08;10;10085757783;S
20240410;114646;162.06;350;10085758022;S
20240410;114646;162.06;400;10085758023;S
20240410;114646;162.04;10;10085758024;S
20240410;114646;162.04;150;10085758025;S
20240410;114646;162.02;1090;10085758026;S
20240410;114648;162.12;170;10085758354;B
20240410;114650;162.12;150;10085758563;B
20240410;114652;162.12;80;10085758861;B
20240410;114652;162.14;760;10085758862;B
20240410;114652;162.14;30;10085758863;B
20240410;114652;162.1;10;10085758892;B
20240410;114652;162.1;140;10085758939;B
20240410;114652;162.12;510;10085758940;B
20240410;114653;162.12;30;10085758987;B
20240410;114654;162.12;570;10085759061;B
20240410;114654;162.12;10;10085759062;B
20240410;114654;162.14;290;10085759063;B
20240410;114656;162.14;630;10085759320;B
20240410;114656;162.14;10;10085759321;B
20240410;114656;162.14;10;10085759322;B
20240410;114656;162.14;10;10085759325;B
20240410;114656;162.14;360;10085759326;B
20240410;114656;162.14;510;10085759327;B
20240410;114656;162.08;10;10085759337;S
20240410;114656;162.14;650;10085759344;B
20240410;114656;162.14;190;10085759405;B
20240410;114657;162.14;250;10085759434;B
20240410;114659;162.14;260;10085759596;B
20240410;114659;162.14;190;10085759597;B
20240410;114659;162.16;420;10085759598;B
20240410;114659;162.16;70;10085759638;B
20240410;114659;162.08;10;10085759649;S
20240410;114659;162.16;720;10085759669;B
20240410;114659;162.16;80;10085759670;B
20240410;114701;162.16;270;10085759896;B
20240410;114701;162.16;510;10085759897;B
20240410;114701;162.16;90;10085759898;B
20240410;114701;162.18;1000;10085759899;B
20240410;114701;162.18;90;10085759900;B
20240410;114702;162.18;1940;10085759929;B
20240410;114702;162.18;10;10085759930;B
20240410;114702;162.18;380;10085759931;B
20240410;114702;162.2;2840;10085759932;B
20240410;114702;162.2;250;10085759933;B
20240410;114702;162.22;860;10085759934;B
20240410;114702;162.22;1420;10085759935;B
20240410;114702;162.22;10;10085759936;B
20240410;114702;162.22;1290;10085759937;B
20240410;114702;162.22;50;10085759962;B
20240410;114702;162.22;50;10085759963;B
20240410;114702;162.22;30;10085759967;B
20240410;114703;162.22;340;10085760082;B
20240410;114705;162.2;650;10085760306;B
20240410;114705;162.2;20;10085760309;B
20240410;114705;162.2;2650;10085760336;B
20240410;114706;162.2;100;10085760426;B
20240410;114706;162.22;100;10085760427;B
20240410;114706;162.22;170;10085760494;B
20240410;114706;162.24;50;10085760495;B
20240410;114706;162.24;80;10085760496;B
20240410;114706;162.24;20;10085760515;B
20240410;114707;162.24;10;10085760555;B
20240410;114707;162.24;90;10085760691;B
20240410;114707;162.24;560;10085760692;B
20240410;114708;162.24;30;10085760791;B
20240410;114709;162.18;10;10085760809;S
20240410;114709;162.18;40;10085760810;S
20240410;114709;162.16;50;10085760811;S
20240410;114709;162.24;1310;10085760878;B
20240410;114709;162.24;10;10085760879;B
20240410;114709;162.26;180;10085760880;B
20240410;114709;162.26;200;10085760881;B
20240410;114709;162.26;180;10085760882;B
20240410;114709;162.26;10;10085760883;B
20240410;114709;162.28;110;10085760884;B
20240410;114710;162.28;100;10085760961;B
20240410;114711;162.28;330;10085761035;B
20240410;114712;162.28;360;10085761138;B
20240410;114712;162.28;1500;10085761139;B
20240410;114712;162.28;110;10085761140;B
20240410;114712;162.3;640;10085761141;B
20240410;114712;162.3;100;10085761142;B
20240410;114712;162.3;100;10085761143;B
20240410;114712;162.32;1000;10085761144;B
20240410;114712;162.34;20;10085761145;B
20240410;114712;162.36;10;10085761146;B
20240410;114712;162.36;100;10085761147;B
20240410;114712;162.36;1220;10085761148;B
20240410;114712;162.36;4840;10085761149;B
20240410;114712;162.36;30;10085761160;B
20240410;114712;162.36;10;10085761191;B
20240410;114712;162.38;10;10085761192;B
20240410;114712;162.38;1980;10085761193;B
20240410;114713;162.38;2000;10085761239;B
20240410;114713;162.38;3240;10085761240;B
20240410;114713;162.4;100;10085761241;B
20240410;114713;162.4;10;10085761242;B
20240410;114713;162.4;10;10085761243;B
20240410;114713;162.42;100;10085761244;B
20240410;114713;162.44;1040;10085761245;B
20240410;114713;162.44;10;10085761275;B
20240410;114713;162.44;90;10085761276;B
20240410;114715;162.44;750;10085761521;B
20240410;114716;162.44;10;10085761673;B
20240410;114717;162.44;60;10085761686;B
20240410;114717;162.44;10;10085761714;B
20240410;114719;162.42;50;10085761950;B
20240410;114719;162.42;50;10085761951;B
20240410;114719;162.42;400;10085761955;B
20240410;114719;162.44;1140;10085761956;B
20240410;114719;162.44;1530;10085761957;B
20240410;114719;162.46;200;10085761958;B
20240410;114719;162.46;20;10085761959;B
20240410;114719;162.46;1000;10085761960;B
20240410;114719;162.46;10;10085761961;B
20240410;114719;162.46;50;10085761962;B
20240410;114719;162.48;20;10085761963;B
20240410;114719;162.48;20;10085761964;B
20240410;114719;162.48;50;10085761965;B
20240410;114719;162.48;50;10085761966;B
20240410;114719;162.48;510;10085761967;B
20240410;114719;162.34;170;10085761992;S
20240410;114719;162.34;400;10085761993;S
20240410;114719;162.32;350;10085761994;S
20240410;114719;162.32;80;10085761995;S
20240410;114720;162.44;170;10085762081;B
20240410;114720;162.44;10;10085762082;B
20240410;114720;162.46;120;10085762083;B
20240410;114720;162.44;350;10085762110;B
20240410;114720;162.46;1410;10085762111;B
20240410;114720;162.46;940;10085762112;B
20240410;114721;162.44;400;10085762223;B
20240410;114721;162.46;300;10085762224;B
20240410;114722;162.46;300;10085762276;B
20240410;114725;162.46;10;10085762616;B
20240410;114725;162.46;10;10085762704;B
20240410;114726;162.46;10;10085762744;B
20240410;114726;162.46;10;10085762745;B
20240410;114727;162.44;500;10085762817;B
20240410;114727;162.46;1220;10085762818;B
20240410;114727;162.46;80;10085762819;B
20240410;114727;162.48;2940;10085762820;B
20240410;114727;162.48;1390;10085762821;B
20240410;114727;162.44;10;10085762831;B
20240410;114727;162.46;120;10085762843;B
20240410;114727;162.46;1100;10085762865;B
20240410;114727;162.46;500;10085762866;B
20240410;114727;162.48;2020;10085762867;B
20240410;114727;162.48;1380;10085762868;B
20240410;114728;162.46;40;10085762948;B
20240410;114728;162.46;40;10085762992;B
20240410;114729;162.46;20;10085763004;B
20240410;114729;162.46;10;10085763026;B
20240410;114729;162.46;130;10085763085;B
20240410;114730;162.44;50;10085763164;S
20240410;114730;162.44;30;10085763165;S
20240410;114730;162.44;350;10085763202;B
20240410;114731;162.44;70;10085763250;B
20240410;114731;162.46;110;10085763251;B
20240410;114731;162.42;50;10085763293;S
20240410;114731;162.38;50;10085763294;S
20240410;114731;162.44;10;10085763314;B
20240410;114731;162.4;80;10085763344;S
20240410;114731;162.38;450;10085763345;S
20240410;114731;162.38;400;10085763346;S
20240410;114731;162.36;170;10085763347;S
20240410;114734;162.44;360;10085763621;B
20240410;114734;162.44;130;10085763641;B
20240410;114734;162.44;400;10085763642;B
20240410;114734;162.46;20;10085763643;B
20240410;114734;162.46;300;10085763644;B
20240410;114734;162.4;40;10085763695;S
20240410;114735;162.46;50;10085763783;B
20240410;114736;162.46;240;10085763868;S
20240410;114736;162.46;700;10085763883;S
20240410;114736;162.48;960;10085763931;B
20240410;114737;162.48;900;10085764003;B
20240410;114738;162.48;20;10085764103;B
20240410;114738;162.48;180;10085764118;B
20240410;114738;162.48;110;10085764121;B
20240410;114738;162.48;320;10085764140;B
20240410;114738;162.48;20;10085764147;B
20240410;114739;162.48;50;10085764241;B
20240410;114739;162.48;220;10085764275;B
20240410;114739;162.48;180;10085764276;B
20240410;114740;162.46;600;10085764367;S
20240410;114741;162.46;200;10085764465;S
20240410;114741;162.46;100;10085764509;S
20240410;114742;162.48;10;10085764534;B
20240410;114742;162.48;10;10085764535;B
20240410;114742;162.48;20;10085764536;B
20240410;114742;162.48;160;10085764537;B
20240410;114742;162.48;1060;10085764567;B
20240410;114742;162.48;500;10085764568;B
20240410;114742;162.5;10;10085764571;B
20240410;114742;162.5;50;10085764572;B
20240410;114742;162.5;20;10085764573;B
20240410;114742;162.5;10;10085764574;B
20240410;114742;162.5;150;10085764575;B
20240410;114742;162.5;10;10085764580;B
20240410;114742;162.5;530;10085764583;B
20240410;114742;162.48;100;10085764630;S
20240410;114742;162.48;120;10085764631;S
20240410;114743;162.5;300;10085764639;B
20240410;114743;162.48;200;10085764669;S
20240410;114743;162.5;750;10085764712;B
20240410;114744;162.48;100;10085764736;S
20240410;114745;162.48;7920;10085764832;S
20240410;114745;162.48;40;10085764833;S
20240410;114745;162.48;2000;10085764834;S
20240410;114745;162.46;160;10085764835;S
20240410;114745;162.46;180;10085764836;S
20240410;114745;162.46;120;10085764837;S
20240410;114745;162.44;130;10085764838;S
20240410;114745;162.42;250;10085764839;S
20240410;114745;162.42;100;10085764858;S
20240410;114745;162.48;80;10085764901;B
20240410;114745;162.48;30;10085764902;B
20240410;114745;162.48;70;10085764903;B
20240410;114745;162.48;1220;10085764904;B
20240410;114745;162.5;10;10085764905;B
20240410;114745;162.42;50;10085764942;S
20240410;114745;162.42;1410;10085764943;S
20240410;114745;162.42;190;10085764944;S
20240410;114745;162.4;3350;10085764945;S
20240410;114747;162.46;400;10085765042;B
20240410;114747;162.44;10;10085765145;B
20240410;114748;162.44;10;10085765162;B
20240410;114748;162.46;200;10085765163;B
20240410;114748;162.46;320;10085765197;B
20240410;114748;162.46;180;10085765206;B
20240410;114748;162.48;120;10085765207;B
20240410;114748;162.48;70;10085765231;B
20240410;114748;162.48;530;10085765232;B
20240410;114749;162.48;10;10085765328;B
20240410;114750;162.5;550;10085765397;B
20240410;114750;162.48;10;10085765402;S
20240410;114750;162.5;1250;10085765420;B
20240410;114751;162.48;30;10085765451;S
20240410;114751;162.42;70;10085765452;S
20240410;114751;162.5;150;10085765487;B
20240410;114751;162.5;400;10085765490;B
20240410;114751;162.5;100;10085765491;B
20240410;114751;162.42;20;10085765492;S
20240410;114752;162.48;20;10085765549;B
20240410;114752;162.5;50;10085765550;B
20240410;114752;162.5;20;10085765551;B
20240410;114752;162.5;70;10085765552;B
20240410;114752;162.5;840;10085765553;B
20240410;114752;162.5;20;10085765560;B
20240410;114752;162.5;180;10085765561;B
20240410;114752;162.42;90;10085765562;S
20240410;114752;162.42;10;10085765563;S
20240410;114752;162.48;50;10085765565;B
20240410;114753;162.48;40;10085765675;B
20240410;114753;162.5;150;10085765676;B
20240410;114754;162.42;10;10085765757;S
20240410;114754;162.5;500;10085765763;B
20240410;114754;162.5;300;10085765786;B
20240410;114755;162.42;250;10085765859;S
20240410;114755;162.5;70;10085765901;B
20240410;114755;162.5;150;10085765927;B
20240410;114755;162.5;390;10085765928;B
20240410;114756;162.5;110;10085766054;B
20240410;114756;162.5;10;10085766055;B
20240410;114756;162.52;10;10085766056;B
20240410;114756;162.52;50;10085766057;B
20240410;114756;162.52;10;10085766058;B
20240410;114756;162.52;300;10085766059;B
20240410;114756;162.52;160;10085766060;B
20240410;114757;162.52;340;10085766215;B
20240410;114757;162.52;10;10085766216;B
20240410;114757;162.54;10;10085766217;B
20240410;114757;162.54;50;10085766218;B
20240410;114757;162.54;240;10085766219;B
20240410;114757;162.54;410;10085766222;B
20240410;114758;162.54;50;10085766281;B
20240410;114758;162.56;30;10085766282;B
20240410;114758;162.56;30;10085766283;B
20240410;114758;162.56;390;10085766284;B
20240410;114758;162.56;110;10085766290;B
20240410;114758;162.56;350;10085766291;B
20240410;114758;162.56;500;10085766292;B
20240410;114758;162.58;10;10085766293;B
20240410;114758;162.58;500;10085766294;B
20240410;114758;162.58;10;10085766295;B
20240410;114758;162.58;1530;10085766296;B
20240410;114758;162.6;500;10085766297;B
20240410;114758;162.6;10;10085766298;B
20240410;114758;162.6;200;10085766299;B
20240410;114758;162.6;100;10085766300;B
20240410;114758;162.6;80;10085766301;B
20240410;114758;162.6;2000;10085766302;B
20240410;114758;162.6;1000;10085766303;B
20240410;114758;162.6;1100;10085766304;B
20240410;114759;162.5;10;10085766359;S
20240410;114759;162.56;250;10085766398;B
20240410;114759;162.56;250;10085766407;B
20240410;114759;162.6;400;10085766408;B
20240410;114759;162.6;100;10085766409;B
20240410;114759;162.6;250;10085766410;B
20240410;114759;162.6;500;10085766421;B
20240410;114759;162.6;500;10085766422;B
20240410;114800;162.6;200;10085766477;B
20240410;114801;162.6;300;10085766559;B
20240410;114801;162.6;500;10085766576;S
20240410;114801;162.6;500;10085766578;S
20240410;114801;162.6;300;10085766579;S
20240410;114801;162.62;130;10085766596;B
20240410;114801;162.62;30;10085766609;B
20240410;114802;162.62;80;10085766699;B
20240410;114803;162.62;60;10085766718;B
20240410;114803;162.62;90;10085766719;B
20240410;114803;162.62;320;10085766732;B
20240410;114804;162.62;20;10085766832;B
20240410;114804;162.62;250;10085766870;B
20240410;114805;162.62;320;10085766919;B
20240410;114805;162.62;40;10085766920;B
20240410;114805;162.64;650;10085766921;B
20240410;114805;162.64;100;10085766922;B
20240410;114805;162.66;200;10085766923;B
20240410;114805;162.66;1530;10085766924;B
20240410;114805;162.66;500;10085766925;B
20240410;114805;162.68;100;10085766926;B
20240410;114805;162.68;100;10085766927;B
20240410;114805;162.68;200;10085766928;B
20240410;114805;162.68;1000;10085766929;B
20240410;114805;162.68;500;10085766930;B
20240410;114805;162.68;180;10085766931;B
20240410;114805;162.7;500;10085766932;B
20240410;114805;162.7;100;10085766933;B
20240410;114805;162.7;10;10085766934;B
20240410;114805;162.7;10;10085766935;B
20240410;114805;162.7;1210;10085766936;B
20240410;114805;162.7;1400;10085766937;B
20240410;114805;162.7;1350;10085766938;B
20240410;114805;162.7;1530;10085766951;B
20240410;114805;162.72;200;10085766952;B
20240410;114805;162.72;70;10085766953;B
20240410;114805;162.6;40;10085766958;S
20240410;114806;162.72;400;10085767042;B
20240410;114806;162.72;320;10085767047;B
20240410;114806;162.62;470;10085767061;S
20240410;114806;162.72;210;10085767065;B
20240410;114806;162.72;10;10085767066;B
20240410;114806;162.72;280;10085767067;B
20240410;114807;162.72;650;10085767170;B
20240410;114807;162.64;180;10085767209;S
20240410;114807;162.64;20;10085767210;S
20240410;114808;162.7;500;10085767286;B
20240410;114808;162.72;10;10085767287;B
20240410;114808;162.72;40;10085767288;B
20240410;114808;162.72;100;10085767289;B
20240410;114808;162.7;10;10085767339;B
20240410;114809;162.7;110;10085767388;B
20240410;114809;162.7;380;10085767403;B
20240410;114809;162.72;270;10085767404;B
20240410;114809;162.7;370;10085767412;B
20240410;114809;162.68;50;10085767465;S
20240410;114809;162.64;180;10085767466;S
20240410;114809;162.64;30;10085767467;S
20240410;114809;162.62;30;10085767468;S
20240410;114809;162.62;200;10085767469;S
20240410;114809;162.62;210;10085767470;S
20240410;114810;162.72;850;10085767488;B
20240410;114810;162.72;180;10085767489;B
20240410;114810;162.72;250;10085767490;B
20240410;114810;162.72;70;10085767567;B
20240410;114811;162.72;100;10085767669;B
20240410;114811;162.72;40;10085767737;B
20240410;114811;162.72;30;10085767743;B
20240410;114814;162.7;200;10085767947;B
20240410;114814;162.68;230;10085767965;B
20240410;114814;162.7;270;10085767966;B
20240410;114814;162.72;10;10085768018;B
20240410;114814;162.72;10;10085768019;B
20240410;114814;162.72;30;10085768020;B
20240410;114814;162.7;210;10085768023;S
20240410;114814;162.7;200;10085768037;S
20240410;114815;162.72;20;10085768133;B
20240410;114816;162.72;130;10085768184;B
20240410;114816;162.72;200;10085768185;B
20240410;114816;162.72;320;10085768186;B
20240410;114816;162.72;50;10085768197;B
20240410;114816;162.7;100;10085768259;S
20240410;114817;162.72;300;10085768355;B
20240410;114819;162.72;10;10085768517;B
20240410;114819;162.72;10;10085768527;B
20240410;114819;162.72;250;10085768528;B
20240410;114819;162.7;130;10085768729;S
20240410;114820;162.72;230;10085768812;B
20240410;114820;162.72;420;10085768813;B
20240410;114820;162.72;30;10085768818;B
20240410;114821;162.72;180;10085768903;B
20240410;114821;162.72;100;10085768904;B
20240410;114821;162.72;50;10085768905;B
20240410;114821;162.7;100;10085768917;S
20240410;114821;162.72;200;10085768932;B
20240410;114821;162.72;350;10085768935;B
20240410;114822;162.7;260;10085768975;S
20240410;114822;162.7;900;10085768976;S
20240410;114822;162.62;180;10085768977;S
20240410;114822;162.62;4000;10085768978;S
20240410;114822;162.62;610;10085768979;S
20240410;114822;162.62;200;10085768980;S
20240410;114822;162.62;400;10085768981;S
20240410;114822;162.6;5490;10085768982;S
20240410;114822;162.7;170;10085768998;B
20240410;114822;162.7;180;10085768999;B
20240410;114822;162.7;10;10085769054;B
20240410;114822;162.72;240;10085769055;B
20240410;114823;162.7;220;10085769089;B
20240410;114823;162.7;10;10085769136;B
20240410;114824;162.66;20;10085769204;B
20240410;114824;162.7;160;10085769205;B
20240410;114824;162.64;800;10085769256;S
20240410;114824;162.62;170;10085769257;S
20240410;114824;162.6;1970;10085769258;S
20240410;114824;162.6;2910;10085769259;S
20240410;114824;162.66;20;10085769264;B
20240410;114825;162.66;110;10085769363;B
20240410;114826;162.6;100;10085769494;S
20240410;114827;162.66;40;10085769559;B
20240410;114827;162.66;500;10085769560;B
20240410;114827;162.66;10;10085769561;B
20240410;114827;162.68;450;10085769562;B
20240410;114827;162.68;70;10085769582;B
20240410;114827;162.68;10;10085769635;B
20240410;114828;162.68;10;10085769667;B
20240410;114828;162.68;650;10085769680;B
20240410;114828;162.66;60;10085769735;B
20240410;114829;162.6;10;10085769825;S
20240410;114830;162.64;10;10085769880;B
20240410;114830;162.64;100;10085769911;B
20240410;114830;162.64;100;10085769935;B
20240410;114831;162.64;650;10085770022;B
20240410;114831;162.64;140;10085770033;B
20240410;114831;162.64;100;10085770050;B
20240410;114832;162.6;1480;10085770165;S
20240410;114832;162.6;80;10085770166;S
20240410;114832;162.6;100;10085770167;S
20240410;114832;162.6;180;10085770168;S
20240410;114832;162.6;610;10085770169;S
20240410;114832;162.58;2000;10085770170;S
20240410;114832;162.54;30;10085770171;S
20240410;114832;162.54;520;10085770172;S
20240410;114832;162.62;170;10085770214;B
20240410;114832;162.64;200;10085770215;B
20240410;114833;162.56;10;10085770335;S
20240410;114833;162.6;10;10085770391;B
20240410;114834;162.62;10;10085770489;B
20240410;114834;162.64;190;10085770490;B
20240410;114836;162.64;30;10085770720;B
20240410;114836;162.64;10;10085770729;B
20240410;114836;162.64;80;10085770801;B
20240410;114839;162.64;10;10085771114;B
20240410;114839;162.64;650;10085771165;B
20240410;114840;162.58;40;10085771216;S
20240410;114840;162.58;40;10085771260;S
20240410;114841;162.64;10;10085771343;B
20240410;114842;162.6;100;10085771427;S
20240410;114842;162.58;100;10085771428;S
20240410;114842;162.58;70;10085771493;S
20240410;114843;162.6;40;10085771660;B
20240410;114843;162.62;30;10085771661;B
20240410;114844;162.6;250;10085771758;S
20240410;114844;162.6;10;10085771759;S
20240410;114844;162.6;30;10085771787;S
20240410;114845;162.62;20;10085771832;B
20240410;114846;162.6;10;10085771947;S
20240410;114846;162.6;10;10085771950;S
20240410;114846;162.58;30;10085771951;S
20240410;114846;162.58;10;10085771952;S
20240410;114846;162.56;80;10085771953;S
20240410;114846;162.6;10;10085771973;B
20240410;114846;162.6;30;10085771974;B
20240410;114848;162.56;170;10085772263;S
20240410;114848;162.58;100;10085772307;B
20240410;114849;162.58;60;10085772388;B
20240410;114849;162.6;240;10085772389;B
20240410;114849;162.6;60;10085772396;B
20240410;114851;162.6;890;10085772739;B
20240410;114851;162.6;660;10085772740;B
20240410;114852;162.6;20;10085772756;B
20240410;114852;162.6;50;10085772870;B
20240410;114853;162.6;80;10085772948;B
20240410;114854;162.6;50;10085773044;B
20240410;114854;162.6;30;10085773060;B
20240410;114854;162.6;70;10085773061;B
20240410;114854;162.6;430;10085773088;B
20240410;114854;162.6;570;10085773089;B
20240410;114855;162.58;10;10085773242;B
20240410;114857;162.58;650;10085773460;B
20240410;114858;162.58;30;10085773483;B
20240410;114858;162.58;10;10085773490;B
20240410;114858;162.58;10;10085773516;B
20240410;114858;162.56;10;10085773517;S
20240410;114858;162.58;30;10085773561;B
20240410;114858;162.56;430;10085773577;S
20240410;114858;162.56;120;10085773578;S
20240410;114858;162.52;10;10085773579;S
20240410;114858;162.52;40;10085773580;S
20240410;114859;162.58;350;10085773640;B
20240410;114900;162.54;30;10085773745;B
20240410;114900;162.54;80;10085773754;B
20240410;114901;162.54;1110;10085773828;B
20240410;114901;162.56;1030;10085773829;B
20240410;114901;162.52;10;10085773852;S
20240410;114904;162.54;70;10085774173;B
20240410;114905;162.54;100;10085774236;B
20240410;114906;162.54;310;10085774402;B
20240410;114907;162.54;740;10085774563;B
20240410;114907;162.54;10;10085774564;B
20240410;114907;162.56;1250;10085774565;B
20240410;114908;162.56;20;10085774603;B
20240410;114909;162.54;10;10085774787;B
20240410;114914;162.54;20;10085775477;B
20240410;114915;162.52;10;10085775515;S
20240410;114918;162.54;70;10085775840;B
20240410;114918;162.54;10;10085775881;B
20240410;114919;162.54;10;10085775990;B
20240410;114920;162.52;70;10085776033;S
20240410;114920;162.52;20;10085776034;S
20240410;114920;162.52;610;10085776035;S
20240410;114920;162.52;10;10085776036;S
20240410;114920;162.52;10;10085776037;S
20240410;114920;162.5;120;10085776038;S
20240410;114920;162.5;350;10085776039;S
20240410;114920;162.5;20;10085776040;S
20240410;114920;162.5;150;10085776041;S
20240410;114920;162.5;150;10085776042;S
20240410;114920;162.48;20;10085776043;S
20240410;114920;162.46;140;10085776044;S
20240410;114920;162.46;300;10085776045;S
20240410;114920;162.44;200;10085776046;S
20240410;114920;162.44;10;10085776047;S
20240410;114920;162.44;520;10085776048;S
20240410;114920;162.52;150;10085776119;B
20240410;114920;162.54;1100;10085776120;B
20240410;114920;162.54;100;10085776121;B
20240410;114922;162.48;10;10085776351;B
20240410;114924;162.48;800;10085776515;B
20240410;114924;162.48;10;10085776518;B
20240410;114924;162.46;100;10085776542;S
20240410;114925;162.48;180;10085776602;B
20240410;114926;162.48;250;10085776713;B
20240410;114926;162.46;50;10085776792;S
20240410;114926;162.46;10;10085776793;S
20240410;114926;162.44;590;10085776794;S
20240410;114930;162.48;100;10085777346;B
20240410;114930;162.46;120;10085777348;S
20240410;114930;162.44;180;10085777349;S
20240410;114931;162.48;30;10085777392;B
20240410;114931;162.44;460;10085777446;S
20240410;114931;162.42;30;10085777447;S
20240410;114931;162.4;560;10085777448;S
20240410;114932;162.48;20;10085777472;B
20240410;114934;162.42;10;10085777704;B
20240410;114934;162.42;40;10085777711;B
20240410;114934;162.44;150;10085777712;B
20240410;114934;162.46;50;10085777713;B
20240410;114934;162.46;20;10085777758;B
20240410;114935;162.46;80;10085777792;B
20240410;114935;162.46;210;10085777891;B
20240410;114935;162.46;10;10085777892;B
20240410;114935;162.46;50;10085777893;B
20240410;114935;162.48;630;10085777894;B
20240410;114935;162.48;200;10085777895;B
20240410;114935;162.48;180;10085777896;B
20240410;114936;162.48;10;10085777910;B
20240410;114937;162.44;300;10085778117;S
20240410;114938;162.48;20;10085778221;B
20240410;114938;162.48;10;10085778232;B
20240410;114939;162.48;40;10085778254;B
20240410;114939;162.48;50;10085778255;B
20240410;114939;162.48;10;10085778325;B
20240410;114940;162.48;10;10085778391;B
20240410;114942;162.48;10;10085778713;B
20240410;114943;162.48;160;10085778757;B
20240410;114943;162.48;140;10085778758;B
20240410;114944;162.48;100;10085778845;B
20240410;114945;162.46;500;10085779062;S
20240410;114946;162.46;400;10085779220;S
20240410;114946;162.46;30;10085779221;S
20240410;114949;162.44;1530;10085779524;S
20240410;114950;162.44;300;10085779645;B
20240410;114952;162.44;300;10085779852;B
20240410;114954;162.44;300;10085780047;B
20240410;114958;162.42;150;10085780451;S
20240410;114958;162.42;1000;10085780452;S
20240410;114958;162.4;5850;10085780453;S
20240410;114958;162.42;10;10085780458;B
20240410;114958;162.4;30;10085780510;S
20240410;115002;162.4;100;10085780899;S
20240410;115002;162.4;60;10085780939;S
20240410;115004;162.42;10;10085781218;B
20240410;115005;162.4;10;10085781292;S
20240410;115006;162.42;1000;10085781371;B
20240410;115006;162.42;50;10085781382;B
20240410;115006;162.44;750;10085781383;B
20240410;115006;162.44;50;10085781402;B
20240410;115006;162.44;250;10085781460;B
20240410;115007;162.4;300;10085781503;S
20240410;115007;162.4;500;10085781597;S
20240410;115007;162.4;100;10085781598;S
20240410;115007;162.4;60;10085781601;B
20240410;115008;162.4;500;10085781691;B
20240410;115008;162.4;10;10085781749;B
20240410;115010;162.36;150;10085781999;S
20240410;115011;162.36;80;10085782088;S
20240410;115012;162.38;10;10085782181;B
20240410;115012;162.38;30;10085782191;B
20240410;115013;162.38;190;10085782316;B
20240410;115017;162.38;200;10085782744;B
20240410;115019;162.36;80;10085782932;S
20240410;115019;162.36;80;10085782933;S
20240410;115019;162.36;20;10085782934;S
20240410;115019;162.36;10;10085782935;S
20240410;115019;162.36;200;10085782936;S
20240410;115019;162.34;1000;10085782937;S
20240410;115019;162.34;150;10085782938;S
20240410;115019;162.32;150;10085782939;S
20240410;115019;162.3;1450;10085782940;S
20240410;115020;162.36;110;10085783097;B
20240410;115020;162.36;40;10085783142;B
20240410;115020;162.38;240;10085783143;B
20240410;115021;162.28;80;10085783310;S
20240410;115021;162.28;10;10085783311;S
20240410;115021;162.28;10;10085783312;S
20240410;115023;162.28;30;10085783530;S
20240410;115023;162.28;50;10085783554;S
20240410;115024;162.36;80;10085783645;B
20240410;115025;162.36;70;10085783687;B
20240410;115025;162.38;30;10085783688;B
20240410;115025;162.28;60;10085783760;S
20240410;115025;162.28;770;10085783761;S
20240410;115025;162.26;3660;10085783762;S
20240410;115025;162.26;1690;10085783763;S
20240410;115025;162.26;1320;10085783764;S
20240410;115025;162.24;80;10085783765;S
20240410;115025;162.24;2000;10085783766;S
20240410;115025;162.24;5320;10085783767;S
20240410;115026;162.26;20;10085783969;S
20240410;115026;162.32;150;10085783988;B
20240410;115026;162.34;70;10085783989;B
20240410;115029;162.26;120;10085784205;S
20240410;115031;162.26;10;10085784470;S
20240410;115031;162.24;500;10085784471;S
20240410;115031;162.22;20;10085784472;S
20240410;115031;162.22;200;10085784473;S
20240410;115031;162.22;1340;10085784474;S
20240410;115031;162.2;150;10085784475;S
20240410;115031;162.2;1000;10085784476;S
20240410;115031;162.2;250;10085784477;S
20240410;115031;162.2;100;10085784478;S
20240410;115031;162.2;2130;10085784479;S
20240410;115031;162.24;50;10085784490;S
20240410;115031;162.32;20;10085784520;B
20240410;115031;162.32;10;10085784521;B
20240410;115032;162.3;20;10085784554;B
20240410;115033;162.3;110;10085784724;B
20240410;115033;162.32;590;10085784725;B
20240410;115033;162.32;10;10085784747;B
20240410;115036;162.32;100;10085785022;B
20240410;115036;162.32;100;10085785046;B
20240410;115036;162.32;20;10085785070;B
20240410;115037;162.32;10;10085785209;B
20240410;115038;162.34;10;10085785312;B
20240410;115038;162.24;70;10085785321;S
20240410;115038;162.24;500;10085785322;S
20240410;115038;162.24;150;10085785323;B
20240410;115038;162.24;20;10085785352;B
20240410;115038;162.22;90;10085785358;S
20240410;115038;162.24;1750;10085785362;B
20240410;115039;162.22;20;10085785432;S
20240410;115042;162.24;570;10085785730;B
20240410;115045;162.24;50;10085786060;B
20240410;115046;162.24;20;10085786154;B
20240410;115050;162.24;40;10085786589;B
20240410;115050;162.24;800;10085786676;B
20240410;115052;162.24;20;10085786803;B
20240410;115054;162.22;40;10085787080;S
20240410;115054;162.22;30;10085787081;S
20240410;115054;162.24;180;10085787150;B
20240410;115055;162.24;400;10085787268;B
20240410;115057;162.22;10;10085787483;S
20240410;115058;162.24;430;10085787661;B
20240410;115058;162.26;90;10085787662;B
20240410;115058;162.26;130;10085787663;B
20240410;115058;162.26;250;10085787672;B
20240410;115059;162.24;100;10085787758;S
20240410;115100;162.26;100;10085787815;B
20240410;115100;162.26;100;10085787843;B
20240410;115101;162.24;10;10085787910;S
20240410;115101;162.24;30;10085787934;S
20240410;115101;162.24;200;10085787966;S
20240410;115102;162.24;1710;10085788077;S
20240410;115102;162.22;30;10085788078;S
20240410;115102;162.22;10;10085788079;S
20240410;115102;162.22;10;10085788080;S
20240410;115102;162.22;10;10085788081;S
20240410;115102;162.22;230;10085788082;S
20240410;115106;162.26;110;10085788591;B
20240410;115106;162.26;60;10085788592;B
20240410;115106;162.3;10;10085788593;B
20240410;115106;162.3;90;10085788594;B
20240410;115109;162.3;600;10085788939;B
20240410;115109;162.34;50;10085788940;B
20240410;115109;162.36;1350;10085788941;B
20240410;115110;162.36;10;10085789022;B
20240410;115111;162.26;1000;10085789239;S
20240410;115113;162.34;200;10085789524;B
20240410;115113;162.36;500;10085789525;B
20240410;115115;162.36;90;10085789766;B
20240410;115118;162.36;150;10085790071;B
20240410;115118;162.36;110;10085790168;B
20240410;115121;162.36;400;10085790588;B
20240410;115122;162.36;10;10085790650;B
20240410;115122;162.36;10;10085790724;B
20240410;115122;162.36;20;10085790751;B
20240410;115123;162.36;40;10085790812;B
20240410;115125;162.36;20;10085791009;B
20240410;115126;162.3;100;10085791234;B
20240410;115126;162.34;100;10085791235;B
20240410;115126;162.34;70;10085791236;S
20240410;115126;162.34;70;10085791237;S
20240410;115126;162.38;10;10085791243;B
20240410;115126;162.34;40;10085791285;S
20240410;115127;162.36;40;10085791345;S
20240410;115128;162.36;500;10085791420;S
20240410;115129;162.38;330;10085791548;B
20240410;115130;162.36;50;10085791702;S
20240410;115130;162.36;50;10085791719;S
20240410;115130;162.36;40;10085791744;S
20240410;115130;162.34;510;10085791770;S
20240410;115130;162.36;40;10085791820;B
20240410;115133;162.36;10;10085792033;B
20240410;115133;162.36;10;10085792098;B
20240410;115134;162.36;260;10085792121;B
20240410;115134;162.34;150;10085792122;S
20240410;115136;162.36;10;10085792333;B
20240410;115136;162.36;50;10085792455;B
20240410;115138;162.36;400;10085792644;B
20240410;115138;162.34;300;10085792669;S
20240410;115138;162.36;10;10085792701;B
20240410;115139;162.36;10;10085792732;B
20240410;115139;162.36;10;10085792735;B
20240410;115140;162.36;240;10085792898;B
20240410;115143;162.36;10;10085793171;B
20240410;115145;162.36;40;10085793354;B
20240410;115145;162.36;150;10085793355;B
20240410;115147;162.36;550;10085793583;B
20240410;115149;162.36;650;10085793843;B
20240410;115150;162.34;150;10085793868;S
20240410;115151;162.36;1000;10085794038;B
20240410;115152;162.34;10;10085794096;S
20240410;115152;162.36;80;10085794114;B
20240410;115152;162.34;40;10085794170;S
20240410;115152;162.34;10;10085794171;S
20240410;115152;162.34;10;10085794178;S
20240410;115154;162.32;10;10085794428;S
20240410;115155;162.32;140;10085794498;S
20240410;115155;162.28;20;10085794514;S
20240410;115156;162.28;400;10085794631;S
20240410;115156;162.26;600;10085794632;S
20240410;115156;162.3;30;10085794670;B
20240410;115157;162.26;930;10085794762;S
20240410;115157;162.26;320;10085794763;S
20240410;115159;162.26;180;10085794909;S
20240410;115159;162.26;20;10085794910;S
20240410;115159;162.3;190;10085794916;B
20240410;115201;162.3;30;10085795138;B
20240410;115201;162.3;400;10085795139;B
20240410;115201;162.32;20;10085795163;B
20240410;115202;162.3;30;10085795298;S
20240410;115203;162.3;550;10085795327;S
20240410;115203;162.3;550;10085795340;S
20240410;115203;162.3;140;10085795383;S
20240410;115203;162.3;140;10085795387;S
20240410;115204;162.3;10;10085795574;S
20240410;115204;162.32;20;10085795613;B
20240410;115205;162.32;50;10085795646;B
20240410;115207;162.32;270;10085795943;B
20240410;115207;162.32;10;10085795944;B
20240410;115207;162.34;20;10085795945;B
20240410;115207;162.3;150;10085795961;S
20240410;115207;162.3;30;10085795962;S
20240410;115207;162.26;420;10085795963;S
20240410;115207;162.26;90;10085796008;S
20240410;115208;162.3;180;10085796196;B
20240410;115208;162.32;640;10085796197;B
20240410;115208;162.32;510;10085796198;S
20240410;115210;162.34;30;10085796436;B
20240410;115210;162.32;80;10085796473;S
20240410;115211;162.32;90;10085796528;S
20240410;115211;162.32;10;10085796650;S
20240410;115214;162.32;900;10085796934;S
20240410;115216;162.34;4030;10085797204;B
20240410;115216;162.34;140;10085797205;B
20240410;115216;162.36;190;10085797206;B
20240410;115216;162.36;1000;10085797207;B
20240410;115216;162.38;260;10085797208;B
20240410;115216;162.38;320;10085797209;B
20240410;115216;162.4;10;10085797210;B
20240410;115216;162.4;200;10085797211;B
20240410;115216;162.4;950;10085797212;B
20240410;115216;162.4;400;10085797213;B
20240410;115220;162.38;10;10085797659;B
20240410;115221;162.32;20;10085797742;S
20240410;115222;162.38;100;10085797894;B
20240410;115223;162.38;20;10085797986;B
20240410;115224;162.32;100;10085798175;S
20240410;115226;162.36;80;10085798332;B
20240410;115226;162.36;100;10085798353;B
20240410;115229;162.32;70;10085798630;S
20240410;115229;162.32;30;10085798631;S
20240410;115229;162.3;90;10085798632;S
20240410;115229;162.3;150;10085798633;S
20240410;115229;162.3;10;10085798634;S
20240410;115229;162.3;10;10085798635;S
20240410;115229;162.28;180;10085798636;S
20240410;115229;162.28;1300;10085798637;S
20240410;115232;162.36;170;10085799137;B
20240410;115232;162.36;10;10085799138;B
20240410;115232;162.36;150;10085799139;B
20240410;115232;162.36;10;10085799140;B
20240410;115233;162.36;30;10085799164;B
20240410;115234;162.36;10;10085799252;B
20240410;115235;162.36;260;10085799399;B
20240410;115235;162.36;310;10085799442;B
20240410;115236;162.36;10;10085799479;B
20240410;115243;162.36;200;10085800379;B
20240410;115247;162.32;20;10085800811;S
20240410;115247;162.3;200;10085800812;S
20240410;115247;162.3;200;10085800813;S
20240410;115248;162.36;10;10085800958;B
20240410;115248;162.36;10;10085800988;B
20240410;115248;162.36;90;10085800989;B
20240410;115248;162.3;100;10085800999;S
20240410;115248;162.28;10;10085801000;S
20240410;115253;162.28;70;10085801635;S
20240410;115253;162.28;20;10085801657;S
20240410;115253;162.28;150;10085801658;S
20240410;115253;162.28;80;10085801659;S
20240410;115253;162.28;20;10085801662;B
20240410;115254;162.28;10;10085801873;B
20240410;115255;162.28;200;10085801920;B
20240410;115255;162.28;20;10085801939;B
20240410;115256;162.28;10;10085802019;B
20240410;115258;162.24;1500;10085802324;S
20240410;115300;162.28;10;10085802502;B
20240410;115300;162.28;20;10085802549;B
20240410;115301;162.24;10;10085802698;S
20240410;115301;162.24;30;10085802710;S
20240410;115302;162.26;10;10085802814;B
20240410;115305;162.24;1330;10085803187;S
20240410;115305;162.24;40;10085803188;S
20240410;115305;162.24;300;10085803189;S
20240410;115305;162.24;160;10085803190;S
20240410;115305;162.24;20;10085803235;B
20240410;115306;162.22;10;10085803343;S
20240410;115306;162.2;10;10085803344;S
20240410;115306;162.18;610;10085803345;S
20240410;115306;162.16;10;10085803346;S
20240410;115306;162.16;2400;10085803347;S
20240410;115308;162.18;10;10085803678;B
20240410;115308;162.16;100;10085803699;B
20240410;115308;162.18;70;10085803744;B
20240410;115308;162.16;250;10085803778;B
20240410;115312;162.16;150;10085804285;S
20240410;115312;162.14;8150;10085804286;S
20240410;115313;162.2;10;10085804437;B
20240410;115314;162.14;1480;10085804558;S
20240410;115317;162.16;40;10085804964;B
20240410;115319;162.16;10;10085805177;B
20240410;115319;162.16;20;10085805190;B
20240410;115319;162.16;180;10085805230;B
20240410;115321;162.2;140;10085805498;B
20240410;115321;162.22;160;10085805499;B
20240410;115322;162.22;20;10085805518;B
20240410;115323;162.22;10;10085805637;B
20240410;115323;162.22;140;10085805644;B
20240410;115323;162.24;80;10085805645;B
20240410;115325;162.24;10;10085805810;B
20240410;115326;162.24;300;10085805962;B
20240410;115328;162.2;40;10085806193;S
20240410;115329;162.22;10;10085806238;B
20240410;115329;162.24;1270;10085806239;B
20240410;115329;162.26;610;10085806240;B
20240410;115329;162.28;40;10085806241;B
20240410;115332;162.26;10;10085806662;S
20240410;115333;162.26;90;10085806831;S
20240410;115333;162.24;150;10085806832;S
20240410;115333;162.24;100;10085806833;S
20240410;115336;162.24;260;10085807221;B
20240410;115336;162.26;150;10085807222;B
20240410;115336;162.3;1010;10085807223;B
20240410;115338;162.22;100;10085807445;S
20240410;115338;162.22;1220;10085807446;S
20240410;115338;162.22;440;10085807447;S
20240410;115338;162.3;10;10085807461;B
20240410;115338;162.22;260;10085807493;S
20240410;115338;162.22;20;10085807512;S
20240410;115343;162.3;300;10085808014;B
20240410;115344;162.26;100;10085808273;S
20240410;115345;162.28;100;10085808354;B
20240410;115345;162.3;680;10085808355;B
20240410;115346;162.32;50;10085808437;S
20240410;115346;162.32;50;10085808503;S
20240410;115346;162.3;120;10085808504;S
20240410;115346;162.26;30;10085808505;S
20240410;115349;162.26;20;10085808881;S
20240410;115351;162.32;20;10085809098;B
20240410;115357;162.26;50;10085809816;S
20240410;115401;162.32;10;10085810369;B
20240410;115401;162.26;40;10085810406;S
20240410;115404;162.26;10;10085810702;S
20240410;115404;162.26;60;10085810703;S
20240410;115404;162.26;150;10085810704;S
20240410;115404;162.26;180;10085810705;S
20240410;115404;162.32;70;10085810748;B
20240410;115405;162.32;10;10085810852;B
20240410;115407;162.26;10;10085811082;S
20240410;115411;162.32;100;10085811537;B
20240410;115413;162.26;20;10085811802;S
20240410;115414;162.32;3400;10085811956;B
20240410;115414;162.32;200;10085811957;B
20240410;115414;162.32;50;10085811958;B
20240410;115414;162.32;60;10085811959;B
20240410;115414;162.34;50;10085811960;B
20240410;115414;162.34;30;10085811961;B
20240410;115414;162.34;1210;10085811962;B
20240410;115415;162.32;150;10085812076;B
20240410;115415;162.34;170;10085812077;B
20240410;115416;162.32;20;10085812232;B
20240410;115416;162.34;40;10085812233;B
20240410;115419;162.32;100;10085812656;S
20240410;115419;162.32;40;10085812657;S
20240410;115426;162.32;10;10085813572;B
20240410;115429;162.32;10;10085814129;B
20240410;115433;162.32;840;10085814771;B
20240410;115433;162.32;100;10085814772;B
20240410;115433;162.34;450;10085814773;B
20240410;115433;162.34;210;10085814774;B
20240410;115433;162.34;10;10085814775;B
20240410;115433;162.36;850;10085814776;B
20240410;115433;162.36;10;10085814777;B
20240410;115433;162.36;60;10085814778;B
20240410;115433;162.36;100;10085814779;B
20240410;115433;162.36;310;10085814780;B
20240410;115433;162.38;60;10085814781;B
20240410;115434;162.38;70;10085814883;B
20240410;115435;162.36;10;10085815129;B
20240410;115440;162.36;40;10085815728;B
20240410;115441;162.36;650;10085815888;B
20240410;115443;162.36;50;10085816096;B
20240410;115447;162.36;2430;10085816605;B
20240410;115447;162.36;10;10085816606;B
20240410;115447;162.38;570;10085816607;B
20240410;115447;162.38;2990;10085816608;B
20240410;115450;162.38;670;10085816990;B
20240410;115450;162.4;30;10085816991;B
20240410;115455;162.4;270;10085817659;B
20240410;115455;162.4;200;10085817660;B
20240410;115455;162.4;530;10085817661;B
20240410;115455;162.4;330;10085817707;B
20240410;115456;162.4;260;10085817866;B
20240410;115458;162.38;40;10085818122;S
20240410;115458;162.34;360;10085818123;S
20240410;115500;162.4;250;10085818415;B
20240410;115501;162.3;100;10085818486;S
20240410;115501;162.3;40;10085818517;S
20240410;115501;162.3;10;10085818542;S
20240410;115502;162.32;130;10085818724;B
20240410;115504;162.3;10;10085819037;S
20240410;115504;162.3;40;10085819038;S
20240410;115504;162.28;250;10085819039;S
20240410;115505;162.3;60;10085819097;B
20240410;115514;162.26;100;10085820300;S
20240410;115514;162.28;300;10085820321;B
20240410;115514;162.28;320;10085820349;B
20240410;115515;162.26;10;10085820395;S
20240410;115515;162.26;150;10085820396;S
20240410;115515;162.24;250;10085820397;S
20240410;115515;162.24;60;10085820398;S
20240410;115515;162.28;10;10085820438;B
20240410;115515;162.28;10;10085820479;B
20240410;115516;162.26;10;10085820636;B
20240410;115517;162.26;80;10085820659;B
20240410;115518;162.26;210;10085820800;B
20240410;115518;162.24;220;10085820891;B
20240410;115518;162.22;10;10085820929;S
20240410;115519;162.24;30;10085821026;B
20240410;115520;162.22;990;10085821056;S
20240410;115520;162.2;40;10085821057;S
20240410;115521;162.22;10;10085821152;B
20240410;115521;162.22;30;10085821191;B
20240410;115522;162.22;100;10085821272;B
20240410;115522;162.22;10;10085821320;B
20240410;115525;162.22;10;10085821672;B
20240410;115528;162.22;10;10085821958;B
20240410;115528;162.22;10;10085822020;B
20240410;115529;162.22;10;10085822046;B
20240410;115530;162.22;20;10085822195;B
20240410;115532;162.2;20;10085822538;S
20240410;115532;162.2;10;10085822539;S
20240410;115532;162.2;20;10085822540;S
20240410;115534;162.22;20;10085822771;B
20240410;115535;162.2;70;10085822926;S
20240410;115536;162.2;310;10085822975;S
20240410;115536;162.2;20;10085822976;S
20240410;115536;162.2;100;10085822977;S
20240410;115536;162.2;10;10085822978;S
20240410;115536;162.18;10;10085822979;S
20240410;115536;162.18;510;10085822980;S
20240410;115537;162.2;400;10085823139;B
20240410;115537;162.22;2510;10085823140;B
20240410;115537;162.22;10;10085823141;B
20240410;115537;162.22;150;10085823142;B
20240410;115537;162.26;510;10085823143;B
20240410;115537;162.28;80;10085823144;B
20240410;115537;162.3;50;10085823145;B
20240410;115537;162.3;100;10085823146;B
20240410;115537;162.3;940;10085823147;B
20240410;115537;162.3;750;10085823148;B
20240410;115538;162.22;100;10085823249;B
20240410;115538;162.28;550;10085823250;B
20240410;115539;162.28;330;10085823362;B
20240410;115540;162.28;70;10085823493;B
20240410;115540;162.2;20;10085823507;S
20240410;115541;162.28;10;10085823680;B
20240410;115543;162.28;10;10085823885;B
20240410;115543;162.28;50;10085823886;B
20240410;115543;162.28;60;10085823887;B
20240410;115543;162.28;50;10085823888;B
20240410;115543;162.3;650;10085823889;B
20240410;115546;162.22;100;10085824277;S
20240410;115546;162.22;400;10085824278;S
20240410;115546;162.2;130;10085824279;S
20240410;115546;162.18;490;10085824280;S
20240410;115546;162.18;100;10085824281;S
20240410;115546;162.18;650;10085824282;S
20240410;115546;162.18;230;10085824283;S
20240410;115547;162.2;30;10085824372;S
20240410;115557;162.28;10;10085825454;B
20240410;115602;162.26;10;10085826008;B
20240410;115602;162.26;250;10085826031;B
20240410;115603;162.26;20;10085826074;B
20240410;115603;162.18;40;10085826096;S
20240410;115605;162.2;100;10085826374;B
20240410;115608;162.2;10;10085826720;B
20240410;115608;162.2;2000;10085826726;B
20240410;115610;162.2;10;10085826898;B
20240410;115612;162.18;20;10085827136;S
20240410;115612;162.18;10;10085827137;S
20240410;115612;162.18;10;10085827138;S
20240410;115612;162.18;590;10085827139;S
20240410;115614;162.2;100;10085827456;B
20240410;115615;162.2;860;10085827637;B
20240410;115615;162.22;150;10085827638;B
20240410;115615;162.26;720;10085827639;B
20240410;115615;162.28;270;10085827640;B
20240410;115617;162.22;240;10085828023;S
20240410;115622;162.22;10;10085828614;S
20240410;115633;162.28;10;10085829985;B
20240410;115634;162.22;10;10085830169;S
20240410;115634;162.28;30;10085830212;B
20240410;115636;162.28;10;10085830455;B
20240410;115638;162.22;20;10085830768;S
20240410;115638;162.22;10;10085830769;S
20240410;115638;162.22;330;10085830770;S
20240410;115639;162.22;200;10085830930;S
20240410;115641;162.28;10;10085831151;B
20240410;115642;162.28;70;10085831265;B
20240410;115642;162.28;30;10085831266;B
20240410;115643;162.28;220;10085831355;B
20240410;115643;162.28;10;10085831454;B
20240410;115644;162.28;60;10085831588;B
20240410;115645;162.22;10;10085831796;S
20240410;115645;162.28;250;10085831879;B
20240410;115645;162.28;360;10085831880;B
20240410;115645;162.28;100;10085831881;B
20240410;115645;162.28;20;10085831882;B
20240410;115645;162.3;10;10085831883;B
20240410;115645;162.3;100;10085831884;B
20240410;115645;162.3;480;10085831885;B
20240410;115645;162.32;1000;10085831886;B
20240410;115645;162.32;40;10085831887;B
20240410;115645;162.32;1640;10085831888;B
20240410;115646;162.22;10;10085831991;S
20240410;115647;162.22;100;10085832054;S
20240410;115647;162.2;100;10085832055;S
20240410;115647;162.2;100;10085832056;S
20240410;115651;162.28;10;10085832685;B
20240410;115652;162.28;20;10085832786;B
20240410;115653;162.28;10;10085833060;B
20240410;115654;162.28;20;10085833089;B
20240410;115654;162.24;10;10085833150;S
20240410;115655;162.26;10;10085833299;B
20240410;115655;162.28;1510;10085833300;B
20240410;115701;162.28;10;10085833962;B
20240410;115701;162.24;40;10085834000;S
20240410;115701;162.24;10;10085834019;S
20240410;115706;162.24;20;10085834573;S
20240410;115709;162.24;10;10085834881;S
20240410;115710;162.24;60;10085835048;S
20240410;115710;162.24;10;10085835049;S
20240410;115710;162.24;30;10085835050;S
20240410;115710;162.24;10;10085835051;S
20240410;115710;162.24;200;10085835052;S
20240410;115710;162.2;380;10085835053;S
20240410;115710;162.18;3660;10085835054;S
20240410;115710;162.18;650;10085835055;S
20240410;115713;162.26;80;10085835300;B
20240410;115713;162.22;10;10085835315;S
20240410;115713;162.2;150;10085835316;S
20240410;115713;162.2;40;10085835317;S
20240410;115713;162.26;320;10085835328;B
20240410;115713;162.2;360;10085835353;S
20240410;115713;162.18;360;10085835354;S
20240410;115713;162.18;1220;10085835355;S
20240410;115713;162.18;800;10085835356;S
20240410;115713;162.16;860;10085835357;S
20240410;115716;162.26;10;10085835640;B
20240410;115717;162.22;10;10085835842;B
20240410;115719;162.22;140;10085836028;B
20240410;115719;162.24;100;10085836029;B
20240410;115719;162.2;10;10085836041;S
20240410;115721;162.22;10;10085836216;B
20240410;115722;162.22;20;10085836320;B
20240410;115724;162.22;20;10085836497;B
20240410;115724;162.18;1220;10085836570;S
20240410;115724;162.16;120;10085836571;S
20240410;115724;162.16;600;10085836572;S
20240410;115724;162.16;10;10085836573;S
20240410;115724;162.16;1290;10085836574;S
20240410;115725;162.22;10;10085836645;B
20240410;115726;162.22;20;10085836777;B
20240410;115726;162.22;10;10085836784;B
20240410;115727;162.22;50;10085836920;B
20240410;115727;162.22;390;10085836921;B
20240410;115727;162.24;60;10085836922;B
20240410;115729;162.24;650;10085837227;B
20240410;115729;162.2;100;10085837233;S
20240410;115730;162.24;200;10085837290;B
20240410;115731;162.18;100;10085837386;S
20240410;115731;162.26;10;10085837394;B
20240410;115731;162.26;40;10085837395;B
20240410;115735;162.26;10;10085838047;B
20240410;115736;162.26;100;10085838075;B
20240410;115736;162.22;10;10085838102;S
20240410;115736;162.2;150;10085838103;S
20240410;115736;162.2;1220;10085838104;S
20240410;115736;162.2;30;10085838105;S
20240410;115736;162.18;200;10085838106;S
20240410;115736;162.24;150;10085838114;B
20240410;115736;162.24;160;10085838115;B
20240410;115736;162.24;10;10085838183;B
20240410;115736;162.18;100;10085838189;S
20240410;115736;162.24;80;10085838192;B
20240410;115737;162.24;20;10085838226;B
20240410;115738;162.18;50;10085838341;S
20240410;115740;162.2;50;10085838642;B
20240410;115740;162.2;350;10085838643;B
20240410;115742;162.2;10;10085838771;B
20240410;115743;162.18;100;10085838888;S
20240410;115743;162.2;10;10085838957;B
20240410;115744;162.2;4000;10085839006;B
20240410;115745;162.2;100;10085839135;B
20240410;115749;162.2;80;10085839761;B
20240410;115751;162.2;440;10085839955;B
20240410;115751;162.2;160;10085839956;B
20240410;115751;162.2;10;10085839963;B
20240410;115754;162.2;100;10085840310;B
20240410;115755;162.2;10;10085840475;B
20240410;115755;162.2;180;10085840506;B
20240410;115757;162.2;100;10085840702;B
20240410;115803;162.18;10;10085841543;S
20240410;115804;162.2;10;10085841584;B
20240410;115804;162.2;60;10085841604;B
20240410;115804;162.18;10;10085841623;S
20240410;115804;162.18;30;10085841624;S
20240410;115805;162.18;10;10085841743;B
20240410;115807;162.2;10;10085841967;B
20240410;115807;162.18;20;10085842027;B
20240410;115808;162.2;10;10085842106;B
20240410;115810;162.18;10;10085842310;S
20240410;115810;162.18;290;10085842326;S
20240410;115815;162.18;200;10085842968;S
20240410;115815;162.18;50;10085842975;S
20240410;115815;162.18;640;10085843037;S
20240410;115817;162.2;10;10085843441;B
20240410;115818;162.2;10;10085843546;B
20240410;115820;162.18;1060;10085843714;S
20240410;115820;162.18;620;10085843715;S
20240410;115821;162.16;1220;10085843819;S
20240410;115821;162.14;2940;10085843820;S
20240410;115823;162.14;1000;10085844058;S
20240410;115824;162.16;400;10085844205;B
20240410;115824;162.18;600;10085844206;B
20240410;115827;162.14;830;10085844615;S
20240410;115830;162.18;10;10085844963;B
20240410;115831;162.14;160;10085845118;S
20240410;115832;162.18;540;10085845219;B
20240410;115833;162.14;440;10085845333;S
20240410;115833;162.14;100;10085845334;S
20240410;115833;162.14;20;10085845335;S
20240410;115833;162.14;10;10085845336;S
20240410;115840;162.14;20;10085846125;B
20240410;115840;162.12;130;10085846151;S
20240410;115840;162.12;10;10085846152;S
20240410;115840;162.12;10;10085846153;S
20240410;115840;162.12;100;10085846154;S
20240410;115840;162.12;10;10085846155;S
20240410;115840;162.1;40;10085846156;S
20240410;115841;162.16;10;10085846216;B
20240410;115841;162.16;10;10085846246;B
20240410;115851;162.14;100;10085847590;B
20240410;115851;162.14;350;10085847591;B
20240410;115852;162.14;10;10085847720;B
20240410;115853;162.14;20;10085847894;B
20240410;115857;162.1;40;10085848585;S
20240410;115857;162.1;100;10085848586;S
20240410;115857;162.1;520;10085848587;S
20240410;115857;162.1;140;10085848588;S
20240410;115900;162.14;10;10085849045;B
20240410;115901;162.1;10;10085849153;S
20240410;115901;162.1;20;10085849154;S
20240410;115901;162.1;10;10085849155;S
20240410;115901;162.1;10;10085849171;S
20240410;115902;162.14;100;10085849303;B
20240410;115903;162.14;10;10085849340;B
20240410;115904;162.14;10;10085849629;B
20240410;115905;162.1;430;10085849654;S
20240410;115905;162.1;10;10085849655;S
20240410;115905;162.08;250;10085849656;S
20240410;115905;162.08;420;10085849657;S
20240410;115906;162.08;130;10085849780;S
20240410;115906;162.08;190;10085849781;S
20240410;115906;162.06;290;10085849782;S
20240410;115906;162.1;100;10085849868;B
20240410;115907;162.1;10;10085849893;B
20240410;115907;162.06;250;10085849896;S
20240410;115910;162.1;40;10085850334;B
20240410;115910;162.1;100;10085850335;B
20240410;115911;162.06;200;10085850579;S
20240410;115913;162.1;10;10085850781;B
20240410;115913;162.1;10;10085850807;B
20240410;115914;162.1;210;10085850960;B
20240410;115914;162.1;590;10085850961;B
20240410;115916;162.1;10;10085851282;B
20240410;115916;162.1;30;10085851342;B
20240410;115919;162.06;4260;10085851615;S
20240410;115919;162.06;100;10085851616;S
20240410;115919;162.06;30;10085851617;S
20240410;115919;162.06;50;10085851618;S
20240410;115919;162.06;150;10085851619;S
20240410;115919;162.04;10;10085851620;S
20240410;115919;162.04;20;10085851621;S
20240410;115919;162.04;20;10085851622;S
20240410;115919;162.04;500;10085851623;S
20240410;115919;162.02;100;10085851624;S
20240410;115919;162.02;50;10085851625;S
20240410;115919;162.02;50;10085851626;S
20240410;115919;162.02;2370;10085851627;S
20240410;115919;162.02;60;10085851628;S
20240410;115919;162;10;10085851629;S
20240410;115919;162;10;10085851630;S
20240410;115919;162;100;10085851631;S
20240410;115919;162;100;10085851632;S
20240410;115919;162;10;10085851633;S
20240410;115919;162;140;10085851634;S
20240410;115919;162;10;10085851635;S
20240410;115919;162;60;10085851636;S
20240410;115919;162;650;10085851637;S
20240410;115919;162;40;10085851638;S
20240410;115919;162;800;10085851639;S
20240410;115919;162;10;10085851640;S
20240410;115919;162;40;10085851641;S
20240410;115919;162;1500;10085851642;S
20240410;115919;162;100;10085851643;S
20240410;115919;162;10;10085851644;S
20240410;115919;162;700;10085851645;S
20240410;115919;162;200;10085851646;S
20240410;115919;162;300;10085851647;S
20240410;115919;162;10;10085851648;S
20240410;115919;162;110;10085851649;S
20240410;115919;162;200;10085851650;S
20240410;115919;162;10;10085851651;S
20240410;115919;162;150;10085851652;S
20240410;115919;162;20;10085851653;S
20240410;115919;162;10;10085851654;S
20240410;115919;162;100;10085851655;S
20240410;115919;162;1000;10085851656;S
20240410;115919;162;10;10085851657;S
20240410;115919;162;10;10085851658;S
20240410;115919;162;180;10085851659;S
20240410;115919;162;410;10085851660;S
20240410;115919;162;30;10085851661;S
20240410;115919;161.98;100;10085851662;S
20240410;115919;161.98;500;10085851663;S
20240410;115919;161.98;10;10085851664;S
20240410;115919;161.98;110;10085851665;S
20240410;115919;161.98;200;10085851666;S
20240410;115919;161.98;50;10085851667;S
20240410;115919;161.98;10;10085851668;S
20240410;115919;161.98;6000;10085851669;S
20240410;115919;161.98;10;10085851670;S
20240410;115919;161.98;10000;10085851671;S
20240410;115919;161.98;9500;10085851672;S
20240410;115919;161.98;1220;10085851673;S
20240410;115919;161.96;5000;10085851674;S
20240410;115919;161.96;110;10085851675;S
20240410;115919;161.94;20;10085851676;S
20240410;115919;161.94;200;10085851677;S
20240410;115919;161.94;400;10085851678;S
20240410;115919;161.94;1000;10085851679;S
20240410;115919;161.94;4750;10085851680;S
20240410;115919;161.96;500;10085851685;S
20240410;115919;161.92;750;10085851686;S
20240410;115919;162.04;100;10085851706;B
20240410;115919;162.04;100;10085851707;B
20240410;115919;162.04;110;10085851708;B
20240410;115919;162.04;100;10085851709;B
20240410;115919;162.04;100;10085851711;B
20240410;115919;162.04;110;10085851712;B
20240410;115919;162.04;100;10085851713;B
20240410;115920;161.92;1220;10085851774;S
20240410;115920;161.9;10;10085851775;S
20240410;115920;161.9;100;10085851776;S
20240410;115920;161.9;200;10085851777;S
20240410;115920;161.9;430;10085851778;S
20240410;115920;161.9;330;10085851779;S
20240410;115920;161.9;50;10085851780;S
20240410;115920;161.9;10;10085851781;S
20240410;115920;161.9;200;10085851782;S
20240410;115920;161.9;10;10085851783;S
20240410;115920;161.88;50;10085851784;S
20240410;115920;161.88;10;10085851785;S
20240410;115920;161.88;100;10085851786;S
20240410;115920;161.88;10;10085851787;S
20240410;115920;161.88;190;10085851788;S
20240410;115920;161.88;7080;10085851789;S
20240410;115920;161.98;50;10085851790;B
20240410;115920;161.98;10;10085851792;B
20240410;115920;161.98;20;10085851831;B
20240410;115920;161.98;10;10085851832;B
20240410;115920;161.98;50;10085851846;B
20240410;115920;161.98;10;10085851866;B
20240410;115921;161.86;10;10085851938;S
20240410;115921;161.86;70;10085851939;S
20240410;115921;161.86;70;10085851940;S
20240410;115922;161.98;40;10085852045;B
20240410;115922;162;60;10085852046;B
20240410;115923;161.9;180;10085852166;S
20240410;115923;161.9;820;10085852167;S
20240410;115923;161.98;10;10085852246;B
20240410;115924;161.98;10;10085852426;B
20240410;115926;161.98;10;10085852578;B
20240410;115927;161.98;150;10085852679;B
20240410;115927;161.98;50;10085852680;B
20240410;115927;161.96;180;10085852701;B
20240410;115927;162;120;10085852702;B
20240410;115929;161.98;10;10085852895;B
20240410;115930;162;30;10085853036;S
20240410;115933;162.04;30;10085853521;B
20240410;115937;162.02;100;10085853981;S
20240410;115937;162;990;10085853982;S
20240410;115937;162;500;10085853983;S
20240410;115937;162;40;10085853984;S
20240410;115937;161.98;1170;10085853985;S
20240410;115940;162;30;10085854280;S
20240410;115940;162.02;100;10085854297;S
20240410;115941;162.02;400;10085854425;S
20240410;115941;162;100;10085854426;S
20240410;115942;162.04;130;10085854438;B
20240410;115945;162.02;100;10085854879;S
20240410;115946;162.02;190;10085855041;S
20240410;115948;162.04;20;10085855273;B
20240410;115948;162.02;10;10085855341;S
20240410;115948;162.02;200;10085855347;S
20240410;115948;162;1630;10085855348;S
20240410;115949;162.04;20;10085855492;B
20240410;115949;162.08;690;10085855493;B
20240410;115949;162.1;20;10085855494;B
20240410;115949;162.1;80;10085855495;B
20240410;115949;162.1;350;10085855496;B
20240410;115949;162.1;30;10085855497;B
20240410;115949;162.1;3970;10085855498;B
20240410;115949;162.1;440;10085855499;B
20240410;115950;162;10;10085855542;S
20240410;115951;161.98;400;10085855650;S
20240410;115951;161.92;400;10085855651;S
20240410;115951;161.92;10;10085855652;S
20240410;115951;161.9;10;10085855653;S
20240410;115951;161.9;200;10085855654;S
20240410;115951;161.88;350;10085855655;S
20240410;115951;161.88;1440;10085855656;S
20240410;115951;161.86;440;10085855657;S
20240410;115951;161.86;790;10085855658;S
20240410;115952;162.04;200;10085855846;B
20240410;115952;162.04;150;10085855847;B
20240410;115953;162.02;100;10085855886;S
20240410;115956;162.02;20;10085856251;B
20240410;115956;162;20;10085856353;S
20240410;120002;162.02;90;10085857578;B
20240410;120002;162;30;10085857602;S
20240410;120002;162;70;10085857603;S
20240410;120003;162.02;10;10085857630;B
20240410;120003;162;30;10085857707;S
20240410;120005;162;100;10085857952;S
20240410;120006;162;10;10085858074;S
20240410;120008;162;50;10085858379;S
20240410;120010;162;100;10085858564;S
20240410;120010;162.02;50;10085858573;B
20240410;120010;162.02;20;10085858584;B
20240410;120012;162.02;60;10085858815;B
20240410;120012;162.02;400;10085858816;B
20240410;120012;162.02;120;10085858817;B
20240410;120012;162.02;70;10085858818;B
20240410;120012;161.92;190;10085858836;S
20240410;120013;162;100;10085858898;B
20240410;120013;162;190;10085858899;B
20240410;120015;162;900;10085859127;S
20240410;120015;162;100;10085859128;S
20240410;120016;162;150;10085859332;B
20240410;120017;162;10;10085859471;B
20240410;120018;162;120;10085859584;B
20240410;120019;161.98;100;10085859647;S
20240410;120022;162;100;10085860024;B
20240410;120022;162;10;10085860091;B
20240410;120023;162;10;10085860203;B
20240410;120024;162;140;10085860249;B
20240410;120025;161.98;10;10085860685;S
20240410;120025;161.98;10;10085860809;S
20240410;120031;162;10;10085861632;B
20240410;120032;161.98;80;10085861767;S
20240410;120032;161.98;100;10085861768;S
20240410;120032;161.98;30;10085861769;S
20240410;120032;161.98;500;10085861770;S
20240410;120032;161.98;10;10085861771;S
20240410;120035;161.96;10;10085862110;S
20240410;120035;161.96;70;10085862126;B
20240410;120036;161.92;400;10085862240;S
20240410;120036;161.9;100;10085862241;S
20240410;120036;161.9;10;10085862242;S
20240410;120036;161.9;20;10085862243;S
20240410;120036;161.9;500;10085862244;S
20240410;120036;161.88;20;10085862245;S
20240410;120036;161.88;200;10085862246;S
20240410;120036;161.88;790;10085862247;S
20240410;120036;161.86;1960;10085862248;S
20240410;120039;161.94;10;10085862654;B
20240410;120042;161.94;20;10085863030;B
20240410;120044;161.94;30;10085863317;B
20240410;120044;161.94;130;10085863331;B
20240410;120044;161.94;370;10085863332;B
20240410;120045;161.92;10;10085863462;B
20240410;120045;161.94;90;10085863463;B
20240410;120045;161.86;300;10085863516;S
20240410;120045;161.86;20;10085863572;S
20240410;120046;161.94;210;10085863615;B
20240410;120047;161.86;180;10085863812;S
20240410;120047;161.86;10;10085863813;S
20240410;120047;161.84;20;10085863814;S
20240410;120047;161.84;50;10085863815;S
20240410;120047;161.84;650;10085863816;S
20240410;120047;161.84;10;10085863817;S
20240410;120047;161.84;10;10085863818;S
20240410;120047;161.84;10;10085863819;S
20240410;120047;161.84;50;10085863820;S
20240410;120047;161.84;10;10085863821;S
20240410;120047;161.84;190;10085863822;S
20240410;120047;161.84;400;10085863823;S
20240410;120047;161.84;500;10085863824;S
20240410;120047;161.84;1400;10085863825;S
20240410;120047;161.84;1350;10085863826;S
20240410;120047;161.84;1220;10085863827;S
20240410;120047;161.82;10;10085863828;S
20240410;120047;161.82;20;10085863829;S
20240410;120047;161.82;60;10085863830;S
20240410;120047;161.82;150;10085863831;S
20240410;120047;161.82;650;10085863832;S
20240410;120047;161.82;100;10085863833;S
20240410;120047;161.82;2000;10085863834;S
20240410;120047;161.82;300;10085863835;S
20240410;120047;161.82;250;10085863836;S
20240410;120047;161.82;700;10085863837;S
20240410;120047;161.82;1000;10085863838;S
20240410;120047;161.82;10000;10085863839;S
20240410;120047;161.82;140;10085863840;S
20240410;120047;161.82;120;10085863841;S
20240410;120047;161.82;1300;10085863842;S
20240410;120047;161.82;1100;10085863843;S
20240410;120047;161.82;170;10085863844;S
20240410;120047;161.82;50;10085863845;S
20240410;120047;161.82;20;10085863846;S
20240410;120047;161.82;10000;10085863847;S
20240410;120047;161.8;10;10085863848;S
20240410;120047;161.8;10;10085863849;S
20240410;120047;161.8;60;10085863850;S
20240410;120047;161.8;650;10085863851;S
20240410;120047;161.8;100;10085863852;S
20240410;120047;161.8;10;10085863853;S
20240410;120047;161.8;1230;10085863854;S
20240410;120047;161.8;10;10085863855;S
20240410;120047;161.8;30;10085863856;S
20240410;120047;161.8;200;10085863857;S
20240410;120047;161.8;20;10085863858;S
20240410;120047;161.8;20;10085863859;S
20240410;120047;161.78;10;10085863860;S
20240410;120047;161.78;50;10085863861;S
20240410;120047;161.78;10000;10085863862;S
20240410;120047;161.78;8390;10085863863;S
20240410;120047;161.8;500;10085863868;S
20240410;120047;161.86;50;10085863869;B
20240410;120047;161.86;50;10085863870;B
20240410;120047;161.88;50;10085863871;B
20240410;120047;161.8;480;10085863873;S
20240410;120047;161.88;10;10085863877;B
20240410;120057;161.88;130;10085865236;B
20240410;120103;161.9;110;10085865958;B
20240410;120105;161.9;20;10085866212;B
20240410;120105;161.9;500;10085866257;B
20240410;120106;161.9;100;10085866339;B
20240410;120108;161.92;900;10085866607;B
20240410;120108;161.9;10;10085866653;S
20240410;120108;161.88;490;10085866654;S
20240410;120114;161.88;90;10085867308;S
20240410;120115;161.9;50;10085867395;B
20240410;120115;161.9;20;10085867473;B
20240410;120115;161.92;30;10085867474;B
20240410;120115;161.88;320;10085867482;S
20240410;120115;161.88;40;10085867483;S
20240410;120115;161.88;100;10085867484;S
20240410;120115;161.88;10;10085867485;S
20240410;120115;161.88;30;10085867486;S
20240410;120115;161.92;40;10085867488;B
20240410;120116;161.92;100;10085867652;B
20240410;120119;161.92;50;10085868003;B
20240410;120119;161.92;10;10085868106;B
20240410;120121;161.88;100;10085868340;S
20240410;120121;161.86;200;10085868341;S
20240410;120121;161.86;100;10085868342;S
20240410;120121;161.86;500;10085868343;S
20240410;120121;161.82;650;10085868344;S
20240410;120121;161.82;1220;10085868345;S
20240410;120121;161.8;300;10085868346;S
20240410;120121;161.8;200;10085868347;S
20240410;120121;161.8;100;10085868348;S
20240410;120121;161.8;100;10085868349;S
20240410;120121;161.78;200;10085868350;S
20240410;120122;161.86;10;10085868508;B
20240410;120122;161.86;10;10085868555;B
20240410;120124;161.82;10;10085868742;B
20240410;120125;161.78;500;10085868966;S
20240410;120125;161.82;190;10085869025;B
20240410;120125;161.84;710;10085869026;B
20240410;120127;161.84;130;10085869251;B
20240410;120128;161.86;10;10085869334;B
20240410;120128;161.86;190;10085869335;B
20240410;120130;161.8;10;10085869607;S
20240410;120130;161.8;90;10085869608;S
20240410;120133;161.78;200;10085869974;S
20240410;120133;161.78;500;10085869975;B
20240410;120133;161.78;100;10085869977;B
20240410;120135;161.84;10;10085870245;B
20240410;120136;161.82;10;10085870373;B
20240410;120136;161.82;40;10085870375;B
20240410;120136;161.84;20;10085870376;B
20240410;120137;161.84;10;10085870455;B
20240410;120137;161.84;10;10085870463;B
20240410;120137;161.84;20;10085870571;B
20240410;120137;161.84;10;10085870585;B
20240410;120138;161.82;10;10085870596;S
20240410;120140;161.88;20;10085871009;B
20240410;120141;161.9;10;10085871114;B
20240410;120146;161.88;90;10085871693;B
20240410;120151;161.88;50;10085872296;B
20240410;120151;161.88;60;10085872314;B
20240410;120151;161.9;120;10085872315;B
20240410;120153;161.84;10;10085872507;S
20240410;120153;161.9;20;10085872573;B
20240410;120154;161.9;10;10085872646;B
20240410;120154;161.9;100;10085872656;B
20240410;120157;161.9;3110;10085873024;B
20240410;120157;161.92;2080;10085873025;B
20240410;120157;161.92;3660;10085873026;B
20240410;120157;161.94;110;10085873027;B
20240410;120157;161.94;1040;10085873028;B
20240410;120200;161.94;190;10085873371;S
20240410;120200;161.94;310;10085873372;S
20240410;120204;161.98;10;10085873977;B
20240410;120204;161.98;100;10085873979;B
20240410;120205;161.96;100;10085874012;S
20240410;120205;161.96;70;10085874013;S
20240410;120205;161.96;300;10085874018;B
20240410;120205;161.94;910;10085874044;S
20240410;120205;161.92;1590;10085874045;S
20240410;120206;161.96;10;10085874219;B
20240410;120206;161.96;30;10085874273;B
20240410;120207;161.96;100;10085874372;B
20240410;120208;161.96;10;10085874525;B
20240410;120209;161.96;10;10085874661;B
20240410;120210;161.94;100;10085874808;S
20240410;120213;161.96;60;10085875496;B
20240410;120214;161.96;30;10085875677;B
20240410;120215;161.96;2770;10085875712;B
20240410;120215;161.96;820;10085875713;B
20240410;120215;161.96;250;10085875814;B
20240410;120216;161.96;90;10085875827;B
20240410;120216;161.96;280;10085875934;B
20240410;120220;161.96;10;10085876392;B
20240410;120220;161.96;20;10085876402;B
20240410;120222;161.94;100;10085876642;S
20240410;120222;161.92;90;10085876643;S
20240410;120224;161.94;50;10085876831;B
20240410;120225;161.92;100;10085876975;S
20240410;120225;161.94;10;10085876977;B
20240410;120225;161.94;60;10085876991;S
20240410;120225;161.96;30;10085877062;B
20240410;120226;161.94;50;10085877149;S
20240410;120230;161.94;30;10085877607;S
20240410;120231;161.96;690;10085877695;B
20240410;120232;161.96;500;10085877917;B
20240410;120233;161.96;40;10085878016;B
20240410;120234;161.96;10;10085878193;B
20240410;120235;161.96;140;10085878242;B
20240410;120235;161.98;110;10085878243;B
20240410;120235;161.98;60;10085878273;B
20240410;120235;161.98;140;10085878274;B
20240410;120236;161.98;50;10085878351;B
20240410;120236;161.98;120;10085878352;B
20240410;120236;161.98;20;10085878353;B
20240410;120238;161.98;40;10085878570;B
20240410;120238;162;260;10085878571;B
20240410;120238;161.96;30;10085878653;S
20240410;120243;161.98;100;10085879187;S
20240410;120243;161.96;100;10085879188;S
20240410;120243;161.96;40;10085879189;S
20240410;120243;161.94;1220;10085879190;S
20240410;120243;161.94;540;10085879191;S
20240410;120245;161.98;1340;10085879409;B
20240410;120246;161.98;40;10085879582;B
20240410;120247;161.98;220;10085879639;B
20240410;120249;161.98;100;10085879919;S
20240410;120249;161.96;10;10085879920;S
20240410;120249;161.96;290;10085879921;S
20240410;120249;162;50;10085880107;B
20240410;120250;161.98;100;10085880154;B
20240410;120250;161.98;20;10085880175;B
20240410;120252;161.98;10;10085880533;B
20240410;120254;161.98;3220;10085880828;B
20240410;120256;161.98;10;10085880990;B
20240410;120256;161.98;520;10085881005;B
20240410;120256;161.98;10;10085881015;B
20240410;120256;161.98;350;10085881041;B
20240410;120256;162;50;10085881051;B
20240410;120258;162;260;10085881235;B
20240410;120259;162;10;10085881409;B
20240410;120301;162;300;10085881633;B
20240410;120305;161.98;650;10085882117;S
20240410;120305;161.98;1220;10085882118;S
20240410;120305;161.98;630;10085882119;S
20240410;120305;161.98;1530;10085882120;S
20240410;120305;161.98;100;10085882121;S
20240410;120305;161.98;20;10085882122;S
20240410;120305;161.96;150;10085882123;S
20240410;120305;161.96;100;10085882124;S
20240410;120305;161.96;1050;10085882125;S
20240410;120307;162;60;10085882688;B
20240410;120309;162;330;10085882851;B
20240410;120309;162;500;10085882894;B
20240410;120313;162;1290;10085883352;B
20240410;120313;162;10;10085883353;B
20240410;120313;162;200;10085883354;B
20240410;120314;161.98;1000;10085883470;S
20240410;120315;162;920;10085883589;B
20240410;120315;162;100;10085883590;B
20240410;120315;162;10;10085883591;B
20240410;120315;162;2570;10085883592;B
20240410;120315;161.98;30;10085883630;S
20240410;120315;162;300;10085883696;B
20240410;120316;162;10;10085883852;B
20240410;120318;162;10;10085884089;B
20240410;120320;161.98;10;10085884359;S
20240410;120320;162;110;10085884377;B
20240410;120320;162;90;10085884378;B
20240410;120320;162;10;10085884379;B
20240410;120320;162;1300;10085884380;B
20240410;120320;162;10;10085884381;B
20240410;120320;162;10;10085884382;B
20240410;120320;162;150;10085884383;B
20240410;120320;162.02;50;10085884442;B
20240410;120322;162;200;10085884655;S
20240410;120328;162.02;110;10085885416;B
20240410;120334;162.02;20;10085886178;B
20240410;120335;162;1120;10085886288;S
20240410;120335;162;1220;10085886289;S
20240410;120335;162;40;10085886290;S
20240410;120335;162;10;10085886291;S
20240410;120335;162;560;10085886292;S
20240410;120335;162;10;10085886293;S
20240410;120340;162;370;10085886975;B
20240410;120340;162.02;10;10085886995;B
20240410;120341;162.02;200;10085887058;B
20240410;120341;162.02;80;10085887216;B
20240410;120343;162.02;100;10085887509;B
20240410;120345;162.02;880;10085887674;B
20240410;120345;162.02;660;10085887675;B
20240410;120346;162.02;10;10085887842;B
20240410;120347;162.02;10;10085888094;B
20240410;120348;162.02;10;10085888269;B
20240410;120354;162.02;100;10085889291;B
20240410;120354;162;400;10085889324;S
20240410;120354;162;100;10085889325;S
20240410;120354;162;100;10085889326;S
20240410;120354;162;210;10085889327;S
20240410;120357;162;100;10085889675;B
20240410;120358;161.98;300;10085889708;S
20240410;120358;162;10;10085889727;B
20240410;120358;162;50;10085889823;B
20240410;120359;162;30;10085890033;B
20240410;120359;162.02;20;10085890034;B
20240410;120400;162.02;40;10085890241;B
20240410;120402;162;10;10085890444;B
20240410;120402;162;20;10085890518;B
20240410;120402;162.02;180;10085890519;B
20240410;120405;162.02;20;10085890873;B
20240410;120406;162.02;1000;10085891012;B
20240410;120410;162.02;10;10085891482;B
20240410;120410;162;80;10085891627;S
20240410;120410;162;100;10085891628;S
20240410;120410;162;40;10085891629;S
20240410;120410;161.98;1190;10085891630;S
20240410;120410;161.98;100;10085891631;S
20240410;120410;161.98;150;10085891632;S
20240410;120410;161.98;270;10085891633;S
20240410;120411;162.02;40;10085891669;B
20240410;120411;162.02;20;10085891671;B
20240410;120411;162.02;10;10085891742;B
20240410;120411;162.02;10;10085891744;B
20240410;120411;162.02;260;10085891750;B
20240410;120411;162.02;10;10085891751;B
20240410;120411;162.02;20;10085891752;B
20240410;120411;162.02;80;10085891753;B
20240410;120411;162.02;10;10085891754;B
20240410;120411;162.02;90;10085891755;B
20240410;120411;162.02;20;10085891757;B
20240410;120411;162.02;120;10085891758;B
20240410;120411;162.02;50;10085891759;B
20240410;120411;162.02;10;10085891760;B
20240410;120411;162.02;90;10085891761;B
20240410;120411;162.02;10;10085891763;B
20240410;120411;162.02;30;10085891764;B
20240410;120411;162.02;10;10085891765;B
20240410;120411;162.02;10;10085891766;B
20240410;120411;162.04;10;10085891767;B
20240410;120411;162.04;60;10085891768;B
20240410;120411;162.04;40;10085891769;B
20240410;120411;162.04;20;10085891770;B
20240410;120411;162.04;80;10085891771;B
20240410;120411;162.04;10;10085891772;B
20240410;120411;162.04;10;10085891774;B
20240410;120411;162.04;30;10085891775;B
20240410;120411;162.04;10;10085891776;B
20240410;120411;162.04;30;10085891781;B
20240410;120411;162.04;60;10085891782;B
20240410;120411;162.04;10;10085891783;B
20240410;120411;162.04;30;10085891784;B
20240410;120411;162.06;810;10085891785;B
20240410;120411;162.06;10;10085891786;B
20240410;120411;162.08;240;10085891787;B
20240410;120411;162.08;10;10085891788;B
20240410;120411;162.08;20;10085891789;B
20240410;120411;162.08;10;10085891790;B
20240410;120411;162.08;10;10085891791;B
20240410;120411;162.08;30;10085891792;B
20240410;120411;162.08;40;10085891793;B
20240410;120411;162.1;380;10085891794;B
20240410;120411;162.1;50;10085891795;B
20240410;120411;162.1;90;10085891796;B
20240410;120411;162.1;10;10085891797;B
20240410;120411;162.1;10;10085891798;B
20240410;120411;162.1;80;10085891799;B
20240410;120411;162.1;10;10085891801;B
20240410;120411;162.1;40;10085891802;B
20240410;120411;162.1;10;10085891803;B
20240410;120411;162.1;40;10085891804;B
20240410;120411;162.1;10;10085891805;B
20240410;120411;162.1;10;10085891806;B
20240410;120411;162.1;20;10085891808;B
20240410;120411;162.1;10;10085891819;B
20240410;120411;162.1;1240;10085891820;B
20240410;120411;162.1;80;10085891830;B
20240410;120412;162.1;140;10085891839;B
20240410;120412;162.1;410;10085891845;B
20240410;120412;162.1;50;10085891863;B
20240410;120412;162.1;10;10085891868;B
20240410;120412;162.1;130;10085891870;B
20240410;120412;162.1;10;10085891884;B
20240410;120412;162.1;20;10085891890;B
20240410;120412;162.1;10;10085891893;B
20240410;120412;162.1;30;10085891894;B
20240410;120412;162.1;10;10085891896;B
20240410;120412;162.1;60;10085891897;B
20240410;120412;162.1;10;10085891901;B
20240410;120412;162.1;10;10085891902;B
20240410;120412;162.1;10;10085891903;B
20240410;120412;162.1;10;10085891904;B
20240410;120412;162.1;60;10085891907;B
20240410;120412;162.1;220;10085891908;B
20240410;120412;162.1;10;10085891912;B
20240410;120412;162.1;10;10085891914;B
20240410;120412;162.1;30;10085891917;B
20240410;120412;162.1;10;10085891919;B
20240410;120412;162.1;120;10085891920;B
20240410;120412;162.1;110;10085891922;B
20240410;120412;162.1;10;10085891923;B
20240410;120412;162.1;170;10085891926;B
20240410;120412;162.1;40;10085891928;B
20240410;120412;162.1;10;10085891931;B
20240410;120412;162.1;100;10085891932;B
20240410;120412;162.1;20;10085891934;B
20240410;120412;162.1;10;10085891944;B
20240410;120412;162.1;10;10085891946;B
20240410;120412;162.1;60;10085891955;B
20240410;120412;162.1;170;10085891956;B
20240410;120412;162.1;10;10085891968;B
20240410;120412;162.1;10;10085891971;B
20240410;120412;162.02;10;10085891979;B
20240410;120412;162.08;30;10085891983;B
20240410;120412;162.08;160;10085891984;B
20240410;120412;162.08;420;10085891986;B
20240410;120412;162.08;40;10085891987;B
20240410;120412;162.1;10;10085891988;B
20240410;120412;162.1;250;10085891995;B
20240410;120412;162.1;10;10085892004;B
20240410;120412;162.1;320;10085892010;B
20240410;120413;162.1;10;10085892030;B
20240410;120413;162.1;40;10085892040;B
20240410;120413;162.1;40;10085892045;B
20240410;120413;162.1;10;10085892049;B
20240410;120413;162.1;30;10085892050;B
20240410;120413;162.1;20;10085892052;B
20240410;120413;162.1;30;10085892053;B
20240410;120414;162.1;30;10085892139;B
20240410;120414;162.1;10;10085892143;B
20240410;120415;162.1;3200;10085892296;B
20240410;120416;162.1;100;10085892467;B
20240410;120418;162.1;30;10085892766;B
20240410;120423;162.04;30;10085893398;S
20240410;120425;162.08;20;10085893598;B
20240410;120426;162.06;10;10085893773;B
20240410;120428;162.04;20;10085894010;S
20240410;120428;162.02;50;10085894011;S
20240410;120430;162.04;100;10085894253;B
20240410;120434;162.02;30;10085894731;S
20240410;120436;162.04;20;10085895007;B
20240410;120442;162.04;10;10085895569;B
20240410;120445;162.04;110;10085895907;B
20240410;120445;162.04;10;10085895945;B
20240410;120447;162.02;220;10085896301;S
20240410;120447;162.02;30;10085896302;S
20240410;120447;162.02;10;10085896303;S
20240410;120447;162.02;10;10085896304;S
20240410;120447;162.02;100;10085896321;B
20240410;120448;162.02;90;10085896390;B
20240410;120450;162.04;30;10085896582;B
20240410;120451;162;100;10085896787;S
20240410;120453;162.02;40;10085897140;B
20240410;120454;162.02;50;10085897251;B
20240410;120455;162;50;10085897331;S
20240410;120455;162;200;10085897332;S
20240410;120456;162.02;750;10085897435;B
20240410;120456;162.04;30;10085897558;B
20240410;120458;162.02;100;10085897739;S
20240410;120500;162.02;230;10085898028;S
20240410;120500;162;70;10085898029;S
20240410;120501;162;10;10085898090;S
20240410;120502;162;120;10085898199;S
20240410;120502;162;290;10085898200;S
20240410;120504;162.02;10;10085898373;B
20240410;120505;162;110;10085898471;S
20240410;120505;162;10;10085898472;S
20240410;120505;162;80;10085898473;S
20240410;120505;162;120;10085898474;S
20240410;120506;161.98;50;10085898583;S
20240410;120506;161.96;4200;10085898584;S
20240410;120507;161.96;30;10085898709;S
20240410;120509;161.98;10;10085898899;B
20240410;120510;161.98;290;10085899022;B
20240410;120510;161.98;130;10085899038;B
20240410;120510;161.96;180;10085899090;S
20240410;120511;161.98;790;10085899151;B
20240410;120511;161.98;10;10085899152;B
20240410;120511;162;700;10085899153;B
20240410;120512;161.96;10;10085899207;S
20240410;120515;162;2310;10085899582;B
20240410;120515;162;10;10085899587;B
20240410;120517;162;50;10085899895;B
20240410;120521;161.98;150;10085900281;S
20240410;120521;162;270;10085900308;B
20240410;120521;162;120;10085900367;B
20240410;120522;161.98;10;10085900407;S
20240410;120522;161.96;140;10085900408;S
20240410;120523;161.96;10;10085900643;S
20240410;120524;162;120;10085900698;B
20240410;120524;162;10;10085900701;B
20240410;120525;161.98;10;10085900857;B
20240410;120532;161.98;40;10085901682;B
20240410;120532;161.98;10;10085901683;B
20240410;120534;161.96;100;10085901939;S
20240410;120535;161.98;40;10085902089;B
20240410;120536;161.98;40;10085902271;B
20240410;120538;161.96;100;10085902513;S
20240410;120543;161.98;10;10085903214;B
20240410;120545;161.98;50;10085903518;B
20240410;120545;162;270;10085903519;B
20240410;120545;162;20;10085903577;B
20240410;120548;162;30;10085904193;B
20240410;120549;161.98;80;10085904318;S
20240410;120549;162;40;10085904364;B
20240410;120549;162.02;210;10085904365;B
20240410;120551;162;10;10085904847;B
20240410;120552;162;20;10085904911;B
20240410;120554;162;40;10085905323;B
20240410;120556;162;900;10085905587;B
20240410;120558;162;20;10085905938;B
20240410;120559;162;30;10085906060;B
20240410;120600;162;10;10085906127;B
20240410;120605;162;60;10085906846;B
20240410;120607;161.98;520;10085907139;S
20240410;120607;161.98;10;10085907140;S
20240410;120607;161.98;1220;10085907141;S
20240410;120607;161.98;250;10085907142;S
20240410;120609;162;20;10085907340;B
20240410;120609;161.98;1280;10085907412;S
20240410;120609;161.98;70;10085907413;S
20240410;120609;161.98;60;10085907414;S
20240410;120609;161.98;10;10085907415;S
20240410;120609;161.96;1560;10085907416;S
20240410;120614;162;10;10085907969;B
20240410;120615;162;1610;10085908060;B
20240410;120615;161.96;3000;10085908124;S
20240410;120616;162;490;10085908273;B
20240410;120617;161.96;190;10085908408;S
20240410;120618;162;10;10085908521;B
20240410;120618;162;30;10085908583;B
20240410;120622;161.96;90;10085909111;S
20240410;120627;162;40;10085909779;B
20240410;120629;162;10;10085909982;B
20240410;120629;162;200;10085910027;B
20240410;120629;162;100;10085910140;B
20240410;120630;162;170;10085910174;B
20240410;120633;162;180;10085910529;B
20240410;120634;162;10;10085910599;B
20240410;120635;161.98;1220;10085910725;S
20240410;120635;161.98;370;10085910726;S
20240410;120635;161.98;20;10085910727;S
20240410;120635;161.98;1530;10085910728;S
20240410;120636;161.96;310;10085910866;S
20240410;120637;161.98;50;10085911008;B
20240410;120637;161.98;20;10085911027;B
20240410;120637;161.98;10;10085911083;B
20240410;120638;161.98;110;10085911149;B
20240410;120641;162;10;10085911536;B
20240410;120644;162;40;10085911831;B
20240410;120645;162;2060;10085911897;B
20240410;120645;161.98;70;10085911918;S
20240410;120648;162;130;10085912277;B
20240410;120649;161.98;50;10085912351;S
20240410;120649;162;230;10085912393;B
20240410;120652;162;10;10085912786;B
20240410;120652;162;500;10085912845;B
20240410;120659;161.98;190;10085913611;S
20240410;120659;162;1000;10085913639;B
20240410;120700;162;120;10085913731;B
20240410;120700;162;10;10085913748;B
20240410;120706;161.98;1030;10085914398;S
20240410;120706;161.98;1530;10085914399;S
20240410;120706;161.98;20;10085914400;S
20240410;120706;161.98;300;10085914401;S
20240410;120706;161.98;10;10085914402;S
20240410;120706;161.98;100;10085914403;S
20240410;120706;161.96;510;10085914404;S
20240410;120707;162;10;10085914531;B
20240410;120707;161.98;10;10085914534;S
20240410;120708;162;10;10085914610;B
20240410;120711;162;190;10085914896;B
20240410;120711;162;360;10085914970;B
20240410;120711;162;20;10085914971;B
20240410;120711;162;100;10085914972;B
20240410;120711;162;100;10085914973;B
20240410;120711;162;100;10085914974;B
20240410;120712;162;20;10085914991;S
20240410;120712;162.02;10;10085915005;B
20240410;120715;162;10;10085915330;S
20240410;120715;162.02;170;10085915355;B
20240410;120715;162.04;100;10085915356;B
20240410;120715;162.04;810;10085915357;B
20240410;120715;162.04;600;10085915358;B
20240410;120715;162.04;50;10085915505;B
20240410;120715;162.06;30;10085915506;B
20240410;120718;162;70;10085915775;S
20240410;120719;162.06;10;10085915855;B
20240410;120720;162.04;150;10085916074;B
20240410;120721;162.04;10;10085916144;B
20240410;120722;162;20;10085916235;S
20240410;120722;162;30;10085916236;S
20240410;120722;162;50;10085916237;S
20240410;120724;162.04;10;10085916616;B
20240410;120726;162.04;500;10085916882;B
20240410;120727;162.04;1800;10085917027;B
20240410;120728;162.02;200;10085917136;S
20240410;120729;162.04;10;10085917225;B
20240410;120729;162.04;110;10085917228;B
20240410;120731;162.04;10;10085917378;B
20240410;120733;162.04;100;10085917798;B
20240410;120734;162.04;20;10085917852;B
20240410;120734;162.02;170;10085917896;S
20240410;120734;162.02;20;10085917897;S
20240410;120734;162.02;10;10085917898;S
20240410;120734;162.02;10;10085917899;S
20240410;120734;162.02;130;10085917900;S
20240410;120737;162.02;20;10085918214;B
20240410;120739;162.02;10;10085918389;B
20240410;120742;162.02;100;10085918659;B
20240410;120742;162.02;10;10085918663;B
20240410;120745;162.02;920;10085918916;B
20240410;120745;162.02;100;10085919023;B
20240410;120745;162.02;60;10085919024;B
20240410;120746;162.02;10;10085919034;B
20240410;120747;162.02;10;10085919162;B
20240410;120748;162;10;10085919307;S
20240410;120749;162.02;180;10085919456;B
20240410;120750;162.02;40;10085919509;B
20240410;120751;162.02;10;10085919683;B
20240410;120754;162.02;2090;10085919971;B
20240410;120755;162.02;100;10085920085;S
20240410;120757;162.02;100;10085920307;S
20240410;120757;162.04;50;10085920331;B
20240410;120805;162.02;3250;10085921485;S
20240410;120805;162.04;10;10085921679;B
20240410;120806;162.02;40;10085921803;S
20240410;120806;162.02;420;10085921811;S
20240410;120806;162.02;10;10085921863;S
20240410;120807;162.04;10;10085922219;B
20240410;120809;162.04;90;10085922867;B
20240410;120809;162.04;10;10085922868;B
20240410;120810;162.04;10;10085922975;B
20240410;120810;162.06;10;10085922976;B
20240410;120812;162.06;30;10085923620;B
20240410;120812;162.06;30;10085923715;B
20240410;120814;162.06;10;10085924195;B
20240410;120814;162.06;10;10085924210;B
20240410;120815;162.06;570;10085924426;B
20240410;120815;162.06;10;10085924427;B
20240410;120815;162.06;40;10085924428;B
20240410;120815;162.08;1050;10085924429;B
20240410;120816;162.04;50;10085924707;S
20240410;120816;162.04;30;10085924814;S
20240410;120822;162.04;200;10085925596;S
20240410;120823;162.04;10;10085925702;S
20240410;120823;162.08;10;10085925728;B
20240410;120823;162.08;100;10085925729;B
20240410;120823;162.08;120;10085925730;B
20240410;120823;162.08;10;10085925731;B
20240410;120823;162.1;1000;10085925732;B
20240410;120823;162.1;100;10085925733;B
20240410;120823;162.1;160;10085925734;B
20240410;120824;162.1;30;10085925841;B
20240410;120825;162.08;100;10085925940;S
20240410;120825;162.1;10;10085925949;B
20240410;120828;162.1;20;10085926412;B
20240410;120828;162.1;30;10085926413;B
20240410;120830;162.08;20;10085926592;S
20240410;120833;162.1;10;10085926866;B
20240410;120833;162.1;40;10085926867;B
20240410;120833;162.1;10;10085926933;B
20240410;120833;162.1;100;10085926939;B
20240410;120834;162.1;20;10085926989;B
20240410;120834;162.08;100;10085927020;S
20240410;120835;162.1;110;10085927360;B
20240410;120836;162.1;10;10085927556;B
20240410;120837;162.1;100;10085927775;B
20240410;120838;162.1;1000;10085927887;B
20240410;120839;162.08;100;10085928052;S
20240410;120839;162.1;110;10085928091;B
20240410;120839;162.1;710;10085928092;B
20240410;120841;162.08;10;10085928293;S
20240410;120841;162.1;790;10085928341;B
20240410;120841;162.1;20;10085928342;B
20240410;120841;162.1;100;10085928343;B
20240410;120841;162.14;590;10085928344;B
20240410;120841;162.14;50;10085928345;B
20240410;120841;162.16;30;10085928346;B
20240410;120841;162.16;6880;10085928347;B
20240410;120841;162.16;50;10085928348;B
20240410;120841;162.16;1100;10085928349;B
20240410;120845;162.18;600;10085928770;B
20240410;120845;162.18;50;10085928771;B
20240410;120845;162.18;2510;10085928772;B
20240410;120845;162.2;50;10085928773;B
20240410;120845;162.2;260;10085928774;B
20240410;120845;162.2;690;10085928775;B
20240410;120847;162.2;10;10085929093;B
20240410;120849;162.2;10;10085929356;B
20240410;120850;162.2;250;10085929382;B
20240410;120850;162.2;1000;10085929389;B
20240410;120850;162.18;130;10085929403;B
20240410;120850;162.18;1070;10085929411;B
20240410;120851;162.1;20;10085929587;S
20240410;120851;162.18;30;10085929589;B
20240410;120853;162.1;70;10085929791;S
20240410;120853;162.1;30;10085929792;S
20240410;120855;162.18;10;10085930022;B
20240410;120856;162.16;50;10085930146;B
20240410;120856;162.18;410;10085930147;B
20240410;120900;162.18;10;10085930914;B
20240410;120900;162.18;100;10085930967;B
20240410;120900;162.16;40;10085931059;S
20240410;120906;162.18;10;10085932868;B
20240410;120906;162.18;90;10085932926;B
20240410;120908;162.18;50;10085933264;B
20240410;120910;162.18;2000;10085933824;B
20240410;120914;162.2;10;10085934865;B
20240410;120915;162.2;40;10085934981;B
20240410;120915;162.2;1480;10085934982;B
20240410;120915;162.18;100;10085935015;S
20240410;120916;162.18;50;10085935067;S
20240410;120916;162.16;30;10085935068;S
20240410;120916;162.16;10;10085935069;S
20240410;120916;162.16;10;10085935070;S
20240410;120916;162.16;20;10085935071;S
20240410;120916;162.14;20;10085935072;S
20240410;120916;162.14;460;10085935073;S
20240410;120919;162.14;10;10085935757;B
20240410;120921;162.12;150;10085936089;S
20240410;120921;162.1;50;10085936090;S
20240410;120921;162.1;600;10085936091;S
20240410;120922;162.14;140;10085936126;B
20240410;120922;162.16;360;10085936127;B
20240410;120925;162.14;20;10085936492;B
20240410;120925;162.16;150;10085936493;B
20240410;120925;162.1;50;10085936547;S
20240410;120930;162.16;10;10085937141;B
20240410;120931;162.2;20;10085937269;B
20240410;120931;162.2;10;10085937315;B
20240410;120934;162.2;300;10085937654;B
20240410;120935;162.2;30;10085937675;B
20240410;120938;162.18;10;10085938007;B
20240410;120939;162.12;100;10085938145;S
20240410;120941;162.16;10;10085938301;B
20240410;120942;162.16;10;10085938429;B
20240410;120944;162.12;50;10085938647;S
20240410;120944;162.16;90;10085938655;B
20240410;120945;162.16;710;10085938731;B
20240410;120946;162.16;50;10085938993;B
20240410;120947;162.16;20;10085939107;B
20240410;120951;162.14;20;10085939554;B
20240410;120951;162.16;30;10085939555;B
20240410;120951;162.16;70;10085939556;B
20240410;120952;162.16;30;10085939661;B
20240410;120954;162.16;1120;10085939943;B
20240410;120954;162.16;50;10085939944;B
20240410;120954;162.18;330;10085939945;B
20240410;120955;162.16;10;10085940078;B
20240410;120957;162.12;20;10085940229;S
20240410;120957;162.16;500;10085940235;B
20240410;120957;162.16;30;10085940237;B
20240410;121000;162.16;20;10085940605;B
20240410;121001;162.12;10;10085940619;S
20240410;121001;162.12;10;10085940639;S
20240410;121001;162.12;10;10085940640;S
20240410;121001;162.1;20;10085940641;S
20240410;121001;162.1;10;10085940642;S
20240410;121001;162.1;100;10085940696;S
20240410;121002;162.16;50;10085940791;B
20240410;121004;162.16;340;10085940980;B
20240410;121007;162.1;280;10085941312;S
20240410;121012;162.08;270;10085941885;S
20240410;121012;162.08;300;10085941886;S
20240410;121012;162.08;610;10085941887;S
20240410;121013;162.16;50;10085941959;B
20240410;121013;162.08;10;10085941985;S
20240410;121013;162.08;20;10085942019;S
20240410;121014;162.16;20;10085942077;B
20240410;121014;162.16;40;10085942078;B
20240410;121015;162.16;640;10085942180;B
20240410;121015;162.18;480;10085942181;B
20240410;121015;162.18;10;10085942248;B
20240410;121016;162.18;10;10085942266;B
20240410;121017;162.16;10;10085942522;S
20240410;121017;162.1;90;10085942523;S
20240410;121019;162.16;300;10085942774;B
20240410;121021;162.08;150;10085942908;S
20240410;121021;162.08;500;10085942909;S
20240410;121021;162.08;300;10085942910;S
20240410;121021;162.08;500;10085942911;S
20240410;121021;162.06;10;10085942912;S
20240410;121021;162.06;20;10085942913;S
20240410;121021;162.06;200;10085942914;S
20240410;121021;162.14;150;10085943000;B
20240410;121021;162.16;450;10085943001;B
20240410;121023;162.14;30;10085943316;B
20240410;121024;162.14;270;10085943568;B
20240410;121024;162.16;730;10085943569;B
20240410;121028;162.16;10;10085944106;B
20240410;121029;162.16;30;10085944270;B
20240410;121030;162.16;50;10085944429;B
20240410;121033;162.16;300;10085944793;B
20240410;121036;162.12;10;10085945095;S
20240410;121037;162.14;20;10085945223;B
20240410;121039;162.14;10;10085945388;B
20240410;121042;162.14;20;10085945794;B
20240410;121044;162.14;10;10085945958;B
20240410;121045;162.14;200;10085946077;B
20240410;121045;162.16;840;10085946078;B
20240410;121046;162.12;20;10085946242;S
20240410;121046;162.12;10;10085946243;S
20240410;121048;162.12;30;10085946496;B
20240410;121051;162.1;20;10085946805;S
20240410;121051;162.08;150;10085946806;S
20240410;121051;162.08;80;10085946807;S
20240410;121052;162.08;30;10085946909;S
20240410;121056;162.12;10;10085947363;B
20240410;121057;162.08;20;10085947436;S
20240410;121057;162.12;50;10085947552;B
20240410;121058;162.12;10;10085947566;B
20240410;121059;162.12;10;10085947961;B
20240410;121100;162.12;60;10085948135;B
20240410;121100;162.12;90;10085948136;B
20240410;121100;162.12;190;10085948160;B
20240410;121100;162.12;220;10085948164;B
20240410;121100;162.12;150;10085948165;B
20240410;121100;162.14;920;10085948166;B
20240410;121100;162.16;700;10085948174;B
20240410;121100;162.16;1430;10085948175;B
20240410;121100;162.1;10;10085948223;S
20240410;121100;162.1;20;10085948224;S
20240410;121100;162.14;20;10085948268;S
20240410;121101;162.18;10;10085948354;B
20240410;121101;162.18;10;10085948428;B
20240410;121101;162.2;50;10085948429;B
20240410;121107;162.14;10;10085949196;S
20240410;121107;162.16;10;10085949217;B
20240410;121113;162.16;2000;10085949777;B
20240410;121115;162.16;1530;10085950030;B
20240410;121115;162.18;20;10085950031;B
20240410;121115;162.2;40;10085950032;B
20240410;121119;162.2;10;10085950487;B
20240410;121120;162.2;1800;10085950945;B
20240410;121120;162.2;20;10085950946;B
20240410;121120;162.2;180;10085950947;B
20240410;121124;162.2;20;10085951854;B
20240410;121127;162.2;1740;10085952186;B
20240410;121127;162.2;10;10085952187;B
20240410;121127;162.2;10;10085952188;B
20240410;121127;162.22;500;10085952189;B
20240410;121127;162.22;570;10085952190;B
20240410;121127;162.24;1000;10085952191;B
20240410;121127;162.24;1000;10085952192;B
20240410;121127;162.24;2170;10085952193;B
20240410;121128;162.26;10;10085952248;B
20240410;121128;162.26;150;10085952249;B
20240410;121134;162.26;350;10085952887;B
20240410;121134;162.26;10;10085952888;B
20240410;121134;162.28;1640;10085952889;B
20240410;121137;162.26;10;10085953215;S
20240410;121137;162.24;360;10085953216;S
20240410;121138;162.28;10;10085953308;B
20240410;121138;162.28;130;10085953309;B
20240410;121139;162.28;80;10085953348;B
20240410;121143;162.28;30;10085953894;B
20240410;121145;162.28;260;10085954113;B
20240410;121145;162.28;10;10085954114;B
20240410;121145;162.28;50;10085954115;B
20240410;121145;162.3;300;10085954116;B
20240410;121145;162.3;2330;10085954117;B
20240410;121146;162.28;10;10085954224;B
20240410;121146;162.28;10;10085954243;B
20240410;121148;162.28;180;10085954526;B
20240410;121148;162.3;20;10085954527;B
20240410;121148;162.3;20;10085954555;B
20240410;121148;162.3;500;10085954578;B
20240410;121151;162.28;290;10085955293;B
20240410;121154;162.26;10;10085956053;S
20240410;121154;162.28;10;10085956071;B
20240410;121155;162.26;70;10085956212;S
20240410;121155;162.26;20;10085956213;S
20240410;121155;162.26;10;10085956214;S
20240410;121156;162.28;10;10085956358;B
20240410;121156;162.26;50;10085956468;S
20240410;121156;162.26;10;10085956469;S
20240410;121156;162.24;140;10085956470;S
20240410;121156;162.2;70;10085956471;S
20240410;121158;162.26;20;10085957032;B
20240410;121200;162.26;10;10085957582;B
20240410;121201;162.2;10;10085957636;S
20240410;121201;162.2;40;10085957666;S
20240410;121207;162.26;10;10085959130;B
20240410;121212;162.26;10;10085960445;B
20240410;121212;162.2;10;10085960637;S
20240410;121213;162.26;20;10085960867;B
20240410;121215;162.24;60;10085961120;B
20240410;121215;162.26;330;10085961121;B
20240410;121215;162.26;40;10085961189;B
20240410;121217;162.26;80;10085961493;B
20240410;121218;162.26;20;10085961560;B
20240410;121221;162.26;10;10085962157;B
20240410;121223;162.26;20;10085962532;B
20240410;121223;162.26;10;10085962533;B
20240410;121224;162.28;3060;10085962754;B
20240410;121224;162.28;50;10085962755;B
20240410;121224;162.28;840;10085962756;B
20240410;121229;162.28;10;10085963585;B
20240410;121230;162.28;10;10085963676;B
20240410;121232;162.28;390;10085963959;B
20240410;121232;162.26;10;10085963986;S
20240410;121232;162.3;1020;10085963987;B
20240410;121233;162.3;60;10085964179;B
20240410;121234;162.3;690;10085964201;B
20240410;121234;162.3;20;10085964202;B
20240410;121234;162.32;140;10085964203;B
20240410;121235;162.32;10;10085964522;B
20240410;121236;162.32;10;10085964622;B
20240410;121237;162.32;30;10085964745;B
20240410;121238;162.32;10;10085964826;B
20240410;121242;162.32;900;10085965347;B
20240410;121242;162.32;1050;10085965348;B
20240410;121245;162.32;2120;10085965946;B
20240410;121245;162.32;30;10085966030;B
20240410;121245;162.32;100;10085966046;B
20240410;121249;162.3;50;10085966606;S
20240410;121250;162.3;20;10085966838;S
20240410;121253;162.32;220;10085967303;B
20240410;121254;162.3;10;10085967359;S
20240410;121257;162.32;80;10085967968;B
20240410;121257;162.32;170;10085967969;B
20240410;121258;162.32;50;10085967982;B
20240410;121258;162.3;210;10085968093;S
20240410;121258;162.3;290;10085968094;S
20240410;121259;162.3;100;10085968190;S
20240410;121300;162.32;10;10085968408;B
20240410;121301;162.3;10;10085968538;S
20240410;121301;162.3;30;10085968539;S
20240410;121308;162.32;20;10085969359;B
20240410;121308;162.32;190;10085969416;B
20240410;121312;162.32;130;10085969885;B
20240410;121315;162.32;130;10085970240;B
20240410;121315;162.32;70;10085970241;B
20240410;121315;162.32;430;10085970295;B
20240410;121315;162.32;50;10085970296;B
20240410;121316;162.32;10;10085970404;B
20240410;121316;162.32;10;10085970416;B
20240410;121317;162.32;50;10085970530;B
20240410;121317;162.3;50;10085970567;S
20240410;121318;162.32;10;10085970797;B
20240410;121318;162.3;20;10085970815;S
20240410;121318;162.3;30;10085970816;S
20240410;121319;162.32;30;10085970877;B
20240410;121319;162.32;500;10085970878;B
20240410;121319;162.32;200;10085970904;S
20240410;121320;162.34;10000;10085970962;B
20240410;121323;162.36;10;10085971318;B
20240410;121325;162.36;10;10085971588;B
20240410;121326;162.36;10;10085971628;B
20240410;121326;162.36;50;10085971631;B
20240410;121326;162.36;50;10085971648;B
20240410;121326;162.36;50;10085971670;B
20240410;121327;162.36;50;10085971731;B
20240410;121328;162.36;10;10085971844;B
20240410;121329;162.36;100;10085971976;B
20240410;121329;162.36;360;10085971994;B
20240410;121329;162.38;20;10085971995;B
20240410;121329;162.38;240;10085971996;B
20240410;121330;162.38;40;10085972082;B
20240410;121331;162.38;220;10085972125;B
20240410;121331;162.4;180;10085972126;B
20240410;121331;162.36;150;10085972173;S
20240410;121331;162.36;50;10085972174;S
20240410;121331;162.34;200;10085972175;S
20240410;121331;162.34;400;10085972276;S
20240410;121332;162.38;10;10085972512;B
20240410;121332;162.38;20;10085972513;B
20240410;121333;162.38;20;10085972716;B
20240410;121333;162.38;10;10085972826;B
20240410;121336;162.38;10;10085973164;B
20240410;121336;162.38;10;10085973215;B
20240410;121341;162.38;10;10085973743;B
20240410;121341;162.38;10;10085973745;B
20240410;121342;162.38;130;10085973835;B
20240410;121342;162.4;820;10085973836;B
20240410;121342;162.4;30;10085973837;B
20240410;121342;162.4;300;10085973838;B
20240410;121342;162.42;1000;10085973839;B
20240410;121342;162.42;20;10085973840;B
20240410;121342;162.42;10;10085973841;B
20240410;121342;162.44;20;10085973842;B
20240410;121342;162.44;700;10085973843;B
20240410;121342;162.44;700;10085973844;B
20240410;121342;162.44;10;10085973845;B
20240410;121342;162.44;20;10085973846;B
20240410;121342;162.44;1040;10085973847;B
20240410;121344;162.44;10;10085974154;B
20240410;121345;162.44;1080;10085974215;B
20240410;121347;162.46;100;10085974449;B
20240410;121347;162.38;20;10085974614;S
20240410;121347;162.42;300;10085974620;B
20240410;121348;162.42;100;10085974726;B
20240410;121355;162.42;300;10085975661;B
20240410;121355;162.46;10;10085975671;B
20240410;121355;162.48;50;10085975672;B
20240410;121355;162.48;40;10085975673;B
20240410;121355;162.48;10;10085975701;B
20240410;121356;162.48;1170;10085975727;B
20240410;121356;162.48;1530;10085975728;B
20240410;121356;162.5;100;10085975729;B
20240410;121356;162.5;3600;10085975730;B
20240410;121356;162.5;100;10085975731;B
20240410;121356;162.5;100;10085975732;B
20240410;121356;162.5;50;10085975733;B
20240410;121356;162.5;50;10085975734;B
20240410;121356;162.5;4210;10085975735;B
20240410;121356;162.5;320;10085975736;B
20240410;121356;162.5;10;10085975737;B
20240410;121356;162.5;300;10085975738;B
20240410;121356;162.5;1230;10085975739;B
20240410;121356;162.5;10;10085975740;B
20240410;121356;162.52;10;10085975741;B
20240410;121356;162.52;10;10085975742;B
20240410;121356;162.52;50;10085975743;B
20240410;121356;162.52;1000;10085975744;B
20240410;121356;162.54;200;10085975745;B
20240410;121356;162.54;15010;10085975746;B
20240410;121356;162.54;10;10085975747;B
20240410;121356;162.54;2000;10085975748;B
20240410;121356;162.56;10;10085975773;B
20240410;121356;162.56;10;10085975774;B
20240410;121356;162.58;1220;10085975775;B
20240410;121356;162.6;20;10085975776;B
20240410;121356;162.6;170;10085975777;B
20240410;121356;162.6;100;10085975778;B
20240410;121356;162.6;2900;10085975779;B
20240410;121356;162.6;10;10085975780;B
20240410;121356;162.6;90;10085975781;B
20240410;121356;162.62;470;10085975782;B
20240410;121356;162.54;10;10085975817;S
20240410;121356;162.56;10;10085975849;S
20240410;121356;162.62;30;10085975850;B
20240410;121356;162.62;50;10085975851;B
20240410;121356;162.62;10;10085975852;B
20240410;121356;162.62;100;10085975853;B
20240410;121356;162.62;1220;10085975854;B
20240410;121356;162.62;1090;10085975855;B
20240410;121357;162.6;300;10085975874;B
20240410;121357;162.62;1220;10085975875;B
20240410;121357;162.64;110;10085975876;B
20240410;121357;162.64;870;10085975877;B
20240410;121357;162.64;330;10085975884;B
20240410;121357;162.64;430;10085975885;B
20240410;121357;162.64;240;10085975886;B
20240410;121357;162.64;980;10085975895;B
20240410;121357;162.66;1580;10085975896;B
20240410;121357;162.66;10;10085975897;B
20240410;121357;162.66;2430;10085975898;B
20240410;121359;162.68;10;10085976075;B
20240410;121359;162.68;300;10085976118;B
20240410;121400;162.7;500;10085976298;B
20240410;121400;162.7;20;10085976299;B
20240410;121400;162.7;100;10085976300;B
20240410;121401;162.72;10;10085976372;B
20240410;121401;162.72;20;10085976374;B
20240410;121401;162.72;130;10085976375;B
20240410;121406;162.72;170;10085976926;B
20240410;121407;162.7;380;10085976997;S
20240410;121407;162.7;50;10085976998;S
20240410;121407;162.7;160;10085976999;S
20240410;121407;162.72;50;10085977091;B
20240410;121410;162.72;100;10085977342;B
20240410;121412;162.7;500;10085977546;S
20240410;121412;162.7;500;10085977574;S
20240410;121412;162.7;20;10085977575;S
20240410;121413;162.7;100;10085977649;S
20240410;121413;162.7;720;10085977693;S
20240410;121413;162.64;170;10085977694;S
20240410;121413;162.62;500;10085977695;S
20240410;121413;162.6;350;10085977696;S
20240410;121413;162.6;1380;10085977697;S
20240410;121413;162.6;100;10085977698;S
20240410;121413;162.58;3660;10085977699;S
20240410;121413;162.58;3660;10085977700;S
20240410;121413;162.56;5310;10085977701;S
20240410;121413;162.64;730;10085977706;B
20240410;121413;162.64;1530;10085977707;B
20240410;121413;162.66;1740;10085977708;B
20240410;121415;162.58;170;10085977892;B
20240410;121415;162.62;500;10085977928;B
20240410;121415;162.64;1090;10085977929;B
20240410;121415;162.66;1410;10085977930;B
20240410;121415;162.56;100;10085977936;S
20240410;121416;162.56;30;10085977990;B
20240410;121416;162.58;870;10085977991;B
20240410;121416;162.56;60;10085978047;B
20240410;121417;162.56;10;10085978080;B
20240410;121421;162.52;50;10085978541;B
20240410;121421;162.46;100;10085978544;S
20240410;121422;162.52;50;10085978635;B
20240410;121422;162.54;1220;10085978636;B
20240410;121422;162.54;500;10085978637;B
20240410;121422;162.54;230;10085978638;B
20240410;121422;162.52;100;10085978644;B
20240410;121422;162.54;400;10085978645;B
20240410;121422;162.42;10;10085978651;S
20240410;121422;162.54;900;10085978712;B
20240410;121422;162.54;1220;10085978713;B
20240410;121422;162.56;540;10085978714;B
20240410;121422;162.56;1340;10085978715;B
20240410;121424;162.42;100;10085978870;S
20240410;121424;162.5;10;10085978929;B
20240410;121424;162.54;20;10085978944;B
20240410;121425;162.54;1200;10085979043;B
20240410;121427;162.5;40;10085979305;S
20240410;121427;162.5;300;10085979309;S
20240410;121431;162.52;100;10085979757;B
20240410;121431;162.54;50;10085979758;B
20240410;121432;162.54;10;10085979852;B
20240410;121433;162.54;80;10085979989;B
20240410;121434;162.54;60;10085980134;B
20240410;121436;162.54;10;10085980323;B
20240410;121438;162.54;10;10085980564;B
20240410;121439;162.5;50;10085980622;S
20240410;121440;162.5;290;10085980719;S
20240410;121440;162.54;10;10085980721;B
20240410;121441;162.52;10;10085980805;B
20240410;121441;162.5;310;10085980849;S
20240410;121441;162.5;30;10085980850;S
20240410;121441;162.5;10;10085980851;S
20240410;121441;162.5;30;10085980852;S
20240410;121441;162.5;20;10085980853;S
20240410;121442;162.52;60;10085981007;B
20240410;121444;162.52;200;10085981226;B
20240410;121444;162.52;40;10085981235;B
20240410;121445;162.52;910;10085981323;B
20240410;121445;162.52;500;10085981324;B
20240410;121447;162.52;1220;10085981536;B
20240410;121447;162.52;380;10085981537;B
20240410;121447;162.52;120;10085981541;B
20240410;121447;162.52;1180;10085981542;B
20240410;121449;162.52;300;10085981855;B
20240410;121449;162.54;40;10085981856;B
20240410;121453;162.54;100;10085982346;B
20240410;121453;162.52;100;10085982432;S
20240410;121454;162.5;10;10085982541;S
20240410;121454;162.5;10;10085982542;S
20240410;121454;162.5;20;10085982543;S
20240410;121455;162.48;1220;10085982648;B
20240410;121455;162.5;400;10085982649;B
20240410;121455;162.5;1000;10085982650;B
20240410;121456;162.52;1500;10085982764;B
20240410;121457;162.52;150;10085982846;B
20240410;121459;162.52;40;10085983184;B
20240410;121501;162.52;10;10085983434;B
20240410;121502;162.52;50;10085983471;B
20240410;121502;162.52;50;10085983472;B
20240410;121504;162.5;10;10085983913;S
20240410;121504;162.46;50;10085983914;S
20240410;121504;162.46;240;10085983915;S
20240410;121504;162.52;580;10085983929;B
20240410;121504;162.52;50;10085983942;B
20240410;121506;162.52;20;10085984186;S
20240410;121506;162.52;30;10085984246;S
20240410;121506;162.5;970;10085984247;S
20240410;121507;162.54;10;10085984306;B
20240410;121508;162.54;30;10085984855;B
20240410;121512;162.52;20;10085985370;B
20240410;121513;162.52;10;10085985549;B
20240410;121515;162.52;20;10085985758;B
20240410;121516;162.5;1030;10085985924;S
20240410;121516;162.5;190;10085985925;S
20240410;121516;162.5;780;10085985926;S
20240410;121519;162.52;10;10085986350;B
20240410;121522;162.5;20;10085986787;S
20240410;121522;162.52;50;10085986858;B
20240410;121523;162.52;140;10085986922;B
20240410;121523;162.52;10;10085986938;B
20240410;121523;162.52;20;10085986953;B
20240410;121525;162.52;140;10085987166;B
20240410;121527;162.54;10;10085987361;B
20240410;121530;162.5;200;10085987676;S
20240410;121530;162.5;30;10085987677;S
20240410;121530;162.5;10;10085987678;S
20240410;121530;162.5;10;10085987679;S
20240410;121530;162.46;190;10085987680;S
20240410;121530;162.44;400;10085987681;S
20240410;121530;162.44;10;10085987682;S
20240410;121530;162.42;90;10085987683;S
20240410;121530;162.42;860;10085987684;S
20240410;121530;162.52;70;10085987704;B
20240410;121532;162.48;100;10085987867;B
20240410;121535;162.46;90;10085988343;B
20240410;121535;162.48;90;10085988344;B
20240410;121535;162.48;400;10085988345;B
20240410;121535;162.5;700;10085988346;B
20240410;121535;162.5;190;10085988347;B
20240410;121537;162.42;100;10085988532;S
20240410;121539;162.5;10;10085988816;B
20240410;121539;162.5;90;10085988817;B
20240410;121539;162.5;10;10085988866;B
20240410;121545;162.5;50;10085989457;B
20240410;121545;162.5;190;10085989458;B
20240410;121545;162.5;350;10085989459;B
20240410;121545;162.5;10;10085989460;B
20240410;121545;162.5;10;10085989461;B
20240410;121551;162.52;10;10085990298;B
20240410;121552;162.44;50;10085990458;S
20240410;121552;162.44;150;10085990459;S
20240410;121552;162.52;70;10085990477;B
20240410;121553;162.44;10;10085990575;S
20240410;121553;162.44;40;10085990626;S
20240410;121553;162.44;50;10085990627;S
20240410;121553;162.44;10;10085990628;S
20240410;121554;162.48;10;10085990752;B
20240410;121555;162.5;50;10085990867;B
20240410;121555;162.44;10;10085990907;S
20240410;121556;162.48;190;10085991025;B
20240410;121600;162.52;50;10085991437;B
20240410;121602;162.5;310;10085991592;S
20240410;121602;162.5;30;10085991593;S
20240410;121602;162.5;10;10085991594;S
20240410;121603;162.5;20;10085991777;S
20240410;121603;162.44;380;10085991778;S
20240410;121605;162.52;470;10085991944;B
20240410;121605;162.52;400;10085991945;B
20240410;121605;162.52;1220;10085991946;B
20240410;121605;162.52;1530;10085991947;B
20240410;121607;162.52;10;10085992144;B
20240410;121607;162.54;190;10085992145;B
20240410;121609;162.54;10;10085992425;B
20240410;121611;162.5;10;10085992624;S
20240410;121612;162.54;10;10085992776;B
20240410;121613;162.54;100;10085992874;B
20240410;121615;162.54;270;10085993247;B
20240410;121615;162.54;940;10085993248;B
20240410;121615;162.54;90;10085993249;B
20240410;121615;162.54;10;10085993250;B
20240410;121615;162.54;90;10085993251;B
20240410;121617;162.56;100;10085993504;B
20240410;121617;162.58;100;10085993505;B
20240410;121620;162.58;50;10085993895;B
20240410;121622;162.58;100;10085994071;B
20240410;121625;162.58;660;10085994444;B
20240410;121625;162.58;3660;10085994445;B
20240410;121626;162.6;20;10085994509;B
20240410;121626;162.6;280;10085994580;B
20240410;121626;162.6;120;10085994581;B
20240410;121627;162.6;1000;10085994712;B
20240410;121629;162.6;60;10085994888;B
20240410;121629;162.56;10;10085994920;S
20240410;121631;162.58;30;10085995170;B
20240410;121632;162.6;10;10085995285;B
20240410;121637;162.58;50;10085995881;B
20240410;121638;162.58;30;10085996043;B
20240410;121639;162.58;1510;10085996089;B
20240410;121639;162.58;100;10085996135;B
20240410;121643;162.56;100;10085996720;S
20240410;121643;162.58;2000;10085996731;B
20240410;121644;162.58;40;10085996891;B
20240410;121645;162.58;10;10085997011;B
20240410;121645;162.58;140;10085997015;B
20240410;121645;162.58;13580;10085997049;B
20240410;121645;162.58;200;10085997050;B
20240410;121645;162.58;360;10085997058;B
20240410;121646;162.56;40;10085997227;S
20240410;121646;162.56;40;10085997228;S
20240410;121646;162.56;10;10085997229;S
20240410;121646;162.58;8980;10085997268;B
20240410;121646;162.58;10;10085997269;B
20240410;121646;162.6;1010;10085997270;B
20240410;121647;162.6;7800;10085997483;B
20240410;121647;162.6;100;10085997484;B
20240410;121647;162.6;10;10085997485;B
20240410;121647;162.62;300;10085997486;B
20240410;121647;162.62;110;10085997487;B
20240410;121647;162.64;50;10085997488;B
20240410;121647;162.66;180;10085997489;B
20240410;121647;162.68;1450;10085997490;B
20240410;121648;162.68;10;10085997731;B
20240410;121649;162.68;100;10085997973;B
20240410;121650;162.68;20;10085998042;B
20240410;121650;162.68;70;10085998069;B
20240410;121650;162.7;30;10085998070;B
20240410;121650;162.7;140;10085998071;B
20240410;121650;162.7;200;10085998072;B
20240410;121650;162.72;90;10085998073;B
20240410;121650;162.72;100;10085998074;B
20240410;121651;162.72;10;10085998144;B
20240410;121651;162.72;100;10085998145;B
20240410;121651;162.74;90;10085998146;B
20240410;121651;162.74;10;10085998154;B
20240410;121651;162.74;900;10085998168;B
20240410;121651;162.74;200;10085998169;B
20240410;121651;162.74;150;10085998170;B
20240410;121651;162.74;10;10085998187;B
20240410;121652;162.64;10;10085998223;S
20240410;121652;162.64;90;10085998230;S
20240410;121652;162.64;10;10085998255;S
20240410;121653;162.72;10;10085998350;B
20240410;121653;162.74;10;10085998351;B
20240410;121653;162.72;10;10085998358;B
20240410;121653;162.72;10;10085998383;B
20240410;121653;162.72;80;10085998460;B
20240410;121653;162.74;20;10085998461;B
20240410;121654;162.68;10;10085998575;S
20240410;121655;162.74;60;10085998685;B
20240410;121656;162.74;10;10085998824;B
20240410;121658;162.72;10;10085999097;S
20240410;121700;162.74;100;10085999490;B
20240410;121702;162.74;10;10085999802;B
20240410;121702;162.72;190;10085999860;S
20240410;121702;162.72;30;10085999861;S
20240410;121702;162.72;280;10085999862;S
20240410;121702;162.72;220;10085999863;S
20240410;121704;162.72;150;10086000423;B
20240410;121705;162.72;130;10086000603;B
20240410;121705;162.74;870;10086000604;B
20240410;121705;162.7;100;10086000680;S
20240410;121707;162.72;360;10086000930;B
20240410;121707;162.74;140;10086000931;B
20240410;121707;162.7;100;10086000992;S
20240410;121707;162.74;130;10086001008;B
20240410;121707;162.74;490;10086001010;B
20240410;121707;162.74;1000;10086001011;B
20240410;121707;162.74;10;10086001012;B
20240410;121707;162.74;10;10086001013;B
20240410;121707;162.74;500;10086001014;B
20240410;121707;162.74;100;10086001015;B
20240410;121707;162.76;100;10086001016;B
20240410;121707;162.76;260;10086001017;B
20240410;121708;162.76;40;10086001125;B
20240410;121709;162.76;50;10086001143;B
20240410;121709;162.76;1960;10086001252;B
20240410;121709;162.76;110;10086001253;B
20240410;121709;162.76;200;10086001254;B
20240410;121709;162.78;10;10086001255;B
20240410;121709;162.78;1000;10086001256;B
20240410;121709;162.78;200;10086001257;B
20240410;121709;162.78;1520;10086001258;B
20240410;121709;162.78;230;10086001261;B
20240410;121710;162.76;100;10086001324;S
20240410;121710;162.78;40;10086001377;B
20240410;121711;162.76;10;10086001549;S
20240410;121711;162.78;300;10086001550;B
20240410;121711;162.78;10;10086001554;B
20240410;121712;162.78;40;10086001652;B
20240410;121713;162.74;50;10086001684;S
20240410;121714;162.78;1500;10086001856;B
20240410;121715;162.78;470;10086002030;B
20240410;121715;162.78;270;10086002031;B
20240410;121715;162.78;30;10086002032;B
20240410;121715;162.78;5310;10086002033;B
20240410;121716;162.76;50;10086002208;S
20240410;121717;162.76;100;10086002308;S
20240410;121717;162.76;100;10086002309;S
20240410;121719;162.8;1760;10086002593;B
20240410;121720;162.78;20;10086002607;S
20240410;121720;162.78;10;10086002631;S
20240410;121721;162.8;10;10086002711;B
20240410;121721;162.8;10;10086002723;B
20240410;121721;162.8;10;10086002832;B
20240410;121723;162.78;30;10086003003;S
20240410;121723;162.8;4210;10086003037;B
20240410;121723;162.8;20;10086003038;B
20240410;121723;162.8;770;10086003039;B
20240410;121723;162.8;100;10086003087;B
20240410;121724;162.8;50;10086003166;B
20240410;121724;162.8;100;10086003197;B
20240410;121725;162.8;20;10086003321;B
20240410;121726;162.8;20;10086003394;B
20240410;121727;162.8;20;10086003522;B
20240410;121728;162.8;100;10086003607;B
20240410;121728;162.8;10;10086003645;B
20240410;121728;162.8;20;10086003661;B
20240410;121728;162.78;100;10086003680;S
20240410;121729;162.8;10;10086003754;B
20240410;121730;162.8;40;10086003809;B
20240410;121731;162.8;50;10086003903;B
20240410;121732;162.78;50;10086004031;S
20240410;121732;162.8;30;10086004032;B
20240410;121733;162.8;30;10086004144;B
20240410;121734;162.8;50;10086004237;B
20240410;121734;162.78;1790;10086004275;S
20240410;121734;162.78;10;10086004276;S
20240410;121734;162.78;30;10086004277;S
20240410;121734;162.76;310;10086004278;B
20240410;121734;162.76;300;10086004282;B
20240410;121734;162.76;270;10086004283;B
20240410;121735;162.76;10;10086004372;B
20240410;121735;162.74;50;10086004410;S
20240410;121736;162.76;10;10086004481;B
20240410;121736;162.74;50;10086004494;S
20240410;121736;162.76;30;10086004495;B
20240410;121737;162.76;40;10086004572;B
20240410;121737;162.76;10;10086004667;B
20240410;121739;162.76;10;10086004834;B
20240410;121739;162.76;30;10086004889;B
20240410;121740;162.74;50;10086004913;S
20240410;121740;162.74;50;10086004971;S
20240410;121742;162.76;100;10086005139;B
20240410;121742;162.76;30;10086005140;B
20240410;121743;162.76;10;10086005265;B
20240410;121743;162.76;50;10086005324;B
20240410;121743;162.76;10;10086005326;B
20240410;121743;162.76;10;10086005375;B
20240410;121743;162.74;50;10086005377;S
20240410;121744;162.74;50;10086005441;S
20240410;121744;162.76;10;10086005477;B
20240410;121745;162.76;310;10086005538;B
20240410;121745;162.76;50;10086005545;B
20240410;121745;162.76;3210;10086005567;B
20240410;121745;162.78;90;10086005587;B
20240410;121747;162.78;130;10086005723;B
20240410;121747;162.8;190;10086005724;B
20240410;121747;162.8;10;10086005791;B
20240410;121747;162.8;40;10086005800;B
20240410;121748;162.74;170;10086005837;S
20240410;121748;162.8;10;10086005921;B
20240410;121748;162.76;1000;10086005940;S
20240410;121749;162.8;20;10086006033;B
20240410;121750;162.76;50;10086006191;S
20240410;121751;162.76;220;10086006284;S
20240410;121753;162.78;40;10086006398;B
20240410;121755;162.78;240;10086006622;B
20240410;121756;162.78;940;10086006709;B
20240410;121756;162.78;1530;10086006710;B
20240410;121756;162.8;1210;10086006711;B
20240410;121756;162.8;100;10086006712;B
20240410;121756;162.8;110;10086006713;B
20240410;121756;162.8;50;10086006714;B
20240410;121756;162.8;20;10086006715;B
20240410;121756;162.8;100;10086006716;B
20240410;121756;162.8;50;10086006717;B
20240410;121756;162.8;5790;10086006718;B
20240410;121756;162.78;1220;10086006790;B
20240410;121756;162.8;1530;10086006791;B
20240410;121757;162.78;40;10086006874;B
20240410;121757;162.8;80;10086006875;B
20240410;121757;162.8;2100;10086006879;B
20240410;121757;162.8;10;10086006880;B
20240410;121757;162.8;100;10086006881;B
20240410;121757;162.82;10;10086006882;B
20240410;121757;162.82;170;10086006939;B
20240410;121800;162.82;10;10086007232;B
20240410;121801;162.82;30;10086007368;B
20240410;121802;162.82;320;10086007475;B
20240410;121802;162.82;460;10086007504;B
20240410;121803;162.84;10;10086007628;B
20240410;121803;162.84;40;10086007689;B
20240410;121804;162.84;300;10086007724;B
20240410;121805;162.84;650;10086007848;B
20240410;121808;162.84;300;10086008363;B
20240410;121808;162.86;2200;10086008364;B
20240410;121810;162.82;250;10086008544;S
20240410;121810;162.84;10;10086008622;B
20240410;121811;162.84;10;10086008688;B
20240410;121811;162.84;90;10086008706;B
20240410;121812;162.84;10;10086008814;B
20240410;121813;162.84;680;10086008969;B
20240410;121813;162.86;20;10086008970;B
20240410;121813;162.86;60;10086008971;B
20240410;121813;162.86;220;10086008972;B
20240410;121813;162.86;50;10086008973;B
20240410;121813;162.88;2000;10086008974;B
20240410;121813;162.88;100;10086008975;B
20240410;121813;162.88;500;10086008976;B
20240410;121813;162.88;500;10086008977;B
20240410;121813;162.88;50;10086008978;B
20240410;121813;162.88;130;10086008979;B
20240410;121813;162.88;690;10086008980;B
20240410;121814;162.88;10;10086009009;B
20240410;121814;162.86;10;10086009013;S
20240410;121814;162.84;20;10086009014;S
20240410;121814;162.86;290;10086009068;B
20240410;121814;162.86;10;10086009069;B
20240410;121815;162.86;10;10086009150;B
20240410;121815;162.88;10;10086009164;B
20240410;121815;162.88;1510;10086009168;B
20240410;121815;162.88;200;10086009169;B
20240410;121815;162.88;800;10086009170;B
20240410;121815;162.84;130;10086009191;S
20240410;121815;162.84;20;10086009192;S
20240410;121816;162.84;10;10086009264;B
20240410;121817;162.84;350;10086009339;B
20240410;121817;162.84;270;10086009415;B
20240410;121817;162.84;10;10086009416;B
20240410;121817;162.84;70;10086009431;S
20240410;121817;162.82;100;10086009432;S
20240410;121817;162.82;40;10086009433;S
20240410;121817;162.82;200;10086009434;S
20240410;121820;162.88;130;10086009669;B
20240410;121820;162.88;50;10086009670;B
20240410;121820;162.88;420;10086009671;B
20240410;121821;162.88;140;10086009982;B
20240410;121821;162.88;60;10086010027;B
20240410;121821;162.88;20;10086010060;B
20240410;121822;162.88;60;10086010095;B
20240410;121822;162.88;100;10086010096;B
20240410;121822;162.9;280;10086010097;B
20240410;121822;162.9;220;10086010154;B
20240410;121822;162.9;1780;10086010155;B
20240410;121822;162.9;250;10086010265;B
20240410;121823;162.9;130;10086010341;B
20240410;121823;162.9;140;10086010349;B
20240410;121823;162.9;10;10086010350;B
20240410;121823;162.9;600;10086010351;B
20240410;121823;162.9;100;10086010352;B
20240410;121823;162.9;1900;10086010353;B
20240410;121823;162.9;10;10086010354;B
20240410;121823;162.9;600;10086010355;B
20240410;121823;162.9;110;10086010356;B
20240410;121823;162.9;500;10086010357;B
20240410;121823;162.9;100;10086010358;B
20240410;121823;162.9;100;10086010359;B
20240410;121823;162.92;10;10086010360;B
20240410;121823;162.92;10;10086010361;B
20240410;121823;162.92;100;10086010362;B
20240410;121823;162.94;100;10086010363;B
20240410;121823;162.94;50;10086010364;B
20240410;121823;162.94;560;10086010365;B
20240410;121823;162.86;20;10086010378;S
20240410;121823;162.94;500;10086010393;B
20240410;121824;162.94;440;10086010451;B
20240410;121824;162.94;60;10086010452;B
20240410;121824;162.92;20;10086010461;B
20240410;121824;162.92;10;10086010499;B
20240410;121824;162.92;10;10086010520;B
20240410;121825;162.92;10;10086010653;B
20240410;121826;162.94;10;10086010790;B
20240410;121827;162.92;350;10086010843;S
20240410;121827;162.92;350;10086010844;S
20240410;121827;162.92;350;10086010845;S
20240410;121827;162.9;1480;10086010846;S
20240410;121827;162.94;10;10086010868;B
20240410;121827;162.94;20;10086010872;B
20240410;121827;162.94;10;10086010873;B
20240410;121827;162.94;20;10086010874;B
20240410;121829;162.9;1000;10086011231;S
20240410;121830;162.94;20;10086011318;B
20240410;121830;162.94;30;10086011332;B
20240410;121830;162.96;50;10086011333;B
20240410;121830;162.96;10;10086011334;B
20240410;121830;162.96;10;10086011335;B
20240410;121830;162.96;10;10086011336;B
20240410;121830;162.96;210;10086011337;B
20240410;121830;162.96;110;10086011338;B
20240410;121830;162.96;100;10086011339;B
20240410;121830;162.96;470;10086011340;B
20240410;121830;162.96;10;10086011343;B
20240410;121830;162.94;350;10086011391;B
20240410;121830;162.96;740;10086011392;B
20240410;121830;162.96;1530;10086011393;B
20240410;121830;162.98;10;10086011394;B
20240410;121830;162.98;380;10086011395;B
20240410;121831;162.9;20;10086011440;S
20240410;121832;162.96;10;10086011559;B
20240410;121832;162.96;20;10086011578;B
20240410;121832;162.96;10;10086011584;B
20240410;121833;162.96;300;10086011715;B
20240410;121833;162.96;50;10086011730;B
20240410;121834;162.92;100;10086011807;S
20240410;121837;162.92;30;10086012154;S
20240410;121837;162.9;10;10086012155;S
20240410;121837;162.9;10;10086012156;S
20240410;121837;162.94;30;10086012167;B
20240410;121837;162.94;10;10086012204;B
20240410;121838;162.92;500;10086012314;S
20240410;121838;162.9;40;10086012315;S
20240410;121838;162.9;460;10086012316;S
20240410;121838;162.94;20;10086012327;B
20240410;121838;162.9;650;10086012353;S
20240410;121839;162.94;440;10086012440;B
20240410;121839;162.94;90;10086012441;B
20240410;121839;162.94;50;10086012442;B
20240410;121839;162.96;100;10086012443;B
20240410;121839;162.96;430;10086012444;B
20240410;121839;162.96;50;10086012445;B
20240410;121839;162.96;340;10086012446;B
20240410;121839;162.94;90;10086012519;B
20240410;121840;162.94;10;10086012574;B
20240410;121840;162.94;10;10086012581;B
20240410;121840;162.94;10;10086012582;B
20240410;121840;162.94;10;10086012627;B
20240410;121841;162.94;40;10086012670;B
20240410;121841;162.96;50;10086012671;B
20240410;121841;162.96;10;10086012772;B
20240410;121841;162.98;10;10086012777;B
20240410;121842;162.98;610;10086012801;B
20240410;121842;162.98;10;10086012802;B
20240410;121842;162.98;20;10086012803;B
20240410;121842;162.98;50;10086012804;B
20240410;121842;162.98;200;10086012805;B
20240410;121842;162.98;100;10086012806;B
20240410;121842;162.98;10;10086012807;B
20240410;121842;162.96;10;10086012833;S
20240410;121842;162.96;50;10086012889;B
20240410;121844;162.96;20;10086013116;B
20240410;121845;162.96;50;10086013228;B
20240410;121845;162.94;50;10086013272;S
20240410;121845;162.94;150;10086013273;B
20240410;121845;162.96;10;10086013282;B
20240410;121845;162.96;10;10086013326;B
20240410;121845;162.96;350;10086013335;B
20240410;121845;162.96;700;10086013336;B
20240410;121845;162.96;100;10086013337;B
20240410;121845;162.96;480;10086013339;S
20240410;121846;162.98;1000;10086013559;B
20240410;121846;162.98;20;10086013560;B
20240410;121846;162.98;10;10086013561;B
20240410;121846;162.98;500;10086013562;B
20240410;121846;162.98;1000;10086013563;B
20240410;121846;162.98;100;10086013564;B
20240410;121846;162.98;30;10086013565;B
20240410;121846;162.98;220;10086013566;B
20240410;121846;162.98;2000;10086013567;B
20240410;121846;162.98;120;10086013568;B
20240410;121848;163;220;10086013814;B
20240410;121848;163;180;10086013941;B
20240410;121848;163;5000;10086013959;B
20240410;121848;163;500;10086013965;B
20240410;121848;163;100;10086013971;B
20240410;121849;163;820;10086014042;B
20240410;121849;163;5880;10086014048;B
20240410;121849;163;100;10086014049;B
20240410;121849;163;100;10086014050;B
20240410;121849;163;10;10086014051;B
20240410;121849;163;26300;10086014052;B
20240410;121849;163;2000;10086014053;B
20240410;121849;163;30;10086014054;B
20240410;121849;163;10;10086014055;B
20240410;121849;163;110;10086014056;B
20240410;121849;163;500;10086014057;B
20240410;121849;163;10;10086014058;B
20240410;121849;163;300;10086014059;B
20240410;121849;163;500;10086014060;B
20240410;121849;163;1700;10086014061;B
20240410;121849;163;1500;10086014062;B
20240410;121849;163;10;10086014063;B
20240410;121849;163;150;10086014064;B
20240410;121849;163;30;10086014065;B
20240410;121849;163;100;10086014066;B
20240410;121849;163;10;10086014067;B
20240410;121849;163;100;10086014068;B
20240410;121849;163;10;10086014069;B
20240410;121849;163;10;10086014070;B
20240410;121849;163;100;10086014071;B
20240410;121849;163;20;10086014072;B
20240410;121849;163;10410;10086014073;B
20240410;121849;163;9590;10086014114;B
20240410;121849;163;100;10086014115;B
20240410;121849;163;100;10086014116;B
20240410;121849;163;20;10086014117;B
20240410;121849;163;30;10086014118;B
20240410;121849;163;10;10086014119;B
20240410;121849;163;400;10086014120;B
20240410;121849;163;10;10086014121;B
20240410;121849;163;10;10086014122;B
20240410;121849;163;1000;10086014123;B
20240410;121849;163;10;10086014124;B
20240410;121849;163;50;10086014125;B
20240410;121849;163;100;10086014126;B
20240410;121849;163;2000;10086014127;B
20240410;121849;163;500;10086014128;B
20240410;121849;163;10;10086014129;B
20240410;121849;163;10;10086014130;B
20240410;121849;163;10;10086014131;B
20240410;121849;163;100;10086014132;B
20240410;121849;163;2280;10086014133;B
20240410;121849;163;10;10086014134;B
20240410;121849;163;10;10086014135;B
20240410;121849;163;500;10086014136;B
20240410;121849;163;100;10086014137;B
20240410;121849;163;10;10086014138;B
20240410;121849;163;2000;10086014139;B
20240410;121849;163;10;10086014140;B
20240410;121849;163;50;10086014141;B
20240410;121849;163;10;10086014142;B
20240410;121849;163;100;10086014143;B
20240410;121849;163;40;10086014144;B
20240410;121849;163;100;10086014145;B
20240410;121849;163;200;10086014146;B
20240410;121849;163;1000;10086014147;B
20240410;121849;163;200;10086014148;B
20240410;121849;163;1000;10086014149;B
20240410;121849;163;400;10086014150;B
20240410;121849;163;10;10086014151;B
20240410;121849;163;10;10086014152;B
20240410;121849;163;50;10086014153;B
20240410;121849;163;10;10086014154;B
20240410;121849;163;10;10086014155;B
20240410;121849;163;10;10086014156;B
20240410;121849;163;30;10086014157;B
20240410;121849;163;50;10086014158;B
20240410;121849;163;2000;10086014159;B
20240410;121849;163;2000;10086014160;B
20240410;121849;163;200;10086014161;B
20240410;121849;163;90;10086014162;B
20240410;121849;163;560;10086014163;B
20240410;121849;162.98;1200;10086014179;S
20240410;121849;162.98;1800;10086014181;B
20240410;121849;163;240;10086014182;B
20240410;121849;163;100;10086014183;B
20240410;121849;163;40;10086014184;B
20240410;121849;163;20;10086014185;B
20240410;121849;163;800;10086014186;B
20240410;121850;163;30;10086014247;B
20240410;121850;163;70;10086014253;B
20240410;121850;163;10;10086014254;B
20240410;121850;163;50;10086014255;B
20240410;121850;163;100;10086014256;B
20240410;121850;163;10;10086014257;B
20240410;121850;163;20;10086014258;B
20240410;121850;163;140;10086014259;B
20240410;121850;163;290;10086014260;B
20240410;121850;163;90;10086014261;B
20240410;121850;163;420;10086014262;B
20240410;121850;163;250;10086014267;B
20240410;121850;163;1500;10086014273;B
20240410;121850;163;300;10086014300;B
20240410;121850;163;300;10086014329;B
20240410;121850;163;100;10086014345;B
20240410;121850;163;200;10086014346;B
20240410;121850;163;10;10086014363;B
20240410;121851;163;60;10086014478;B
20240410;121851;163;10;10086014479;B
20240410;121851;163;10;10086014480;B
20240410;121851;163;300;10086014481;B
20240410;121851;163;1000;10086014482;B
20240410;121851;163;110;10086014483;B
20240410;121851;163;10;10086014484;B
20240410;121851;163;10;10086014485;B
20240410;121851;163;10;10086014486;B
20240410;121851;163;50;10086014487;B
20240410;121851;163;190;10086014488;B
20240410;121851;163;10;10086014489;B
20240410;121851;163;10;10086014490;B
20240410;121851;163;1000;10086014491;B
20240410;121851;163;580;10086014492;B
20240410;121851;163;50;10086014493;B
20240410;121851;163;90;10086014494;B
20240410;121851;163;10;10086014495;B
20240410;121851;163;10;10086014496;B
20240410;121851;163;20;10086014497;B
20240410;121851;163;50;10086014498;B
20240410;121851;163;100;10086014499;B
20240410;121851;163;170;10086014500;B
20240410;121851;163;10;10086014501;B
20240410;121851;163;90;10086014502;B
20240410;121851;163;90;10086014503;B
20240410;121851;163;100;10086014504;B
20240410;121851;163;100;10086014505;B
20240410;121851;163;10;10086014506;B
20240410;121851;163;10;10086014507;B
20240410;121851;163;100;10086014550;B
20240410;121851;163.02;20;10086014561;B
20240410;121851;163.02;20;10086014562;B
20240410;121851;163.02;980;10086014565;B
20240410;121851;163.02;20;10086014566;B
20240410;121851;163.02;480;10086014584;B
20240410;121851;163.02;520;10086014585;B
20240410;121851;163.02;10;10086014586;B
20240410;121851;163.02;20;10086014587;B
20240410;121851;163.04;160;10086014588;B
20240410;121851;163.04;100;10086014589;B
20240410;121851;163.04;110;10086014590;B
20240410;121851;163.06;100;10086014591;B
20240410;121851;163.06;500;10086014592;B
20240410;121851;163.1;110;10086014594;B
20240410;121851;163.1;50;10086014595;B
20240410;121851;163.1;100;10086014596;B
20240410;121851;163.1;740;10086014597;B
20240410;121851;163.1;1000;10086014599;B
20240410;121851;163.1;4000;10086014652;B
20240410;121851;163.1;200;10086014656;B
20240410;121851;163.1;1000;10086014659;B
20240410;121852;163.1;500;10086014669;B
20240410;121852;163.1;500;10086014671;B
20240410;121852;163.1;3760;10086014745;B
20240410;121852;163.1;10;10086014746;B
20240410;121852;163.1;10;10086014747;B
20240410;121852;163.1;1420;10086014748;B
20240410;121852;163.1;200;10086014749;B
20240410;121852;163.1;290;10086014759;B
20240410;121852;163.08;20;10086014779;S
20240410;121852;163.1;1000;10086014809;B
20240410;121852;163.1;10;10086014848;B
20240410;121852;163.1;300;10086014862;B
20240410;121853;163.1;70;10086014888;B
20240410;121853;163.08;10;10086014898;S
20240410;121853;163.1;610;10086014901;B
20240410;121853;163.1;10;10086015011;B
20240410;121853;163.1;20;10086015058;B
20240410;121853;163.1;10;10086015071;B
20240410;121854;163.1;100;10086015156;B
20240410;121854;163.1;10;10086015249;B
20240410;121855;163.08;20;10086015402;S
20240410;121855;163.08;100;10086015403;S
20240410;121855;163.08;100;10086015404;S
20240410;121855;163.08;100;10086015405;S
20240410;121855;163.08;10;10086015406;S
20240410;121855;163.08;50;10086015407;S
20240410;121855;163.06;120;10086015408;S
20240410;121855;163.1;250;10086015455;B
20240410;121855;163.1;200;10086015456;B
20240410;121855;163.1;990;10086015457;B
20240410;121855;163.1;1020;10086015458;B
20240410;121855;163.1;100;10086015459;B
20240410;121855;163.1;100;10086015460;B
20240410;121855;163.1;50;10086015461;B
20240410;121857;163.1;250;10086015769;B
20240410;121857;163.12;10;10086015770;B
20240410;121857;163.12;10;10086015771;B
20240410;121857;163.12;1000;10086015772;B
20240410;121857;163.12;800;10086015773;B
20240410;121857;163.14;50;10086015774;B
20240410;121857;163.14;1000;10086015775;B
20240410;121857;163.14;10;10086015776;B
20240410;121857;163.16;500;10086015777;B
20240410;121857;163.16;630;10086015778;B
20240410;121857;163.16;110;10086015779;B
20240410;121857;163.16;1530;10086015780;B
20240410;121857;163.16;2100;10086015781;B
20240410;121857;163.18;50;10086015812;B
20240410;121857;163.18;30;10086015813;B
20240410;121857;163.18;10;10086015814;B
20240410;121857;163.18;10;10086015815;B
20240410;121857;163.18;100;10086015816;B
20240410;121857;163.08;50;10086015842;S
20240410;121857;163.08;50;10086015846;S
20240410;121858;163.12;20;10086015964;B
20240410;121859;163.1;50;10086016048;S
20240410;121859;163.08;50;10086016049;S
20240410;121859;163.12;180;10086016072;B
20240410;121859;163.12;100;10086016073;B
20240410;121900;163.18;450;10086016108;B
20240410;121900;163.14;300;10086016116;S
20240410;121900;163.18;50;10086016176;B
20240410;121901;163.16;20;10086016225;S
20240410;121901;163.18;10;10086016226;B
20240410;121902;163.16;30;10086016354;S
20240410;121902;163.14;70;10086016355;S
20240410;121902;163.18;10;10086016392;B
20240410;121902;163.18;470;10086016393;B
20240410;121902;163.18;20;10086016394;B
20240410;121902;163.18;30;10086016395;B
20240410;121902;163.18;50;10086016396;B
20240410;121902;163.18;50;10086016397;B
20240410;121902;163.18;40;10086016398;B
20240410;121902;163.18;340;10086016399;B
20240410;121902;163.18;10;10086016410;B
20240410;121902;163.14;240;10086016434;S
20240410;121902;163.12;180;10086016435;S
20240410;121902;163.12;4000;10086016436;S
20240410;121902;163.1;580;10086016437;S
20240410;121903;163.1;240;10086016497;S
20240410;121903;163.1;10;10086016566;S
20240410;121903;163.14;40;10086016590;B
20240410;121903;163.16;960;10086016591;B
20240410;121904;163.18;100;10086016623;B
20240410;121905;163.1;190;10086016705;S
20240410;121905;163.16;10;10086016710;B
20240410;121905;163.16;90;10086016802;B
20240410;121905;163.18;1550;10086016803;B
20240410;121905;163.18;990;10086016804;B
20240410;121905;163.18;50;10086016805;B
20240410;121905;163.2;90;10086016806;B
20240410;121905;163.2;30;10086016807;B
20240410;121905;163.2;10;10086016808;B
20240410;121905;163.2;1000;10086016809;B
20240410;121905;163.2;2500;10086016810;B
20240410;121905;163.2;10;10086016811;B
20240410;121905;163.2;100;10086016812;B
20240410;121905;163.2;10;10086016813;B
20240410;121905;163.2;30;10086016814;B
20240410;121905;163.2;500;10086016815;B
20240410;121905;163.2;100;10086016816;B
20240410;121905;163.2;10;10086016817;B
20240410;121905;163.2;100;10086016818;B
20240410;121905;163.2;480;10086016819;B
20240410;121905;163.2;20;10086016820;B
20240410;121905;163.22;500;10086016821;B
20240410;121905;163.22;10;10086016822;B
20240410;121905;163.22;1820;10086016823;B
20240410;121905;163.2;180;10086016826;B
20240410;121905;163.22;2820;10086016827;B
20240410;121905;163.22;220;10086016828;B
20240410;121905;163.22;20;10086016829;B
20240410;121905;163.22;10;10086016830;B
20240410;121905;163.22;2000;10086016831;B
20240410;121905;163.22;250;10086016832;B
20240410;121905;163.14;10;10086016849;B
20240410;121906;163.1;100;10086016896;S
20240410;121906;163.12;350;10086017048;S
20240410;121906;163.12;50;10086017049;S
20240410;121906;163.1;200;10086017050;S
20240410;121906;163.2;10;10086017171;B
20240410;121906;163.22;190;10086017172;B
20240410;121907;163.16;100;10086017255;S
20240410;121907;163.16;10;10086017269;S
20240410;121907;163.2;100;10086017275;B
20240410;121907;163.2;40;10086017276;B
20240410;121907;163.22;170;10086017277;B
20240410;121907;163.22;10;10086017278;B
20240410;121907;163.24;1680;10086017279;B
20240410;121907;163.18;50;10086017293;S
20240410;121907;163.16;50;10086017294;S
20240410;121908;163.16;30;10086017387;S
20240410;121908;163.14;2000;10086017388;S
20240410;121908;163.14;10;10086017389;S
20240410;121908;163.12;10;10086017390;S
20240410;121908;163.1;230;10086017391;S
20240410;121908;163.1;1000;10086017392;S
20240410;121908;163.1;50;10086017393;S
20240410;121908;163.1;10;10086017394;S
20240410;121908;163.1;10;10086017395;S
20240410;121908;163.1;250;10086017404;B
20240410;121908;163.1;100;10086017405;B
20240410;121908;163.1;120;10086017433;B
20240410;121909;163.1;700;10086017486;B
20240410;121909;163.1;480;10086017503;B
20240410;121909;163.1;520;10086017504;B
20240410;121909;163.1;110;10086017524;B
20240410;121910;163.04;10;10086017581;S
20240410;121910;163.04;190;10086017674;S
20240410;121910;163.02;100;10086017675;S
20240410;121910;163.02;50;10086017676;S
20240410;121910;163.02;560;10086017677;S
20240410;121911;163.02;10;10086017847;S
20240410;121911;163.08;30;10086017852;B
20240410;121911;163.08;10;10086017911;B
20240410;121911;163.1;40;10086017912;B
20240410;121913;163.1;90;10086018282;B
20240410;121913;163.02;10;10086018326;S
20240410;121915;163.06;150;10086018796;B
20240410;121916;163.04;10;10086018994;S
20240410;121917;163.06;30;10086019183;B
20240410;121917;163.06;40;10086019184;B
20240410;121918;163.1;40;10086019427;B
20240410;121919;163.1;10;10086019450;B
20240410;121919;163.1;500;10086019465;B
20240410;121919;163.06;200;10086019483;S
20240410;121919;163.1;80;10086019548;B
20240410;121920;163.1;1010;10086019565;B
20240410;121920;163.1;400;10086019615;B
20240410;121921;163.06;10;10086019712;S
20240410;121921;163.1;220;10086019718;B
20240410;121922;163.1;180;10086019843;B
20240410;121923;163.1;10;10086020176;B
20240410;121925;163.1;20;10086020589;B
20240410;121926;163.1;10;10086020613;B
20240410;121926;163.08;20;10086020688;B
20240410;121926;163.1;900;10086020689;B
20240410;121926;163.1;100;10086020690;B
20240410;121926;163.1;1040;10086020691;B
20240410;121926;163.12;1530;10086020692;B
20240410;121926;163.14;30;10086020693;B
20240410;121926;163.14;50;10086020694;B
20240410;121926;163.14;2500;10086020695;B
20240410;121926;163.16;50;10086020696;B
20240410;121926;163.16;100;10086020697;B
20240410;121926;163.16;1690;10086020698;B
20240410;121926;163.16;880;10086020699;B
20240410;121926;163.1;100;10086020730;B
20240410;121927;163.1;20;10086020785;B
20240410;121927;163.1;60;10086021185;B
20240410;121927;163.1;20;10086021201;B
20240410;121928;163.1;50;10086021327;B
20240410;121929;163.14;30;10086021454;B
20240410;121929;163.1;20;10086021499;S
20240410;121929;163.08;180;10086021518;S
20240410;121929;163.06;220;10086021519;S
20240410;121929;163.04;490;10086021520;S
20240410;121929;163.02;930;10086021521;S
20240410;121929;163.08;10;10086021540;B
20240410;121929;163.08;60;10086021565;B
20240410;121930;163.02;200;10086021600;S
20240410;121930;163.06;250;10086021681;B
20240410;121930;163.08;110;10086021682;B
20240410;121930;163.1;640;10086021683;B
20240410;121931;163.1;840;10086021718;B
20240410;121931;163.1;10;10086021719;B
20240410;121931;163.1;180;10086021720;B
20240410;121931;163.1;50;10086021726;B
20240410;121931;163.1;150;10086021729;B
20240410;121932;163.1;10;10086021828;B
20240410;121932;163.1;1140;10086021829;B
20240410;121932;163.12;2500;10086021830;B
20240410;121932;163.12;100;10086021831;B
20240410;121932;163.14;20;10086021832;B
20240410;121932;163.14;500;10086021833;B
20240410;121932;163.14;10;10086021834;B
20240410;121932;163.14;20;10086021835;B
20240410;121932;163.16;1010;10086021836;B
20240410;121933;163.14;20;10086021997;B
20240410;121934;163.14;20;10086022029;B
20240410;121934;163.14;260;10086022043;B
20240410;121934;163.14;10;10086022061;B
20240410;121935;163.14;400;10086022172;B
20240410;121935;163.14;10;10086022222;B
20240410;121940;163.14;1780;10086022790;B
20240410;121940;163.16;610;10086022791;B
20240410;121940;163.16;2000;10086022792;B
20240410;121940;163.16;100;10086022793;B
20240410;121940;163.16;1220;10086022794;B
20240410;121941;163.14;50;10086023026;B
20240410;121941;163.16;190;10086023027;B
20240410;121942;163.16;1590;10086023084;B
20240410;121943;163.16;200;10086023211;S
20240410;121943;163.18;20;10086023260;B
20240410;121943;163.18;80;10086023333;B
20240410;121943;163.18;30;10086023334;B
20240410;121943;163.2;390;10086023335;B
20240410;121944;163.18;20;10086023459;S
20240410;121944;163.16;580;10086023460;S
20240410;121944;163.2;20;10086023466;B
20240410;121944;163.16;300;10086023524;S
20240410;121946;163.2;590;10086023748;B
20240410;121946;163.2;60;10086023749;B
20240410;121947;163.2;30;10086023832;B
20240410;121947;163.2;1910;10086023870;B
20240410;121947;163.2;100;10086023871;B
20240410;121947;163.2;200;10086023872;B
20240410;121947;163.2;200;10086023873;B
20240410;121947;163.2;1650;10086023874;B
20240410;121950;163.16;200;10086024418;S
20240410;121950;163.18;100;10086024467;B
20240410;121950;163.2;240;10086024468;B
20240410;121951;163.18;150;10086024515;B
20240410;121951;163.2;110;10086024516;B
20240410;121951;163.2;100;10086024517;B
20240410;121951;163.22;2560;10086024518;B
20240410;121951;163.24;80;10086024519;B
20240410;121951;163.16;20;10086024568;S
20240410;121951;163.24;30;10086024614;B
20240410;121952;163.24;10;10086024716;B
20240410;121952;163.24;10;10086024721;B
20240410;121953;163.24;1000;10086024760;B
20240410;121953;163.24;50;10086024789;B
20240410;121953;163.24;10;10086024795;B
20240410;121954;163.22;50;10086024871;S
20240410;121954;163.2;50;10086024872;S
20240410;121954;163.16;710;10086024873;S
20240410;121954;163.16;1780;10086024874;S
20240410;121954;163.14;190;10086024875;S
20240410;121954;163.12;3500;10086024876;S
20240410;121954;163.1;500;10086024877;S
20240410;121954;163.1;1220;10086024878;S
20240410;121954;163.22;190;10086024905;B
20240410;121954;163.22;1220;10086024906;B
20240410;121954;163.22;560;10086024907;B
20240410;121954;163.22;2110;10086024908;B
20240410;121954;163.24;3000;10086024942;B
20240410;121956;163.2;150;10086025151;B
20240410;121956;163.22;100;10086025152;B
20240410;121956;163.24;3750;10086025153;B
20240410;121956;163.24;5300;10086025265;B
20240410;121957;163.2;50;10086025380;S
20240410;121957;163.2;50;10086025381;S
20240410;121958;163.22;100;10086025459;B
20240410;121958;163.24;6290;10086025460;B
20240410;121958;163.24;10;10086025531;B
20240410;121959;163.24;10;10086025577;B
20240410;121959;163.24;100;10086025601;B
20240410;121959;163.24;60;10086025645;B
20240410;121959;163.2;150;10086025659;S
20240410;121959;163.18;200;10086025660;S
20240410;121959;163.16;50;10086025661;S
20240410;121959;163.16;100;10086025662;S
20240410;122000;163.22;50;10086025676;B
20240410;122000;163.22;150;10086025770;B
20240410;122000;163.24;350;10086025771;B
20240410;122001;163.24;1900;10086025803;B
20240410;122002;163.24;10;10086025926;B
20240410;122002;163.24;300;10086025969;B
20240410;122003;163.24;30;10086026008;B
20240410;122003;163.24;50;10086026093;B
20240410;122004;163.24;30;10086026124;B
20240410;122005;163.22;50;10086026336;S
20240410;122005;163.22;50;10086026337;S
20240410;122005;163.2;50;10086026338;S
20240410;122005;163.18;10;10086026339;S
20240410;122005;163.16;100;10086026340;S
20240410;122005;163.16;50;10086026341;S
20240410;122005;163.16;730;10086026342;S
20240410;122005;163.16;200;10086026343;S
20240410;122005;163.16;1170;10086026344;S
20240410;122005;163.14;1000;10086026345;S
20240410;122005;163.14;1590;10086026346;S
20240410;122006;163.18;570;10086026467;B
20240410;122006;163.18;30;10086026478;B
20240410;122008;163.2;220;10086026738;B
20240410;122009;163.14;400;10086026796;S
20240410;122009;163.12;1000;10086026797;S
20240410;122009;163.12;400;10086026798;S
20240410;122009;163.1;410;10086026799;S
20240410;122010;163.1;200;10086026916;S
20240410;122010;163.16;200;10086026942;B
20240410;122010;163.18;1530;10086026943;B
20240410;122010;163.2;270;10086026944;B
20240410;122011;163.12;10;10086027041;S
20240410;122011;163.18;10;10086027079;B
20240410;122015;163.16;10;10086027487;B
20240410;122016;163.16;20;10086027680;B
20240410;122019;163.16;30;10086030023;B
20240410;122020;163.16;50;10086030137;B
20240410;122020;163.16;10;10086030162;B
20240410;122020;163.16;60;10086030186;B
20240410;122021;163.1;300;10086030304;S
20240410;122022;163.14;50;10086030528;B
20240410;122022;163.16;220;10086030529;B
20240410;122022;163.16;30;10086030530;B
20240410;122023;163.1;100;10086030638;S
20240410;122023;163.1;200;10086030639;S
20240410;122023;163.1;150;10086030640;S
20240410;122023;163.1;20;10086030641;S
20240410;122023;163.1;500;10086030642;S
20240410;122023;163.06;500;10086030643;S
20240410;122023;163.06;40;10086030644;S
20240410;122023;163.06;270;10086030645;S
20240410;122023;163.04;10;10086030646;S
20240410;122023;163.04;2000;10086030647;S
20240410;122023;163.04;1210;10086030648;S
20240410;122023;163.12;40;10086031457;B
20240410;122024;163.06;200;10086031519;S
20240410;122024;163.02;290;10086031520;S
20240410;122024;163.02;20;10086031521;S
20240410;122024;163.02;490;10086031522;S
20240410;122024;163.1;300;10086031561;B
20240410;122025;163.1;40;10086032677;B
20240410;122026;163.08;20;10086032777;B
20240410;122027;163.08;140;10086032978;B
20240410;122027;163.08;10;10086032979;B
20240410;122027;163.08;50;10086032980;B
20240410;122028;163.06;10;10086033071;B
20240410;122028;163.02;180;10086033109;S
20240410;122030;163.02;5000;10086034290;S
20240410;122030;163.08;10;10086034294;B
20240410;122032;163.08;10;10086035567;B
20240410;122033;163.08;20;10086035745;B
20240410;122033;163.08;110;10086035765;B
20240410;122033;163.1;260;10086035766;B
20240410;122033;163.1;200;10086035767;B
20240410;122033;163.1;100;10086035768;B
20240410;122033;163.1;330;10086035769;B
20240410;122035;163.1;10;10086036597;B
20240410;122035;163.1;20;10086036620;B
20240410;122036;163.1;30;10086036637;B
20240410;122036;163.1;150;10086036671;B
20240410;122037;163.04;150;10086037741;S
20240410;122038;163.1;10;10086037908;B
20240410;122041;163.04;350;10086038559;S
20240410;122041;163.04;10;10086038587;B
20240410;122043;163.02;20;10086039815;S
20240410;122043;163.04;250;10086039879;B
20240410;122044;163.1;450;10086039987;B
20240410;122044;163.1;950;10086039988;B
20240410;122045;163.1;200;10086040217;B
20240410;122045;163.1;50;10086040218;B
20240410;122046;163.06;90;10086040308;S
20240410;122047;163.12;100;10086040361;B
20240410;122048;163.14;10;10086040553;B
20240410;122050;163.14;500;10086040763;B
20240410;122051;163.1;100;10086040849;S
20240410;122052;163.14;60;10086041326;B
20240410;122053;163.14;140;10086042485;S
20240410;122053;163.14;560;10086042486;S
20240410;122053;163.14;490;10086042502;B
20240410;122054;163.16;100;10086042535;B
20240410;122054;163.16;150;10086042536;B
20240410;122054;163.16;10;10086042608;B
20240410;122055;163.14;300;10086042712;S
20240410;122055;163.16;30;10086042748;B
20240410;122057;163.14;2210;10086042987;S
20240410;122057;163.12;150;10086042988;S
20240410;122057;163.1;90;10086042989;S
20240410;122057;163.1;2850;10086042990;S
20240410;122057;163.16;210;10086043007;B
20240410;122057;163.16;10;10086043008;B
20240410;122057;163.16;150;10086043009;B
20240410;122057;163.18;250;10086043010;B
20240410;122057;163.18;1580;10086043011;B
20240410;122057;163.18;1320;10086043012;B
20240410;122059;163.18;30;10086043247;S
20240410;122059;163.2;10;10086043251;B
20240410;122101;163.2;290;10086043459;B
20240410;122102;163.18;40;10086043631;S
20240410;122103;163.2;30;10086043729;B
20240410;122104;163.2;30;10086043760;B
20240410;122105;163.2;750;10086043916;B
20240410;122105;163.2;100;10086043917;B
20240410;122105;163.2;10;10086043918;B
20240410;122105;163.2;730;10086043919;B
20240410;122105;163.2;1000;10086043920;B
20240410;122105;163.2;500;10086043921;B
20240410;122105;163.22;50;10086043922;B
20240410;122105;163.22;50;10086043923;B
20240410;122105;163.22;1210;10086043924;B
20240410;122105;163.22;1000;10086043925;B
20240410;122105;163.22;10;10086043926;B
20240410;122105;163.24;4590;10086043927;B
20240410;122105;163.2;170;10086043928;S
20240410;122105;163.22;10;10086044001;B
20240410;122106;163.22;10;10086046003;B
20240410;122106;163.22;150;10086046037;B
20240410;122106;163.22;500;10086046038;B
20240410;122106;163.24;11350;10086046039;B
20240410;122106;163.24;2000;10086046040;B
20240410;122106;163.24;100;10086046041;B
20240410;122106;163.24;50;10086046042;B
20240410;122106;163.24;150;10086046043;B
20240410;122106;163.24;200;10086046044;B
20240410;122106;163.24;600;10086046045;B
20240410;122106;163.24;50;10086046046;B
20240410;122106;163.24;1850;10086046047;B
20240410;122106;163.24;100;10086046048;B
20240410;122106;163.24;50;10086046049;B
20240410;122106;163.26;10;10086046050;B
20240410;122106;163.26;10;10086046051;B
20240410;122106;163.26;110;10086046052;B
20240410;122106;163.26;50;10086046053;B
20240410;122106;163.26;200;10086046054;B
20240410;122106;163.26;200;10086046055;B
20240410;122106;163.26;270;10086046056;B
20240410;122106;163.26;20;10086046078;B
20240410;122107;163.2;10;10086046106;S
20240410;122107;163.26;10;10086046262;B
20240410;122107;163.26;30;10086046295;B
20240410;122108;163.26;10;10086046459;B
20240410;122109;163.24;220;10086046536;S
20240410;122110;163.26;10;10086046603;B
20240410;122111;163.26;10;10086046756;B
20240410;122111;163.26;10;10086046821;B
20240410;122111;163.26;100;10086046855;B
20240410;122114;163.26;20;10086049029;B
20240410;122114;163.26;10;10086049042;B
20240410;122115;163.26;630;10086049073;B
20240410;122115;163.26;100;10086049206;B
20240410;122115;163.24;10;10086049262;S
20240410;122116;163.26;100;10086049396;B
20240410;122118;163.24;10;10086049748;S
20240410;122119;163.24;60;10086049822;S
20240410;122119;163.24;20;10086049849;S
20240410;122121;163.24;180;10086050480;S
20240410;122121;163.22;70;10086050481;S
20240410;122121;163.2;10;10086050482;S
20240410;122122;163.26;250;10086050605;B
20240410;122122;163.26;420;10086050628;B
20240410;122122;163.26;140;10086050629;B
20240410;122122;163.26;10;10086050634;B
20240410;122123;163.26;50;10086050717;B
20240410;122123;163.26;10;10086050774;B
20240410;122125;163.22;1000;10086051486;S
20240410;122125;163.26;10;10086051487;B
20240410;122125;163.26;20;10086051490;B
20240410;122126;163.24;200;10086051739;B
20240410;122126;163.26;10;10086051740;B
20240410;122126;163.26;90;10086051741;B
20240410;122126;163.26;10;10086051762;B
20240410;122127;163.26;50;10086051785;B
20240410;122129;163.26;50;10086052165;B
20240410;122129;163.26;50;10086052166;B
20240410;122129;163.28;50;10086052167;B
20240410;122131;163.28;140;10086052302;B
20240410;122132;163.28;30;10086054123;B
20240410;122132;163.28;10;10086054124;B
20240410;122132;163.28;100;10086054125;B
20240410;122132;163.28;10;10086054126;B
20240410;122132;163.28;100;10086054127;B
20240410;122132;163.28;2000;10086054128;B
20240410;122132;163.28;10;10086054129;B
20240410;122132;163.28;200;10086054130;B
20240410;122132;163.28;10;10086054131;B
20240410;122133;163.3;60;10086054155;B
20240410;122133;163.3;40;10086054272;B
20240410;122133;163.3;100;10086054273;B
20240410;122133;163.3;100;10086054274;B
20240410;122133;163.3;50;10086054275;B
20240410;122133;163.3;10;10086054276;B
20240410;122133;163.3;1000;10086054277;B
20240410;122133;163.3;4700;10086054278;B
20240410;122134;163.3;300;10086054325;B
20240410;122134;163.3;50;10086054326;B
20240410;122134;163.3;30;10086054327;B
20240410;122134;163.3;20;10086054328;B
20240410;122134;163.3;100;10086054329;B
20240410;122134;163.3;10;10086054330;B
20240410;122134;163.3;100;10086054331;B
20240410;122134;163.3;10;10086054332;B
20240410;122134;163.32;10;10086054333;B
20240410;122134;163.32;330;10086054334;B
20240410;122135;163.32;500;10086054484;B
20240410;122135;163.32;10;10086054509;B
20240410;122135;163.28;10;10086054563;S
20240410;122136;163.32;650;10086054642;B
20240410;122137;163.32;10;10086054746;B
20240410;122137;163.28;30;10086054769;S
20240410;122137;163.28;20;10086054776;S
20240410;122137;163.32;500;10086054808;B
20240410;122137;163.32;30;10086054809;B
20240410;122137;163.32;100;10086054810;B
20240410;122137;163.32;10;10086054811;B
20240410;122137;163.32;10;10086054812;B
20240410;122137;163.32;10;10086054813;B
20240410;122137;163.34;200;10086054814;B
20240410;122137;163.34;540;10086054815;B
20240410;122137;163.34;100;10086054816;B
20240410;122137;163.34;350;10086054817;B
20240410;122138;163.34;650;10086054912;B
20240410;122138;163.34;10;10086054913;B
20240410;122138;163.36;10;10086054914;B
20240410;122138;163.36;50;10086054915;B
20240410;122138;163.36;100;10086054916;B
20240410;122138;163.36;270;10086054917;B
20240410;122138;163.36;10;10086054987;B
20240410;122138;163.36;10;10086054997;B
20240410;122140;163.36;100;10086055680;B
20240410;122141;163.36;260;10086056065;B
20240410;122141;163.36;50;10086056124;B
20240410;122142;163.36;70;10086056276;B
20240410;122143;163.36;200;10086057061;B
20240410;122144;163.36;1030;10086057283;B
20240410;122144;163.36;10;10086057284;B
20240410;122144;163.38;10;10086057285;B
20240410;122144;163.38;110;10086057286;B
20240410;122144;163.38;2000;10086057287;B
20240410;122144;163.38;200;10086057288;B
20240410;122144;163.38;220;10086057289;B
20240410;122144;163.4;470;10086057290;B
20240410;122145;163.4;200;10086057325;B
20240410;122145;163.34;30;10086057330;S
20240410;122145;163.32;770;10086057331;S
20240410;122145;163.38;230;10086057337;B
20240410;122145;163.4;430;10086057338;B
20240410;122145;163.4;10;10086057339;B
20240410;122145;163.4;100;10086057340;B
20240410;122145;163.4;10;10086057341;B
20240410;122145;163.4;50;10086057342;B
20240410;122145;163.4;40;10086057343;B
20240410;122145;163.4;100;10086057344;B
20240410;122145;163.4;1000;10086057345;B
20240410;122145;163.4;230;10086057346;B
20240410;122145;163.42;50;10086057347;B
20240410;122145;163.42;10;10086057348;B
20240410;122145;163.42;10;10086057349;B
20240410;122145;163.42;4000;10086057350;B
20240410;122145;163.42;890;10086057351;B
20240410;122145;163.42;2400;10086057352;B
20240410;122145;163.42;1460;10086057353;B
20240410;122145;163.42;1530;10086057354;B
20240410;122145;163.44;10;10086057355;B
20240410;122145;163.44;10;10086057356;B
20240410;122145;163.44;700;10086057357;B
20240410;122145;163.44;100;10086057358;B
20240410;122145;163.44;100;10086057359;B
20240410;122145;163.44;40;10086057360;B
20240410;122145;163.44;170;10086057361;B
20240410;122145;163.44;1290;10086057362;B
20240410;122145;163.44;600;10086057363;B
20240410;122145;163.44;8230;10086057364;B
20240410;122145;163.32;230;10086057373;S
20240410;122145;163.3;170;10086057374;S
20240410;122145;163.3;600;10086057375;S
20240410;122145;163.44;10;10086057379;B
20240410;122145;163.44;160;10086057401;B
20240410;122145;163.44;370;10086057402;B
20240410;122145;163.44;100;10086057403;B
20240410;122145;163.46;30;10086057404;B
20240410;122145;163.3;20;10086057417;S
20240410;122145;163.44;30;10086057424;B
20240410;122145;163.46;10;10086057444;B
20240410;122146;163.36;200;10086057461;S
20240410;122146;163.46;10;10086057470;B
20240410;122146;163.46;10;10086057594;B
20240410;122147;163.46;10;10086057626;B
20240410;122149;163.4;20;10086058290;B
20240410;122149;163.36;10;10086058319;S
20240410;122149;163.4;10;10086058342;B
20240410;122149;163.4;20;10086058346;B
20240410;122149;163.44;700;10086058347;B
20240410;122149;163.44;1530;10086058348;B
20240410;122149;163.46;180;10086058349;B
20240410;122149;163.46;10;10086058350;B
20240410;122149;163.46;1000;10086058351;B
20240410;122149;163.46;150;10086058352;B
20240410;122149;163.46;3500;10086058353;B
20240410;122149;163.48;230;10086058354;B
20240410;122149;163.48;10;10086058355;B
20240410;122149;163.48;80;10086058356;B
20240410;122149;163.48;70;10086058357;B
20240410;122149;163.48;50;10086058358;B
20240410;122149;163.48;1000;10086058359;B
20240410;122149;163.48;10;10086058360;B
20240410;122149;163.48;100;10086058361;B
20240410;122149;163.48;2000;10086058362;B
20240410;122149;163.48;30;10086058363;B
20240410;122149;163.48;50;10086058364;B
20240410;122149;163.48;9280;10086058365;B
20240410;122149;163.44;100;10086059030;B
20240410;122150;163.38;50;10086059479;S
20240410;122150;163.36;1030;10086059480;S
20240410;122150;163.36;80;10086059481;S
20240410;122150;163.36;190;10086059482;S
20240410;122150;163.36;200;10086059483;S
20240410;122150;163.32;50;10086059484;S
20240410;122150;163.32;50;10086059485;S
20240410;122150;163.32;350;10086059486;S
20240410;122150;163.32;10;10086059487;S
20240410;122150;163.32;3000;10086059488;S
20240410;122150;163.3;3660;10086059489;S
20240410;122150;163.3;3660;10086059490;S
20240410;122150;163.3;1220;10086059491;S
20240410;122150;163.3;1530;10086059492;S
20240410;122150;163.28;80;10086059493;S
20240410;122150;163.28;50;10086059494;S
20240410;122150;163.28;1080;10086059495;S
20240410;122150;163.28;1710;10086059496;S
20240410;122154;163.32;600;10086060271;B
20240410;122154;163.34;190;10086060272;B
20240410;122154;163.36;210;10086060273;B
20240410;122155;163.34;40;10086060365;B
20240410;122156;163.32;10;10086060496;B
20240410;122157;163.32;100;10086061440;S
20240410;122157;163.34;100;10086061511;B
20240410;122158;163.34;300;10086061650;B
20240410;122159;163.32;100;10086062490;S
20240410;122159;163.32;150;10086062491;S
20240410;122159;163.36;20;10086062535;B
20240410;122200;163.36;20;10086063116;B
20240410;122202;163.36;60;10086063381;B
20240410;122202;163.36;100;10086063411;B
20240410;122206;163.36;10;10086064922;B
20240410;122209;163.36;30;10086065270;B
20240410;122209;163.38;10;10086065292;B
20240410;122209;163.38;40;10086065386;B
20240410;122209;163.38;350;10086065387;B
20240410;122209;163.38;50;10086065388;B
20240410;122209;163.38;160;10086065389;B
20240410;122210;163.38;1000;10086065652;B
20240410;122212;163.38;80;10086066546;B
20240410;122213;163.38;10;10086066688;B
20240410;122214;163.32;10;10086066832;S
20240410;122216;163.32;100;10086067299;S
20240410;122217;163.36;30;10086067443;B
20240410;122218;163.32;940;10086067499;S
20240410;122218;163.32;500;10086067500;S
20240410;122218;163.32;50;10086067501;S
20240410;122218;163.3;30;10086067502;S
20240410;122218;163.3;200;10086067503;S
20240410;122218;163.3;300;10086067504;S
20240410;122218;163.28;100;10086067505;S
20240410;122218;163.28;90;10086067506;S
20240410;122218;163.28;10;10086067507;S
20240410;122218;163.26;10;10086067508;S
20240410;122218;163.26;50;10086067509;S
20240410;122218;163.26;80;10086067510;S
20240410;122218;163.26;60;10086067511;S
20240410;122218;163.26;500;10086067512;S
20240410;122218;163.26;300;10086067513;S
20240410;122218;163.24;1280;10086067514;S
20240410;122218;163.32;10;10086067575;B
20240410;122220;163.3;500;10086068689;B
20240410;122221;163.26;40;10086068808;S
20240410;122221;163.3;100;10086068854;B
20240410;122221;163.32;710;10086068855;B
20240410;122221;163.32;100;10086068856;B
20240410;122221;163.32;50;10086068857;B
20240410;122221;163.32;90;10086068858;B
20240410;122221;163.32;10;10086069354;B
20240410;122222;163.26;150;10086069395;S
20240410;122222;163.26;400;10086069396;S
20240410;122222;163.24;2450;10086069397;S
20240410;122222;163.32;10;10086069428;B
20240410;122222;163.32;30;10086069432;B
20240410;122223;163.3;50;10086069563;S
20240410;122223;163.32;10;10086069602;B
20240410;122224;163.3;1440;10086069625;S
20240410;122224;163.24;720;10086069626;S
20240410;122224;163.28;10;10086069654;S
20240410;122224;163.24;40;10086069655;S
20240410;122225;163.24;510;10086069790;S
20240410;122225;163.24;100;10086069791;S
20240410;122225;163.22;250;10086069792;S
20240410;122225;163.22;350;10086069793;S
20240410;122225;163.2;980;10086069794;S
20240410;122225;163.2;500;10086069795;S
20240410;122225;163.2;200;10086069796;S
20240410;122225;163.18;80;10086069797;S
20240410;122225;163.18;110;10086069798;S
20240410;122225;163.18;170;10086069799;S
20240410;122225;163.18;330;10086069803;S
20240410;122225;163.26;20;10086070180;B
20240410;122226;163.26;200;10086070208;B
20240410;122226;163.18;10;10086070260;S
20240410;122230;163.26;140;10086071775;B
20240410;122230;163.26;50;10086071776;B
20240410;122231;163.28;10;10086071816;B
20240410;122231;163.28;100;10086072091;B
20240410;122234;163.28;30;10086072422;B
20240410;122234;163.26;110;10086073030;S
20240410;122235;163.22;10;10086073124;S
20240410;122235;163.18;140;10086073125;S
20240410;122235;163.18;370;10086073126;S
20240410;122235;163.18;10;10086073127;S
20240410;122235;163.16;470;10086073128;S
20240410;122236;163.16;30;10086073189;S
20240410;122236;163.14;10;10086073190;S
20240410;122236;163.14;110;10086073191;S
20240410;122236;163.24;90;10086073228;B
20240410;122237;163.18;1010;10086073925;B
20240410;122237;163.18;190;10086073926;B
20240410;122237;163.2;3200;10086073927;B
20240410;122237;163.24;1530;10086073928;B
20240410;122237;163.26;180;10086073929;B
20240410;122237;163.26;20;10086073930;B
20240410;122238;163.24;200;10086074031;B
20240410;122238;163.26;1380;10086074032;B
20240410;122238;163.26;50;10086074033;B
20240410;122238;163.28;350;10086074034;B
20240410;122238;163.28;400;10086074035;B
20240410;122238;163.28;3660;10086074036;B
20240410;122238;163.28;3660;10086074037;B
20240410;122238;163.3;80;10086074038;B
20240410;122238;163.3;3500;10086074039;B
20240410;122238;163.32;100;10086074040;B
20240410;122238;163.32;10000;10086074041;B
20240410;122238;163.32;1000;10086074042;B
20240410;122238;163.34;10000;10086074043;B
20240410;122238;163.36;70;10086074044;B
20240410;122238;163.36;3000;10086074045;B
20240410;122238;163.36;100;10086074046;B
20240410;122238;163.38;890;10086074047;B
20240410;122238;163.38;30;10086074048;B
20240410;122238;163.38;220;10086074049;B
20240410;122238;163.4;1000;10086074050;B
20240410;122238;163.4;2000;10086074051;B
20240410;122238;163.4;100;10086074052;B
20240410;122238;163.4;5000;10086074053;B
20240410;122238;163.4;10000;10086074054;B
20240410;122238;163.4;190;10086074055;B
20240410;122238;163.42;2000;10086074056;B
20240410;122238;163.42;450;10086074057;B
20240410;122238;163.42;10000;10086074058;B
20240410;122238;163.42;10000;10086074059;B
20240410;122238;163.42;10000;10086074060;B
20240410;122238;163.44;300;10086074061;B
20240410;122238;163.44;100;10086074062;B
20240410;122238;163.44;100;10086074063;B
20240410;122238;163.44;30;10086074064;B
20240410;122238;163.46;100;10086074065;B
20240410;122238;163.46;1910;10086074066;B
20240410;122238;163.48;11320;10086074067;B
20240410;122238;163.5;2960;10086074068;B
20240410;122238;163.5;410;10086074069;B
20240410;122238;163.5;100;10086074070;B
20240410;122238;163.5;100;10086074071;B
20240410;122238;163.5;10;10086074072;B
20240410;122238;163.5;10;10086074073;B
20240410;122238;163.5;20;10086074074;B
20240410;122238;163.5;500;10086074075;B
20240410;122238;163.5;350;10086074076;B
20240410;122238;163.5;10;10086074077;B
20240410;122238;163.5;10;10086074078;B
20240410;122238;163.5;10;10086074079;B
20240410;122238;163.5;250;10086074080;B
20240410;122238;163.5;5500;10086074081;B
20240410;122238;163.5;10;10086074082;B
20240410;122238;163.5;500;10086074083;B
20240410;122238;163.5;100;10086074084;B
20240410;122238;163.5;10;10086074085;B
20240410;122238;163.5;40;10086074086;B
20240410;122238;163.5;400;10086074087;B
20240410;122238;163.5;30;10086074088;B
20240410;122238;163.5;60;10086074089;B
20240410;122238;163.5;40;10086074090;B
20240410;122238;163.5;3000;10086074091;B
20240410;122238;163.5;10;10086074092;B
20240410;122238;163.5;10;10086074093;B
20240410;122238;163.5;50;10086074094;B
20240410;122238;163.5;300;10086074095;B
20240410;122238;163.5;100;10086074096;B
20240410;122238;163.5;250;10086074097;B
20240410;122238;163.5;2000;10086074098;B
20240410;122238;163.5;10;10086074099;B
20240410;122238;163.52;10;10086074100;B
20240410;122238;163.52;20;10086074101;B
20240410;122238;163.52;50;10086074102;B
20240410;122238;163.52;10;10086074103;B
20240410;122238;163.52;440;10086074104;B
20240410;122238;163.52;100;10086074105;B
20240410;122238;163.52;2000;10086074106;B
20240410;122238;163.52;300;10086074107;B
20240410;122238;163.54;90;10086074108;B
20240410;122238;163.54;10;10086074109;B
20240410;122238;163.54;2000;10086074110;B
20240410;122238;163.54;300;10086074111;B
20240410;122238;163.56;190;10086074112;B
20240410;122238;163.56;10;10086074113;B
20240410;122238;163.56;2000;10086074114;B
20240410;122238;163.56;100;10086074115;B
20240410;122238;163.56;400;10086074116;B
20240410;122238;163.56;30;10086074117;B
20240410;122238;163.56;8370;10086074118;B
20240410;122238;163.56;100;10086074119;B
20240410;122238;163.56;200;10086074120;B
20240410;122238;163.58;10;10086074121;B
20240410;122238;163.58;50;10086074122;B
20240410;122238;163.58;12760;10086074123;B
20240410;122238;163.3;500;10086074125;B
20240410;122238;163.46;1000;10086074130;B
20240410;122238;163.44;60;10086074131;S
20240410;122238;163.56;10;10086074153;B
20240410;122238;163.5;100;10086074202;B
20240410;122238;163.5;500;10086074203;B
20240410;122238;163.56;140;10086074204;B
20240410;122238;163.58;260;10086074205;B
20240410;122239;163.58;700;10086074206;B
20240410;122239;163.58;500;10086074226;B
20240410;122239;163.58;100;10086074259;B
20240410;122239;163.5;20;10086074262;S
20240410;122239;163.56;20;10086074324;B
20240410;122239;163.58;380;10086074325;B
20240410;122240;163.58;10;10086074455;B
20240410;122240;163.58;10;10086074468;B
20240410;122241;163.58;10;10086074583;B
20240410;122242;163.58;2200;10086074982;B
20240410;122242;163.5;10;10086074999;S
20240410;122244;163.5;10;10086076138;S
20240410;122244;163.5;160;10086076165;S
20240410;122244;163.5;1000;10086076166;S
20240410;122244;163.5;110;10086076167;S
20240410;122244;163.48;1710;10086076168;S
20240410;122244;163.46;10000;10086076169;S
20240410;122244;163.42;2020;10086076170;S
20240410;122244;163.54;10;10086076180;B
20240410;122245;163.54;300;10086076312;B
20240410;122246;163.46;300;10086076560;B
20240410;122248;163.44;300;10086076876;B
20240410;122248;163.44;20;10086076879;B
20240410;122248;163.44;10;10086076901;B
20240410;122248;163.42;20;10086076927;S
20240410;122248;163.44;10;10086076958;B
20240410;122250;163.44;730;10086077770;B
20240410;122251;163.44;2690;10086077880;B
20240410;122251;163.42;210;10086077896;S
20240410;122253;163.42;760;10086078460;S
20240410;122253;163.4;300;10086078461;S
20240410;122253;163.38;10;10086078462;S
20240410;122253;163.38;200;10086078463;S
20240410;122253;163.38;990;10086078464;S
20240410;122253;163.36;7740;10086078465;S
20240410;122253;163.34;30;10086078475;S
20240410;122255;163.34;500;10086078687;S
20240410;122255;163.42;120;10086078709;B
20240410;122256;163.38;1000;10086078807;B
20240410;122256;163.42;60;10086078808;B
20240410;122256;163.42;910;10086078809;B
20240410;122256;163.44;3030;10086078810;B
20240410;122256;163.42;200;10086078864;B
20240410;122256;163.42;740;10086078865;B
20240410;122256;163.44;1060;10086078866;B
20240410;122258;163.44;10;10086079115;B
20240410;122259;163.44;1010;10086079752;B
20240410;122259;163.44;60;10086079771;B
20240410;122301;163.4;10;10086081179;S
20240410;122302;163.42;10;10086081208;B
20240410;122302;163.42;90;10086081271;B
20240410;122302;163.44;100;10086081272;B
20240410;122303;163.44;220;10086081418;B
20240410;122304;163.42;1220;10086081489;S
20240410;122304;163.4;30;10086081490;S
20240410;122304;163.4;1280;10086081491;S
20240410;122304;163.4;830;10086081492;S
20240410;122304;163.38;830;10086081493;S
20240410;122304;163.36;200;10086081494;S
20240410;122304;163.36;350;10086081495;S
20240410;122304;163.36;1000;10086081496;S
20240410;122304;163.36;2730;10086081497;S
20240410;122304;163.36;1530;10086081498;S
20240410;122304;163.34;100;10086081499;S
20240410;122305;163.34;20;10086081600;S
20240410;122305;163.36;200;10086081679;S
20240410;122305;163.34;80;10086081680;S
20240410;122305;163.34;320;10086081681;S
20240410;122306;163.42;20;10086082063;B
20240410;122307;163.42;50;10086082134;B
20240410;122309;163.32;20;10086083273;S
20240410;122309;163.34;20;10086083385;S
20240410;122310;163.34;80;10086083479;S
20240410;122310;163.32;30;10086083480;S
20240410;122310;163.32;140;10086083481;S
20240410;122310;163.42;80;10086083519;B
20240410;122310;163.42;220;10086083520;B
20240410;122315;163.38;200;10086085216;B
20240410;122316;163.38;10;10086085229;B
20240410;122318;163.32;90;10086085529;S
20240410;122318;163.38;10;10086085556;B
20240410;122319;163.38;80;10086085663;B
20240410;122319;163.38;200;10086085664;B
20240410;122319;163.4;30;10086085665;B
20240410;122321;163.4;70;10086085876;B
20240410;122321;163.4;100;10086085877;B
20240410;122321;163.4;10;10086085878;B
20240410;122321;163.4;100;10086085879;B
20240410;122321;163.42;100;10086085880;B
20240410;122321;163.42;50;10086085881;B
20240410;122321;163.42;200;10086085882;B
20240410;122322;163.44;130;10086086023;B
20240410;122322;163.42;1000;10086086084;S
20240410;122323;163.42;10;10086086130;S
20240410;122323;163.44;10;10086086176;B
20240410;122325;163.44;130;10086087333;B
20240410;122325;163.44;480;10086087359;B
20240410;122325;163.44;50;10086087360;B
20240410;122325;163.44;370;10086087361;B
20240410;122325;163.44;10;10086087362;B
20240410;122325;163.44;100;10086087363;B
20240410;122325;163.46;1000;10086087364;B
20240410;122325;163.48;100;10086087365;B
20240410;122325;163.48;2270;10086087366;B
20240410;122326;163.42;2000;10086087443;S
20240410;122327;163.42;200;10086088437;S
20240410;122327;163.46;150;10086088611;B
20240410;122328;163.46;100;10086088978;B
20240410;122331;163.44;10;10086089488;B
20240410;122331;163.44;100;10086089489;B
20240410;122331;163.46;140;10086089490;B
20240410;122332;163.46;80;10086089865;B
20240410;122333;163.46;30;10086089898;B
20240410;122333;163.46;20;10086089914;B
20240410;122333;163.42;160;10086089925;S
20240410;122333;163.42;2290;10086089926;S
20240410;122333;163.42;200;10086089927;S
20240410;122333;163.42;10;10086089956;B
20240410;122333;163.42;140;10086089970;B
20240410;122336;163.38;100;10086090293;S
20240410;122338;163.42;200;10086090524;B
20240410;122338;163.46;100;10086090561;B
20240410;122338;163.46;30;10086090583;B
20240410;122339;163.46;270;10086090688;B
20240410;122340;163.46;50;10086090745;B
20240410;122340;163.46;180;10086091622;B
20240410;122340;163.46;60;10086091623;B
20240410;122341;163.46;140;10086091686;B
20240410;122344;163.48;2440;10086093060;B
20240410;122344;163.48;200;10086093157;B
20240410;122345;163.48;10;10086093176;B
20240410;122345;163.48;830;10086093230;B
20240410;122346;163.46;10;10086093953;S
20240410;122346;163.46;40;10086093954;S
20240410;122347;163.46;160;10086094027;S
20240410;122347;163.46;40;10086094028;S
20240410;122347;163.46;150;10086094240;S
20240410;122349;163.48;20;10086095367;B
20240410;122351;163.46;100;10086095614;S
20240410;122351;163.46;40;10086095753;S
20240410;122353;163.46;90;10086095870;S
20240410;122354;163.46;120;10086096152;S
20240410;122354;163.48;120;10086096276;B
20240410;122354;163.52;1000;10086096277;B
20240410;122354;163.52;80;10086096278;B
20240410;122355;163.46;100;10086096361;S
20240410;122356;163.46;150;10086096491;S
20240410;122359;163.52;280;10086096809;B
20240410;122359;163.54;720;10086096810;B
20240410;122400;163.54;60;10086096900;B
20240410;122401;163.54;10;10086097961;B
20240410;122401;163.52;400;10086098660;S
20240410;122401;163.54;10;10086099134;B
20240410;122402;163.54;10;10086099181;B
20240410;122403;163.54;100;10086099232;B
20240410;122405;163.52;250;10086099621;S
20240410;122406;163.52;500;10086099749;S
20240410;122407;163.54;50;10086099945;B
20240410;122408;163.54;500;10086100006;B
20240410;122408;163.52;850;10086100073;S
20240410;122408;163.5;5000;10086100074;S
20240410;122409;163.5;10;10086100089;B
20240410;122410;163.5;250;10086100309;B
20240410;122411;163.5;480;10086101421;B
20240410;122412;163.48;30;10086101448;S
20240410;122412;163.48;970;10086101467;S
20240410;122412;163.48;150;10086101474;B
20240410;122413;163.46;10;10086102313;S
20240410;122415;163.48;10;10086102433;B
20240410;122416;163.46;140;10086102563;S
20240410;122416;163.46;10;10086102564;S
20240410;122416;163.46;200;10086102565;S
20240410;122416;163.46;50;10086102566;S
20240410;122416;163.42;10;10086102567;S
20240410;122416;163.42;30;10086102568;S
20240410;122416;163.4;60;10086102569;S
20240410;122417;163.46;50;10086102713;B
20240410;122417;163.4;6940;10086102761;S
20240410;122417;163.4;50;10086102762;S
20240410;122417;163.4;50;10086102763;S
20240410;122417;163.4;200;10086102764;S
20240410;122419;163.4;10;10086103183;B
20240410;122419;163.4;10;10086103184;B
20240410;122419;163.42;10;10086103185;B
20240410;122419;163.44;720;10086103186;B
20240410;122420;163.38;300;10086103478;S
20240410;122420;163.38;800;10086103487;S
20240410;122421;163.38;300;10086103599;S
20240410;122421;163.38;50;10086103600;S
20240410;122422;163.44;10;10086103683;B
20240410;122422;163.44;90;10086103732;B
20240410;122423;163.4;10;10086103925;B
20240410;122424;163.38;950;10086104023;S
20240410;122424;163.34;200;10086104024;S
20240410;122424;163.34;780;10086104025;S
20240410;122424;163.32;10;10086104026;S
20240410;122424;163.32;360;10086104027;S
20240410;122424;163.4;10;10086104049;B
20240410;122425;163.4;80;10086104145;B
20240410;122428;163.4;50;10086104486;B
20240410;122428;163.4;80;10086104540;B
20240410;122428;163.34;200;10086104559;S
20240410;122430;163.34;80;10086106854;B
20240410;122431;163.34;170;10086107024;B
20240410;122431;163.4;20;10086107025;B
20240410;122431;163.4;200;10086107026;B
20240410;122431;163.4;10;10086107027;B
20240410;122431;163.4;1290;10086107028;B
20240410;122432;163.34;2000;10086107051;S
20240410;122432;163.4;40;10086107086;B
20240410;122432;163.4;10;10086107087;B
20240410;122432;163.3;50;10086107155;S
20240410;122433;163.4;80;10086107196;B
20240410;122433;163.3;500;10086107237;S
20240410;122434;163.4;30;10086107308;B
20240410;122434;163.34;50;10086107329;S
20240410;122434;163.32;670;10086107330;S
20240410;122434;163.3;280;10086107331;S
20240410;122435;163.4;80;10086107537;B
20240410;122436;163.34;100;10086107735;S
20240410;122437;163.32;250;10086107907;S
20240410;122437;163.32;20;10086107919;S
20240410;122437;163.42;80;10086107971;B
20240410;122438;163.42;10;10086107986;B
20240410;122439;163.42;10;10086108143;B
20240410;122439;163.42;260;10086108144;B
20240410;122440;163.42;40;10086108168;B
20240410;122440;163.42;40;10086108169;B
20240410;122440;163.42;160;10086108237;B
20240410;122440;163.42;80;10086108238;B
20240410;122440;163.36;20;10086108289;S
20240410;122441;163.42;20;10086108349;B
20240410;122441;163.42;100;10086108350;B
20240410;122441;163.42;20;10086108351;B
20240410;122441;163.42;20;10086108352;B
20240410;122441;163.44;20;10086108353;B
20240410;122442;163.44;10;10086108409;B
20240410;122443;163.38;200;10086110393;S
20240410;122443;163.44;120;10086110444;B
20240410;122443;163.44;20;10086110445;B
20240410;122443;163.44;50;10086110446;B
20240410;122443;163.44;210;10086110447;B
20240410;122444;163.44;580;10086110509;B
20240410;122444;163.46;30;10086110510;B
20240410;122444;163.46;1670;10086110511;B
20240410;122444;163.46;80;10086110581;B
20240410;122446;163.46;10;10086110783;B
20240410;122446;163.44;80;10086110854;B
20240410;122449;163.44;10;10086111182;B
20240410;122450;163.44;10;10086111568;B
20240410;122450;163.46;990;10086111569;B
20240410;122450;163.46;80;10086111646;B
20240410;122451;163.46;500;10086111842;B
20240410;122452;163.46;670;10086112156;B
20240410;122452;163.46;30;10086112157;B
20240410;122452;163.46;100;10086112158;B
20240410;122452;163.46;1000;10086112159;B
20240410;122452;163.48;80;10086112216;B
20240410;122453;163.46;500;10086113428;S
20240410;122454;163.48;20;10086114491;B
20240410;122454;163.48;2980;10086114492;B
20240410;122455;163.48;1000;10086114590;B
20240410;122455;163.48;80;10086114592;B
20240410;122455;163.48;20;10086114656;B
20240410;122455;163.46;250;10086114681;S
20240410;122456;163.48;80;10086114835;B
20240410;122457;163.48;20;10086114904;B
20240410;122457;163.48;60;10086114917;B
20240410;122458;163.48;80;10086115048;B
20240410;122459;163.48;370;10086115097;B
20240410;122459;163.48;50;10086115098;B
20240410;122459;163.5;580;10086115099;B
20240410;122500;163.5;1400;10086115979;B
20240410;122501;163.5;150;10086116080;B
20240410;122501;163.48;1220;10086116185;S
20240410;122501;163.48;870;10086116186;S
20240410;122501;163.46;3580;10086116187;S
20240410;122501;163.46;150;10086116188;S
20240410;122502;163.46;80;10086116282;B
20240410;122502;163.46;200;10086116375;B
20240410;122504;163.46;80;10086116606;B
20240410;122506;163.44;120;10086118670;S
20240410;122506;163.44;100;10086118671;S
20240410;122506;163.42;50;10086118672;S
20240410;122506;163.4;100;10086118673;S
20240410;122506;163.4;130;10086118674;S
20240410;122506;163.46;200;10086118760;B
20240410;122507;163.4;300;10086118787;S
20240410;122507;163.38;100;10086118788;S
20240410;122507;163.38;400;10086118789;S
20240410;122507;163.38;10;10086118790;S
20240410;122507;163.38;150;10086118791;S
20240410;122507;163.36;210;10086118792;S
20240410;122507;163.36;830;10086118793;S
20240410;122507;163.34;10;10086118875;S
20240410;122507;163.32;50;10086118876;S
20240410;122508;163.38;80;10086118932;B
20240410;122508;163.34;690;10086118954;S
20240410;122509;163.38;70;10086119073;B
20240410;122509;163.4;150;10086119074;B
20240410;122509;163.4;100;10086119075;B
20240410;122509;163.4;400;10086119076;B
20240410;122509;163.42;980;10086119077;B
20240410;122509;163.4;20;10086119134;B
20240410;122510;163.4;80;10086119208;B
20240410;122512;163.36;20;10086119633;S
20240410;122512;163.42;150;10086119694;B
20240410;122512;163.46;450;10086119695;B
20240410;122512;163.44;20;10086119725;B
20240410;122512;163.46;60;10086119726;B
20240410;122514;163.48;80;10086119968;B
20240410;122515;163.38;20;10086120029;S
20240410;122516;163.48;10;10086120917;B
20240410;122517;163.4;1220;10086120977;S
20240410;122517;163.38;380;10086120978;S
20240410;122517;163.38;660;10086120979;S
20240410;122517;163.36;130;10086120980;S
20240410;122517;163.36;1500;10086120981;S
20240410;122517;163.34;2130;10086120982;S
20240410;122518;163.44;20;10086121139;B
20240410;122518;163.4;30;10086121224;S
20240410;122518;163.38;170;10086121225;S
20240410;122519;163.44;80;10086121269;B
20240410;122521;163.42;80;10086121741;B
20240410;122521;163.42;920;10086121742;B
20240410;122521;163.44;300;10086121743;B
20240410;122521;163.46;130;10086121744;B
20240410;122521;163.46;200;10086121745;B
20240410;122521;163.46;1000;10086121746;B
20240410;122521;163.48;1630;10086121747;B
20240410;122521;163.48;2000;10086121748;B
20240410;122521;163.48;1530;10086121749;B
20240410;122521;163.48;2500;10086121751;S
20240410;122521;163.5;10;10086121782;B
20240410;122521;163.48;20;10086122655;S
20240410;122523;163.5;80;10086122925;B
20240410;122524;163.48;100;10086123064;S
20240410;122525;163.5;80;10086123186;B
20240410;122526;163.5;20;10086123303;B
20240410;122526;163.48;90;10086123309;S
20240410;122527;163.5;2160;10086123853;B
20240410;122527;163.5;10;10086124177;B
20240410;122528;163.5;30;10086124308;B
20240410;122529;163.5;80;10086124479;B
20240410;122531;163.5;80;10086124819;B
20240410;122532;163.5;800;10086125689;B
20240410;122532;163.5;100;10086125886;B
20240410;122533;163.5;2000;10086126693;B
20240410;122534;163.48;1600;10086126725;S
20240410;122534;163.48;40;10086126780;S
20240410;122534;163.5;20;10086126791;B
20240410;122534;163.5;80;10086126810;B
20240410;122535;163.5;3000;10086126880;B
20240410;122535;163.5;10;10086126902;B
20240410;122535;163.5;200;10086126913;B
20240410;122536;163.5;10;10086126987;B
20240410;122536;163.48;220;10086127029;S
20240410;122536;163.48;220;10086127062;S
20240410;122538;163.48;330;10086127494;S
20240410;122538;163.5;20;10086127524;B
20240410;122539;163.48;80;10086127693;S
20240410;122540;163.48;320;10086127789;S
20240410;122540;163.48;10;10086127790;S
20240410;122540;163.48;20;10086127791;S
20240410;122540;163.44;760;10086127792;S
20240410;122541;163.48;10;10086127948;B
20240410;122542;163.48;530;10086127966;B
20240410;122542;163.5;1990;10086127967;B
20240410;122543;163.42;150;10086128668;S
20240410;122543;163.42;100;10086128669;S
20240410;122545;163.42;60;10086129782;S
20240410;122547;163.42;810;10086129932;S
20240410;122547;163.42;150;10086129933;S
20240410;122547;163.4;10;10086129934;S
20240410;122547;163.38;10;10086129935;S
20240410;122547;163.38;220;10086129936;S
20240410;122547;163.46;1220;10086129996;B
20240410;122547;163.48;150;10086129997;B
20240410;122547;163.48;1000;10086129998;B
20240410;122547;163.48;600;10086129999;B
20240410;122547;163.5;500;10086130000;B
20240410;122547;163.5;100;10086130001;B
20240410;122547;163.5;300;10086130002;B
20240410;122547;163.5;4210;10086130003;B
20240410;122547;163.38;40;10086130037;S
20240410;122547;163.38;10;10086130069;S
20240410;122550;163.5;10;10086130647;B
20240410;122551;163.42;2120;10086130781;S
20240410;122551;163.42;150;10086130782;S
20240410;122551;163.38;1480;10086130783;S
20240410;122551;163.38;500;10086130784;S
20240410;122551;163.36;1000;10086130785;S
20240410;122551;163.36;3660;10086130786;S
20240410;122551;163.36;3130;10086130787;S
20240410;122552;163.38;100;10086130890;S
20240410;122552;163.44;10;10086130913;B
20240410;122553;163.44;140;10086131614;B
20240410;122553;163.46;1220;10086131615;B
20240410;122553;163.48;1040;10086131616;B
20240410;122553;163.5;300;10086131617;B
20240410;122553;163.5;2300;10086131618;B
20240410;122554;163.38;20;10086132734;S
20240410;122554;163.38;30;10086132736;S
20240410;122554;163.38;370;10086132737;S
20240410;122557;163.42;10;10086133043;B
20240410;122557;163.42;60;10086133102;B
20240410;122558;163.42;80;10086133163;B
20240410;122558;163.44;280;10086133164;B
20240410;122558;163.44;560;10086133165;B
20240410;122558;163.46;1000;10086133166;B
20240410;122558;163.46;3130;10086133167;B
20240410;122559;163.48;30;10086133351;B
20240410;122603;163.46;1150;10086133852;S
20240410;122603;163.4;4000;10086133853;S
20240410;122603;163.38;1350;10086133854;S
20240410;122603;163.38;400;10086133855;S
20240410;122603;163.36;150;10086133856;S
20240410;122603;163.36;2950;10086133857;S
20240410;122603;163.44;170;10086134096;B
20240410;122603;163.46;830;10086134097;B
20240410;122606;163.38;70;10086135517;S
20240410;122607;163.38;100;10086135536;S
20240410;122607;163.36;980;10086135537;S
20240410;122607;163.44;170;10086135557;B
20240410;122607;163.44;100;10086135558;B
20240410;122607;163.44;400;10086135559;B
20240410;122607;163.46;330;10086135560;B
20240410;122611;163.36;20;10086136121;S
20240410;122611;163.34;10;10086136122;S
20240410;122611;163.4;10;10086136128;B
20240410;122612;163.34;30;10086136233;S
20240410;122612;163.34;170;10086136234;S
20240410;122613;163.4;20;10086136340;B
20240410;122614;163.4;20;10086137259;B
20240410;122614;163.42;30;10086137260;B
20240410;122615;163.4;40;10086137495;B
20240410;122615;163.38;10;10086137505;S
20240410;122615;163.34;30;10086137506;S
20240410;122616;163.34;10;10086137648;S
20240410;122616;163.34;10;10086137651;S
20240410;122616;163.34;350;10086137652;S
20240410;122616;163.34;60;10086137653;S
20240410;122616;163.34;380;10086137654;S
20240410;122616;163.34;10;10086137655;S
20240410;122616;163.34;50;10086137656;S
20240410;122616;163.34;150;10086137657;S
20240410;122616;163.34;80;10086137658;S
20240410;122616;163.34;20;10086137659;S
20240410;122616;163.34;10;10086137660;S
20240410;122616;163.34;20;10086137662;S
20240410;122616;163.34;40;10086137663;S
20240410;122616;163.34;20;10086137664;S
20240410;122616;163.32;10;10086137665;S
20240410;122616;163.32;60;10086137666;S
20240410;122616;163.32;40;10086137667;S
20240410;122616;163.32;10;10086137670;S
20240410;122616;163.32;10;10086137671;S
20240410;122616;163.32;30;10086137672;S
20240410;122616;163.32;60;10086137673;S
20240410;122616;163.32;80;10086137674;S
20240410;122616;163.32;10;10086137675;S
20240410;122616;163.32;20;10086137676;S
20240410;122616;163.32;30;10086137677;S
20240410;122616;163.32;20;10086137678;S
20240410;122616;163.32;240;10086137679;S
20240410;122616;163.32;90;10086137680;S
20240410;122616;163.32;10;10086137681;S
20240410;122616;163.32;10;10086137682;S
20240410;122616;163.32;10;10086137684;S
20240410;122616;163.32;10;10086137685;S
20240410;122616;163.32;60;10086137686;S
20240410;122616;163.32;10;10086137687;S
20240410;122616;163.32;90;10086137688;S
20240410;122616;163.32;120;10086137689;S
20240410;122616;163.32;30;10086137690;S
20240410;122616;163.32;10;10086137691;S
20240410;122616;163.32;10;10086137693;S
20240410;122616;163.32;60;10086137694;S
20240410;122616;163.32;10;10086137695;S
20240410;122616;163.32;40;10086137697;S
20240410;122616;163.32;10;10086137698;S
20240410;122616;163.32;10;10086137701;S
20240410;122616;163.32;10;10086137702;S
20240410;122616;163.32;10;10086137705;S
20240410;122616;163.32;10;10086137707;S
20240410;122616;163.32;320;10086137708;S
20240410;122616;163.32;10;10086137712;S
20240410;122616;163.32;130;10086137713;S
20240410;122616;163.32;20;10086137714;S
20240410;122616;163.32;10;10086137715;S
20240410;122616;163.3;260;10086137728;S
20240410;122616;163.3;30;10086137738;S
20240410;122616;163.3;10;10086137739;S
20240410;122616;163.3;60;10086137740;S
20240410;122616;163.3;10;10086137743;S
20240410;122616;163.3;10;10086137745;S
20240410;122616;163.3;10;10086137749;S
20240410;122616;163.3;170;10086137751;S
20240410;122616;163.3;10;10086137752;S
20240410;122616;163.3;10;10086137754;S
20240410;122616;163.3;40;10086137755;S
20240410;122616;163.3;10;10086137756;S
20240410;122616;163.3;40;10086137760;S
20240410;122616;163.3;120;10086137763;S
20240410;122616;163.3;10;10086137764;S
20240410;122616;163.3;840;10086137765;S
20240410;122616;163.3;140;10086137766;S
20240410;122616;163.3;10;10086137767;S
20240410;122616;163.3;20;10086137772;S
20240410;122616;163.3;20;10086137773;S
20240410;122616;163.3;10;10086137776;S
20240410;122616;163.3;100;10086137777;S
20240410;122616;163.3;10;10086137778;S
20240410;122616;163.3;10;10086137779;S
20240410;122616;163.3;1240;10086137780;S
20240410;122616;163.3;30;10086137783;S
20240410;122616;163.3;50;10086137784;S
20240410;122616;163.3;10;10086137787;S
20240410;122616;163.3;50;10086137792;S
20240410;122616;163.3;90;10086137794;S
20240410;122616;163.3;80;10086137796;S
20240410;122616;163.3;10;10086137799;S
20240410;122616;163.3;10;10086137800;S
20240410;122616;163.3;220;10086137803;S
20240410;122616;163.3;420;10086137806;S
20240410;122617;163.3;110;10086137831;S
20240410;122617;163.3;160;10086137832;S
20240410;122617;163.3;10;10086137834;S
20240410;122617;163.3;30;10086137835;S
20240410;122617;163.3;10;10086137836;S
20240410;122617;163.3;10;10086137837;S
20240410;122617;163.3;10;10086137839;S
20240410;122617;163.3;30;10086137842;S
20240410;122617;163.3;40;10086137848;S
20240410;122617;163.3;10;10086137850;S
20240410;122617;163.3;80;10086137851;S
20240410;122617;163.3;10;10086137852;S
20240410;122617;163.3;10;10086137853;S
20240410;122617;163.26;60;10086137854;S
20240410;122617;163.26;10;10086137855;S
20240410;122617;163.28;10;10086137857;S
20240410;122617;163.28;40;10086137858;S
20240410;122617;163.28;250;10086137909;S
20240410;122617;163.28;80;10086137910;S
20240410;122618;163.28;30;10086137933;S
20240410;122618;163.28;10;10086137945;S
20240410;122618;163.26;990;10086137946;S
20240410;122618;163.26;30;10086137997;S
20240410;122618;163.26;400;10086138045;S
20240410;122618;163.24;230;10086138046;S
20240410;122618;163.22;370;10086138047;S
20240410;122619;163.24;510;10086138094;S
20240410;122620;163.2;4570;10086138184;S
20240410;122620;163.2;10;10086138185;S
20240410;122620;163.2;420;10086138186;S
20240410;122620;163.2;580;10086138220;S
20240410;122620;163.2;150;10086138221;S
20240410;122620;163.18;10;10086138222;S
20240410;122620;163.18;30;10086138223;S
20240410;122620;163.18;4900;10086138224;S
20240410;122620;163.16;1110;10086138225;S
20240410;122621;163.18;20;10086138287;S
20240410;122623;163.16;210;10086138671;S
20240410;122623;163.16;790;10086138672;S
20240410;122624;163.16;100;10086138790;S
20240410;122624;163.16;110;10086138792;S
20240410;122624;163.14;140;10086138793;S
20240410;122626;163.2;150;10086139116;B
20240410;122626;163.22;200;10086139117;B
20240410;122626;163.22;100;10086139118;B
20240410;122626;163.24;170;10086139119;B
20240410;122626;163.22;150;10086139123;B
20240410;122626;163.24;130;10086139124;B
20240410;122626;163.26;200;10086139125;B
20240410;122626;163.26;880;10086139126;B
20240410;122626;163.26;1670;10086139127;B
20240410;122626;163.26;1670;10086139128;B
20240410;122626;163.28;3500;10086139129;B
20240410;122626;163.28;5000;10086139130;B
20240410;122626;163.3;250;10086139131;B
20240410;122626;163.3;5820;10086139132;B
20240410;122626;163.3;330;10086139133;B
20240410;122628;163.32;100;10086139319;B
20240410;122628;163.24;100;10086139332;S
20240410;122629;163.24;940;10086139426;S
20240410;122629;163.22;150;10086139427;S
20240410;122629;163.22;2910;10086139428;S
20240410;122629;163.32;200;10086139468;B
20240410;122629;163.34;150;10086139469;B
20240410;122629;163.34;650;10086139470;B
20240410;122630;163.34;50;10086139647;B
20240410;122632;163.28;100;10086139893;S
20240410;122633;163.34;20;10086140006;B
20240410;122633;163.34;10;10086140020;B
20240410;122634;163.26;100;10086140035;S
20240410;122634;163.34;70;10086140041;B
20240410;122634;163.34;150;10086140042;B
20240410;122634;163.34;180;10086140043;B
20240410;122635;163.28;100;10086140154;S
20240410;122635;163.34;20;10086140165;B
20240410;122635;163.34;70;10086140166;B
20240410;122635;163.36;510;10086140167;B
20240410;122636;163.34;10;10086140336;B
20240410;122638;163.34;10;10086140603;B
20240410;122639;163.3;1220;10086140613;S
20240410;122639;163.28;50;10086140614;S
20240410;122639;163.28;30;10086140615;S
20240410;122639;163.28;200;10086140616;S
20240410;122639;163.28;420;10086140617;S
20240410;122639;163.28;400;10086140618;S
20240410;122639;163.26;100;10086140619;S
20240410;122639;163.26;100;10086140620;S
20240410;122639;163.26;30;10086140621;S
20240410;122639;163.26;3660;10086140622;S
20240410;122639;163.26;50;10086140623;S
20240410;122639;163.26;1530;10086140624;S
20240410;122639;163.24;100;10086140625;S
20240410;122639;163.24;400;10086140626;S
20240410;122639;163.24;750;10086140627;S
20240410;122639;163.24;570;10086140628;S
20240410;122639;163.34;10;10086140669;B
20240410;122641;163.32;30;10086140837;B
20240410;122641;163.32;800;10086140838;B
20240410;122641;163.34;70;10086140839;B
20240410;122643;163.3;100;10086141065;S
20240410;122643;163.28;150;10086141066;S
20240410;122643;163.26;150;10086141083;S
20240410;122643;163.26;400;10086141084;S
20240410;122643;163.24;150;10086141085;S
20240410;122644;163.34;30;10086141240;B
20240410;122644;163.34;50;10086141241;B
20240410;122644;163.34;100;10086141242;B
20240410;122644;163.34;20;10086141243;B
20240410;122645;163.26;30;10086141372;S
20240410;122645;163.24;140;10086141373;S
20240410;122645;163.32;10;10086141391;B
20240410;122647;163.3;10;10086141644;B
20240410;122647;163.3;10;10086141650;B
20240410;122649;163.24;100;10086141786;S
20240410;122650;163.3;10;10086141922;B
20240410;122650;163.3;250;10086141924;B
20240410;122650;163.32;140;10086141925;B
20240410;122650;163.32;400;10086141926;B
20240410;122650;163.32;40;10086141945;S
20240410;122651;163.32;10;10086141994;S
20240410;122652;163.32;10;10086142105;S
20240410;122652;163.32;500;10086142134;S
20240410;122654;163.32;500;10086142359;S
20240410;122655;163.32;60;10086142470;S
20240410;122656;163.36;320;10086142525;B
20240410;122656;163.36;180;10086142526;B
20240410;122656;163.32;500;10086142541;S
20240410;122657;163.32;500;10086142681;S
20240410;122658;163.32;40;10086142745;S
20240410;122658;163.3;150;10086142746;S
20240410;122658;163.28;220;10086142747;S
20240410;122658;163.26;1220;10086142748;S
20240410;122700;163.32;150;10086143048;B
20240410;122700;163.32;20;10086143049;B
20240410;122703;163.26;150;10086143303;S
20240410;122703;163.26;350;10086143304;S
20240410;122704;163.3;10;10086143443;B
20240410;122705;163.26;20;10086143477;S
20240410;122706;163.3;90;10086143693;B
20240410;122706;163.3;10;10086143694;B
20240410;122706;163.3;90;10086143695;B
20240410;122708;163.3;160;10086143973;B
20240410;122708;163.3;330;10086143974;B
20240410;122710;163.24;150;10086144167;S
20240410;122710;163.24;50;10086144168;S
20240410;122710;163.24;500;10086144202;S
20240410;122711;163.3;10;10086144317;B
20240410;122711;163.24;450;10086144353;S
20240410;122711;163.24;2460;10086144354;S
20240410;122711;163.22;90;10086144355;S
20240410;122712;163.3;10;10086144519;B
20240410;122712;163.3;150;10086144520;B
20240410;122712;163.3;10;10086144521;B
20240410;122713;163.3;430;10086144593;S
20240410;122713;163.26;10;10086144594;S
20240410;122713;163.22;110;10086144595;S
20240410;122713;163.2;150;10086144596;S
20240410;122713;163.2;650;10086144597;S
20240410;122713;163.18;1650;10086144598;S
20240410;122713;163.16;20;10086144640;S
20240410;122713;163.16;400;10086144641;S
20240410;122713;163.16;150;10086144642;S
20240410;122713;163.14;980;10086144643;S
20240410;122713;163.16;150;10086144647;S
20240410;122713;163.14;4850;10086144648;S
20240410;122713;163.28;100;10086144672;B
20240410;122720;163.14;290;10086145474;S
20240410;122723;163.2;100;10086145739;B
20240410;122723;163.2;10;10086145740;B
20240410;122723;163.2;420;10086145741;B
20240410;122723;163.22;150;10086145742;B
20240410;122723;163.22;1530;10086145743;B
20240410;122723;163.24;90;10086145744;B
20240410;122724;163.22;100;10086145843;B
20240410;122725;163.14;500;10086145937;S
20240410;122725;163.22;50;10086145942;B
20240410;122725;163.22;10;10086145943;B
20240410;122726;163.14;3000;10086146063;S
20240410;122726;163.2;10;10086146087;B
20240410;122726;163.14;380;10086146152;S
20240410;122726;163.14;120;10086146153;S
20240410;122727;163.14;300;10086146300;S
20240410;122728;163.14;80;10086146399;S
20240410;122728;163.14;50;10086146400;S
20240410;122728;163.1;10;10086146401;S
20240410;122728;163.1;360;10086146402;S
20240410;122729;163.1;40;10086146484;S
20240410;122729;163.1;150;10086146485;S
20240410;122729;163.08;10;10086146486;S
20240410;122729;163.2;140;10086146550;B
20240410;122729;163.2;310;10086146551;B
20240410;122730;163.14;300;10086146582;S
20240410;122730;163.1;50;10086146583;S
20240410;122730;163.1;150;10086146584;S
20240410;122731;163.08;150;10086146709;S
20240410;122731;163.06;350;10086146710;S
20240410;122731;163.18;10;10086146723;B
20240410;122731;163.08;300;10086146771;S
20240410;122731;163.08;20;10086146781;S
20240410;122732;163.08;900;10086146810;S
20240410;122732;163.08;100;10086146811;S
20240410;122732;163.08;50;10086146818;S
20240410;122732;163.06;450;10086146819;S
20240410;122733;163.08;20;10086146942;B
20240410;122733;163.06;500;10086146973;S
20240410;122734;163.08;250;10086147072;B
20240410;122734;163.1;50;10086147073;B
20240410;122734;163.06;500;10086147080;S
20240410;122735;163.06;20;10086147148;S
20240410;122736;163.06;500;10086147253;S
20240410;122736;163.06;100;10086147310;S
20240410;122737;163.06;500;10086147400;S
20240410;122738;163.06;100;10086147546;S
20240410;122738;163.06;500;10086147552;S
20240410;122739;163.1;10;10086147626;B
20240410;122740;163.06;500;10086147728;S
20240410;122741;163.06;980;10086147783;S
20240410;122741;163.04;10;10086147784;S
20240410;122741;163.04;110;10086147785;S
20240410;122741;163.1;40;10086147794;B
20240410;122741;163.1;60;10086147795;B
20240410;122741;163.06;50;10086147883;S
20240410;122741;163.04;450;10086147884;S
20240410;122743;163.04;20;10086147999;S
20240410;122743;163.04;420;10086148057;S
20240410;122743;163.04;30;10086148058;S
20240410;122743;163.02;50;10086148059;S
20240410;122744;163.1;90;10086148160;B
20240410;122744;163.1;10;10086148161;B
20240410;122744;163.04;10;10086148221;S
20240410;122744;163.02;490;10086148222;S
20240410;122745;163.1;110;10086148281;B
20240410;122746;163.1;20;10086148361;B
20240410;122746;163.04;10;10086148367;S
20240410;122746;163.02;490;10086148368;S
20240410;122746;163.02;3280;10086148408;S
20240410;122746;163.02;150;10086148409;S
20240410;122746;163.02;10;10086148410;S
20240410;122746;163.02;200;10086148411;S
20240410;122746;163.02;400;10086148412;S
20240410;122746;163.02;150;10086148413;S
20240410;122746;163.02;200;10086148414;S
20240410;122746;163;2000;10086148415;S
20240410;122746;163;50;10086148416;S
20240410;122746;163;150;10086148417;S
20240410;122746;163;10;10086148418;S
20240410;122746;163;50;10086148419;S
20240410;122746;163;10;10086148420;S
20240410;122746;163;10;10086148421;S
20240410;122746;163;200;10086148422;S
20240410;122746;163;320;10086148423;S
20240410;122746;163;50;10086148424;S
20240410;122746;163;10;10086148425;S
20240410;122746;163;10;10086148426;S
20240410;122746;163;1000;10086148427;S
20240410;122746;163;20;10086148428;S
20240410;122746;163;260;10086148429;S
20240410;122746;163;1000;10086148430;S
20240410;122746;163;300;10086148431;S
20240410;122746;163;20;10086148432;S
20240410;122746;163;140;10086148433;S
20240410;122747;163.02;100;10086148502;S
20240410;122747;163;1880;10086148531;S
20240410;122749;163;10;10086148869;S
20240410;122750;163.02;200;10086148977;S
20240410;122750;163;300;10086148978;S
20240410;122750;163;670;10086148994;S
20240410;122750;163;120;10086148995;S
20240410;122750;163;640;10086148996;S
20240410;122750;163;30;10086148997;S
20240410;122750;163;540;10086148998;S
20240410;122754;163;60;10086149459;S
20240410;122754;163;20;10086149460;S
20240410;122755;163.02;50;10086149628;B
20240410;122755;163.02;30;10086149629;B
20240410;122755;163.02;820;10086149630;B
20240410;122756;163;980;10086149758;S
20240410;122756;163;1000;10086149759;S
20240410;122756;163;10;10086149760;S
20240410;122756;163;10;10086149761;S
20240410;122756;163;30;10086149762;S
20240410;122756;163;80;10086149763;S
20240410;122756;163;10;10086149764;S
20240410;122756;163;10;10086149765;S
20240410;122756;163;20;10086149766;S
20240410;122756;163;90;10086149767;S
20240410;122756;163;70;10086149768;S
20240410;122756;163;10;10086149769;S
20240410;122756;163;680;10086149770;S
20240410;122757;163.02;10;10086149957;B
20240410;122801;163.02;50;10086150422;B
20240410;122802;163;20;10086150539;S
20240410;122803;163.02;80;10086150637;B
20240410;122803;163;90;10086150648;S
20240410;122803;163;50;10086150715;S
20240410;122805;163.02;10;10086150941;B
20240410;122806;163.02;160;10086151070;B
20240410;122806;163.02;650;10086151071;B
20240410;122807;163.04;150;10086151175;B
20240410;122807;163.04;50;10086151176;B
20240410;122808;163.04;10;10086151270;B
20240410;122810;163.04;10;10086151473;B
20240410;122813;163.02;100;10086151814;S
20240410;122813;163.04;230;10086151830;B
20240410;122813;163.04;970;10086151831;B
20240410;122813;163.04;800;10086151832;B
20240410;122814;163.04;60;10086151990;B
20240410;122814;163.02;50;10086152017;S
20240410;122815;163.04;120;10086152088;B
20240410;122816;163.02;30;10086152278;S
20240410;122818;163.04;1390;10086152544;B
20240410;122818;163.04;20;10086152616;S
20240410;122819;163.06;110;10086152677;B
20240410;122819;163.06;50;10086152759;B
20240410;122820;163.06;420;10086152792;B
20240410;122820;163.06;10;10086152836;B
20240410;122820;163.06;10;10086152856;B
20240410;122820;163.06;190;10086152865;B
20240410;122821;163.06;10;10086152969;B
20240410;122822;163.04;170;10086153096;S
20240410;122822;163.04;230;10086153097;S
20240410;122822;163.04;270;10086153106;S
20240410;122826;163.06;30;10086153484;B
20240410;122826;163.06;30;10086153517;B
20240410;122828;163.04;10;10086153722;S
20240410;122828;163.06;10;10086153755;B
20240410;122830;163.06;2470;10086153937;B
20240410;122830;163.06;150;10086153938;B
20240410;122830;163.1;60;10086153939;B
20240410;122830;163.1;50;10086153940;B
20240410;122830;163.1;400;10086153941;B
20240410;122830;163.1;400;10086153942;B
20240410;122830;163.12;470;10086153943;B
20240410;122831;163.08;10;10086154123;B
20240410;122831;163.08;20;10086154152;B
20240410;122831;163.1;40;10086154153;B
20240410;122831;163.1;100;10086154160;B
20240410;122832;163.06;10;10086154235;S
20240410;122832;163.06;690;10086154236;S
20240410;122833;163.1;10;10086154339;B
20240410;122833;163.1;500;10086154340;B
20240410;122833;163.14;1490;10086154341;B
20240410;122834;163.08;100;10086154537;S
20240410;122836;163.12;10;10086154723;B
20240410;122836;163.14;1400;10086154724;B
20240410;122836;163.1;200;10086154782;S
20240410;122836;163.08;50;10086154783;S
20240410;122836;163.08;1220;10086154784;S
20240410;122836;163.06;140;10086154785;S
20240410;122836;163.06;10;10086154786;S
20240410;122836;163.06;380;10086154787;S
20240410;122836;163.08;10;10086154802;S
20240410;122837;163.1;10;10086154868;S
20240410;122841;163.06;10;10086155279;S
20240410;122841;163.12;10;10086155343;B
20240410;122841;163.14;110;10086155344;B
20240410;122841;163.14;1500;10086155345;B
20240410;122841;163.14;100;10086155346;B
20240410;122841;163.18;2000;10086155347;B
20240410;122841;163.18;930;10086155348;B
20240410;122841;163.2;100;10086155349;B
20240410;122841;163.2;100;10086155350;B
20240410;122841;163.2;150;10086155351;B
20240410;122842;163.1;210;10086155390;S
20240410;122845;163.2;250;10086155888;B
20240410;122845;163.2;20;10086155889;B
20240410;122845;163.2;10;10086155890;B
20240410;122845;163.22;10;10086155891;B
20240410;122845;163.22;390;10086155892;B
20240410;122845;163.24;50;10086155893;B
20240410;122845;163.24;150;10086155894;B
20240410;122849;163.18;50;10086156261;S
20240410;122850;163.22;10;10086156385;B
20240410;122851;163.22;40;10086156574;B
20240410;122851;163.24;490;10086156575;B
20240410;122855;163.24;190;10086157024;B
20240410;122855;163.24;830;10086157025;B
20240410;122859;163.24;1000;10086157549;S
20240410;122902;163.24;400;10086157960;S
20240410;122902;163.24;150;10086157961;S
20240410;122902;163.22;450;10086157962;S
20240410;122903;163.22;100;10086158033;S
20240410;122903;163.26;40;10086158058;B
20240410;122906;163.24;400;10086158360;B
20240410;122906;163.24;790;10086158361;B
20240410;122906;163.26;110;10086158362;B
20240410;122906;163.26;100;10086158363;B
20240410;122906;163.26;150;10086158364;B
20240410;122906;163.26;10;10086158365;B
20240410;122907;163.28;10;10086158399;B
20240410;122907;163.28;10;10086158400;B
20240410;122907;163.28;40;10086158477;B
20240410;122908;163.26;100;10086158505;S
20240410;122908;163.28;100;10086158557;B
20240410;122908;163.28;1100;10086158562;B
20240410;122909;163.28;10;10086158582;B
20240410;122909;163.28;30;10086158592;B
20240410;122910;163.26;60;10086158714;S
20240410;122910;163.28;10;10086158717;B
20240410;122911;163.28;10;10086158796;B
20240410;122912;163.26;100;10086158895;S
20240410;122913;163.28;30;10086159020;B
20240410;122913;163.26;10;10086159037;S
20240410;122915;163.26;1400;10086159203;S
20240410;122915;163.28;1500;10086159226;B
20240410;122919;163.28;50;10086159677;B
20240410;122919;163.28;170;10086159720;B
20240410;122920;163.26;500;10086159777;S
20240410;122922;163.28;720;10086159977;B
20240410;122922;163.28;10;10086159978;B
20240410;122922;163.3;100;10086159979;B
20240410;122922;163.3;10;10086159980;B
20240410;122922;163.3;250;10086159981;B
20240410;122922;163.32;300;10086159982;B
20240410;122922;163.32;10;10086159983;B
20240410;122922;163.32;640;10086159984;B
20240410;122922;163.34;2960;10086159985;B
20240410;122922;163.36;10;10086160030;B
20240410;122923;163.36;50;10086160148;B
20240410;122927;163.36;340;10086160513;B
20240410;122927;163.36;10;10086160514;B
20240410;122927;163.36;150;10086160515;B
20240410;122929;163.36;620;10086160734;B
20240410;122929;163.36;3000;10086160763;B
20240410;122930;163.34;100;10086160814;S
20240410;122930;163.34;10;10086160847;S
20240410;122931;163.34;10;10086160974;S
20240410;122932;163.36;70;10086161010;B
20240410;122932;163.36;20;10086161011;B
20240410;122932;163.38;690;10086161012;B
20240410;122932;163.38;200;10086161013;B
20240410;122932;163.4;10;10086161014;B
20240410;122932;163.4;10;10086161015;B
20240410;122932;163.4;90;10086161089;B
20240410;122932;163.4;410;10086161090;B
20240410;122932;163.36;100;10086161101;S
20240410;122932;163.34;400;10086161102;S
20240410;122933;163.4;1000;10086161189;B
20240410;122937;163.36;100;10086161737;S
20240410;122940;163.4;90;10086162065;B
20240410;122940;163.42;10;10086162066;B
20240410;122940;163.42;50;10086162067;B
20240410;122940;163.44;100;10086162068;B
20240410;122940;163.44;20;10086162069;B
20240410;122940;163.46;280;10086162070;B
20240410;122941;163.48;90;10086162140;B
20240410;122942;163.4;20;10086162281;S
20240410;122942;163.48;10;10086162349;B
20240410;122942;163.48;750;10086162350;B
20240410;122942;163.48;10;10086162351;B
20240410;122942;163.48;700;10086162352;B
20240410;122942;163.48;530;10086162353;B
20240410;122942;163.48;10;10086162385;B
20240410;122948;163.48;2200;10086162957;B
20240410;122949;163.42;150;10086163093;S
20240410;122949;163.48;10;10086163129;B
20240410;122951;163.48;10;10086163289;B
20240410;122952;163.48;430;10086163426;B
20240410;122952;163.48;1500;10086163427;B
20240410;122952;163.48;500;10086163428;B
20240410;122952;163.48;30;10086163429;B
20240410;122952;163.48;510;10086163430;B
20240410;122952;163.48;650;10086163431;B
20240410;122955;163.48;530;10086163764;S
20240410;122955;163.48;430;10086163844;B
20240410;122955;163.48;370;10086163845;B
20240410;122955;163.5;10;10086163846;B
20240410;122955;163.5;100;10086163847;B
20240410;122955;163.5;60;10086163848;B
20240410;122955;163.5;10;10086163849;B
20240410;122955;163.5;10;10086163850;B
20240410;122955;163.5;100;10086163851;B
20240410;122955;163.5;910;10086163852;B
20240410;122956;163.46;100;10086163877;S
20240410;122956;163.5;100;10086163879;B
20240410;122957;163.5;200;10086164032;B
20240410;122959;163.5;50;10086164232;B
20240410;123000;163.5;10;10086164485;B
20240410;123001;163.5;500;10086164557;B
20240410;123001;163.5;2500;10086164580;B
20240410;123001;163.5;10;10086164592;B
20240410;123003;163.5;1720;10086164844;B
20240410;123003;163.5;900;10086164845;B
20240410;123003;163.5;10;10086164846;B
20240410;123003;163.5;200;10086164847;B
20240410;123003;163.5;10;10086164848;B
20240410;123003;163.5;220;10086164849;B
20240410;123003;163.5;150;10086164868;B
20240410;123003;163.5;10;10086164874;B
20240410;123003;163.46;500;10086164912;S
20240410;123003;163.44;100;10086164913;S
20240410;123008;163.5;10;10086165361;B
20240410;123011;163.48;20;10086165794;S
20240410;123014;163.48;10;10086166224;S
20240410;123015;163.44;50;10086166299;S
20240410;123019;163.44;10;10086166780;S
20240410;123021;163.42;50;10086167102;S
20240410;123022;163.44;20;10086167105;B
20240410;123023;163.44;10;10086167272;B
20240410;123023;163.4;380;10086167293;S
20240410;123023;163.4;100;10086167294;S
20240410;123024;163.38;10;10086167431;B
20240410;123025;163.38;20;10086167561;B
20240410;123026;163.36;10;10086167714;B
20240410;123028;163.36;10;10086167934;B
20240410;123028;163.36;10;10086168010;B
20240410;123030;163.36;200;10086168161;B
20240410;123030;163.34;40;10086168231;S
20240410;123030;163.32;50;10086168232;S
20240410;123031;163.36;420;10086168255;B
20240410;123031;163.32;10;10086168278;S
20240410;123036;163.36;10;10086168963;B
20240410;123036;163.38;30;10086168964;B
20240410;123036;163.38;30;10086168965;B
20240410;123038;163.32;10;10086169115;S
20240410;123038;163.32;20;10086169161;S
20240410;123039;163.36;10;10086169211;B
20240410;123039;163.36;50;10086169315;B
20240410;123039;163.36;130;10086169316;B
20240410;123041;163.34;10;10086169489;B
20240410;123041;163.32;10;10086169514;S
20240410;123042;163.32;50;10086169594;S
20240410;123042;163.3;100;10086169595;S
20240410;123042;163.3;450;10086169596;S
20240410;123042;163.34;60;10086169650;B
20240410;123042;163.36;80;10086169651;B
20240410;123043;163.3;150;10086169750;S
20240410;123043;163.28;1010;10086169751;S
20240410;123043;163.28;150;10086169752;S
20240410;123043;163.28;270;10086169753;S
20240410;123044;163.28;10;10086169769;S
20240410;123046;163.32;10;10086170218;B
20240410;123046;163.28;500;10086170344;S
20240410;123047;163.32;100;10086170478;B
20240410;123048;163.28;150;10086170499;S
20240410;123048;163.26;1270;10086170500;S
20240410;123048;163.26;320;10086170501;S
20240410;123048;163.24;10;10086170502;S
20240410;123048;163.24;1250;10086170503;S
20240410;123048;163.24;10;10086170518;S
20240410;123049;163.32;10;10086170704;B
20240410;123052;163.3;500;10086171188;B
20240410;123052;163.24;240;10086171274;S
20240410;123052;163.24;150;10086171275;S
20240410;123052;163.24;400;10086171276;S
20240410;123052;163.22;1500;10086171277;S
20240410;123052;163.22;160;10086171278;S
20240410;123052;163.2;2550;10086171279;S
20240410;123053;163.24;1220;10086171322;B
20240410;123053;163.26;150;10086171323;B
20240410;123053;163.26;1130;10086171324;B
20240410;123057;163.24;150;10086171940;B
20240410;123057;163.28;850;10086171941;B
20240410;123058;163.26;20;10086172006;B
20240410;123059;163.26;10;10086172118;B
20240410;123059;163.26;10;10086172144;B
20240410;123100;163.18;200;10086172189;S
20240410;123100;163.16;210;10086172190;S
20240410;123100;163.16;150;10086172191;S
20240410;123100;163.16;400;10086172192;S
20240410;123100;163.14;40;10086172193;S
20240410;123100;163.24;250;10086172228;B
20240410;123100;163.24;60;10086172241;B
20240410;123100;163.26;40;10086172242;B
20240410;123100;163.22;10;10086172297;B
20240410;123102;163.22;50;10086172490;B
20240410;123103;163.2;50;10086172556;S
20240410;123103;163.16;150;10086172557;S
20240410;123103;163.16;420;10086172558;S
20240410;123103;163.14;630;10086172559;S
20240410;123103;163.2;10;10086172565;B
20240410;123103;163.2;50;10086172581;B
20240410;123108;163.2;30;10086173218;B
20240410;123108;163.2;10;10086173242;B
20240410;123110;163.2;50;10086173373;B
20240410;123111;163.22;140;10086173499;B
20240410;123111;163.22;150;10086173500;B
20240410;123111;163.24;210;10086173501;B
20240410;123111;163.2;10;10086173565;S
20240410;123115;163.24;440;10086174019;B
20240410;123115;163.24;10;10086174020;B
20240410;123115;163.26;1330;10086174021;B
20240410;123115;163.26;250;10086174022;B
20240410;123115;163.28;440;10086174023;B
20240410;123116;163.28;10;10086174091;B
20240410;123118;163.28;10;10086174370;B
20240410;123119;163.26;200;10086174446;S
20240410;123121;163.28;10;10086174672;B
20240410;123123;163.28;10;10086174866;B
20240410;123124;163.28;100;10086174923;B
20240410;123124;163.28;70;10086174947;B
20240410;123125;163.28;30;10086175062;S
20240410;123125;163.28;100;10086175063;S
20240410;123125;163.26;70;10086175064;S
20240410;123125;163.3;60;10086175078;B
20240410;123127;163.28;10;10086175190;B
20240410;123127;163.28;90;10086175191;B
20240410;123127;163.28;30;10086175204;B
20240410;123127;163.28;100;10086175207;B
20240410;123127;163.28;100;10086175233;B
20240410;123127;163.28;100;10086175249;B
20240410;123127;163.28;110;10086175252;B
20240410;123127;163.28;100;10086175267;B
20240410;123128;163.28;100;10086175286;B
20240410;123135;163.28;10;10086176214;B
20240410;123135;163.28;50;10086176265;B
20240410;123137;163.28;210;10086176387;B
20240410;123137;163.28;10;10086176388;B
20240410;123137;163.28;200;10086176389;B
20240410;123137;163.3;2030;10086176390;B
20240410;123137;163.3;10;10086176391;B
20240410;123137;163.3;7000;10086176392;B
20240410;123137;163.32;100;10086176393;B
20240410;123137;163.36;10;10086176394;B
20240410;123137;163.36;20;10086176395;B
20240410;123137;163.36;410;10086176396;B
20240410;123137;163.3;150;10086176433;S
20240410;123137;163.28;80;10086176434;S
20240410;123137;163.28;100;10086176538;S
20240410;123137;163.28;500;10086176554;S
20240410;123138;163.34;70;10086176581;B
20240410;123139;163.3;50;10086176762;S
20240410;123139;163.3;50;10086176768;S
20240410;123143;163.34;130;10086177170;B
20240410;123146;163.34;10;10086177535;B
20240410;123147;163.34;20;10086177652;B
20240410;123147;163.34;20;10086177653;B
20240410;123149;163.34;10;10086177808;B
20240410;123149;163.3;100;10086177830;S
20240410;123150;163.34;20;10086177913;B
20240410;123151;163.34;100;10086178017;B
20240410;123151;163.34;900;10086178018;B
20240410;123152;163.32;100;10086178138;S
20240410;123152;163.3;310;10086178139;S
20240410;123153;163.3;140;10086178245;S
20240410;123153;163.3;10;10086178246;S
20240410;123155;163.3;140;10086178496;S
20240410;123155;163.28;230;10086178497;S
20240410;123155;163.28;100;10086178498;S
20240410;123155;163.26;950;10086178499;S
20240410;123155;163.26;1530;10086178500;S
20240410;123155;163.26;3400;10086178501;S
20240410;123155;163.26;1560;10086178502;S
20240410;123155;163.24;5840;10086178503;S
20240410;123155;163.24;100;10086178504;S
20240410;123155;163.22;10;10086178505;S
20240410;123155;163.2;100;10086178506;S
20240410;123155;163.2;3600;10086178507;S
20240410;123155;163.2;20;10086178508;S
20240410;123155;163.2;20;10086178509;S
20240410;123155;163.2;10000;10086178510;S
20240410;123155;163.2;890;10086178511;S
20240410;123155;163.2;100;10086178512;S
20240410;123155;163.18;4500;10086178513;S
20240410;123155;163.16;10000;10086178514;S
20240410;123155;163.16;50;10086178515;S
20240410;123155;163.14;10000;10086178516;S
20240410;123155;163.14;1000;10086178517;S
20240410;123155;163.14;10000;10086178518;S
20240410;123155;163.14;1120;10086178519;S
20240410;123158;163.18;40;10086178929;B
20240410;123159;163.18;10;10086179011;B
20240410;123201;163.18;30;10086179164;B
20240410;123202;163.18;10;10086179369;B
20240410;123203;163.18;60;10086179439;B
20240410;123203;163.18;80;10086179440;B
20240410;123206;163.1;10;10086179737;S
20240410;123206;163.1;100;10086179738;S
20240410;123206;163.08;200;10086179739;S
20240410;123206;163.06;60;10086179740;S
20240410;123206;163.06;200;10086179741;S
20240410;123207;163.14;60;10086179785;B
20240410;123208;163.1;50;10086179961;S
20240410;123210;163.16;10;10086180155;B
20240410;123210;163.16;1280;10086180209;B
20240410;123210;163.16;1120;10086180210;B
20240410;123210;163.16;600;10086180211;B
20240410;123215;163.16;640;10086180883;B
20240410;123215;163.16;10;10086180884;B
20240410;123215;163.16;300;10086180885;B
20240410;123215;163.18;50;10086180886;B
20240410;123215;163.12;100;10086180945;S
20240410;123215;163.1;200;10086180946;S
20240410;123216;163.16;300;10086180978;B
20240410;123216;163.16;720;10086180985;B
20240410;123216;163.16;10;10086181045;B
20240410;123217;163.1;30;10086181182;S
20240410;123217;163.1;10;10086181183;S
20240410;123217;163.08;530;10086181184;S
20240410;123218;163.1;10;10086181272;B
20240410;123218;163.08;200;10086181304;S
20240410;123219;163.08;270;10086181373;S
20240410;123219;163.04;50;10086181374;S
20240410;123219;163.04;10;10086181375;S
20240410;123219;163.04;170;10086181376;S
20240410;123219;163.1;10;10086181404;B
20240410;123222;163.1;80;10086181682;B
20240410;123222;163.12;10;10086181683;B
20240410;123222;163.12;170;10086181684;B
20240410;123222;163.12;340;10086181685;B
20240410;123222;163.04;30;10086181686;S
20240410;123222;163.04;270;10086181687;S
20240410;123222;163.04;250;10086181717;S
20240410;123225;163.04;50;10086182030;S
20240410;123227;163.04;500;10086182267;S
20240410;123227;163.1;30;10086182268;B
20240410;123227;163.12;30;10086182269;B
20240410;123228;163.12;50;10086182302;B
20240410;123229;163.12;10;10086182419;B
20240410;123229;163.06;570;10086182489;S
20240410;123232;163.1;10;10086182821;S
20240410;123233;163.08;200;10086182914;S
20240410;123234;163.1;10;10086183010;B
20240410;123234;163.08;200;10086183017;S
20240410;123234;163.06;500;10086183018;S
20240410;123234;163.1;80;10086183026;B
20240410;123234;163.1;200;10086183027;B
20240410;123234;163.12;720;10086183028;B
20240410;123239;163.12;10;10086183484;B
20240410;123242;163.06;570;10086183720;S
20240410;123244;163.06;650;10086184024;S
20240410;123244;163.06;350;10086184025;S
20240410;123246;163.06;70;10086184229;S
20240410;123247;163.06;300;10086184345;S
20240410;123249;163.06;300;10086184545;S
20240410;123250;163.06;100;10086184579;S
20240410;123251;163.12;10;10086184704;B
20240410;123252;163.08;200;10086184817;S
20240410;123252;163.08;1220;10086184818;S
20240410;123252;163.06;160;10086184819;S
20240410;123253;163.1;20;10086184928;B
20240410;123253;163.06;580;10086184950;S
20240410;123255;163.06;80;10086185106;S
20240410;123256;163.06;70;10086185294;S
20240410;123257;163.08;10;10086185347;B
20240410;123259;163.08;90;10086185672;B
20240410;123259;163.08;80;10086185673;B
20240410;123259;163.1;180;10086185674;B
20240410;123259;163.12;250;10086185675;B
20240410;123300;163.08;70;10086185703;B
20240410;123300;163.12;1460;10086185704;B
20240410;123302;163.08;20;10086185896;S
20240410;123302;163.12;10;10086185930;B
20240410;123302;163.12;10;10086185960;B
20240410;123303;163.08;1000;10086186058;S
20240410;123304;163.08;1220;10086186117;S
20240410;123304;163.06;650;10086186118;S
20240410;123304;163.06;60;10086186119;S
20240410;123304;163.06;300;10086186120;S
20240410;123304;163.04;1500;10086186121;S
20240410;123304;163.04;200;10086186122;S
20240410;123304;163.04;660;10086186123;S
20240410;123304;163.02;250;10086186124;S
20240410;123304;163.02;970;10086186125;S
20240410;123304;163.02;1530;10086186126;S
20240410;123304;163.02;50;10086186127;S
20240410;123304;163;160;10086186128;S
20240410;123304;163;100;10086186129;S
20240410;123304;163;10;10086186130;S
20240410;123304;163;10;10086186131;S
20240410;123304;163;10;10086186132;S
20240410;123304;163;100;10086186133;S
20240410;123304;163;200;10086186134;S
20240410;123304;163;20;10086186135;S
20240410;123304;163;3080;10086186136;S
20240410;123304;163;240;10086186137;S
20240410;123304;163;30;10086186138;S
20240410;123304;163;70;10086186139;S
20240410;123304;163;100;10086186140;S
20240410;123304;163;10;10086186141;S
20240410;123304;163;230;10086186142;S
20240410;123304;163;310;10086186143;S
20240410;123304;163;90;10086186144;S
20240410;123304;163;10;10086186145;S
20240410;123304;163;5000;10086186146;S
20240410;123304;163;450;10086186147;S
20240410;123304;163;50;10086186148;S
20240410;123305;162.98;180;10086186240;S
20240410;123305;162.98;70;10086186287;S
20240410;123305;162.98;500;10086186288;S
20240410;123306;163;40;10086186352;B
20240410;123306;162.98;200;10086186357;S
20240410;123306;162.98;4900;10086186366;S
20240410;123306;163;30;10086186389;B
20240410;123306;163;30;10086186405;B
20240410;123306;162.98;10;10086186437;S
20240410;123307;163;530;10086186476;B
20240410;123307;163;690;10086186477;B
20240410;123308;163;10;10086186687;B
20240410;123308;163;10;10086186698;B
20240410;123311;162.98;20;10086187016;S
20240410;123312;163;100;10086187110;B
20240410;123312;163;20;10086187142;B
20240410;123312;163;190;10086187184;B
20240410;123316;162.98;4370;10086187600;S
20240410;123316;162.98;10;10086187601;S
20240410;123316;162.98;620;10086187602;S
20240410;123317;162.98;570;10086187735;S
20240410;123318;163;30;10086187808;B
20240410;123321;163;20;10086188445;B
20240410;123321;162.98;370;10086188581;S
20240410;123321;162.98;370;10086188596;S
20240410;123322;163;20;10086188611;B
20240410;123322;163;40;10086188708;B
20240410;123323;163;70;10086188753;B
20240410;123323;162.98;50;10086188801;S
20240410;123325;163;10;10086188979;B
20240410;123326;163;7200;10086189058;B
20240410;123326;163;2000;10086189059;B
20240410;123326;163;770;10086189060;B
20240410;123326;163;20;10086189061;B
20240410;123326;163;10;10086189062;B
20240410;123326;163;100;10086189148;B
20240410;123327;163;100;10086189222;B
20240410;123327;163;100;10086189244;B
20240410;123329;162.98;570;10086189473;S
20240410;123330;163;10;10086189532;B
20240410;123330;163;10;10086189539;B
20240410;123330;162.98;10;10086189658;S
20240410;123331;163;100;10086189743;B
20240410;123332;162.98;1040;10086189827;S
20240410;123338;163;30;10086190640;B
20240410;123339;162.98;400;10086190707;S
20240410;123339;162.98;20;10086190708;S
20240410;123339;162.98;10;10086190709;S
20240410;123339;162.98;30;10086190710;S
20240410;123339;162.98;10;10086190711;S
20240410;123339;162.98;10;10086190712;S
20240410;123339;162.98;100;10086190713;S
20240410;123339;162.98;10;10086190714;S
20240410;123339;162.98;10;10086190715;S
20240410;123339;162.98;10;10086190716;S
20240410;123339;162.98;10;10086190717;S
20240410;123339;162.96;380;10086190718;S
20240410;123339;162.96;20;10086190722;S
20240410;123339;162.96;20;10086190723;S
20240410;123339;162.96;60;10086190724;S
20240410;123341;162.96;40;10086190988;S
20240410;123341;162.96;20;10086190989;S
20240410;123341;162.94;510;10086190990;S
20240410;123341;162.94;840;10086191031;S
20240410;123341;162.94;20;10086191032;S
20240410;123341;162.94;20;10086191033;S
20240410;123341;162.92;140;10086191034;S
20240410;123341;162.92;20;10086191035;S
20240410;123341;162.92;300;10086191036;S
20240410;123341;162.92;200;10086191037;S
20240410;123341;162.92;520;10086191038;S
20240410;123341;162.92;1220;10086191039;S
20240410;123341;162.9;50;10086191040;S
20240410;123341;162.9;10;10086191041;S
20240410;123341;162.9;5000;10086191042;S
20240410;123341;162.9;1000;10086191043;S
20240410;123341;162.9;500;10086191044;S
20240410;123341;162.9;400;10086191045;S
20240410;123341;162.88;10;10086191046;S
20240410;123341;162.88;10;10086191047;S
20240410;123341;162.88;1640;10086191048;S
20240410;123342;162.88;9900;10086191071;S
20240410;123342;162.88;500;10086191084;S
20240410;123344;162.92;10;10086191289;B
20240410;123344;162.92;70;10086191290;B
20240410;123346;162.88;830;10086191508;S
20240410;123346;162.92;60;10086191515;B
20240410;123346;162.92;30;10086191529;B
20240410;123347;162.92;40;10086191616;B
20240410;123347;162.94;1520;10086191617;B
20240410;123347;162.96;100;10086191618;B
20240410;123347;162.96;2000;10086191619;B
20240410;123347;162.98;3660;10086191620;B
20240410;123347;162.98;1530;10086191621;B
20240410;123347;162.98;1150;10086191622;B
20240410;123351;162.9;50;10086192127;S
20240410;123353;162.9;570;10086192426;S
20240410;123353;162.9;100;10086192514;S
20240410;123353;162.96;50;10086192538;B
20240410;123356;162.94;10;10086192804;B
20240410;123356;162.96;20;10086192805;B
20240410;123357;162.96;20;10086192912;B
20240410;123358;162.9;1120;10086193041;S
20240410;123358;162.9;130;10086193042;S
20240410;123358;162.94;100;10086193083;B
20240410;123358;162.96;110;10086193084;B
20240410;123358;162.98;10;10086193085;B
20240410;123358;162.98;80;10086193086;B
20240410;123359;163;10;10086193147;B
20240410;123359;163;50;10086193169;B
20240410;123359;162.92;10;10086193186;S
20240410;123400;162.98;10;10086193215;B
20240410;123403;162.94;10;10086193548;B
20240410;123405;162.92;170;10086193764;S
20240410;123405;162.92;30;10086193765;S
20240410;123405;162.92;40;10086193767;B
20240410;123405;162.9;100;10086193789;S
20240410;123405;162.88;470;10086193790;S
20240410;123405;162.92;250;10086193806;B
20240410;123406;162.92;10;10086193908;B
20240410;123407;162.94;10;10086193972;B
20240410;123407;162.94;160;10086194008;B
20240410;123407;162.96;100;10086194009;B
20240410;123407;162.96;590;10086194010;B
20240410;123407;162.98;100;10086194011;B
20240410;123407;162.98;2510;10086194012;B
20240410;123407;162.98;8890;10086194013;B
20240410;123407;162.98;1530;10086194014;B
20240410;123407;163;9260;10086194015;B
20240410;123407;163;50;10086194016;B
20240410;123407;163;50;10086194017;B
20240410;123407;163;540;10086194018;B
20240410;123407;163;2000;10086194019;B
20240410;123407;163;2000;10086194020;B
20240410;123407;163;1220;10086194021;B
20240410;123408;163;10;10086194087;B
20240410;123409;162.94;20;10086194283;S
20240410;123410;162.98;20;10086194360;B
20240410;123410;162.92;20;10086194419;S
20240410;123411;163;10;10086194563;B
20240410;123413;162.98;100;10086194735;B
20240410;123413;163;190;10086194736;B
20240410;123413;163;210;10086194737;B
20240410;123417;162.98;580;10086195284;S
20240410;123419;163;20;10086195612;B
20240410;123422;162.98;60;10086195936;S
20240410;123422;162.96;70;10086195937;S
20240410;123424;162.98;70;10086196113;B
20240410;123424;163;60;10086196114;B
20240410;123424;163;210;10086196122;B
20240410;123424;162.96;30;10086196148;S
20240410;123427;163;20;10086196557;B
20240410;123427;163;30;10086196558;B
20240410;123427;163;730;10086196559;B
20240410;123427;163;10;10086196566;B
20240410;123429;162.96;100;10086196690;S
20240410;123429;162.96;20;10086196691;S
20240410;123429;162.96;450;10086196692;S
20240410;123429;163;10;10086196711;B
20240410;123430;163;100;10086196890;B
20240410;123431;163;100;10086196977;B
20240410;123434;162.94;20;10086197298;S
20240410;123435;163;50;10086197429;B
20240410;123435;163;30;10086197430;B
20240410;123435;163;20;10086197431;B
20240410;123437;162.98;30;10086197613;B
20240410;123438;162.98;70;10086197705;B
20240410;123438;163;20;10086197706;B
20240410;123439;163;370;10086197820;B
20240410;123439;163;1190;10086197821;B
20240410;123440;163;20;10086197890;B
20240410;123441;162.94;380;10086198036;S
20240410;123441;162.92;100;10086198037;S
20240410;123441;162.92;90;10086198038;S
20240410;123442;162.96;100;10086198296;B
20240410;123442;162.98;90;10086198297;B
20240410;123442;162.98;70;10086198298;B
20240410;123442;163;20;10086198313;B
20240410;123442;162.98;400;10086198335;S
20240410;123443;162.98;250;10086198503;S
20240410;123445;162.98;760;10086198644;S
20240410;123445;162.98;20;10086198645;S
20240410;123445;162.94;1220;10086198646;S
20240410;123445;162.94;400;10086198647;S
20240410;123445;162.92;110;10086198648;S
20240410;123445;162.92;1280;10086198649;S
20240410;123445;162.9;120;10086198650;S
20240410;123445;162.9;250;10086198651;S
20240410;123445;162.9;1530;10086198652;S
20240410;123445;162.88;1660;10086198653;S
20240410;123445;162.88;10;10086198654;S
20240410;123445;162.88;100;10086198655;S
20240410;123445;162.88;250;10086198656;S
20240410;123445;162.88;290;10086198657;S
20240410;123445;162.98;40;10086198726;B
20240410;123446;162.92;50;10086198793;S
20240410;123446;162.92;370;10086198849;S
20240410;123447;162.98;50;10086198956;B
20240410;123447;162.92;220;10086198992;S
20240410;123447;162.9;280;10086198993;S
20240410;123450;162.96;10;10086199407;B
20240410;123450;162.96;40;10086199408;B
20240410;123452;162.96;10;10086199657;B
20240410;123453;162.9;570;10086199731;S
20240410;123453;162.96;30;10086199803;B
20240410;123456;162.9;20;10086200104;S
20240410;123500;162.94;20;10086200544;B
20240410;123503;162.9;90;10086200898;S
20240410;123503;162.94;50;10086200954;B
20240410;123504;162.94;10;10086201032;B
20240410;123504;162.9;570;10086201058;S
20240410;123507;162.94;20;10086201458;B
20240410;123507;162.96;80;10086201459;B
20240410;123511;162.96;100;10086202070;B
20240410;123516;162.96;10;10086202612;B
20240410;123516;162.9;300;10086202705;S
20240410;123516;162.9;20;10086202706;S
20240410;123516;162.9;10;10086202707;S
20240410;123516;162.88;240;10086202708;S
20240410;123519;162.88;470;10086202949;S
20240410;123519;162.88;20;10086202950;S
20240410;123519;162.88;200;10086202951;S
20240410;123519;162.88;320;10086202952;S
20240410;123519;162.86;2000;10086202953;S
20240410;123519;162.86;30;10086202954;S
20240410;123519;162.86;3660;10086202955;S
20240410;123519;162.84;1560;10086202956;S
20240410;123519;162.84;50;10086202957;S
20240410;123519;162.84;10;10086202958;S
20240410;123519;162.82;50;10086202959;S
20240410;123519;162.82;90;10086202960;S
20240410;123519;162.82;150;10086202961;S
20240410;123519;162.82;400;10086202962;S
20240410;123519;162.8;20;10086202963;S
20240410;123519;162.8;50;10086202964;S
20240410;123519;162.8;200;10086202965;S
20240410;123519;162.8;720;10086202966;S
20240410;123519;162.82;20;10086202983;S
20240410;123520;162.82;180;10086203056;S
20240410;123520;162.8;430;10086203057;S
20240410;123520;162.8;20;10086203058;S
20240410;123520;162.8;200;10086203059;S
20240410;123520;162.8;200;10086203060;S
20240410;123520;162.78;10;10086203061;S
20240410;123520;162.78;10;10086203062;S
20240410;123520;162.78;20;10086203063;S
20240410;123520;162.78;220;10086203064;S
20240410;123521;162.8;200;10086203197;S
20240410;123521;162.78;800;10086203198;S
20240410;123521;162.78;2860;10086203245;S
20240410;123521;162.78;200;10086203246;S
20240410;123521;162.76;6940;10086203247;S
20240410;123524;162.86;10;10086203511;B
20240410;123524;162.88;20;10086203512;B
20240410;123524;162.88;20;10086203555;B
20240410;123527;162.88;10;10086203914;B
20240410;123528;162.88;50;10086204151;B
20240410;123528;162.8;10;10086204325;S
20240410;123528;162.8;400;10086204326;S
20240410;123528;162.78;1000;10086204327;S
20240410;123529;162.8;570;10086204351;S
20240410;123529;162.8;700;10086204386;S
20240410;123530;162.78;150;10086204677;S
20240410;123531;162.78;1530;10086204987;S
20240410;123531;162.76;470;10086204988;S
20240410;123532;162.76;10;10086205081;S
20240410;123535;162.76;2150;10086205424;S
20240410;123535;162.86;10;10086205464;B
20240410;123535;162.86;10;10086205495;B
20240410;123537;162.84;20;10086205712;B
20240410;123540;162.78;10;10086206071;S
20240410;123540;162.78;30;10086206072;S
20240410;123540;162.76;540;10086206073;S
20240410;123541;162.76;700;10086206262;S
20240410;123543;162.76;190;10086206460;S
20240410;123543;162.76;10;10086206461;S
20240410;123543;162.76;250;10086206462;S
20240410;123543;162.74;10;10086206590;S
20240410;123543;162.74;270;10086206591;S
20240410;123544;162.74;50;10086206630;S
20240410;123544;162.76;30;10086206658;B
20240410;123544;162.76;10;10086206682;B
20240410;123546;162.74;10;10086207026;B
20240410;123546;162.74;90;10086207087;B
20240410;123546;162.76;10;10086207088;B
20240410;123547;162.72;10;10086207093;S
20240410;123547;162.72;50;10086207094;S
20240410;123547;162.72;1000;10086207095;S
20240410;123547;162.7;30;10086207096;S
20240410;123547;162.7;310;10086207097;S
20240410;123547;162.7;1000;10086207105;S
20240410;123547;162.76;50;10086207157;B
20240410;123548;162.7;10;10086207200;S
20240410;123548;162.74;20;10086207221;B
20240410;123549;162.7;50;10086207335;S
20240410;123549;162.72;10;10086207395;B
20240410;123550;162.72;90;10086207445;B
20240410;123550;162.74;10;10086207446;B
20240410;123551;162.7;10;10086207621;S
20240410;123552;162.7;570;10086207775;S
20240410;123553;162.7;750;10086207875;S
20240410;123553;162.7;50;10086207876;S
20240410;123553;162.7;500;10086207877;S
20240410;123553;162.68;1000;10086207878;S
20240410;123553;162.66;400;10086207879;S
20240410;123553;162.66;160;10086207880;S
20240410;123553;162.64;10;10086207881;S
20240410;123553;162.64;30;10086207882;S
20240410;123553;162.64;40;10086207883;S
20240410;123553;162.64;1530;10086207884;S
20240410;123553;162.64;1400;10086207885;S
20240410;123553;162.64;620;10086207886;S
20240410;123553;162.74;70;10086207974;B
20240410;123553;162.76;180;10086207975;B
20240410;123553;162.78;100;10086207976;B
20240410;123553;162.78;150;10086207977;B
20240410;123554;162.66;50;10086207994;S
20240410;123554;162.66;30;10086208026;S
20240410;123554;162.64;30;10086208027;S
20240410;123554;162.64;100;10086208074;S
20240410;123555;162.64;60;10086208136;S
20240410;123555;162.64;1340;10086208240;S
20240410;123555;162.64;500;10086208241;S
20240410;123555;162.64;170;10086208242;S
20240410;123555;162.62;200;10086208243;S
20240410;123555;162.62;790;10086208244;S
20240410;123556;162.64;130;10086208431;S
20240410;123556;162.62;50;10086208432;S
20240410;123557;162.74;100;10086208728;B
20240410;123557;162.74;180;10086208729;S
20240410;123600;162.66;40;10086209318;S
20240410;123600;162.66;110;10086209319;S
20240410;123604;162.66;20;10086209871;S
20240410;123604;162.66;100;10086209872;S
20240410;123604;162.66;100;10086209873;S
20240410;123604;162.66;30;10086209874;S
20240410;123604;162.66;200;10086209875;S
20240410;123604;162.64;120;10086209876;S
20240410;123605;162.66;50;10086209952;S
20240410;123605;162.66;10;10086209953;S
20240410;123605;162.66;40;10086210048;B
20240410;123605;162.66;30;10086210049;B
20240410;123605;162.66;10;10086210072;B
20240410;123606;162.64;400;10086210158;S
20240410;123607;162.66;10;10086210213;B
20240410;123607;162.66;120;10086210218;B
20240410;123607;162.66;80;10086210219;B
20240410;123608;162.64;10;10086210444;S
20240410;123608;162.66;20;10086210584;B
20240410;123608;162.68;40;10086210585;B
20240410;123609;162.64;1000;10086210644;S
20240410;123610;162.64;10;10086210897;S
20240410;123610;162.64;90;10086210898;S
20240410;123610;162.66;100;10086210942;B
20240410;123611;162.68;60;10086210975;B
20240410;123611;162.68;40;10086210976;B
20240410;123612;162.68;10;10086211243;B
20240410;123612;162.68;10;10086211246;B
20240410;123612;162.68;20;10086211247;B
20240410;123612;162.68;10;10086211248;B
20240410;123612;162.68;10;10086211251;B
20240410;123612;162.68;30;10086211252;B
20240410;123612;162.68;10;10086211263;B
20240410;123612;162.68;30;10086211264;B
20240410;123612;162.68;90;10086211265;B
20240410;123612;162.68;10;10086211266;B
20240410;123612;162.68;80;10086211267;B
20240410;123612;162.68;80;10086211279;B
20240410;123612;162.68;20;10086211281;B
20240410;123612;162.68;10;10086211282;B
20240410;123612;162.68;10;10086211283;B
20240410;123612;162.66;100;10086211284;B
20240410;123612;162.66;10;10086211285;B
20240410;123612;162.66;840;10086211286;B
20240410;123612;162.66;10;10086211287;B
20240410;123612;162.66;10;10086211289;B
20240410;123612;162.66;320;10086211290;B
20240410;123612;162.66;40;10086211291;B
20240410;123612;162.68;10;10086211292;B
20240410;123612;162.68;10;10086211293;B
20240410;123612;162.68;60;10086211294;B
20240410;123612;162.68;10;10086211295;B
20240410;123612;162.68;860;10086211296;B
20240410;123612;162.68;150;10086211297;B
20240410;123612;162.7;230;10086211298;B
20240410;123612;162.7;130;10086211299;B
20240410;123612;162.68;90;10086211301;B
20240410;123612;162.68;10;10086211302;B
20240410;123612;162.68;10;10086211351;B
20240410;123612;162.68;40;10086211352;B
20240410;123612;162.7;220;10086211353;B
20240410;123612;162.68;30;10086211357;B
20240410;123612;162.68;40;10086211358;B
20240410;123612;162.7;20;10086211359;B
20240410;123612;162.7;10;10086211360;B
20240410;123612;162.7;10;10086211361;B
20240410;123612;162.7;10;10086211362;B
20240410;123612;162.7;150;10086211363;B
20240410;123612;162.7;140;10086211365;B
20240410;123612;162.7;10;10086211366;B
20240410;123612;162.7;120;10086211367;B
20240410;123612;162.7;30;10086211368;B
20240410;123612;162.7;10;10086211369;B
20240410;123612;162.7;10;10086211370;B
20240410;123612;162.7;20;10086211371;B
20240410;123612;162.7;10;10086211372;B
20240410;123612;162.7;10;10086211373;B
20240410;123612;162.7;10;10086211374;B
20240410;123612;162.7;10;10086211375;B
20240410;123612;162.7;40;10086211382;B
20240410;123612;162.7;30;10086211383;B
20240410;123612;162.7;30;10086211384;B
20240410;123612;162.7;10;10086211387;B
20240410;123612;162.7;10;10086211388;B
20240410;123612;162.68;20;10086211412;B
20240410;123612;162.68;50;10086211415;B
20240410;123612;162.68;30;10086211434;B
20240410;123612;162.7;20;10086211435;B
20240410;123612;162.7;160;10086211436;B
20240410;123613;162.7;20;10086211437;B
20240410;123613;162.7;80;10086211438;B
20240410;123613;162.7;40;10086211439;B
20240410;123613;162.7;20;10086211443;B
20240410;123613;162.7;10;10086211444;B
20240410;123613;162.7;10;10086211445;B
20240410;123613;162.7;60;10086211446;B
20240410;123613;162.7;10;10086211449;B
20240410;123613;162.7;10;10086211454;B
20240410;123613;162.7;30;10086211455;B
20240410;123613;162.7;20;10086211457;B
20240410;123613;162.7;10;10086211464;B
20240410;123613;162.7;380;10086211467;B
20240410;123613;162.7;10;10086211470;B
20240410;123613;162.7;10;10086211471;B
20240410;123613;162.7;10;10086211474;B
20240410;123613;162.7;90;10086211476;B
20240410;123613;162.7;420;10086211480;B
20240410;123613;162.7;10;10086211483;B
20240410;123613;162.7;30;10086211484;B
20240410;123613;162.7;60;10086211491;B
20240410;123613;162.7;10;10086211493;B
20240410;123613;162.7;40;10086211494;B
20240410;123613;162.7;30;10086211497;B
20240410;123613;162.7;40;10086211498;B
20240410;123613;162.7;40;10086211500;B
20240410;123613;162.7;410;10086211553;B
20240410;123613;162.7;10;10086211564;B
20240410;123613;162.7;250;10086211566;B
20240410;123613;162.7;90;10086211567;B
20240410;123613;162.7;40;10086211570;B
20240410;123613;162.7;170;10086211572;B
20240410;123613;162.7;10;10086211575;B
20240410;123613;162.7;240;10086211576;B
20240410;123613;162.7;40;10086211577;B
20240410;123613;162.7;10;10086211578;B
20240410;123613;162.7;10;10086211582;B
20240410;123613;162.7;30;10086211583;B
20240410;123613;162.7;10;10086211589;B
20240410;123613;162.7;170;10086211591;B
20240410;123613;162.7;220;10086211596;B
20240410;123613;162.7;60;10086211622;B
20240410;123613;162.7;60;10086211629;B
20240410;123613;162.72;50;10086211630;B
20240410;123613;162.72;50;10086211632;B
20240410;123613;162.74;110;10086211633;B
20240410;123613;162.76;840;10086211634;B
20240410;123613;162.76;30;10086211639;B
20240410;123613;162.76;80;10086211642;B
20240410;123614;162.68;100;10086211687;B
20240410;123614;162.76;10;10086211804;B
20240410;123616;162.76;70;10086212197;S
20240410;123616;162.74;300;10086212198;S
20240410;123616;162.72;50;10086212199;S
20240410;123616;162.7;150;10086212200;S
20240410;123617;162.8;100;10086212310;B
20240410;123617;162.8;10;10086212334;B
20240410;123618;162.78;10;10086212473;B
20240410;123624;162.7;30;10086213342;S
20240410;123626;162.72;30;10086213608;B
20240410;123626;162.7;1190;10086213637;S
20240410;123626;162.7;50;10086213638;S
20240410;123626;162.7;100;10086213639;S
20240410;123626;162.68;160;10086213640;S
20240410;123627;162.72;10;10086213762;B
20240410;123628;162.72;60;10086213828;B
20240410;123628;162.72;10;10086213829;B
20240410;123628;162.74;10;10086213859;B
20240410;123628;162.72;30;10086213862;S
20240410;123628;162.7;540;10086213863;S
20240410;123628;162.74;40;10086213890;B
20240410;123631;162.74;50;10086214224;B
20240410;123631;162.74;40;10086214225;B
20240410;123631;162.76;10;10086214226;B
20240410;123632;162.76;20;10086214303;B
20240410;123632;162.76;10;10086214396;B
20240410;123636;162.72;100;10086214841;B
20240410;123637;162.72;20;10086214904;B
20240410;123637;162.7;10;10086214929;S
20240410;123638;162.7;50;10086215029;S
20240410;123639;162.72;30;10086215073;B
20240410;123639;162.72;3420;10086215150;B
20240410;123640;162.72;30;10086215209;S
20240410;123640;162.7;540;10086215210;S
20240410;123640;162.74;140;10086215242;B
20240410;123640;162.74;100;10086215243;B
20240410;123640;162.76;60;10086215244;B
20240410;123640;162.8;170;10086215245;B
20240410;123642;162.78;10;10086215485;B
20240410;123643;162.78;90;10086215637;B
20240410;123643;162.82;100;10086215638;B
20240410;123643;162.82;1000;10086215639;B
20240410;123643;162.84;80;10086215640;B
20240410;123643;162.86;3660;10086215641;B
20240410;123643;162.88;4800;10086215642;B
20240410;123645;162.9;300;10086215805;B
20240410;123645;162.92;50;10086215806;B
20240410;123647;163;500;10086216135;B
20240410;123648;162.98;160;10086216322;B
20240410;123648;163;140;10086216323;B
20240410;123649;163;100;10086216354;B
20240410;123650;163;100;10086216468;B
20240410;123652;163;20;10086216695;B
20240410;123652;162.92;570;10086216729;S
20240410;123653;162.94;100;10086216867;S
20240410;123653;162.92;270;10086216868;S
20240410;123655;163;100;10086217032;B
20240410;123655;163;10;10086217042;B
20240410;123659;163;30;10086217588;B
20240410;123659;163;10;10086217589;B
20240410;123659;163;60;10086217590;B
20240410;123700;162.94;140;10086217677;S
20240410;123702;163;30;10086217974;B
20240410;123702;163;10;10086218015;B
20240410;123704;162.98;100;10086218229;S
20240410;123704;162.98;60;10086218230;S
20240410;123704;162.96;420;10086218231;S
20240410;123704;163;90;10086218317;B
20240410;123704;163;10;10086218318;B
20240410;123705;163;100;10086218397;B
20240410;123705;163;100;10086218433;B
20240410;123705;163;20;10086218461;B
20240410;123705;163;20;10086218463;B
20240410;123705;163;10;10086218464;B
20240410;123705;163;70;10086218465;B
20240410;123706;163;30;10086218541;B
20240410;123706;163;90;10086218542;B
20240410;123707;163;250;10086218612;B
20240410;123708;163;10;10086218842;B
20240410;123712;163;10;10086219452;B
20240410;123715;163;90;10086219961;B
20240410;123715;163;770;10086219962;B
20240410;123716;162.98;100;10086220040;S
20240410;123716;162.96;230;10086220041;S
20240410;123716;162.94;240;10086220042;S
20240410;123718;162.94;160;10086220357;S
20240410;123718;162.94;100;10086220358;S
20240410;123718;162.92;20;10086220359;S
20240410;123723;162.98;20;10086220980;B
20240410;123723;162.98;650;10086220981;B
20240410;123723;163;11020;10086220982;B
20240410;123723;163;30;10086220983;B
20240410;123723;163;10;10086220984;B
20240410;123723;163;380;10086220985;B
20240410;123723;163;390;10086220986;B
20240410;123726;163;30;10086221407;B
20240410;123727;163;250;10086221494;B
20240410;123727;163;400;10086221495;B
20240410;123727;163;350;10086221496;B
20240410;123728;162.94;570;10086221532;S
20240410;123730;163;20;10086221770;B
20240410;123733;163;10;10086222100;B
20240410;123733;163;190;10086222118;B
20240410;123734;162.96;200;10086222220;S
20240410;123735;162.96;200;10086222381;S
20240410;123737;163;240;10086222634;B
20240410;123738;162.96;250;10086222683;S
20240410;123738;162.96;20;10086222684;S
20240410;123738;162.96;10;10086222685;S
20240410;123738;162.94;20;10086222686;S
20240410;123738;163;10;10086222711;B
20240410;123740;162.94;570;10086222954;S
20240410;123740;162.94;10;10086222965;S
20240410;123740;162.92;130;10086222966;S
20240410;123740;162.92;650;10086222967;S
20240410;123740;162.92;210;10086222968;S
20240410;123740;162.98;30;10086223038;B
20240410;123740;162.98;10;10086223057;B
20240410;123744;162.96;10;10086223490;B
20240410;123751;162.94;10;10086224393;S
20240410;123751;162.92;190;10086224394;S
20240410;123751;162.92;150;10086224395;S
20240410;123751;162.92;10;10086224396;S
20240410;123751;162.9;80;10086224397;S
20240410;123751;162.9;130;10086224398;S
20240410;123752;162.96;1220;10086224480;B
20240410;123752;162.96;280;10086224481;B
20240410;123753;162.96;120;10086224601;B
20240410;123753;162.96;530;10086224602;B
20240410;123757;162.94;130;10086225020;B
20240410;123757;162.96;20;10086225021;B
20240410;123758;162.96;10;10086225164;B
20240410;123759;162.96;20;10086225204;B
20240410;123759;162.96;10;10086225269;B
20240410;123759;162.98;90;10086225270;B
20240410;123759;162.98;400;10086225271;B
20240410;123800;162.96;10;10086225349;B
20240410;123800;162.96;20;10086225372;B
20240410;123801;162.96;60;10086225463;B
20240410;123801;162.96;10;10086225470;B
20240410;123802;162.96;10;10086225530;B
20240410;123803;162.96;40;10086225690;B
20240410;123803;162.9;150;10086225704;S
20240410;123803;162.9;70;10086225705;S
20240410;123803;162.9;20;10086225706;S
20240410;123803;162.9;250;10086225707;S
20240410;123803;162.9;80;10086225708;S
20240410;123804;162.9;10;10086225756;S
20240410;123805;162.96;20;10086225826;B
20240410;123805;162.96;10;10086225827;B
20240410;123807;162.96;140;10086226164;B
20240410;123807;162.96;460;10086226165;B
20240410;123807;162.96;10;10086226182;B
20240410;123809;162.96;10;10086226395;B
20240410;123810;162.96;20;10086226531;B
20240410;123810;162.96;10;10086226561;B
20240410;123816;162.92;20;10086227210;S
20240410;123816;162.9;110;10086227211;S
20240410;123816;162.9;10;10086227212;S
20240410;123816;162.9;250;10086227213;S
20240410;123816;162.9;10;10086227214;S
20240410;123816;162.88;50;10086227215;S
20240410;123816;162.88;100;10086227216;S
20240410;123816;162.88;20;10086227217;S
20240410;123817;162.96;140;10086227421;B
20240410;123817;162.96;200;10086227422;B
20240410;123817;162.98;60;10086227423;B
20240410;123821;162.96;20;10086228054;B
20240410;123825;162.9;130;10086229168;S
20240410;123825;162.9;170;10086229169;S
20240410;123826;162.96;30;10086229260;B
20240410;123826;162.96;200;10086229261;B
20240410;123826;162.98;650;10086229262;B
20240410;123826;162.98;120;10086229263;B
20240410;123827;162.9;180;10086229329;S
20240410;123827;162.9;20;10086229330;S
20240410;123827;162.9;10;10086229331;S
20240410;123827;162.9;20;10086229332;S
20240410;123827;162.9;90;10086229333;S
20240410;123827;162.88;580;10086229377;S
20240410;123828;162.9;10;10086229651;B
20240410;123832;162.9;10;10086230074;B
20240410;123834;162.9;20;10086230313;B
20240410;123837;162.9;50;10086230635;B
20240410;123839;162.88;570;10086230852;S
20240410;123840;162.9;60;10086230971;B
20240410;123840;162.9;120;10086230972;B
20240410;123842;162.9;70;10086231166;B
20240410;123844;162.9;20;10086231366;B
20240410;123844;162.94;80;10086231367;B
20240410;123844;162.88;150;10086231449;S
20240410;123844;162.88;20;10086231450;S
20240410;123844;162.88;30;10086231451;S
20240410;123844;162.88;50;10086231452;S
20240410;123844;162.88;350;10086231453;S
20240410;123849;162.94;20;10086231888;B
20240410;123849;162.94;250;10086231902;B
20240410;123849;162.94;150;10086231903;B
20240410;123849;162.96;10;10086231904;B
20240410;123849;162.96;250;10086231905;B
20240410;123849;162.98;280;10086231906;B
20240410;123849;162.98;1560;10086231907;B
20240410;123850;162.9;50;10086232125;S
20240410;123850;162.9;200;10086232152;B
20240410;123850;162.9;350;10086232165;B
20240410;123851;162.88;570;10086232218;S
20240410;123852;162.9;10;10086232266;B
20240410;123853;162.88;20;10086232388;S
20240410;123853;162.88;80;10086232389;S
20240410;123853;162.88;100;10086232391;S
20240410;123854;162.9;690;10086232531;B
20240410;123858;162.9;160;10086233024;B
20240410;123900;162.88;10;10086233195;S
20240410;123901;162.9;10;10086233299;B
20240410;123903;162.88;570;10086233569;S
20240410;123904;162.9;400;10086233672;B
20240410;123906;162.9;100;10086233898;B
20240410;123906;162.9;50;10086233907;B
20240410;123908;162.9;50;10086234084;B
20240410;123910;162.88;770;10086234282;S
20240410;123910;162.88;100;10086234283;S
20240410;123910;162.88;130;10086234284;S
20240410;123911;162.88;80;10086234365;S
20240410;123912;162.88;80;10086234603;S
20240410;123913;162.9;10;10086234665;B
20240410;123913;162.9;10;10086234682;B
20240410;123914;162.9;550;10086234703;B
20240410;123915;162.9;700;10086234820;B
20240410;123915;162.88;30;10086234831;S
20240410;123915;162.88;540;10086234832;S
20240410;123915;162.88;80;10086234847;S
20240410;123919;162.9;10;10086235171;B
20240410;123925;162.88;130;10086235746;S
20240410;123925;162.9;10;10086235781;B
20240410;123926;162.9;60;10086235901;B
20240410;123927;162.88;570;10086235983;S
20240410;123927;162.9;200;10086235993;B
20240410;123928;162.9;10;10086236119;B
20240410;123929;162.88;690;10086236214;S
20240410;123929;162.88;100;10086236273;S
20240410;123929;162.9;370;10086236299;B
20240410;123929;162.9;20;10086236300;B
20240410;123929;162.94;350;10086236301;B
20240410;123932;162.94;100;10086236502;S
20240410;123936;162.96;10;10086237026;B
20240410;123939;162.94;160;10086237315;S
20240410;123939;162.94;20;10086237316;S
20240410;123939;162.94;10;10086237317;S
20240410;123939;162.9;20;10086237318;S
20240410;123939;162.9;100;10086237319;S
20240410;123939;162.9;10;10086237320;S
20240410;123939;162.88;250;10086237321;S
20240410;123942;162.96;100;10086237607;B
20240410;123945;162.94;10;10086237894;B
20240410;123945;162.94;10;10086237930;B
20240410;123946;162.94;30;10086237999;B
20240410;123946;162.96;10;10086238000;B
20240410;123946;162.96;50;10086238001;B
20240410;123946;162.96;10;10086238002;B
20240410;123948;162.96;40;10086238624;B
20240410;123948;162.96;50;10086238625;B
20240410;123948;162.98;10;10086238626;B
20240410;123948;162.98;10;10086238627;B
20240410;123949;162.98;10;10086238758;B
20240410;123949;162.98;10;10086238798;B
20240410;123951;162.9;10;10086238985;S
20240410;123951;162.9;350;10086238986;S
20240410;123951;162.9;10;10086238987;S
20240410;123951;162.9;50;10086238988;S
20240410;123951;162.9;50;10086238989;S
20240410;123951;162.88;110;10086238990;S
20240410;123952;162.96;10;10086239079;B
20240410;123952;162.98;20;10086239080;B
20240410;123952;162.98;300;10086239081;B
20240410;123952;162.98;100;10086239082;B
20240410;123953;162.96;10;10086239175;B
20240410;123956;162.96;30;10086239532;B
20240410;124000;162.96;10;10086240075;B
20240410;124000;162.96;120;10086240101;B
20240410;124000;162.92;10;10086240117;S
20240410;124000;162.92;100;10086240147;S
20240410;124003;162.92;40;10086240396;S
20240410;124003;162.9;10;10086240397;S
20240410;124003;162.9;30;10086240398;S
20240410;124003;162.9;300;10086240399;S
20240410;124003;162.9;20;10086240400;S
20240410;124003;162.9;170;10086240401;S
20240410;124003;162.9;30;10086240476;S
20240410;124003;162.9;10;10086240477;S
20240410;124003;162.9;10;10086240478;S
20240410;124003;162.9;10;10086240479;S
20240410;124004;162.9;1000;10086240566;B
20240410;124006;162.9;10;10086240783;B
20240410;124008;162.88;100;10086241013;S
20240410;124009;162.9;30;10086241204;B
20240410;124010;162.9;200;10086241277;B
20240410;124012;162.9;100;10086241555;B
20240410;124015;162.88;570;10086241778;S
20240410;124015;162.88;350;10086241847;S
20240410;124015;162.88;100;10086241848;S
20240410;124015;162.88;30;10086241849;S
20240410;124015;162.88;10;10086241850;S
20240410;124015;162.88;880;10086241851;S
20240410;124015;162.86;5800;10086241852;S
20240410;124016;162.86;10;10086241972;S
20240410;124017;162.9;10;10086242033;B
20240410;124022;162.9;400;10086242825;B
20240410;124022;162.9;150;10086242826;B
20240410;124027;162.9;570;10086243527;S
20240410;124028;162.94;60;10086243734;B
20240410;124029;162.9;1000;10086243882;S
20240410;124030;162.94;120;10086243998;B
20240410;124030;162.94;1220;10086243999;B
20240410;124030;162.96;50;10086244000;B
20240410;124030;162.96;1330;10086244001;B
20240410;124030;162.98;100;10086244002;B
20240410;124030;162.98;10;10086244003;B
20240410;124030;162.98;300;10086244004;B
20240410;124030;162.98;50;10086244005;B
20240410;124030;162.98;1820;10086244006;B
20240410;124031;162.98;10;10086244231;B
20240410;124033;162.92;10;10086244429;S
20240410;124033;162.92;10;10086244430;S
20240410;124033;162.92;60;10086244433;S
20240410;124037;162.96;10;10086244874;B
20240410;124038;162.96;10;10086244956;B
20240410;124038;162.92;80;10086245025;S
20240410;124038;162.92;20;10086245026;S
20240410;124038;162.92;470;10086245027;S
20240410;124039;162.92;10;10086245034;S
20240410;124040;162.92;180;10086245405;S
20240410;124040;162.92;10;10086245406;S
20240410;124041;162.92;10;10086245629;B
20240410;124041;162.9;180;10086245654;S
20240410;124041;162.9;300;10086245655;S
20240410;124041;162.9;50;10086245656;S
20240410;124041;162.9;50;10086245657;S
20240410;124041;162.9;230;10086245658;S
20240410;124042;162.92;400;10086245699;B
20240410;124044;162.92;10;10086246053;B
20240410;124049;162.9;10;10086246760;S
20240410;124050;162.9;250;10086246948;S
20240410;124050;162.9;70;10086246949;S
20240410;124050;162.88;250;10086246950;S
20240410;124052;162.92;10;10086247184;B
20240410;124053;162.92;40;10086247351;B
20240410;124054;162.92;10;10086247497;B
20240410;124057;162.92;10;10086247787;B
20240410;124058;162.92;30;10086247896;B
20240410;124101;162.92;10;10086248280;B
20240410;124103;162.9;100;10086248507;S
20240410;124103;162.9;30;10086248508;S
20240410;124103;162.88;200;10086248509;S
20240410;124103;162.88;240;10086248510;S
20240410;124107;162.88;40;10086249025;S
20240410;124107;162.86;1860;10086249026;S
20240410;124107;162.86;70;10086249037;S
20240410;124109;162.9;10;10086249344;B
20240410;124110;162.9;10;10086249537;B
20240410;124113;162.86;890;10086249949;S
20240410;124114;162.86;150;10086250038;S
20240410;124114;162.86;580;10086250076;S
20240410;124115;162.88;820;10086250266;S
20240410;124116;162.88;10;10086250349;S
20240410;124118;162.9;100;10086250726;B
20240410;124119;162.9;10;10086250748;B
20240410;124119;162.9;50;10086250767;B
20240410;124122;162.9;10;10086251238;B
20240410;124125;162.88;50;10086251579;S
20240410;124126;162.88;570;10086251676;S
20240410;124127;162.88;1550;10086251773;S
20240410;124127;162.88;10;10086251774;S
20240410;124127;162.88;20;10086251775;S
20240410;124127;162.86;640;10086251776;S
20240410;124127;162.84;400;10086251777;S
20240410;124127;162.84;150;10086251778;S
20240410;124127;162.82;200;10086251779;S
20240410;124127;162.82;1560;10086251780;S
20240410;124127;162.82;190;10086251781;S
20240410;124127;162.8;50;10086251782;S
20240410;124127;162.8;100;10086251783;S
20240410;124127;162.8;10;10086251784;S
20240410;124127;162.8;190;10086251785;S
20240410;124127;162.8;350;10086251786;S
20240410;124127;162.8;10;10086251787;S
20240410;124127;162.8;10;10086251788;S
20240410;124127;162.8;3640;10086251789;S
20240410;124127;162.78;10000;10086251790;S
20240410;124127;162.76;70;10086251791;S
20240410;124127;162.76;310;10086251792;S
20240410;124127;162.76;2000;10086251793;S
20240410;124127;162.74;200;10086251794;S
20240410;124127;162.74;5000;10086251795;S
20240410;124127;162.72;100;10086251796;S
20240410;124127;162.72;10000;10086251797;S
20240410;124127;162.72;1000;10086251798;S
20240410;124127;162.72;10000;10086251799;S
20240410;124127;162.72;4340;10086251800;S
20240410;124127;162.7;500;10086251803;S
20240410;124127;162.7;500;10086251804;S
20240410;124127;162.7;1900;10086251806;S
20240410;124127;162.7;50;10086251807;S
20240410;124127;162.68;1000;10086251840;S
20240410;124127;162.68;680;10086251841;S
20240410;124128;162.7;10;10086251932;B
20240410;124130;162.7;20;10086252098;B
20240410;124134;162.7;20;10086252573;B
20240410;124136;162.7;10;10086252854;B
20240410;124137;162.7;140;10086252927;B
20240410;124137;162.7;290;10086252928;B
20240410;124138;162.66;20;10086253058;S
20240410;124138;162.66;80;10086253059;S
20240410;124138;162.66;20;10086253076;S
20240410;124138;162.66;550;10086253077;S
20240410;124140;162.66;150;10086253260;S
20240410;124140;162.66;30;10086253331;S
20240410;124140;162.66;470;10086253332;S
20240410;124142;162.7;200;10086253566;B
20240410;124142;162.7;80;10086253567;B
20240410;124142;162.7;200;10086253568;B
20240410;124142;162.7;20;10086253569;B
20240410;124146;162.66;30;10086253993;S
20240410;124147;162.7;180;10086254097;B
20240410;124147;162.7;20;10086254098;B
20240410;124147;162.7;20;10086254099;B
20240410;124147;162.7;20;10086254100;B
20240410;124147;162.72;260;10086254101;B
20240410;124152;162.7;40;10086254741;B
20240410;124155;162.7;40;10086255149;B
20240410;124157;162.7;50;10086255522;B
20240410;124158;162.68;200;10086255538;S
20240410;124158;162.66;720;10086255539;S
20240410;124158;162.66;30;10086255540;S
20240410;124158;162.66;50;10086255541;S
20240410;124202;162.7;100;10086256061;B
20240410;124205;162.66;40;10086256732;S
20240410;124206;162.7;10;10086256931;B
20240410;124206;162.7;10;10086256938;B
20240410;124206;162.66;10;10086256946;S
20240410;124206;162.66;10;10086256947;S
20240410;124206;162.66;240;10086256948;S
20240410;124206;162.7;10;10086256993;B
20240410;124207;162.7;10;10086257109;B
20240410;124207;162.66;500;10086257113;S
20240410;124208;162.7;250;10086257248;B
20240410;124212;162.66;10;10086257695;S
20240410;124215;162.66;20;10086258257;S
20240410;124215;162.66;10;10086258258;S
20240410;124223;162.7;100;10086259509;B
20240410;124224;162.66;10;10086259723;S
20240410;124227;162.66;1200;10086260111;S
20240410;124227;162.66;20;10086260112;S
20240410;124227;162.66;20;10086260113;S
20240410;124227;162.66;20;10086260114;S
20240410;124227;162.64;250;10086260115;S
20240410;124227;162.64;50;10086260116;S
20240410;124227;162.64;1000;10086260117;S
20240410;124227;162.64;200;10086260118;S
20240410;124227;162.64;1240;10086260119;S
20240410;124227;162.64;1220;10086260120;S
20240410;124227;162.62;160;10086260121;S
20240410;124227;162.62;320;10086260122;S
20240410;124227;162.68;1000;10086260130;B
20240410;124227;162.68;200;10086260131;B
20240410;124227;162.7;50;10086260132;B
20240410;124227;162.7;10;10086260133;B
20240410;124227;162.7;120;10086260134;B
20240410;124227;162.7;100;10086260135;B
20240410;124227;162.72;520;10086260136;B
20240410;124228;162.62;680;10086260255;S
20240410;124228;162.62;1000;10086260256;S
20240410;124228;162.62;50;10086260257;S
20240410;124228;162.62;100;10086260258;S
20240410;124228;162.62;200;10086260259;S
20240410;124228;162.6;10;10086260260;S
20240410;124228;162.6;50;10086260261;S
20240410;124228;162.6;1000;10086260262;S
20240410;124228;162.6;50;10086260263;S
20240410;124228;162.6;50;10086260264;S
20240410;124228;162.6;90;10086260265;S
20240410;124228;162.6;50;10086260266;S
20240410;124228;162.6;1670;10086260267;S
20240410;124230;162.62;10;10086260481;S
20240410;124231;162.68;200;10086260581;B
20240410;124231;162.68;520;10086260582;B
20240410;124234;162.66;10;10086260940;B
20240410;124235;162.6;10;10086261020;S
20240410;124235;162.6;1290;10086261021;S
20240410;124235;162.66;10;10086261011;S
20240410;124235;162.64;310;10086261012;S
20240410;124235;162.62;190;10086261013;S
20240410;124235;162.62;30;10086261014;S
20240410;124235;162.62;100;10086261015;S
20240410;124235;162.62;1220;10086261016;S
20240410;124235;162.62;10;10086261017;S
20240410;124235;162.62;1530;10086261018;S
20240410;124235;162.6;8330;10086261019;S
20240410;124235;162.6;50;10086261060;B
20240410;124236;162.6;30;10086261132;B
20240410;124236;162.6;100;10086261143;B
20240410;124237;162.6;690;10086261244;B
20240410;124237;162.62;190;10086261245;B
20240410;124237;162.66;2120;10086261246;B
20240410;124237;162.6;500;10086261350;S
20240410;124238;162.68;930;10086261385;B
20240410;124239;162.66;10;10086261559;B
20240410;124240;162.66;30;10086261700;B
20240410;124240;162.66;70;10086261706;B
20240410;124240;162.66;10;10086261707;B
20240410;124240;162.6;150;10086261802;S
20240410;124240;162.6;650;10086261803;S
20240410;124240;162.68;900;10086261808;B
20240410;124241;162.6;80;10086261947;S
20240410;124241;162.6;20;10086261948;S
20240410;124245;162.58;100;10086262321;S
20240410;124245;162.58;200;10086262338;S
20240410;124245;162.58;400;10086262339;S
20240410;124247;162.58;20;10086262751;S
20240410;124248;162.58;30;10086262823;S
20240410;124249;162.64;70;10086262982;B
20240410;124251;162.58;100;10086263269;S
20240410;124251;162.58;160;10086263295;S
20240410;124252;162.58;2000;10086263472;S
20240410;124253;162.58;100;10086263533;S
20240410;124253;162.64;10;10086263548;B
20240410;124254;162.62;50;10086263720;B
20240410;124257;162.64;20;10086264317;B
20240410;124257;162.66;200;10086264318;B
20240410;124257;162.68;1000;10086264319;B
20240410;124257;162.68;1500;10086264320;B
20240410;124257;162.68;280;10086264321;B
20240410;124304;162.6;200;10086265543;S
20240410;124304;162.6;100;10086265544;S
20240410;124304;162.6;30;10086265545;S
20240410;124304;162.6;40;10086265546;S
20240410;124304;162.58;1630;10086265547;S
20240410;124305;162.64;20;10086265753;B
20240410;124307;162.64;10;10086265935;B
20240410;124307;162.6;400;10086266025;S
20240410;124307;162.58;1600;10086266026;S
20240410;124308;162.58;100;10086266100;S
20240410;124309;162.64;40;10086266150;B
20240410;124309;162.66;10;10086266151;B
20240410;124310;162.58;2000;10086266319;S
20240410;124311;162.58;100;10086266371;S
20240410;124311;162.64;10;10086266378;B
20240410;124312;162.6;100;10086266763;S
20240410;124315;162.64;50;10086267129;B
20240410;124320;162.64;40;10086267993;B
20240410;124320;162.66;160;10086267994;B
20240410;124321;162.6;40;10086268133;S
20240410;124322;162.6;30;10086268322;S
20240410;124322;162.66;40;10086268340;B
20240410;124322;162.68;70;10086268341;B
20240410;124323;162.6;130;10086268448;S
20240410;124323;162.6;10;10086268449;S
20240410;124323;162.6;100;10086268450;S
20240410;124323;162.6;350;10086268451;S
20240410;124323;162.6;1220;10086268452;S
20240410;124323;162.58;190;10086268453;S
20240410;124324;162.66;10;10086268517;B
20240410;124324;162.66;50;10086268527;B
20240410;124325;162.66;200;10086268680;B
20240410;124327;162.66;10;10086268895;B
20240410;124327;162.6;50;10086268919;S
20240410;124327;162.66;30;10086268999;B
20240410;124329;162.6;500;10086269230;S
20240410;124330;162.6;50;10086269391;S
20240410;124330;162.6;400;10086269452;S
20240410;124330;162.6;30;10086269453;S
20240410;124330;162.58;120;10086269466;S
20240410;124331;162.58;1450;10086269600;S
20240410;124331;162.58;200;10086269601;S
20240410;124331;162.58;10;10086269602;S
20240410;124331;162.58;200;10086269603;S
20240410;124331;162.58;10;10086269604;S
20240410;124331;162.58;10;10086269605;S
20240410;124331;162.58;10;10086269606;S
20240410;124331;162.58;100;10086269607;S
20240410;124331;162.58;10;10086269608;S
20240410;124332;162.64;10;10086269708;B
20240410;124333;162.62;50;10086269773;B
20240410;124334;162.62;10;10086269936;B
20240410;124336;162.62;90;10086270203;B
20240410;124336;162.62;210;10086270204;B
20240410;124339;162.64;10;10086270680;B
20240410;124340;162.64;40;10086271066;B
20240410;124340;162.64;80;10086271067;B
20240410;124342;162.64;20;10086271226;B
20240410;124342;162.64;30;10086271315;B
20240410;124342;162.66;160;10086271316;B
20240410;124342;162.66;50;10086271317;B
20240410;124342;162.66;50;10086271318;B
20240410;124343;162.6;10;10086271364;S
20240410;124343;162.58;10;10086271365;S
20240410;124343;162.58;10;10086271366;S
20240410;124343;162.58;10;10086271367;S
20240410;124343;162.58;10;10086271368;S
20240410;124346;162.64;10;10086271732;B
20240410;124346;162.64;10;10086271790;B
20240410;124346;162.58;90;10086271801;S
20240410;124346;162.58;1110;10086271802;S
20240410;124346;162.58;200;10086271803;S
20240410;124346;162.56;10;10086271804;S
20240410;124346;162.56;10;10086271805;S
20240410;124346;162.56;80;10086271806;S
20240410;124348;162.58;20;10086272050;S
20240410;124351;162.6;10;10086272388;B
20240410;124353;162.6;10;10086272552;B
20240410;124353;162.6;10;10086272580;B
20240410;124353;162.56;420;10086272662;S
20240410;124353;162.56;150;10086272663;S
20240410;124353;162.56;30;10086272664;S
20240410;124353;162.56;10;10086272665;S
20240410;124353;162.54;500;10086272666;S
20240410;124353;162.54;200;10086272667;S
20240410;124353;162.54;400;10086272668;S
20240410;124353;162.52;20;10086272669;S
20240410;124353;162.52;260;10086272670;S
20240410;124354;162.58;10;10086272701;B
20240410;124356;162.58;140;10086272968;B
20240410;124356;162.58;860;10086272969;B
20240410;124358;162.58;50;10086273272;B
20240410;124359;162.58;10;10086273372;B
20240410;124403;162.54;100;10086273982;S
20240410;124403;162.56;580;10086274015;S
20240410;124403;162.56;50;10086274062;S
20240410;124404;162.6;120;10086274115;B
20240410;124406;162.6;10;10086274387;B
20240410;124406;162.56;10;10086274415;S
20240410;124407;162.6;50;10086274586;B
20240410;124408;162.56;100;10086274715;S
20240410;124415;162.6;120;10086275643;B
20240410;124415;162.6;350;10086275644;B
20240410;124415;162.62;1030;10086275645;B
20240410;124415;162.62;20;10086275706;B
20240410;124420;162.62;20;10086276662;B
20240410;124421;162.62;790;10086276806;B
20240410;124422;162.6;20;10086276911;S
20240410;124422;162.6;30;10086276912;S
20240410;124422;162.6;50;10086276913;S
20240410;124423;162.62;20;10086277062;B
20240410;124423;162.6;10;10086277064;S
20240410;124426;162.6;200;10086277396;S
20240410;124427;162.6;200;10086277573;S
20240410;124430;162.6;10;10086278038;S
20240410;124431;162.6;380;10086278202;S
20240410;124431;162.6;20;10086278203;S
20240410;124432;162.62;100;10086278292;B
20240410;124434;162.62;10;10086278537;B
20240410;124437;162.6;30;10086278957;S
20240410;124437;162.58;60;10086278958;S
20240410;124444;162.62;60;10086279827;B
20240410;124447;162.62;10;10086280243;B
20240410;124448;162.62;10;10086280382;B
20240410;124449;162.6;50;10086280438;S
20240410;124449;162.6;30;10086280439;S
20240410;124449;162.6;10;10086280440;S
20240410;124449;162.62;30;10086280444;B
20240410;124451;162.62;30;10086280913;B
20240410;124452;162.6;190;10086280931;S
20240410;124452;162.58;10;10086280932;S
20240410;124455;162.62;10;10086281517;B
20240410;124456;162.62;120;10086281586;B
20240410;124501;162.58;200;10086282439;S
20240410;124501;162.62;30;10086282457;B
20240410;124502;162.58;50;10086282628;S
20240410;124503;162.58;460;10086282775;S
20240410;124503;162.6;10;10086282831;B
20240410;124506;162.6;40;10086283348;B
20240410;124506;162.62;10;10086283349;B
20240410;124506;162.6;460;10086283350;S
20240410;124507;162.6;140;10086283452;S
20240410;124507;162.6;140;10086283472;S
20240410;124507;162.6;50;10086283493;S
20240410;124507;162.6;50;10086283514;S
20240410;124508;162.62;10;10086283557;B
20240410;124508;162.62;50;10086283581;B
20240410;124508;162.62;10;10086283584;B
20240410;124509;162.62;100;10086283777;B
20240410;124511;162.62;20;10086283947;B
20240410;124512;162.62;120;10086284004;B
20240410;124512;162.62;300;10086284072;B
20240410;124513;162.6;50;10086284186;S
20240410;124519;162.6;50;10086284989;S
20240410;124522;162.62;100;10086285353;B
20240410;124524;162.62;1000;10086285563;B
20240410;124526;162.62;10;10086285775;B
20240410;124526;162.62;20;10086285810;B
20240410;124527;162.6;280;10086285850;S
20240410;124527;162.6;20;10086285851;S
20240410;124527;162.6;100;10086285852;S
20240410;124527;162.6;10;10086285853;S
20240410;124527;162.6;50;10086285854;S
20240410;124527;162.6;350;10086285855;S
20240410;124527;162.6;10;10086285856;S
20240410;124527;162.58;150;10086285857;S
20240410;124527;162.58;1290;10086285858;S
20240410;124527;162.56;180;10086285859;S
20240410;124527;162.6;20;10086285954;B
20240410;124527;162.6;130;10086285955;B
20240410;124527;162.62;170;10086285956;B
20240410;124529;162.62;30;10086286128;B
20240410;124530;162.62;100;10086286261;B
20240410;124531;162.56;80;10086286448;S
20240410;124531;162.56;50;10086286449;S
20240410;124531;162.56;20;10086286450;S
20240410;124531;162.56;40;10086286451;S
20240410;124533;162.6;10;10086286807;B
20240410;124540;162.6;20;10086287681;B
20240410;124541;162.6;20;10086287751;B
20240410;124544;162.56;10;10086288014;S
20240410;124544;162.56;300;10086288015;S
20240410;124544;162.56;10;10086288016;S
20240410;124545;162.56;1000;10086288300;B
20240410;124548;162.56;20;10086288621;B
20240410;124550;162.56;60;10086288825;B
20240410;124552;162.56;20;10086289047;B
20240410;124552;162.56;220;10086289087;B
20240410;124552;162.58;80;10086289088;B
20240410;124553;162.54;100;10086289133;S
20240410;124553;162.58;100;10086289136;B
20240410;124555;162.56;20;10086289485;S
20240410;124557;162.6;300;10086289652;B
20240410;124557;162.62;10820;10086289653;B
20240410;124557;162.62;170;10086289654;B
20240410;124557;162.66;10000;10086289655;B
20240410;124557;162.66;1000;10086289656;B
20240410;124557;162.7;480;10086289657;B
20240410;124557;162.7;10000;10086289658;B
20240410;124557;162.7;2000;10086289659;B
20240410;124557;162.72;10000;10086289660;B
20240410;124557;162.72;5230;10086289661;B
20240410;124557;162.74;20;10086289729;B
20240410;124558;162.74;10;10086289865;B
20240410;124602;162.74;10;10086290226;B
20240410;124603;162.7;160;10086290401;S
20240410;124603;162.7;10;10086290402;S
20240410;124603;162.7;30;10086290403;S
20240410;124604;162.74;60;10086290514;B
20240410;124604;162.8;10;10086290515;B
20240410;124604;162.8;20;10086290516;B
20240410;124604;162.8;160;10086290517;B
20240410;124605;162.74;650;10086290735;S
20240410;124606;162.8;200;10086290844;B
20240410;124607;162.8;40;10086290892;B
20240410;124607;162.8;160;10086290893;B
20240410;124607;162.82;40;10086290894;B
20240410;124607;162.86;100;10086290895;B
20240410;124607;162.86;10;10086290896;B
20240410;124607;162.86;400;10086290897;B
20240410;124607;162.88;40;10086290898;B
20240410;124607;162.88;1270;10086290899;B
20240410;124607;162.88;2140;10086290900;B
20240410;124607;162.8;500;10086290948;S
20240410;124608;162.88;100;10086291040;B
20240410;124608;162.88;10;10086291058;B
20240410;124610;162.84;50;10086291283;S
20240410;124616;162.88;20;10086292071;B
20240410;124617;162.88;10;10086292371;B
20240410;124617;162.9;10;10086292372;B
20240410;124618;162.9;10;10086292522;B
20240410;124622;162.9;100;10086293337;B
20240410;124622;162.9;250;10086293338;B
20240410;124622;162.92;40;10086293339;B
20240410;124622;162.94;110;10086293340;B
20240410;124627;162.84;70;10086294081;S
20240410;124631;162.88;10;10086294554;B
20240410;124636;162.88;340;10086295187;B
20240410;124636;162.88;120;10086295188;B
20240410;124636;162.88;500;10086295189;B
20240410;124636;162.88;140;10086295190;S
20240410;124637;162.88;500;10086295241;S
20240410;124637;162.9;10;10086295249;B
20240410;124637;162.88;100;10086295367;S
20240410;124637;162.88;500;10086295368;S
20240410;124637;162.88;190;10086295369;S
20240410;124637;162.9;60;10086295380;B
20240410;124638;162.9;10;10086295507;B
20240410;124640;162.9;50;10086295659;B
20240410;124640;162.9;300;10086295712;B
20240410;124640;162.9;10;10086295716;B
20240410;124640;162.88;2610;10086295764;S
20240410;124643;162.9;780;10086296134;B
20240410;124643;162.9;1220;10086296135;B
20240410;124647;162.9;100;10086296603;B
20240410;124648;162.9;10;10086296631;B
20240410;124648;162.9;10;10086296738;B
20240410;124651;162.88;20;10086296984;S
20240410;124655;162.9;50;10086297566;B
20240410;124655;162.9;1000;10086297602;B
20240410;124656;162.88;40;10086297665;S
20240410;124656;162.88;10;10086297666;S
20240410;124656;162.88;10;10086297667;S
20240410;124656;162.86;20;10086297668;S
20240410;124656;162.84;10;10086297669;S
20240410;124657;162.84;30;10086297844;S
20240410;124658;162.88;10;10086297920;B
20240410;124658;162.88;470;10086297921;B
20240410;124658;162.9;200;10086297922;B
20240410;124658;162.9;1220;10086297923;B
20240410;124658;162.9;1300;10086297924;B
20240410;124658;162.9;1530;10086297925;B
20240410;124658;162.92;5270;10086297926;B
20240410;124659;162.92;20;10086298090;B
20240410;124659;162.9;160;10086298107;B
20240410;124659;162.9;10;10086298111;B
20240410;124701;162.84;10;10086298368;S
20240410;124701;162.84;50;10086298369;S
20240410;124701;162.84;40;10086298370;S
20240410;124702;162.9;200;10086298393;B
20240410;124702;162.9;850;10086298433;B
20240410;124702;162.92;150;10086298434;B
20240410;124702;162.92;10;10086298489;B
20240410;124705;162.92;30;10086298770;B
20240410;124705;162.92;500;10086298786;B
20240410;124705;162.92;40;10086298846;B
20240410;124708;162.9;40;10086299210;S
20240410;124709;162.92;150;10086299385;B
20240410;124709;162.9;30;10086299386;S
20240410;124709;162.92;10;10086299387;B
20240410;124710;162.92;10;10086299524;B
20240410;124720;162.9;30;10086300690;S
20240410;124720;162.9;20;10086300691;S
20240410;124721;162.92;10;10086300895;B
20240410;124727;162.9;60;10086302082;B
20240410;124728;162.9;20;10086302150;B
20240410;124729;162.84;30;10086302307;S
20240410;124732;162.9;40;10086302688;B
20240410;124733;162.92;200;10086302765;B
20240410;124733;162.92;150;10086302766;B
20240410;124736;162.92;350;10086303131;B
20240410;124736;162.92;1000;10086303132;B
20240410;124737;162.94;10;10086303219;B
20240410;124739;162.94;20;10086303478;B
20240410;124739;162.96;10;10086303479;B
20240410;124739;162.96;30;10086303480;B
20240410;124741;162.94;170;10086303772;S
20240410;124745;162.94;100;10086304385;S
20240410;124746;162.94;400;10086304489;S
20240410;124746;162.94;30;10086304490;S
20240410;124747;162.94;70;10086304546;B
20240410;124747;162.94;30;10086304568;B
20240410;124748;162.92;650;10086304730;S
20240410;124748;162.92;350;10086304731;S
20240410;124758;162.94;40;10086305887;B
20240410;124759;162.92;50;10086306115;S
20240410;124759;162.94;20;10086306118;B
20240410;124803;162.92;200;10086306533;S
20240410;124803;162.92;10;10086306536;S
20240410;124803;162.94;70;10086306603;B
20240410;124803;162.92;30;10086306627;S
20240410;124805;162.92;100;10086306753;S
20240410;124805;162.94;30;10086306760;B
20240410;124806;162.94;40;10086306971;B
20240410;124806;162.94;100;10086306972;B
20240410;124807;162.92;1160;10086307022;S
20240410;124807;162.92;40;10086307023;S
20240410;124807;162.92;1000;10086307024;S
20240410;124811;162.92;100;10086307561;B
20240410;124811;162.92;170;10086307562;B
20240410;124811;162.92;30;10086307563;B
20240410;124813;162.92;10;10086307750;B
20240410;124813;162.94;340;10086307751;B
20240410;124813;162.94;150;10086307752;B
20240410;124816;162.9;200;10086308129;S
20240410;124816;162.9;10;10086308130;S
20240410;124816;162.9;20;10086308131;S
20240410;124816;162.9;10;10086308132;S
20240410;124816;162.86;760;10086308133;S
20240410;124820;162.92;10;10086308550;B
20240410;124820;162.94;490;10086308551;B
20240410;124821;162.9;10;10086308663;B
20240410;124822;162.84;20;10086308810;S
20240410;124822;162.9;140;10086308868;B
20240410;124822;162.92;1220;10086308869;B
20240410;124822;162.92;20;10086308870;B
20240410;124822;162.94;350;10086308871;B
20240410;124822;162.94;1270;10086308872;B
20240410;124822;162.94;780;10086308873;B
20240410;124822;162.96;1760;10086308874;B
20240410;124822;162.98;10;10086308875;B
20240410;124822;162.98;1800;10086308876;B
20240410;124822;163;150;10086308877;B
20240410;124822;162.98;60;10086308897;B
20240410;124822;162.98;30;10086308898;B
20240410;124823;162.98;1190;10086309034;B
20240410;124823;163;310;10086309035;B
20240410;124823;163;40;10086309036;B
20240410;124823;163;40;10086309037;B
20240410;124823;163;300;10086309038;B
20240410;124823;163;100;10086309039;B
20240410;124823;163;20;10086309040;B
20240410;124825;163;100;10086309470;B
20240410;124825;163;250;10086309471;B
20240410;124825;163;10;10086309476;B
20240410;124828;163;40;10086309962;B
20240410;124828;163;20;10086309963;B
20240410;124831;163;30;10086310351;B
20240410;124831;163;100;10086310352;B
20240410;124831;163;100;10086310353;B
20240410;124831;163;100;10086310354;B
20240410;124831;163;50;10086310355;B
20240410;124831;163;90;10086310356;B
20240410;124831;163;50;10086310357;B
20240410;124831;163;280;10086310358;B
20240410;124831;162.92;10;10086310444;S
20240410;124831;162.92;40;10086310445;S
20240410;124835;162.98;10;10086310970;B
20240410;124836;162.98;380;10086311087;B
20240410;124836;163;720;10086311088;B
20240410;124836;163;400;10086311089;B
20240410;124836;163;430;10086311090;B
20240410;124836;163;1370;10086311091;B
20240410;124836;163;100;10086311146;B
20240410;124840;163;130;10086311517;B
20240410;124843;163;10;10086312022;B
20240410;124845;163;400;10086312248;B
20240410;124845;162.94;100;10086312322;S
20240410;124845;162.94;20;10086312323;S
20240410;124845;162.92;50;10086312324;S
20240410;124846;162.92;10;10086312433;S
20240410;124848;162.94;600;10086312641;S
20240410;124848;162.96;400;10086312706;B
20240410;124849;162.96;100;10086312804;B
20240410;124851;162.98;10;10086313003;B
20240410;124852;162.96;100;10086313077;S
20240410;124852;162.98;160;10086313115;B
20240410;124852;163;10;10086313116;B
20240410;124852;162.96;150;10086313127;S
20240410;124852;162.94;980;10086313128;S
20240410;124852;162.98;50;10086313152;B
20240410;124853;162.94;10;10086313183;S
20240410;124858;162.96;20;10086313819;B
20240410;124905;162.94;10;10086314549;S
20240410;124907;162.94;60;10086314792;S
20240410;124910;162.94;10;10086315053;S
20240410;124912;162.94;50;10086315257;S
20240410;124912;162.96;10;10086315266;B
20240410;124912;162.96;60;10086315303;B
20240410;124915;162.94;70;10086315556;S
20240410;124915;162.96;10;10086315600;B
20240410;124915;162.96;80;10086315626;B
20240410;124917;162.96;10;10086315736;B
20240410;124917;162.96;10;10086315831;B
20240410;124921;162.94;60;10086316223;S
20240410;124922;162.96;300;10086316275;B
20240410;124922;162.96;40;10086316276;B
20240410;124922;162.98;150;10086316277;B
20240410;124922;163;1160;10086316278;B
20240410;124922;163;100;10086316279;B
20240410;124922;163;430;10086316280;B
20240410;124922;163;500;10086316281;B
20240410;124922;163;100;10086316282;B
20240410;124922;163;1220;10086316283;B
20240410;124925;162.94;10;10086316681;S
20240410;124928;163;10;10086316932;B
20240410;124928;163;80;10086317012;B
20240410;124932;162.96;10;10086317365;S
20240410;124932;163;1460;10086317406;B
20240410;124932;163;210;10086317407;B
20240410;124932;163;330;10086317408;B
20240410;124934;163;20;10086317621;B
20240410;124935;162.96;10;10086317639;S
20240410;124935;163;100;10086317676;B
20240410;124935;163;80;10086317677;B
20240410;124938;163;10;10086317958;B
20240410;124938;163;40;10086317985;B
20240410;124939;163;200;10086318181;B
20240410;124949;163;100;10086319236;B
20240410;124951;163;90;10086319441;B
20240410;124951;163;330;10086319442;B
20240410;124951;163;80;10086319443;B
20240410;124953;163;40;10086319688;B
20240410;124954;163;30;10086319784;B
20240410;124955;163;10;10086319862;B
20240410;124955;163;120;10086319958;B
20240410;124955;163;40;10086320005;B
20240410;124958;163;30;10086320245;B
20240410;124958;163;850;10086320274;B
20240410;124958;163;10;10086320275;B
20240410;124958;163;10;10086320276;B
20240410;124958;163;770;10086320277;B
20240410;124959;163;970;10086320398;B
20240410;124959;163;3620;10086320399;B
20240410;124959;163;370;10086320400;B
20240410;124959;163;40;10086320401;B
20240410;125000;163;40;10086320457;B
20240410;125002;162.98;10;10086320616;S
20240410;125002;163;20;10086320669;B
20240410;125005;163;10;10086321019;B
20240410;125005;163;150;10086321031;B
20240410;125005;163;160;10086321061;B
20240410;125005;163;10;10086321062;B
20240410;125005;163;150;10086321063;B
20240410;125006;163;20;10086321077;B
20240410;125007;163;20;10086321229;B
20240410;125008;163;50;10086321363;B
20240410;125009;163;150;10086321366;B
20240410;125009;163;1000;10086321367;B
20240410;125009;163;7480;10086321368;B
20240410;125012;163;2140;10086321754;B
20240410;125012;163;360;10086321755;B
20240410;125012;163;10;10086321778;B
20240410;125013;162.98;70;10086322001;S
20240410;125013;162.98;30;10086322002;S
20240410;125014;163;210;10086322104;B
20240410;125015;163;300;10086322294;B
20240410;125019;163;10;10086322909;B
20240410;125019;163;200;10086322937;B
20240410;125023;163;10;10086323443;B
20240410;125026;162.98;10;10086323810;S
20240410;125028;163;30;10086324197;B
20240410;125031;163;100;10086324658;B
20240410;125031;163;4700;10086324673;B
20240410;125031;163;300;10086324674;B
20240410;125031;163;100;10086324697;B
20240410;125035;163;180;10086325540;B
20240410;125038;162.98;10;10086326146;S
20240410;125038;162.98;10;10086326147;S
20240410;125038;162.98;10;10086326148;S
20240410;125038;162.98;10;10086326149;S
20240410;125038;162.98;10;10086326150;S
20240410;125038;162.96;40;10086326151;S
20240410;125038;162.96;10;10086326152;S
20240410;125044;162.96;20;10086326906;S
20240410;125045;162.96;20;10086327021;S
20240410;125045;162.96;80;10086327022;S
20240410;125049;162.98;10;10086327581;B
20240410;125050;162.98;300;10086327716;B
20240410;125050;162.96;10;10086327726;S
20240410;125050;162.98;10;10086327728;B
20240410;125050;162.96;10;10086327736;S
20240410;125050;162.94;140;10086327737;S
20240410;125050;162.94;1860;10086327738;S
20240410;125050;162.94;50;10086327739;S
20240410;125050;162.94;500;10086327740;S
20240410;125050;162.94;1220;10086327741;S
20240410;125050;162.94;10;10086327766;S
20240410;125050;162.92;30;10086327767;S
20240410;125050;162.92;10;10086327768;S
20240410;125050;162.92;200;10086327769;S
20240410;125050;162.92;10;10086327770;S
20240410;125050;162.92;10;10086327771;S
20240410;125050;162.92;150;10086327772;S
20240410;125050;162.92;80;10086327773;S
20240410;125050;162.96;40;10086327784;B
20240410;125050;162.96;40;10086327786;B
20240410;125051;162.92;200;10086327897;S
20240410;125052;162.96;10;10086328003;B
20240410;125053;162.92;100;10086328013;S
20240410;125054;162.94;40;10086328254;B
20240410;125054;162.96;60;10086328255;B
20240410;125054;162.98;200;10086328256;B
20240410;125054;163;120;10086328257;B
20240410;125057;163;410;10086328567;B
20240410;125057;163;50;10086328568;B
20240410;125057;163;40;10086328569;B
20240410;125057;162.92;100;10086328590;S
20240410;125058;162.92;10;10086328626;S
20240410;125058;162.98;10;10086328661;B
20240410;125058;162.98;30;10086328695;B
20240410;125100;162.96;200;10086328880;B
20240410;125103;162.98;10;10086329179;B
20240410;125103;162.92;20;10086329244;S
20240410;125103;162.92;10;10086329245;S
20240410;125103;162.92;10;10086329246;S
20240410;125103;162.92;30;10086329247;S
20240410;125103;162.9;30;10086329248;S
20240410;125108;162.9;20;10086329795;S
20240410;125108;162.9;100;10086329796;S
20240410;125110;162.98;10;10086330039;B
20240410;125111;162.9;40;10086330151;S
20240410;125111;162.98;110;10086330177;B
20240410;125113;162.92;10;10086330560;S
20240410;125113;162.9;1860;10086330561;S
20240410;125113;162.9;1130;10086330562;S
20240410;125115;162.98;100;10086330704;B
20240410;125116;162.9;100;10086330890;S
20240410;125116;162.98;10;10086330930;B
20240410;125116;162.9;5770;10086330931;S
20240410;125116;162.9;30;10086330932;S
20240410;125116;162.9;150;10086330933;S
20240410;125116;162.9;60;10086330934;S
20240410;125116;162.9;50;10086330935;S
20240410;125116;162.88;1940;10086330936;S
20240410;125122;162.96;20;10086331491;B
20240410;125122;162.9;50;10086331507;S
20240410;125123;162.96;130;10086331698;B
20240410;125123;162.96;10;10086331699;B
20240410;125123;162.98;660;10086331700;B
20240410;125126;162.98;80;10086332259;B
20240410;125126;162.98;50;10086332260;B
20240410;125126;162.98;1220;10086332261;B
20240410;125126;162.98;410;10086332262;B
20240410;125126;163;40;10086332263;B
20240410;125127;162.98;40;10086332399;B
20240410;125127;162.98;30;10086332400;B
20240410;125127;162.98;1190;10086332401;B
20240410;125127;163;210;10086332402;B
20240410;125127;163;10;10086332403;B
20240410;125127;163;500;10086332404;B
20240410;125127;163;500;10086332405;B
20240410;125127;163;10;10086332406;B
20240410;125127;163;530;10086332407;B
20240410;125129;162.92;20;10086332569;S
20240410;125129;162.92;10;10086332624;S
20240410;125129;162.92;30;10086332625;S
20240410;125129;162.9;100;10086332626;S
20240410;125129;162.9;1160;10086332627;S
20240410;125134;162.88;20;10086333155;S
20240410;125134;162.96;20;10086333172;B
20240410;125137;162.96;50;10086333588;B
20240410;125140;162.92;10;10086333914;S
20240410;125140;162.9;10;10086333915;S
20240410;125140;162.88;20;10086333916;S
20240410;125140;162.88;150;10086333917;S
20240410;125140;162.88;10;10086333918;S
20240410;125140;162.88;10;10086333919;S
20240410;125140;162.86;780;10086333920;S
20240410;125142;162.94;340;10086334231;B
20240410;125142;162.94;200;10086334248;B
20240410;125143;162.94;30;10086334365;B
20240410;125143;162.94;650;10086334367;B
20240410;125143;162.94;10;10086334368;B
20240410;125143;162.96;30;10086334369;B
20240410;125143;162.96;1000;10086334370;B
20240410;125143;162.98;600;10086334371;B
20240410;125143;162.98;60;10086334372;B
20240410;125143;162.98;100;10086334373;B
20240410;125143;163;470;10086334374;B
20240410;125143;163;20;10086334375;B
20240410;125143;163;100;10086334376;B
20240410;125143;163;1100;10086334377;B
20240410;125143;163;50;10086334378;B
20240410;125143;163;1060;10086334379;B
20240410;125150;162.92;10;10086335228;S
20240410;125150;162.92;10;10086335229;S
20240410;125150;162.9;70;10086335230;S
20240410;125150;162.9;100;10086335231;S
20240410;125150;162.88;80;10086335232;S
20240410;125152;162.96;20;10086335418;B
20240410;125152;162.98;150;10086335419;B
20240410;125152;162.98;30;10086335420;B
20240410;125152;162.98;270;10086335449;B
20240410;125152;162.98;200;10086335450;B
20240410;125152;162.98;80;10086335451;B
20240410;125152;163;250;10086335452;B
20240410;125154;162.9;50;10086335704;S
20240410;125154;162.9;130;10086335714;S
20240410;125200;162.98;10;10086336385;B
20240410;125201;162.96;100;10086336660;S
20240410;125201;162.96;20;10086336661;S
20240410;125201;162.9;170;10086336662;S
20240410;125201;162.9;60;10086336663;S
20240410;125201;162.9;10;10086336664;S
20240410;125201;162.9;200;10086336665;S
20240410;125201;162.88;70;10086336666;S
20240410;125201;162.88;370;10086336667;S
20240410;125204;162.94;30;10086336934;S
20240410;125204;162.94;470;10086336935;S
20240410;125206;162.96;90;10086337150;B
20240410;125209;162.94;530;10086337490;S
20240410;125209;162.9;10;10086337491;S
20240410;125209;162.88;1010;10086337492;S
20240410;125209;162.88;150;10086337493;S
20240410;125209;162.88;10;10086337494;S
20240410;125209;162.88;100;10086337495;S
20240410;125213;162.88;40;10086338076;B
20240410;125214;162.88;10;10086338174;B
20240410;125215;162.88;2140;10086338284;B
20240410;125215;162.9;70;10086338285;B
20240410;125215;162.94;10;10086338286;B
20240410;125215;162.94;470;10086338287;B
20240410;125215;162.94;260;10086338288;B
20240410;125216;162.94;10;10086338531;S
20240410;125218;162.96;10;10086338845;B
20240410;125219;162.96;290;10086338907;B
20240410;125219;162.96;10;10086338908;B
20240410;125219;162.96;100;10086338923;B
20240410;125219;162.96;100;10086338924;B
20240410;125219;162.98;200;10086338925;B
20240410;125219;162.98;500;10086338926;B
20240410;125220;162.98;20;10086339107;B
20240410;125221;162.94;100;10086339165;S
20240410;125221;162.94;50;10086339219;S
20240410;125221;162.98;10;10086339274;B
20240410;125222;162.98;1370;10086339346;B
20240410;125222;162.98;150;10086339347;B
20240410;125222;162.98;300;10086339348;B
20240410;125222;162.98;280;10086339375;S
20240410;125226;162.98;10;10086339792;S
20240410;125231;163;500;10086340502;B
20240410;125231;162.98;510;10086340505;S
20240410;125235;163;500;10086340874;B
20240410;125241;163;10;10086341532;B
20240410;125245;163;10;10086341902;B
20240410;125246;163;90;10086342099;B
20240410;125246;163;10;10086342100;B
20240410;125246;163;300;10086342101;B
20240410;125246;163;10;10086342102;B
20240410;125246;163;70;10086342103;B
20240410;125246;163;520;10086342104;B
20240410;125248;163;480;10086342240;B
20240410;125248;163;100;10086342241;B
20240410;125248;163;420;10086342242;B
20240410;125248;163;20;10086342255;B
20240410;125249;163;10;10086342328;B
20240410;125250;163;10;10086342414;B
20240410;125254;162.98;450;10086342953;S
20240410;125254;162.98;30;10086342954;S
20240410;125254;162.98;10;10086342955;S
20240410;125254;162.98;10;10086342956;S
20240410;125256;162.98;10;10086343204;S
20240410;125256;162.94;490;10086343205;S
20240410;125258;162.98;10;10086343800;B
20240410;125259;162.98;20;10086344177;B
20240410;125305;162.94;100;10086345118;S
20240410;125307;162.98;20;10086345307;B
20240410;125311;162.98;10;10086345817;B
20240410;125312;162.98;20;10086345927;B
20240410;125315;162.98;10;10086346368;B
20240410;125317;162.98;390;10086346511;B
20240410;125317;162.98;10;10086346512;B
20240410;125317;162.98;50;10086346513;B
20240410;125317;162.98;200;10086346514;B
20240410;125317;163;230;10086346515;B
20240410;125319;163;10;10086346775;B
20240410;125319;163;30;10086346781;B
20240410;125321;163;60;10086347030;B
20240410;125323;162.94;1200;10086347213;S
20240410;125324;162.94;100;10086347375;S
20240410;125324;162.94;20;10086347376;S
20240410;125324;162.94;30;10086347377;S
20240410;125324;162.94;20;10086347378;S
20240410;125324;162.94;10;10086347379;S
20240410;125324;162.94;10;10086347380;S
20240410;125324;162.92;150;10086347381;S
20240410;125324;162.9;100;10086347382;S
20240410;125324;162.9;200;10086347383;S
20240410;125324;162.9;360;10086347384;S
20240410;125325;162.96;150;10086347443;B
20240410;125325;162.96;750;10086347444;B
20240410;125326;162.98;10;10086347715;B
20240410;125331;162.96;10;10086348439;B
20240410;125333;162.96;40;10086348614;B
20240410;125333;162.94;100;10086348659;S
20240410;125335;162.96;20;10086348818;B
20240410;125336;162.96;10;10086348978;B
20240410;125338;162.94;50;10086349149;S
20240410;125345;162.96;10;10086350076;B
20240410;125347;162.96;50;10086350407;B
20240410;125349;162.94;60;10086350618;S
20240410;125350;162.96;10;10086350701;B
20240410;125353;162.96;20;10086351001;B
20240410;125353;162.94;290;10086351005;S
20240410;125353;162.94;140;10086351006;S
20240410;125353;162.94;20;10086351007;S
20240410;125354;162.94;20;10086351122;B
20240410;125358;162.9;150;10086351524;S
20240410;125358;162.9;10;10086351525;S
20240410;125358;162.88;500;10086351526;S
20240410;125358;162.88;50;10086351527;S
20240410;125358;162.88;100;10086351528;S
20240410;125358;162.86;30;10086351529;S
20240410;125358;162.86;590;10086351530;S
20240410;125358;162.86;1180;10086351531;S
20240410;125358;162.84;20;10086351532;S
20240410;125358;162.84;10;10086351533;S
20240410;125358;162.84;360;10086351534;S
20240410;125401;162.92;10;10086351877;B
20240410;125402;162.9;150;10086352263;S
20240410;125403;162.92;30;10086352532;B
20240410;125406;162.9;350;10086352866;S
20240410;125406;162.86;50;10086352867;S
20240410;125411;162.86;10;10086353451;S
20240410;125411;162.92;10;10086353478;B
20240410;125414;162.86;90;10086353872;S
20240410;125414;162.86;20;10086353873;S
20240410;125414;162.86;500;10086353874;S
20240410;125414;162.86;10;10086353875;S
20240410;125414;162.84;20;10086353876;S
20240410;125414;162.84;160;10086353877;S
20240410;125414;162.84;10;10086353878;S
20240410;125414;162.84;160;10086353879;S
20240410;125414;162.82;130;10086353880;S
20240410;125415;162.84;100;10086353932;S
20240410;125417;162.84;40;10086354135;S
20240410;125418;162.92;10;10086354258;B
20240410;125419;162.88;80;10086354430;B
20240410;125420;162.82;620;10086354494;S
20240410;125423;162.88;10;10086354783;B
20240410;125425;162.88;20;10086354967;B
20240410;125427;162.82;100;10086355110;S
20240410;125428;162.88;40;10086355245;B
20240410;125428;162.92;160;10086355246;B
20240410;125428;162.9;50;10086355287;B
20240410;125431;162.86;150;10086355593;S
20240410;125431;162.84;150;10086355594;S
20240410;125431;162.84;100;10086355595;S
20240410;125431;162.84;160;10086355596;S
20240410;125431;162.82;40;10086355597;S
20240410;125431;162.82;950;10086355598;S
20240410;125431;162.82;500;10086355599;S
20240410;125431;162.82;150;10086355600;S
20240410;125431;162.9;10;10086355641;B
20240410;125439;162.84;20;10086356477;S
20240410;125439;162.84;10;10086356478;S
20240410;125441;162.9;10;10086356699;B
20240410;125442;162.9;20;10086356855;B
20240410;125442;162.84;20;10086356910;S
20240410;125442;162.82;150;10086356911;S
20240410;125442;162.82;350;10086356912;S
20240410;125442;162.82;100;10086356913;S
20240410;125442;162.82;340;10086356914;S
20240410;125448;162.84;500;10086357477;S
20240410;125449;162.8;10;10086357629;S
20240410;125449;162.8;10;10086357630;S
20240410;125449;162.8;10;10086357631;S
20240410;125449;162.8;10;10086357632;S
20240410;125449;162.8;460;10086357633;S
20240410;125449;162.82;10;10086357670;B
20240410;125450;162.8;200;10086357718;S
20240410;125451;162.82;10;10086357851;B
20240410;125451;162.82;150;10086357852;B
20240410;125454;162.8;10;10086358190;S
20240410;125455;162.82;10;10086358265;B
20240410;125456;162.8;1500;10086358362;S
20240410;125501;162.8;600;10086358873;S
20240410;125503;162.82;20;10086359020;B
20240410;125503;162.82;30;10086359021;B
20240410;125504;162.82;50;10086359192;B
20240410;125507;162.8;20;10086359492;S
20240410;125509;162.8;100;10086359615;S
20240410;125510;162.82;10;10086359788;B
20240410;125510;162.8;1720;10086359794;S
20240410;125510;162.8;3980;10086359811;S
20240410;125511;162.8;350;10086359877;S
20240410;125515;162.8;60;10086360256;S
20240410;125515;162.8;10;10086360257;S
20240410;125515;162.8;30;10086360258;S
20240410;125515;162.8;20;10086360259;S
20240410;125515;162.8;50;10086360260;S
20240410;125515;162.8;10;10086360261;S
20240410;125515;162.8;10;10086360262;S
20240410;125515;162.8;10;10086360263;S
20240410;125515;162.8;10;10086360264;S
20240410;125515;162.74;90;10086360265;S
20240410;125520;162.78;30;10086360766;B
20240410;125521;162.78;120;10086360796;B
20240410;125521;162.8;200;10086360797;B
20240410;125521;162.82;880;10086360798;B
20240410;125522;162.8;10;10086360946;B
20240410;125523;162.8;100;10086361038;B
20240410;125528;162.74;10;10086361588;S
20240410;125528;162.74;200;10086361589;S
20240410;125528;162.74;10;10086361590;S
20240410;125528;162.72;100;10086361591;S
20240410;125528;162.72;150;10086361592;S
20240410;125528;162.72;270;10086361593;S
20240410;125528;162.72;60;10086361594;S
20240410;125531;162.8;10;10086361972;B
20240410;125532;162.8;30;10086362127;B
20240410;125532;162.8;70;10086362128;B
20240410;125532;162.8;10;10086362134;B
20240410;125534;162.78;150;10086362338;B
20240410;125534;162.8;20;10086362339;B
20240410;125534;162.8;1000;10086362340;B
20240410;125534;162.82;100;10086362341;B
20240410;125534;162.82;200;10086362342;B
20240410;125534;162.82;200;10086362343;B
20240410;125534;162.84;630;10086362344;B
20240410;125536;162.8;10;10086362571;B
20240410;125542;162.8;90;10086363142;B
20240410;125542;162.82;140;10086363143;B
20240410;125542;162.84;1070;10086363144;B
20240410;125542;162.84;240;10086363145;B
20240410;125542;162.84;150;10086363146;B
20240410;125542;162.84;510;10086363147;B
20240410;125542;162.78;150;10086363187;S
20240410;125542;162.78;50;10086363188;S
20240410;125544;162.82;100;10086363336;B
20240410;125547;162.78;10;10086363612;S
20240410;125547;162.76;10;10086363613;S
20240410;125548;162.8;60;10086363655;B
20240410;125548;162.8;10;10086363693;B
20240410;125548;162.76;50;10086363705;S
20240410;125551;162.8;30;10086363988;B
20240410;125551;162.8;10;10086364007;B
20240410;125553;162.8;20;10086364264;B
20240410;125555;162.8;10;10086364404;B
20240410;125556;162.76;10;10086364624;S
20240410;125556;162.76;50;10086364643;S
20240410;125558;162.76;10;10086364844;S
20240410;125601;162.8;460;10086365130;B
20240410;125602;162.82;50;10086365195;B
20240410;125602;162.82;100;10086365196;B
20240410;125602;162.84;50;10086365197;B
20240410;125602;162.8;20;10086365232;S
20240410;125604;162.8;10;10086365408;S
20240410;125604;162.8;10;10086365486;S
20240410;125604;162.8;20;10086365487;S
20240410;125606;162.8;20;10086365648;S
20240410;125606;162.76;20;10086365649;S
20240410;125606;162.76;20;10086365650;S
20240410;125608;162.84;10;10086365825;B
20240410;125609;162.84;430;10086365963;B
20240410;125609;162.84;70;10086365964;B
20240410;125612;162.84;30;10086366274;B
20240410;125612;162.84;130;10086366275;B
20240410;125612;162.88;1650;10086366276;B
20240410;125612;162.9;3660;10086366277;B
20240410;125612;162.9;340;10086366278;B
20240410;125612;162.9;3660;10086366279;B
20240410;125612;162.9;100;10086366280;B
20240410;125612;162.92;10;10086366281;B
20240410;125612;162.92;7500;10086366282;B
20240410;125612;162.92;2920;10086366283;B
20240410;125614;162.9;20;10086366474;B
20240410;125614;162.94;60;10086366475;B
20240410;125616;162.86;10;10086366695;S
20240410;125616;162.88;20;10086366700;S
20240410;125616;162.88;40;10086366786;S
20240410;125616;162.86;140;10086366787;S
20240410;125616;162.86;540;10086366788;S
20240410;125617;162.86;10;10086366841;S
20240410;125620;162.94;10;10086367188;B
20240410;125621;162.94;10;10086367254;B
20240410;125621;162.94;10;10086367265;B
20240410;125626;162.94;260;10086367785;B
20240410;125626;162.94;10;10086367786;B
20240410;125626;162.94;100;10086367787;B
20240410;125626;162.96;100;10086367788;B
20240410;125626;162.96;10;10086367789;B
20240410;125626;162.96;940;10086367790;B
20240410;125627;162.88;10;10086367878;S
20240410;125630;162.94;10;10086368216;B
20240410;125631;162.94;10;10086368322;B
20240410;125631;162.94;10;10086368329;B
20240410;125636;162.92;100;10086368834;B
20240410;125640;162.94;10;10086369257;B
20240410;125640;162.94;10;10086369265;B
20240410;125642;162.94;10;10086369487;B
20240410;125646;162.9;280;10086369935;S
20240410;125646;162.9;40;10086369936;S
20240410;125646;162.9;10;10086369937;S
20240410;125646;162.9;100;10086369938;S
20240410;125647;162.9;40;10086369956;B
20240410;125648;162.9;10;10086370127;B
20240410;125652;162.88;20;10086370503;B
20240410;125655;162.86;100;10086370859;S
20240410;125656;162.88;60;10086371008;B
20240410;125656;162.88;100;10086371081;B
20240410;125656;162.9;200;10086371082;B
20240410;125657;162.9;20;10086371133;B
20240410;125658;162.82;150;10086371264;S
20240410;125658;162.82;210;10086371265;S
20240410;125659;162.88;10;10086371369;B
20240410;125659;162.88;140;10086371378;B
20240410;125659;162.9;50;10086371379;B
20240410;125659;162.9;510;10086371425;B
20240410;125710;162.88;90;10086372664;S
20240410;125711;162.88;10;10086372813;S
20240410;125711;162.88;30;10086372814;S
20240410;125711;162.88;100;10086372815;S
20240410;125712;162.86;100;10086372948;S
20240410;125712;162.88;160;10086372950;B
20240410;125712;162.9;40;10086372951;B
20240410;125715;162.9;100;10086373228;B
20240410;125715;162.9;20;10086373231;B
20240410;125716;162.9;20;10086373363;B
20240410;125718;162.9;10;10086373565;B
20240410;125719;162.9;400;10086373593;B
20240410;125719;162.9;600;10086373662;B
20240410;125720;162.9;10;10086373716;B
20240410;125720;162.9;100;10086373736;B
20240410;125721;162.9;1000;10086373784;B
20240410;125723;162.9;10;10086374007;B
20240410;125726;162.9;300;10086374313;B
20240410;125728;162.88;100;10086374426;S
20240410;125729;162.9;10;10086374528;B
20240410;125731;162.9;200;10086374795;B
20240410;125731;162.9;1000;10086374877;B
20240410;125732;162.9;20;10086374978;B
20240410;125734;162.9;10;10086375177;B
20240410;125735;162.9;10;10086375184;B
20240410;125738;162.88;100;10086375510;S
20240410;125739;162.88;100;10086375619;S
20240410;125739;162.88;20;10086375620;S
20240410;125739;162.88;10;10086375621;S
20240410;125739;162.86;70;10086375622;S
20240410;125741;162.9;40;10086375830;B
20240410;125744;162.9;40;10086376139;B
20240410;125744;162.86;100;10086376173;S
20240410;125747;162.9;50;10086376629;B
20240410;125749;162.86;730;10086376838;S
20240410;125749;162.86;270;10086376839;S
20240410;125755;162.88;1220;10086377524;S
20240410;125755;162.86;580;10086377525;S
20240410;125756;162.9;10;10086377577;B
20240410;125757;162.9;40;10086377712;B
20240410;125757;162.9;60;10086377713;B
20240410;125758;162.86;70;10086377726;S
20240410;125758;162.86;200;10086377727;S
20240410;125758;162.86;150;10086377728;S
20240410;125758;162.84;200;10086377729;S
20240410;125800;162.86;50;10086377984;S
20240410;125800;162.9;50;10086378008;B
20240410;125800;162.86;100;10086378035;S
20240410;125807;162.9;20;10086379052;B
20240410;125810;162.9;30;10086379370;B
20240410;125814;162.88;10;10086379861;S
20240410;125814;162.88;40;10086379862;S
20240410;125816;162.9;10;10086379996;B
20240410;125816;162.9;30;10086380059;B
20240410;125816;162.9;150;10086380060;B
20240410;125816;162.9;800;10086380061;B
20240410;125817;162.94;150;10086380135;B
20240410;125817;162.96;50;10086380136;B
20240410;125818;162.9;20;10086380381;S
20240410;125818;162.88;80;10086380382;S
20240410;125829;162.94;10;10086381575;B
20240410;125830;162.94;10;10086381674;B
20240410;125830;162.94;10;10086381758;B
20240410;125832;162.94;30;10086381946;B
20240410;125832;162.88;70;10086382025;S
20240410;125832;162.88;350;10086382026;S
20240410;125832;162.86;130;10086382027;S
20240410;125833;162.9;150;10086382122;B
20240410;125833;162.88;150;10086382140;S
20240410;125833;162.86;350;10086382141;S
20240410;125837;162.86;10;10086382492;S
20240410;125837;162.84;130;10086382493;S
20240410;125838;162.84;350;10086382613;S
20240410;125839;162.88;150;10086382670;B
20240410;125839;162.9;50;10086382671;B
20240410;125839;162.92;140;10086382672;B
20240410;125841;162.9;90;10086382952;B
20240410;125841;162.9;200;10086382953;B
20240410;125841;162.92;60;10086382954;B
20240410;125841;162.92;350;10086382955;B
20240410;125841;162.94;10;10086382972;B
20240410;125844;162.96;10;10086383302;B
20240410;125844;162.96;10;10086383303;B
20240410;125847;162.86;110;10086383578;S
20240410;125849;162.86;40;10086383734;S
20240410;125849;162.86;60;10086383735;S
20240410;125850;162.92;50;10086383875;B
20240410;125853;162.92;10;10086384211;B
20240410;125853;162.94;10;10086384212;B
20240410;125854;162.9;10;10086384318;S
20240410;125854;162.9;40;10086384319;S
20240410;125854;162.86;50;10086384320;S
20240410;125854;162.94;10;10086384341;B
20240410;125857;162.94;10;10086384706;B
20240410;125858;162.94;80;10086384908;B
20240410;125858;162.94;120;10086384909;B
20240410;125858;162.92;40;10086384982;B
20240410;125858;162.94;80;10086384983;B
20240410;125900;162.94;20;10086385493;B
20240410;125903;162.92;10;10086386435;B
20240410;125906;162.92;10;10086387047;B
20240410;125907;162.9;50;10086387173;S
20240410;125907;162.88;1220;10086387174;S
20240410;125907;162.86;240;10086387175;S
20240410;125907;162.86;200;10086387176;S
20240410;125907;162.86;110;10086387177;S
20240410;125907;162.86;150;10086387178;S
20240410;125907;162.86;170;10086387179;S
20240410;125907;162.86;50;10086387180;S
20240410;125907;162.84;810;10086387181;S
20240410;125912;162.84;20;10086387931;S
20240410;125920;162.84;10;10086388892;S
20240410;125920;162.9;10;10086388910;B
20240410;125921;162.9;50;10086389013;B
20240410;125921;162.9;10;10086389014;B
20240410;125924;162.88;150;10086389281;B
20240410;125924;162.9;30;10086389282;B
20240410;125924;162.9;270;10086389283;B
20240410;125924;162.92;50;10086389284;B
20240410;125927;162.86;10;10086389632;S
20240410;125928;162.86;150;10086389727;S
20240410;125930;162.92;10;10086389967;B
20240410;125930;162.92;100;10086389968;B
20240410;125930;162.92;150;10086389969;B
20240410;125930;162.92;820;10086389970;B
20240410;125932;162.94;10;10086390163;B
20240410;125935;162.94;120;10086390518;B
20240410;125935;162.92;90;10086390532;S
20240410;125937;162.94;100;10086390777;B
20240410;125939;162.94;10;10086391135;B
20240410;125940;162.94;20;10086391313;B
20240410;125940;162.94;10;10086391332;B
20240410;125943;162.94;10;10086392110;B
20240410;125945;162.92;110;10086392300;S
20240410;125945;162.92;40;10086392301;S
20240410;125946;162.94;10;10086392681;B
20240410;125947;162.94;190;10086392915;B
20240410;125947;162.94;10;10086392916;B
20240410;125952;162.94;10;10086393671;B
20240410;125953;162.94;80;10086393797;B
20240410;125953;162.94;20;10086393798;B
20240410;125953;162.92;10;10086393889;S
20240410;125953;162.92;10;10086393890;S
20240410;125953;162.92;10;10086393891;S
20240410;125953;162.9;150;10086393892;S
20240410;125953;162.9;250;10086393893;S
20240410;125953;162.88;70;10086393894;S
20240410;125955;162.9;10;10086394104;S
20240410;125955;162.9;100;10086394105;S
20240410;125955;162.86;10;10086394106;S
20240410;125955;162.86;150;10086394107;S
20240410;125955;162.86;130;10086394108;S
20240410;125955;162.86;20;10086394154;S
20240410;130002;162.94;80;10086394957;B
20240410;130002;162.94;150;10086394958;B
20240410;130002;162.96;990;10086394959;B
20240410;130002;162.96;1000;10086394960;B
20240410;130002;162.96;200;10086394961;B
20240410;130002;162.98;10;10086394962;B
20240410;130002;162.98;650;10086394963;B
20240410;130004;162.96;10;10086395161;B
20240410;130007;162.96;10;10086395549;B
20240410;130007;162.96;130;10086395564;B
20240410;130007;162.98;540;10086395565;B
20240410;130008;162.98;10;10086395730;B
20240410;130010;162.94;400;10086395905;S
20240410;130010;162.94;50;10086395906;S
20240410;130011;162.98;30;10086396020;B
20240410;130013;162.98;560;10086396162;B
20240410;130013;162.98;10;10086396163;B
20240410;130013;162.98;300;10086396164;B
20240410;130013;162.98;400;10086396165;B
20240410;130013;162.98;70;10086396166;B
20240410;130013;163;10;10086396167;B
20240410;130013;163;1340;10086396168;B
20240410;130013;163;30;10086396169;B
20240410;130013;163;40;10086396170;B
20240410;130013;163;100;10086396171;B
20240410;130013;163;100;10086396172;B
20240410;130013;163;100;10086396173;B
20240410;130013;163;200;10086396174;B
20240410;130013;163;120;10086396175;B
20240410;130013;163;20;10086396176;B
20240410;130013;163;100;10086396177;B
20240410;130013;163;500;10086396178;B
20240410;130013;163;90;10086396225;B
20240410;130013;163;10;10086396243;B
20240410;130013;162.96;50;10086396268;S
20240410;130017;162.98;20;10086396618;S
20240410;130017;162.98;30;10086396619;S
20240410;130017;162.98;10;10086396648;B
20240410;130018;162.98;40;10086396720;B
20240410;130018;163;1410;10086396721;B
20240410;130018;163;400;10086396722;B
20240410;130018;163;50;10086396723;B
20240410;130018;163;500;10086396724;B
20240410;130020;162.96;100;10086396967;S
20240410;130023;162.98;10;10086397309;S
20240410;130023;162.98;30;10086397310;S
20240410;130023;162.96;60;10086397311;S
20240410;130024;162.96;20;10086397352;S
20240410;130024;162.96;10;10086397353;S
20240410;130024;162.94;10;10086397354;S
20240410;130026;163;20;10086397523;B
20240410;130027;163;130;10086397814;B
20240410;130027;163;20;10086397815;B
20240410;130031;163;80;10086398369;B
20240410;130031;163;620;10086398370;B
20240410;130037;162.96;40;10086398903;S
20240410;130037;162.94;60;10086398904;S
20240410;130038;162.98;10;10086398993;B
20240410;130038;163;10;10086398994;B
20240410;130038;162.96;20;10086399015;S
20240410;130038;162.96;10;10086399072;B
20240410;130042;162.96;10;10086399435;B
20240410;130050;162.96;10;10086400352;B
20240410;130050;162.96;150;10086400385;B
20240410;130050;163;370;10086400386;B
20240410;130050;163;180;10086400387;B
20240410;130052;162.96;50;10086400559;S
20240410;130052;162.96;10;10086400560;S
20240410;130052;162.94;150;10086400561;S
20240410;130052;162.94;200;10086400562;S
20240410;130052;162.94;10;10086400563;S
20240410;130052;162.94;30;10086400564;S
20240410;130052;162.94;550;10086400565;S
20240410;130057;162.98;10;10086401154;B
20240410;130058;162.94;10;10086401219;S
20240410;130058;162.94;100;10086401377;S
20240410;130101;162.98;20;10086401588;B
20240410;130107;162.98;30;10086402256;B
20240410;130108;162.98;90;10086402312;B
20240410;130108;163;10;10086402370;B
20240410;130110;162.98;20;10086402525;S
20240410;130115;163;220;10086403208;B
20240410;130115;163;100;10086403209;B
20240410;130115;163;3940;10086403210;B
20240410;130115;163;240;10086403211;B
20240410;130115;163;70;10086403247;B
20240410;130117;163;20;10086403529;B
20240410;130119;163;4120;10086403685;B
20240410;130119;163;780;10086403686;B
20240410;130119;163;100;10086403687;B
20240410;130119;163;4620;10086403705;B
20240410;130119;163;20;10086403763;B
20240410;130121;162.98;10;10086404025;S
20240410;130122;163;2010;10086404026;B
20240410;130122;163;100;10086404027;B
20240410;130122;163;890;10086404028;B
20240410;130123;163;10;10086404144;B
20240410;130126;163;10;10086404518;B
20240410;130127;163;180;10086404685;B
20240410;130127;163;20;10086404686;B
20240410;130132;163;60;10086405206;B
20240410;130134;163;120;10086405441;B
20240410;130134;163;880;10086405442;B
20240410;130135;163;100;10086405586;B
20240410;130138;162.98;200;10086405910;S
20240410;130139;163;20;10086405997;B
20240410;130139;163;200;10086406016;B
20240410;130140;163;10;10086406069;B
20240410;130145;163;770;10086406578;B
20240410;130145;163;530;10086406579;B
20240410;130145;163;740;10086406597;B
20240410;130145;163;100;10086406598;B
20240410;130145;163;160;10086406599;B
20240410;130150;162.98;150;10086407156;S
20240410;130151;163;840;10086407274;B
20240410;130151;163;160;10086407275;B
20240410;130151;163;50;10086407290;B
20240410;130152;163;10;10086407317;B
20240410;130153;163;1120;10086407429;B
20240410;130153;163;2720;10086407430;B
20240410;130154;163;6230;10086407606;B
20240410;130154;163;180;10086407607;B
20240410;130154;163.02;100;10086407608;B
20240410;130154;163.02;900;10086407609;B
20240410;130154;163;10;10086407611;S
20240410;130154;163.02;150;10086407617;B
20240410;130155;163.02;140;10086407734;B
20240410;130157;163.02;50;10086407843;B
20240410;130157;163.02;270;10086407880;B
20240410;130157;163.02;80;10086407928;S
20240410;130157;163.02;70;10086407929;S
20240410;130158;163.04;200;10086407952;B
20240410;130158;163.04;200;10086408044;B
20240410;130201;163.02;80;10086408305;S
20240410;130201;163.02;70;10086408347;S
20240410;130201;163.04;10;10086408377;B
20240410;130203;163.04;40;10086408647;B
20240410;130203;163.04;960;10086408648;B
20240410;130206;163.04;740;10086408895;B
20240410;130206;163.06;10;10086408896;B
20240410;130206;163.06;200;10086408897;B
20240410;130206;163.06;80;10086408898;B
20240410;130206;163.08;10;10086408899;B
20240410;130206;163.08;100;10086408900;B
20240410;130206;163.08;50;10086408901;B
20240410;130207;163.08;70;10086409042;B
20240410;130207;163.1;10;10086409043;B
20240410;130207;163.1;50;10086409044;B
20240410;130207;163.1;10;10086409045;B
20240410;130207;163.1;100;10086409046;B
20240410;130207;163.1;1860;10086409047;B
20240410;130207;163.1;10;10086409048;B
20240410;130207;163.1;100;10086409049;B
20240410;130207;163.1;6150;10086409050;B
20240410;130207;163.1;1640;10086409051;B
20240410;130207;163.1;860;10086409062;B
20240410;130207;163.12;10;10086409063;B
20240410;130207;163.14;40;10086409064;B
20240410;130207;163.14;10;10086409065;B
20240410;130207;163.14;10;10086409066;B
20240410;130207;163.16;500;10086409067;B
20240410;130207;163.16;290;10086409068;B
20240410;130207;163.16;520;10086409076;B
20240410;130207;163.18;100;10086409077;B
20240410;130207;163.18;20;10086409078;B
20240410;130207;163.2;60;10086409079;B
20240410;130207;163.2;190;10086409080;B
20240410;130207;163.2;200;10086409081;B
20240410;130207;163.2;10;10086409082;B
20240410;130207;163.2;1840;10086409083;B
20240410;130207;163.22;500;10086409084;B
20240410;130207;163.22;4060;10086409085;B
20240410;130208;163.14;50;10086409111;S
20240410;130210;163.26;50;10086409379;B
20240410;130210;163.26;950;10086409380;B
20240410;130211;163.16;50;10086409433;S
20240410;130211;163.16;100;10086409434;S
20240410;130211;163.16;250;10086409435;S
20240410;130211;163.26;20;10086409444;B
20240410;130212;163.26;400;10086409568;B
20240410;130212;163.26;10;10086409584;B
20240410;130213;163.24;10;10086409655;B
20240410;130213;163.24;10;10086409752;B
20240410;130214;163.24;10;10086409814;B
20240410;130215;163.24;10;10086409880;B
20240410;130216;163.18;10;10086410046;B
20240410;130216;163.18;10;10086410098;B
20240410;130218;163.18;10;10086410231;B
20240410;130218;163.16;10;10086410258;S
20240410;130218;163.14;50;10086410259;S
20240410;130219;163.16;50;10086410377;B
20240410;130221;163.16;1030;10086410525;B
20240410;130221;163.22;50;10086410526;B
20240410;130221;163.24;60;10086410527;B
20240410;130221;163.24;100;10086410528;B
20240410;130221;163.24;10;10086410529;B
20240410;130221;163.24;100;10086410530;B
20240410;130221;163.24;100;10086410531;B
20240410;130221;163.26;400;10086410532;B
20240410;130221;163.26;1220;10086410533;B
20240410;130221;163.26;200;10086410534;B
20240410;130221;163.26;100;10086410535;B
20240410;130221;163.28;3630;10086410536;B
20240410;130226;163.2;160;10086411173;B
20240410;130226;163.26;360;10086411174;B
20240410;130226;163.28;40;10086411198;B
20240410;130227;163.28;10;10086411341;B
20240410;130228;163.2;100;10086411408;S
20240410;130229;163.26;100;10086411515;B
20240410;130229;163.26;410;10086411516;B
20240410;130229;163.28;890;10086411517;B
20240410;130232;163.28;10;10086412021;B
20240410;130232;163.28;100;10086412049;B
20240410;130232;163.28;100;10086412050;B
20240410;130232;163.28;1800;10086412051;B
20240410;130233;163.28;100;10086412133;B
20240410;130234;163.28;450;10086412245;B
20240410;130234;163.28;160;10086412246;B
20240410;130236;163.28;50;10086412568;B
20240410;130240;163.28;100;10086412994;B
20240410;130240;163.28;1400;10086412995;B
20240410;130240;163.28;100;10086413016;B
20240410;130242;163.28;20;10086413168;B
20240410;130244;163.28;60;10086413431;B
20240410;130244;163.28;10;10086413434;B
20240410;130245;163.28;30;10086413554;B
20240410;130246;163.28;10;10086413635;B
20240410;130246;163.28;10;10086413708;B
20240410;130251;163.26;50;10086414274;B
20240410;130251;163.26;50;10086414275;B
20240410;130251;163.28;1870;10086414276;B
20240410;130251;163.28;220;10086414277;B
20240410;130251;163.28;50;10086414300;S
20240410;130252;163.3;10;10086414374;B
20240410;130255;163.3;40;10086414766;B
20240410;130255;163.3;100;10086414767;B
20240410;130255;163.3;10;10086414768;B
20240410;130258;163.3;20;10086415007;B
20240410;130300;163.3;100;10086415299;B
20240410;130302;163.3;1000;10086415469;B
20240410;130304;163.3;50;10086415755;B
20240410;130305;163.3;50;10086415856;B
20240410;130306;163.3;50;10086416037;B
20240410;130307;163.3;50;10086416121;B
20240410;130308;163.28;100;10086416241;S
20240410;130309;163.3;10;10086416297;B
20240410;130309;163.3;10;10086416333;B
20240410;130311;163.3;100;10086416516;B
20240410;130312;163.3;310;10086416664;B
20240410;130314;163.3;1150;10086416891;B
20240410;130314;163.28;2000;10086416920;S
20240410;130314;163.3;30;10086416950;B
20240410;130314;163.3;10;10086416951;B
20240410;130316;163.3;4100;10086417121;B
20240410;130316;163.3;3950;10086417230;B
20240410;130316;163.3;2910;10086417231;B
20240410;130318;163.3;20;10086417433;B
20240410;130319;163.3;1000;10086417524;B
20240410;130320;163.3;100;10086417624;B
20240410;130321;163.28;100;10086417794;S
20240410;130321;163.28;1200;10086417832;S
20240410;130322;163.3;200;10086418077;B
20240410;130323;163.3;20;10086418250;B
20240410;130324;163.3;400;10086418376;B
20240410;130329;163.3;150;10086419115;B
20240410;130331;163.3;30;10086419220;B
20240410;130331;163.3;670;10086419236;B
20240410;130331;163.3;50;10086419237;B
20240410;130331;163.3;280;10086419238;B
20240410;130331;163.3;220;10086419281;B
20240410;130331;163.3;200;10086419282;B
20240410;130332;163.32;20;10086419434;B
20240410;130332;163.34;10;10086419435;B
20240410;130332;163.36;200;10086419436;B
20240410;130332;163.36;30;10086419437;B
20240410;130332;163.32;150;10086419453;S
20240410;130332;163.3;580;10086419454;S
20240410;130332;163.3;1540;10086419455;S
20240410;130332;163.3;3660;10086419456;S
20240410;130332;163.3;3660;10086419457;S
20240410;130332;163.28;410;10086419458;S
20240410;130337;163.3;10;10086420111;B
20240410;130339;163.28;90;10086420297;S
20240410;130339;163.3;10;10086420298;B
20240410;130339;163.34;150;10086420299;B
20240410;130339;163.34;140;10086420300;B
20240410;130341;163.34;100;10086420620;B
20240410;130341;163.34;470;10086420621;B
20240410;130341;163.36;1560;10086420622;B
20240410;130341;163.36;100;10086420623;B
20240410;130341;163.36;210;10086420624;B
20240410;130342;163.3;100;10086420641;S
20240410;130343;163.36;20;10086420789;B
20240410;130344;163.36;10;10086420866;B
20240410;130346;163.3;10;10086421063;S
20240410;130346;163.34;10;10086421094;B
20240410;130347;163.34;10;10086421131;B
20240410;130347;163.34;80;10086421210;B
20240410;130347;163.36;10;10086421211;B
20240410;130351;163.3;60;10086421606;S
20240410;130351;163.28;40;10086421607;S
20240410;130352;163.28;90;10086421748;S
20240410;130354;163.34;60;10086422034;B
20240410;130354;163.36;40;10086422035;B
20240410;130357;163.3;170;10086422352;B
20240410;130400;163.28;170;10086422636;S
20240410;130400;163.3;10;10086422645;B
20240410;130401;163.3;60;10086422811;B
20240410;130404;163.3;10;10086423210;B
20240410;130407;163.28;560;10086423476;S
20240410;130407;163.28;250;10086423477;S
20240410;130407;163.28;10;10086423478;S
20240410;130407;163.28;80;10086423479;S
20240410;130407;163.3;30;10086423572;B
20240410;130410;163.3;40;10086423915;B
20240410;130410;163.28;30;10086423981;S
20240410;130411;163.28;50;10086424058;S
20240410;130411;163.28;290;10086424076;S
20240410;130413;163.3;10;10086424273;B
20240410;130414;163.3;10;10086424330;B
20240410;130416;163.3;60;10086424663;B
20240410;130417;163.3;20;10086424675;B
20240410;130418;163.3;10;10086424887;B
20240410;130420;163.3;200;10086425028;B
20240410;130422;163.3;10;10086425228;B
20240410;130425;163.3;100;10086425645;B
20240410;130429;163.3;10;10086426228;B
20240410;130430;163.3;10;10086426362;B
20240410;130430;163.28;470;10086426387;S
20240410;130430;163.28;160;10086426388;S
20240410;130430;163.26;1370;10086426389;S
20240410;130432;163.26;10;10086426635;S
20240410;130433;163.28;1220;10086426746;B
20240410;130433;163.28;670;10086426747;B
20240410;130433;163.28;1110;10086426748;B
20240410;130435;163.28;10;10086426908;B
20240410;130438;163.28;880;10086427301;B
20240410;130438;163.28;120;10086427302;B
20240410;130439;163.26;500;10086427365;S
20240410;130440;163.28;20;10086427551;B
20240410;130447;163.26;200;10086428301;S
20240410;130448;163.28;230;10086428495;B
20240410;130448;163.28;20;10086428496;B
20240410;130450;163.28;80;10086428695;B
20240410;130450;163.28;420;10086428696;B
20240410;130450;163.28;570;10086428733;B
20240410;130450;163.28;130;10086428734;B
20240410;130450;163.28;50;10086428765;B
20240410;130452;163.26;300;10086428990;S
20240410;130454;163.28;70;10086429220;B
20240410;130454;163.28;390;10086429221;B
20240410;130455;163.26;50;10086429386;S
20240410;130456;163.26;30;10086429400;S
20240410;130456;163.28;10;10086429462;B
20240410;130456;163.28;50;10086429463;B
20240410;130457;163.26;250;10086429569;S
20240410;130457;163.26;290;10086429619;S
20240410;130457;163.26;10;10086429620;S
20240410;130457;163.26;50;10086429621;S
20240410;130457;163.26;2120;10086429659;B
20240410;130457;163.28;260;10086429660;B
20240410;130457;163.28;100;10086429661;B
20240410;130500;163.3;10;10086430403;B
20240410;130501;163.28;60;10086430523;S
20240410;130503;163.3;50;10086430789;B
20240410;130509;163.28;10;10086431329;S
20240410;130511;163.3;20;10086431559;B
20240410;130512;163.3;10;10086431758;B
20240410;130515;163.28;700;10086432034;S
20240410;130516;163.3;50;10086432148;B
20240410;130517;163.3;30;10086432278;B
20240410;130520;163.3;10;10086432773;B
20240410;130520;163.28;100;10086432803;S
20240410;130525;163.28;300;10086433348;S
20240410;130525;163.3;40;10086433364;B
20240410;130526;163.28;20;10086433455;S
20240410;130526;163.3;20;10086433499;B
20240410;130526;163.3;10;10086433506;B
20240410;130529;163.3;10;10086433950;B
20240410;130531;163.3;60;10086434249;B
20240410;130532;163.28;20;10086434348;S
20240410;130533;163.28;290;10086434407;S
20240410;130533;163.28;200;10086434435;S
20240410;130537;163.3;10;10086434849;B
20240410;130538;163.3;10;10086435066;B
20240410;130539;163.28;40;10086435154;S
20240410;130539;163.26;110;10086435155;S
20240410;130540;163.28;390;10086435222;B
20240410;130540;163.28;50;10086435265;B
20240410;130541;163.28;50;10086435302;B
20240410;130541;163.28;10;10086435318;B
20240410;130541;163.28;40;10086435326;B
20240410;130544;163.28;100;10086435686;B
20240410;130545;163.28;10;10086435857;B
20240410;130546;163.26;30;10086436007;S
20240410;130546;163.28;10;10086436057;B
20240410;130546;163.28;130;10086436106;B
20240410;130546;163.28;20;10086436107;B
20240410;130546;163.3;350;10086436108;B
20240410;130551;163.26;120;10086436783;S
20240410;130551;163.26;100;10086436826;S
20240410;130553;163.26;50;10086437006;S
20240410;130553;163.24;50;10086437007;S
20240410;130553;163.24;50;10086437008;S
20240410;130553;163.24;50;10086437009;S
20240410;130553;163.24;50;10086437010;S
20240410;130553;163.22;150;10086437011;S
20240410;130553;163.2;30;10086437012;S
20240410;130553;163.2;10;10086437013;S
20240410;130553;163.2;160;10086437014;S
20240410;130553;163.26;10;10086437022;B
20240410;130553;163.26;140;10086437062;B
20240410;130553;163.28;500;10086437063;B
20240410;130553;163.28;80;10086437064;B
20240410;130553;163.28;1220;10086437065;B
20240410;130553;163.28;1530;10086437066;B
20240410;130553;163.3;540;10086437067;B
20240410;130553;163.3;20;10086437068;B
20240410;130553;163.3;470;10086437069;B
20240410;130601;163.28;130;10086438162;B
20240410;130602;163.28;20;10086438302;B
20240410;130602;163.28;10;10086438303;B
20240410;130603;163.28;10;10086438321;B
20240410;130603;163.3;60;10086438322;B
20240410;130604;163.3;1260;10086438449;B
20240410;130610;163.28;10;10086439462;B
20240410;130610;163.3;190;10086439463;B
20240410;130610;163.26;30;10086439492;S
20240410;130611;163.26;20;10086439634;B
20240410;130617;163.26;300;10086440283;B
20240410;130618;163.26;10;10086440394;B
20240410;130618;163.26;40;10086440461;B
20240410;130619;163.26;160;10086440529;B
20240410;130619;163.24;40;10086440546;S
20240410;130621;163.24;360;10086440796;S
20240410;130625;163.26;10;10086441534;B
20240410;130626;163.26;1910;10086441641;B
20240410;130627;163.24;40;10086441841;S
20240410;130628;163.26;10;10086441908;B
20240410;130630;163.26;20;10086442204;B
20240410;130631;163.26;40;10086442256;B
20240410;130633;163.26;10;10086442512;B
20240410;130635;163.24;400;10086442822;S
20240410;130637;163.24;150;10086443107;S
20240410;130638;163.24;150;10086443181;S
20240410;130640;163.26;30;10086443387;B
20240410;130640;163.24;390;10086443495;S
20240410;130640;163.22;1220;10086443496;S
20240410;130640;163.22;880;10086443497;S
20240410;130644;163.26;10;10086444138;B
20240410;130646;163.24;10;10086444311;B
20240410;130646;163.26;380;10086444312;B
20240410;130647;163.26;20;10086444547;B
20240410;130647;163.26;960;10086444548;B
20240410;130647;163.26;100;10086444549;B
20240410;130650;163.28;60;10086444963;B
20240410;130650;163.26;110;10086444974;S
20240410;130650;163.24;1220;10086444975;S
20240410;130650;163.22;590;10086444976;S
20240410;130652;163.26;10;10086445171;B
20240410;130653;163.26;20;10086445339;B
20240410;130653;163.28;10;10086445340;B
20240410;130653;163.28;4930;10086445341;B
20240410;130653;163.26;20;10086445359;S
20240410;130653;163.3;230;10086445532;B
20240410;130653;163.3;2080;10086445533;B
20240410;130653;163.3;70;10086445534;B
20240410;130653;163.3;70;10086445535;B
20240410;130653;163.3;50;10086445536;B
20240410;130653;163.3;10;10086445537;B
20240410;130653;163.3;370;10086445538;B
20240410;130653;163.3;300;10086445539;B
20240410;130653;163.3;10;10086445540;B
20240410;130653;163.3;20;10086445541;B
20240410;130653;163.3;100;10086445542;B
20240410;130653;163.3;110;10086445543;B
20240410;130653;163.3;200;10086445544;B
20240410;130653;163.3;20;10086445545;B
20240410;130653;163.32;100;10086445546;B
20240410;130653;163.32;500;10086445547;B
20240410;130653;163.32;610;10086445548;B
20240410;130653;163.34;150;10086445549;B
20240410;130653;163.26;110;10086445609;S
20240410;130653;163.26;20;10086445610;S
20240410;130653;163.26;50;10086445611;S
20240410;130656;163.3;20;10086445917;B
20240410;130658;163.3;4980;10086446118;B
20240410;130658;163.32;20;10086446119;B
20240410;130658;163.3;100;10086446190;S
20240410;130700;163.32;10;10086446401;B
20240410;130701;163.32;80;10086446564;B
20240410;130701;163.34;320;10086446565;B
20240410;130702;163.34;30;10086446871;B
20240410;130702;163.34;10;10086446872;B
20240410;130702;163.34;120;10086446873;B
20240410;130702;163.34;160;10086446874;B
20240410;130704;163.34;230;10086447103;B
20240410;130704;163.34;20;10086447104;B
20240410;130704;163.36;100;10086447105;B
20240410;130704;163.36;1000;10086447106;B
20240410;130704;163.36;650;10086447107;B
20240410;130706;163.34;10;10086447359;B
20240410;130706;163.36;190;10086447360;B
20240410;130712;163.36;10;10086448062;B
20240410;130713;163.36;180;10086448212;B
20240410;130714;163.34;1000;10086448367;B
20240410;130715;163.34;10;10086448545;B
20240410;130719;163.32;240;10086449196;S
20240410;130722;163.34;10;10086449543;B
20240410;130722;163.34;100;10086449599;B
20240410;130723;163.34;950;10086449708;B
20240410;130726;163.36;970;10086450047;B
20240410;130726;163.36;100;10086450048;B
20240410;130726;163.36;1310;10086450049;B
20240410;130728;163.36;20;10086450283;B
20240410;130728;163.36;3000;10086450301;B
20240410;130730;163.36;10;10086450616;B
20240410;130732;163.34;10;10086450880;S
20240410;130733;163.34;40;10086451013;S
20240410;130733;163.34;10;10086451014;S
20240410;130733;163.34;20;10086451063;B
20240410;130734;163.32;50;10086451187;S
20240410;130734;163.32;10;10086451228;S
20240410;130734;163.34;10;10086451230;B
20240410;130735;163.34;100;10086451372;B
20240410;130735;163.34;50;10086451373;B
20240410;130736;163.36;50;10086451409;B
20240410;130736;163.36;10;10086451455;B
20240410;130738;163.34;220;10086451684;S
20240410;130738;163.32;20;10086451685;S
20240410;130738;163.32;10;10086451686;S
20240410;130738;163.32;50;10086451687;S
20240410;130741;163.32;100;10086451979;S
20240410;130741;163.3;150;10086451980;S
20240410;130741;163.3;90;10086451981;S
20240410;130741;163.28;100;10086451982;S
20240410;130741;163.28;360;10086451983;S
20240410;130743;163.34;150;10086452188;B
20240410;130743;163.36;300;10086452189;B
20240410;130743;163.36;10;10086452262;B
20240410;130744;163.36;290;10086452378;B
20240410;130744;163.36;100;10086452379;B
20240410;130744;163.38;30;10086452380;B
20240410;130744;163.38;20;10086452381;B
20240410;130744;163.4;10;10086452382;B
20240410;130744;163.4;200;10086452383;B
20240410;130744;163.4;150;10086452384;B
20240410;130744;163.4;10;10086452385;B
20240410;130744;163.4;190;10086452386;B
20240410;130746;163.4;30;10086452563;B
20240410;130747;163.38;10;10086452663;S
20240410;130747;163.34;90;10086452664;S
20240410;130752;163.36;10;10086453317;B
20240410;130754;163.38;10;10086453549;B
20240410;130756;163.38;10;10086453782;B
20240410;130756;163.38;50;10086453808;B
20240410;130758;163.34;60;10086453938;S
20240410;130758;163.34;40;10086453939;S
20240410;130758;163.38;20;10086453952;B
20240410;130758;163.4;30;10086453953;B
20240410;130759;163.38;10;10086454065;B
20240410;130759;163.38;50;10086454095;B
20240410;130801;163.4;50;10086454255;B
20240410;130803;163.4;50;10086454607;B
20240410;130804;163.36;10;10086454671;S
20240410;130805;163.38;150;10086454824;S
20240410;130806;163.4;150;10086454936;B
20240410;130806;163.4;20;10086454937;B
20240410;130806;163.4;140;10086454938;B
20240410;130808;163.4;10;10086455226;B
20240410;130809;163.38;30;10086455368;S
20240410;130809;163.38;20;10086455369;S
20240410;130809;163.4;650;10086455378;B
20240410;130809;163.4;10;10086455379;B
20240410;130809;163.4;20;10086455380;B
20240410;130809;163.4;120;10086455381;B
20240410;130809;163.4;10;10086455410;B
20240410;130810;163.38;100;10086455484;S
20240410;130811;163.38;80;10086455598;S
20240410;130811;163.38;100;10086455599;S
20240410;130813;163.36;10;10086455830;S
20240410;130815;163.38;50;10086456026;B
20240410;130815;163.38;50;10086456046;B
20240410;130815;163.38;20;10086456050;B
20240410;130816;163.38;10;10086456136;B
20240410;130816;163.38;10;10086456189;B
20240410;130819;163.36;80;10086456532;S
20240410;130819;163.36;20;10086456533;S
20240410;130822;163.38;10;10086456856;B
20240410;130822;163.38;40;10086456941;B
20240410;130824;163.34;10;10086457156;S
20240410;130825;163.38;80;10086457245;B
20240410;130825;163.38;20;10086457246;B
20240410;130825;163.38;10;10086457247;B
20240410;130825;163.4;170;10086457248;B
20240410;130825;163.4;10;10086457249;B
20240410;130825;163.4;100;10086457250;B
20240410;130825;163.4;610;10086457251;B
20240410;130825;163.34;50;10086457283;S
20240410;130825;163.34;10;10086457284;S
20240410;130825;163.32;350;10086457285;S
20240410;130825;163.32;150;10086457286;S
20240410;130825;163.3;1000;10086457287;S
20240410;130825;163.3;1760;10086457288;S
20240410;130825;163.28;1000;10086457289;S
20240410;130825;163.28;4000;10086457290;S
20240410;130825;163.26;390;10086457291;S
20240410;130825;163.26;1000;10086457292;S
20240410;130825;163.26;20;10086457293;S
20240410;130828;163.36;10;10086457616;S
20240410;130830;163.32;10;10086457850;B
20240410;130832;163.32;30;10086458047;B
20240410;130832;163.32;100;10086458100;B
20240410;130832;163.32;10;10086458110;B
20240410;130836;163.32;10;10086458481;B
20240410;130838;163.3;100;10086458703;S
20240410;130842;163.3;30;10086459155;S
20240410;130844;163.32;10;10086459391;B
20240410;130844;163.3;1470;10086459439;S
20240410;130844;163.3;200;10086459440;S
20240410;130844;163.28;150;10086459441;S
20240410;130844;163.24;330;10086459442;S
20240410;130844;163.22;130;10086459443;S
20240410;130844;163.22;10000;10086459444;S
20240410;130844;163.2;100;10086459445;S
20240410;130844;163.2;10000;10086459446;S
20240410;130844;163.2;1000;10086459447;S
20240410;130844;163.2;30;10086459542;B
20240410;130847;163.2;60;10086459821;B
20240410;130847;163.2;10;10086459849;B
20240410;130848;163.18;100;10086459929;S
20240410;130848;163.2;10;10086459931;B
20240410;130849;163.2;10;10086460002;B
20240410;130850;163.2;400;10086460071;B
20240410;130850;163.2;100;10086460072;B
20240410;130850;163.18;200;10086460164;S
20240410;130850;163.16;300;10086460165;S
20240410;130855;163.2;10;10086460620;B
20240410;130856;163.2;10;10086460856;B
20240410;130858;163.16;1320;10086461038;S
20240410;130858;163.2;1040;10086461058;B
20240410;130858;163.2;250;10086461059;B
20240410;130858;163.22;150;10086461060;B
20240410;130858;163.22;1000;10086461061;B
20240410;130858;163.22;6590;10086461062;B
20240410;130900;163.28;10;10086461347;B
20240410;130901;163.28;20;10086461393;B
20240410;130904;163.28;10;10086461819;B
20240410;130912;163.28;30;10086462853;B
20240410;130914;163.28;10;10086463025;B
20240410;130918;163.28;60;10086463502;B
20240410;130919;163.28;10;10086463640;B
20240410;130919;163.3;40;10086463641;B
20240410;130920;163.3;30;10086463738;B
20240410;130921;163.24;30;10086463879;S
20240410;130925;163.24;10;10086464426;B
20240410;130928;163.24;150;10086464709;S
20240410;130931;163.24;20;10086465288;S
20240410;130932;163.24;10;10086465490;B
20240410;130933;163.22;200;10086465592;S
20240410;130937;163.24;60;10086466086;B
20240410;130937;163.28;40;10086466087;B
20240410;130938;163.24;100;10086466273;S
20240410;130938;163.22;900;10086466274;S
20240410;130940;163.22;50;10086466433;S
20240410;130942;163.28;50;10086466657;B
20240410;130942;163.22;1200;10086466669;S
20240410;130942;163.28;10;10086466712;B
20240410;130942;163.3;50;10086466713;B
20240410;130943;163.22;200;10086466831;S
20240410;130945;163.28;20;10086467046;B
20240410;130946;163.28;20;10086467116;B
20240410;130948;163.24;40;10086467278;S
20240410;130948;163.22;160;10086467279;S
20240410;130949;163.26;10;10086467491;B
20240410;130951;163.22;20;10086467748;S
20240410;130952;163.26;10;10086467873;B
20240410;130953;163.24;100;10086467964;S
20240410;130954;163.26;20;10086468092;B
20240410;130959;163.26;10;10086468688;B
20240410;131000;163.22;1740;10086468816;S
20240410;131002;163.26;20;10086468990;B
20240410;131003;163.26;10;10086469162;B
20240410;131004;163.26;40;10086469184;B
20240410;131005;163.24;10;10086469283;S
20240410;131005;163.22;1640;10086469284;S
20240410;131013;163.24;50;10086470384;S
20240410;131013;163.24;200;10086470385;S
20240410;131013;163.22;750;10086470386;S
20240410;131014;163.22;70;10086470462;S
20240410;131019;163.26;10;10086471782;B
20240410;131021;163.22;50;10086472173;S
20240410;131022;163.26;30;10086472582;B
20240410;131024;163.26;30;10086472937;B
20240410;131027;163.24;100;10086473819;S
20240410;131027;163.22;120;10086473820;S
20240410;131030;163.26;10;10086474332;B
20240410;131031;163.28;10;10086474409;B
20240410;131031;163.28;10;10086474410;B
20240410;131031;163.22;1000;10086474489;S
20240410;131032;163.3;10;10086474584;B
20240410;131037;163.22;50;10086475262;S
20240410;131039;163.22;90;10086475771;S
20240410;131042;163.26;10;10086476315;B
20240410;131042;163.28;10;10086476316;B
20240410;131042;163.28;90;10086476405;B
20240410;131042;163.28;10;10086476406;B
20240410;131046;163.3;20;10086477086;B
20240410;131046;163.24;100;10086477133;S
20240410;131046;163.22;900;10086477134;S
20240410;131049;163.22;50;10086477463;S
20240410;131051;163.22;340;10086477670;S
20240410;131051;163.22;150;10086477671;S
20240410;131051;163.22;310;10086477672;S
20240410;131052;163.26;150;10086477834;B
20240410;131053;163.28;10;10086477904;B
20240410;131053;163.28;20;10086477941;B
20240410;131053;163.28;480;10086477973;B
20240410;131053;163.28;10;10086477974;B
20240410;131053;163.3;310;10086477975;B
20240410;131057;163.22;90;10086478417;S
20240410;131057;163.22;400;10086478418;S
20240410;131057;163.22;10;10086478419;S
20240410;131057;163.22;10;10086478425;S
20240410;131057;163.22;10;10086478428;B
20240410;131057;163.2;50;10086478483;S
20240410;131057;163.2;100;10086478484;S
20240410;131057;163.2;90;10086478485;S
20240410;131057;163.2;160;10086478486;S
20240410;131058;163.22;40;10086478550;B
20240410;131058;163.28;10;10086478551;B
20240410;131058;163.28;390;10086478589;B
20240410;131058;163.28;260;10086478590;B
20240410;131058;163.3;30;10086478597;B
20240410;131058;163.28;100;10086478619;S
20240410;131059;163.3;20;10086478853;B
20240410;131059;163.3;10;10086478854;B
20240410;131101;163.3;10;10086478971;B
20240410;131101;163.3;700;10086479044;B
20240410;131101;163.32;20;10086479045;B
20240410;131105;163.34;10;10086479395;B
20240410;131106;163.32;10;10086479517;S
20240410;131106;163.32;310;10086479521;S
20240410;131107;163.34;1490;10086479654;B
20240410;131107;163.34;100;10086479655;B
20240410;131107;163.36;360;10086479656;B
20240410;131113;163.32;160;10086480310;S
20240410;131114;163.32;20;10086480437;S
20240410;131121;163.36;1000;10086481338;B
20240410;131122;163.32;50;10086481444;S
20240410;131126;163.32;300;10086481849;S
20240410;131129;163.32;100;10086482171;S
20240410;131129;163.32;750;10086482258;S
20240410;131129;163.32;100;10086482259;S
20240410;131129;163.32;450;10086482260;S
20240410;131130;163.36;10;10086482420;B
20240410;131134;163.34;20;10086483003;B
20240410;131135;163.32;390;10086483095;S
20240410;131136;163.32;100;10086483368;S
20240410;131139;163.34;20;10086484041;B
20240410;131140;163.34;10;10086484280;B
20240410;131141;163.32;30;10086484334;S
20240410;131142;163.34;20;10086484537;B
20240410;131147;163.34;30;10086485265;B
20240410;131154;163.32;990;10086486186;S
20240410;131154;163.36;10;10086486187;B
20240410;131154;163.36;120;10086486233;B
20240410;131159;163.36;150;10086486807;B
20240410;131201;163.32;10;10086486946;S
20240410;131202;163.32;20;10086487079;S
20240410;131203;163.36;10;10086487200;B
20240410;131203;163.36;20;10086487231;B
20240410;131204;163.36;50;10086487309;B
20240410;131205;163.36;10;10086487430;B
20240410;131205;163.36;10;10086487459;B
20240410;131206;163.36;120;10086487510;B
20240410;131210;163.36;700;10086487987;B
20240410;131210;163.36;130;10086487988;B
20240410;131210;163.36;20;10086487989;B
20240410;131210;163.36;150;10086487990;B
20240410;131210;163.36;100;10086488031;B
20240410;131211;163.36;80;10086488086;B
20240410;131211;163.38;100;10086488087;B
20240410;131211;163.38;2820;10086488088;B
20240410;131211;163.38;2180;10086488109;B
20240410;131211;163.4;1820;10086488110;B
20240410;131212;163.4;10;10086488173;B
20240410;131213;163.4;10;10086488306;B
20240410;131214;163.36;10;10086488443;S
20240410;131216;163.36;90;10086488563;S
20240410;131216;163.34;60;10086488564;S
20240410;131216;163.4;10;10086488574;B
20240410;131216;163.34;20;10086488580;S
20240410;131220;163.38;20;10086489068;B
20240410;131220;163.38;10;10086489148;B
20240410;131221;163.38;70;10086489166;B
20240410;131221;163.4;30;10086489167;B
20240410;131222;163.4;200;10086489324;B
20240410;131222;163.36;10;10086489341;S
20240410;131225;163.36;90;10086489593;B
20240410;131225;163.38;410;10086489594;B
20240410;131226;163.38;100;10086489690;B
20240410;131226;163.38;200;10086489703;B
20240410;131227;163.38;100;10086489757;B
20240410;131229;163.38;40;10086489979;B
20240410;131232;163.38;150;10086490299;B
20240410;131232;163.4;50;10086490300;B
20240410;131232;163.38;10;10086490349;B
20240410;131234;163.4;10;10086490576;B
20240410;131236;163.4;200;10086490809;B
20240410;131238;163.4;20;10086490953;B
20240410;131239;163.4;200;10086491037;B
20240410;131240;163.4;10;10086491146;B
20240410;131246;163.4;800;10086491738;B
20240410;131248;163.4;100;10086492074;B
20240410;131251;163.4;10;10086492462;B
20240410;131253;163.38;30;10086492616;S
20240410;131253;163.38;470;10086492699;S
20240410;131253;163.38;30;10086492700;S
20240410;131253;163.4;10;10086492723;B
20240410;131258;163.4;10;10086493224;B
20240410;131301;163.4;10;10086493547;B
20240410;131305;163.4;50;10086493995;B
20240410;131305;163.4;50;10086494008;B
20240410;131308;163.38;10;10086494492;S
20240410;131309;163.38;320;10086494597;S
20240410;131309;163.38;100;10086494671;S
20240410;131311;163.38;10;10086494835;S
20240410;131318;163.38;30;10086500826;S
20240410;131318;163.38;50;10086500827;S
20240410;131318;163.36;10;10086500828;S
20240410;131318;163.36;150;10086500829;S
20240410;131318;163.36;50;10086500830;S
20240410;131318;163.36;110;10086500831;S
20240410;131326;163.36;10;10086506521;S
20240410;131326;163.38;130;10086506609;B
20240410;131326;163.38;30;10086506610;B
20240410;131326;163.4;510;10086506611;B
20240410;131328;163.38;60;10086507983;B
20240410;131328;163.4;40;10086507984;B
20240410;131331;163.36;10;10086510654;S
20240410;131331;163.34;120;10086510655;S
20240410;131331;163.34;10;10086510656;S
20240410;131331;163.34;10;10086510657;S
20240410;131331;163.32;100;10086510658;S
20240410;131338;163.38;10;10086516066;B
20240410;131338;163.4;70;10086516613;B
20240410;131342;163.4;160;10086520099;B
20240410;131342;163.4;100;10086520100;B
20240410;131342;163.4;170;10086520101;B
20240410;131344;163.4;660;10086521271;B
20240410;131345;163.4;20;10086522476;B
20240410;131346;163.38;300;10086523354;S
20240410;131349;163.4;30;10086525156;B
20240410;131353;163.38;700;10086529167;S
20240410;131359;163.38;10;10086533340;B
20240410;131400;163.36;10;10086534063;S
20240410;131401;163.36;100;10086534549;S
20240410;131401;163.32;100;10086534550;S
20240410;131402;163.32;80;10086536125;S
20240410;131402;163.32;110;10086536126;S
20240410;131402;163.32;10;10086536127;S
20240410;131402;163.32;20;10086536128;S
20240410;131402;163.32;150;10086536129;S
20240410;131402;163.32;50;10086536130;S
20240410;131402;163.32;30;10086536131;S
20240410;131402;163.3;460;10086536132;S
20240410;131402;163.3;10;10086536133;S
20240410;131402;163.3;310;10086536134;S
20240410;131402;163.3;10;10086536135;S
20240410;131402;163.3;100;10086536136;S
20240410;131402;163.3;360;10086536137;S
20240410;131402;163.38;10;10086536138;B
20240410;131404;163.38;10;10086538106;B
20240410;131404;163.3;400;10086538324;S
20240410;131406;163.36;10;10086540236;S
20240410;131406;163.3;90;10086540237;S
20240410;131407;163.34;10;10086541176;B
20240410;131407;163.34;10;10086541237;B
20240410;131408;163.34;40;10086542155;B
20240410;131409;163.34;10;10086543149;B
20240410;131410;163.32;10;10086543792;B
20240410;131411;163.32;20;10086544494;B
20240410;131411;163.34;80;10086544495;B
20240410;131411;163.38;270;10086544496;B
20240410;131411;163.38;40;10086544497;B
20240410;131412;163.36;10;10086545646;B
20240410;131413;163.36;100;10086545957;B
20240410;131413;163.36;10;10086546531;B
20240410;131415;163.36;30;10086548655;B
20240410;131415;163.38;3620;10086548656;B
20240410;131415;163.38;1700;10086548657;B
20240410;131417;163.38;80;10086551132;B
20240410;131419;163.34;50;10086552344;S
20240410;131419;163.34;50;10086552345;S
20240410;131419;163.36;10;10086552377;B
20240410;131423;163.36;40;10086556303;B
20240410;131423;163.38;560;10086556304;B
20240410;131423;163.34;20;10086556759;S
20240410;131425;163.38;100;10086557955;B
20240410;131425;163.34;20;10086558485;S
20240410;131426;163.34;10;10086559305;S
20240410;131427;163.38;10;10086560260;B
20240410;131428;163.38;20;10086560378;B
20240410;131430;163.38;20;10086562481;B
20240410;131430;163.4;10;10086562493;B
20240410;131430;163.4;110;10086562531;B
20240410;131430;163.4;10;10086562532;B
20240410;131430;163.4;70;10086562533;B
20240410;131435;163.38;100;10086568594;S
20240410;131439;163.4;100;10086570459;B
20240410;131440;163.4;530;10086570713;B
20240410;131440;163.4;10;10086570714;B
20240410;131440;163.4;10;10086570715;B
20240410;131440;163.4;1850;10086570716;B
20240410;131440;163.4;100;10086570717;B
20240410;131440;163.4;10;10086570718;B
20240410;131440;163.4;40;10086570719;B
20240410;131440;163.42;50;10086570720;B
20240410;131440;163.42;110;10086570721;B
20240410;131440;163.42;710;10086570722;B
20240410;131442;163.42;440;10086572328;B
20240410;131444;163.4;230;10086574910;B
20240410;131445;163.4;250;10086576311;B
20240410;131446;163.4;210;10086577241;B
20240410;131447;163.4;10;10086577894;B
20240410;131447;163.42;20;10086577895;B
20240410;131454;163.38;390;10086584226;S
20240410;131454;163.4;300;10086584267;B
20240410;131459;163.4;110;10086589596;B
20240410;131500;163.4;30;10086589770;B
20240410;131500;163.4;60;10086590122;B
20240410;131500;163.4;40;10086590123;B
20240410;131501;163.4;10;10086591016;B
20240410;131501;163.4;10;10086591052;B
20240410;131503;163.4;10;10086594056;B
20240410;131504;163.4;100;10086594120;B
20240410;131505;163.38;10;10086596359;S
20240410;131506;163.4;20;10086597040;B
20240410;131507;163.4;10;10086597116;B
20240410;131510;163.4;10;10086599532;S
20240410;131510;163.42;20;10086599536;B
20240410;131511;163.42;20;10086599651;B
20240410;131511;163.4;10;10086599985;S
20240410;131517;163.42;40;10086606518;B
20240410;131517;163.42;150;10086606519;B
20240410;131517;163.42;20;10086606520;B
20240410;131517;163.42;100;10086606521;B
20240410;131517;163.42;50;10086606720;B
20240410;131517;163.42;100;10086606907;B
20240410;131518;163.4;50;10086606939;S
20240410;131519;163.42;20;10086608601;B
20240410;131522;163.42;30;10086611175;B
20240410;131523;163.42;20;10086612246;B
20240410;131525;163.4;100;10086612937;S
20240410;131529;163.4;100;10086613311;S
20240410;131530;163.42;500;10086613479;B
20240410;131531;163.42;10;10086613564;B
20240410;131531;163.4;10;10086613628;S
20240410;131532;163.42;100;10086613711;B
20240410;131532;163.42;100;10086613732;B
20240410;131533;163.42;60;10086613783;B
20240410;131533;163.42;210;10086613787;B
20240410;131533;163.42;10;10086613817;B
20240410;131535;163.42;200;10086613939;B
20240410;131536;163.42;40;10086614121;B
20240410;131537;163.42;40;10086614143;B
20240410;131537;163.42;20;10086614144;B
20240410;131537;163.42;30;10086614145;B
20240410;131537;163.42;10;10086614146;B
20240410;131537;163.42;100;10086614203;B
20240410;131537;163.4;100;10086614341;S
20240410;131537;163.4;30;10086614342;S
20240410;131537;163.4;50;10086614343;S
20240410;131537;163.4;1220;10086614344;S
20240410;131538;163.4;200;10086614398;B
20240410;131539;163.38;50;10086614487;S
20240410;131541;163.4;200;10086614646;B
20240410;131541;163.4;300;10086614647;B
20240410;131542;163.4;10;10086614765;B
20240410;131545;163.4;450;10086615088;B
20240410;131546;163.4;10;10086615200;B
20240410;131547;163.38;10;10086615402;S
20240410;131548;163.4;1110;10086615469;B
20240410;131550;163.4;60;10086615620;B
20240410;131550;163.4;60;10086615666;B
20240410;131550;163.4;40;10086615667;B
20240410;131551;163.38;150;10086615819;S
20240410;131553;163.4;7490;10086616009;B
20240410;131555;163.4;100;10086616266;B
20240410;131555;163.4;150;10086616297;B
20240410;131555;163.4;210;10086616298;B
20240410;131557;163.4;100;10086616432;B
20240410;131559;163.4;30;10086616619;B
20240410;131559;163.38;10;10086616639;S
20240410;131603;163.4;600;10086617109;B
20240410;131607;163.4;20;10086617584;B
20240410;131610;163.4;30;10086617906;B
20240410;131614;163.38;150;10086618334;S
20240410;131616;163.4;100;10086618484;B
20240410;131619;163.4;40;10086618907;B
20240410;131622;163.38;700;10086619156;S
20240410;131623;163.38;470;10086619274;S
20240410;131625;163.4;10;10086619513;B
20240410;131626;163.4;80;10086619695;B
20240410;131626;163.4;60;10086619696;B
20240410;131626;163.38;10;10086619720;S
20240410;131629;163.4;10;10086620075;B
20240410;131631;163.4;70;10086620371;B
20240410;131631;163.4;10;10086620385;B
20240410;131631;163.42;90;10086620386;B
20240410;131635;163.4;10;10086620925;S
20240410;131635;163.42;10;10086620944;B
20240410;131637;163.4;200;10086621223;S
20240410;131640;163.4;20;10086621510;S
20240410;131641;163.4;150;10086621656;S
20240410;131642;163.4;600;10086621785;S
20240410;131644;163.4;100;10086621980;S
20240410;131648;163.4;100;10086622387;S
20240410;131650;163.4;150;10086622671;S
20240410;131650;163.4;50;10086622672;S
20240410;131652;163.4;10;10086622847;S
20240410;131652;163.4;550;10086622941;S
20240410;131652;163.4;10;10086622942;S
20240410;131652;163.4;2440;10086622943;S
20240410;131655;163.4;10;10086623236;S
20240410;131657;163.4;1220;10086623582;B
20240410;131657;163.4;700;10086623583;B
20240410;131657;163.42;1190;10086623584;B
20240410;131657;163.42;10;10086623585;B
20240410;131657;163.42;1000;10086623586;B
20240410;131657;163.44;220;10086623587;B
20240410;131657;163.44;170;10086623588;B
20240410;131657;163.44;120;10086623589;B
20240410;131657;163.44;100;10086623590;B
20240410;131657;163.44;30;10086623591;B
20240410;131657;163.44;50;10086623592;B
20240410;131657;163.44;1000;10086623593;B
20240410;131657;163.44;100;10086623594;B
20240410;131657;163.44;10;10086623595;B
20240410;131657;163.46;70;10086623596;B
20240410;131657;163.46;100;10086623597;B
20240410;131657;163.46;10;10086623598;B
20240410;131657;163.46;10;10086623599;B
20240410;131657;163.46;50;10086623600;B
20240410;131657;163.46;10;10086623601;B
20240410;131657;163.46;20;10086623602;B
20240410;131657;163.46;10;10086623603;B
20240410;131657;163.46;1190;10086623604;B
20240410;131657;163.46;100;10086623605;B
20240410;131657;163.46;1000;10086623606;B
20240410;131657;163.46;460;10086623607;B
20240410;131657;163.48;820;10086623608;B
20240410;131657;163.48;200;10086623609;B
20240410;131657;163.48;30;10086623610;B
20240410;131657;163.48;30;10086623611;B
20240410;131657;163.48;1580;10086623612;B
20240410;131657;163.48;200;10086623613;B
20240410;131657;163.48;3500;10086623614;B
20240410;131657;163.5;1500;10086623615;B
20240410;131657;163.5;100;10086623616;B
20240410;131657;163.5;50;10086623617;B
20240410;131657;163.5;100;10086623618;B
20240410;131657;163.5;50;10086623619;B
20240410;131657;163.5;20;10086623620;B
20240410;131657;163.5;90;10086623621;B
20240410;131657;163.5;270;10086623622;B
20240410;131657;163.5;200;10086623623;B
20240410;131657;163.5;2000;10086623624;B
20240410;131657;163.5;1200;10086623625;B
20240410;131657;163.5;250;10086623626;B
20240410;131657;163.5;500;10086623627;B
20240410;131657;163.5;5000;10086623628;B
20240410;131657;163.5;200;10086623629;B
20240410;131657;163.5;100;10086623630;B
20240410;131657;163.5;10;10086623631;B
20240410;131657;163.5;1500;10086623632;B
20240410;131657;163.5;50;10086623633;B
20240410;131657;163.5;20;10086623634;B
20240410;131657;163.5;100;10086623635;B
20240410;131657;163.5;5000;10086623636;B
20240410;131657;163.5;10;10086623637;B
20240410;131657;163.5;300;10086623638;B
20240410;131657;163.5;10;10086623639;B
20240410;131657;163.5;10;10086623640;B
20240410;131657;163.5;20;10086623641;B
20240410;131657;163.5;10;10086623642;B
20240410;131657;163.5;10;10086623643;B
20240410;131657;163.5;10;10086623644;B
20240410;131657;163.5;100;10086623645;B
20240410;131657;163.5;20;10086623646;B
20240410;131657;163.5;200;10086623647;B
20240410;131658;163.5;320;10086623697;S
20240410;131701;163.52;100;10086624077;B
20240410;131702;163.5;1700;10086624093;S
20240410;131704;163.5;10;10086624297;S
20240410;131704;163.52;30;10086624324;B
20240410;131704;163.52;4870;10086624385;B
20240410;131704;163.52;10;10086624386;B
20240410;131704;163.52;50;10086624387;B
20240410;131704;163.52;50;10086624388;B
20240410;131704;163.52;10;10086624389;B
20240410;131704;163.52;2000;10086624390;B
20240410;131704;163.52;270;10086624391;B
20240410;131704;163.54;1540;10086624392;B
20240410;131704;163.54;10;10086624393;B
20240410;131704;163.54;800;10086624394;B
20240410;131704;163.54;100;10086624395;B
20240410;131704;163.54;10;10086624396;B
20240410;131704;163.54;10;10086624397;B
20240410;131704;163.54;10;10086624398;B
20240410;131704;163.54;20;10086624399;B
20240410;131704;163.54;500;10086624400;B
20240410;131704;163.54;1250;10086624401;B
20240410;131704;163.54;50;10086624402;B
20240410;131706;163.54;10;10086624619;S
20240410;131707;163.56;20;10086624741;B
20240410;131710;163.54;1800;10086625084;S
20240410;131713;163.56;180;10086625325;B
20240410;131713;163.56;420;10086625326;B
20240410;131713;163.54;190;10086625330;S
20240410;131714;163.54;70;10086625387;B
20240410;131715;163.54;10;10086625508;B
20240410;131718;163.54;1000;10086625819;B
20240410;131718;163.52;170;10086625868;S
20240410;131718;163.5;100;10086625869;S
20240410;131719;163.54;30;10086625946;B
20240410;131720;163.5;70;10086626104;S
20240410;131721;163.54;50;10086626190;B
20240410;131723;163.54;50;10086626466;B
20240410;131725;163.54;10;10086626644;B
20240410;131725;163.54;430;10086626648;B
20240410;131726;163.5;240;10086626806;S
20240410;131727;163.52;110;10086626846;B
20240410;131728;163.5;500;10086626926;S
20240410;131729;163.5;100;10086627068;S
20240410;131731;163.52;20;10086627255;B
20240410;131731;163.5;10;10086627271;S
20240410;131732;163.52;150;10086627368;B
20240410;131732;163.5;100;10086627416;S
20240410;131733;163.52;20;10086627507;B
20240410;131733;163.54;10;10086627508;B
20240410;131733;163.5;10;10086627543;S
20240410;131734;163.54;500;10086627707;B
20240410;131734;163.5;470;10086627732;S
20240410;131734;163.5;390;10086627733;S
20240410;131734;163.5;10;10086627734;S
20240410;131734;163.5;130;10086627735;S
20240410;131735;163.54;30;10086627739;B
20240410;131736;163.54;1330;10086627899;B
20240410;131736;163.54;30;10086627977;B
20240410;131737;163.54;10;10086628042;B
20240410;131738;163.54;10;10086628236;B
20240410;131740;163.54;10;10086628513;B
20240410;131742;163.54;100;10086628659;B
20240410;131748;163.54;40;10086629213;B
20240410;131748;163.5;10;10086629234;S
20240410;131748;163.5;200;10086629266;S
20240410;131748;163.5;100;10086629293;S
20240410;131749;163.54;380;10086629368;B
20240410;131750;163.54;60;10086629494;B
20240410;131751;163.54;650;10086629615;B
20240410;131751;163.54;170;10086629616;B
20240410;131751;163.54;1000;10086629617;B
20240410;131751;163.56;1580;10086629618;B
20240410;131751;163.56;900;10086629619;B
20240410;131751;163.56;10;10086629620;B
20240410;131751;163.56;300;10086629621;B
20240410;131751;163.56;10;10086629622;B
20240410;131751;163.56;50;10086629623;B
20240410;131751;163.56;10;10086629624;B
20240410;131751;163.56;200;10086629625;B
20240410;131751;163.56;50;10086629626;B
20240410;131751;163.56;100;10086629627;B
20240410;131751;163.56;440;10086629628;B
20240410;131751;163.58;4360;10086629629;B
20240410;131751;163.58;40;10086629654;B
20240410;131752;163.58;20;10086629677;B
20240410;131753;163.58;18650;10086629758;B
20240410;131753;163.58;50;10086629759;B
20240410;131753;163.58;50;10086629760;B
20240410;131753;163.58;100;10086629761;B
20240410;131753;163.58;2000;10086629762;B
20240410;131753;163.58;10;10086629763;B
20240410;131753;163.58;50;10086629764;B
20240410;131753;163.58;100;10086629765;B
20240410;131753;163.6;10;10086629766;B
20240410;131753;163.6;100;10086629767;B
20240410;131753;163.6;100;10086629768;B
20240410;131753;163.6;100;10086629769;B
20240410;131753;163.6;10;10086629770;B
20240410;131753;163.6;10000;10086629771;B
20240410;131753;163.6;1000;10086629772;B
20240410;131753;163.6;10;10086629773;B
20240410;131753;163.6;100;10086629774;B
20240410;131753;163.6;20;10086629775;B
20240410;131753;163.6;110;10086629776;B
20240410;131753;163.6;1490;10086629777;B
20240410;131753;163.6;300;10086629778;B
20240410;131753;163.6;10;10086629779;B
20240410;131753;163.6;5000;10086629780;B
20240410;131753;163.6;10;10086629781;B
20240410;131753;163.6;300;10086629782;B
20240410;131753;163.6;100;10086629783;B
20240410;131753;163.6;2000;10086629784;B
20240410;131753;163.6;5120;10086629785;B
20240410;131753;163.6;800;10086629786;B
20240410;131753;163.62;10;10086629900;B
20240410;131753;163.62;20;10086629901;B
20240410;131753;163.62;280;10086629902;B
20240410;131753;163.62;10;10086629903;B
20240410;131753;163.62;10;10086629904;B
20240410;131753;163.64;100;10086629905;B
20240410;131753;163.64;200;10086629906;B
20240410;131753;163.64;100;10086629907;B
20240410;131753;163.64;10;10086629908;B
20240410;131753;163.64;50;10086629909;B
20240410;131754;163.66;10;10086630018;B
20240410;131754;163.66;370;10086630019;B
20240410;131754;163.66;200;10086630020;B
20240410;131754;163.68;50;10086630027;B
20240410;131754;163.68;10;10086630028;B
20240410;131754;163.68;10;10086630029;B
20240410;131800;163.64;20;10086630655;S
20240410;131801;163.68;10;10086630810;B
20240410;131801;163.64;10;10086630812;S
20240410;131801;163.68;10;10086630825;B
20240410;131802;163.68;10;10086630907;B
20240410;131803;163.68;40;10086631049;B
20240410;131804;163.68;20;10086631112;B
20240410;131804;163.68;270;10086631113;B
20240410;131804;163.68;20;10086631168;B
20240410;131805;163.68;10;10086631177;B
20240410;131806;163.68;50;10086631369;B
20240410;131806;163.68;10;10086631389;B
20240410;131806;163.68;80;10086631406;B
20240410;131806;163.68;1500;10086631433;B
20240410;131807;163.68;60;10086631465;B
20240410;131807;163.68;30;10086631466;B
20240410;131807;163.68;10;10086631467;B
20240410;131807;163.64;10;10086631516;S
20240410;131809;163.68;10;10086631706;B
20240410;131809;163.68;10;10086631707;B
20240410;131809;163.68;200;10086631708;B
20240410;131809;163.68;1550;10086631709;B
20240410;131809;163.7;10;10086631731;B
20240410;131809;163.7;10;10086631732;B
20240410;131809;163.7;100;10086631753;B
20240410;131809;163.7;20;10086631754;B
20240410;131810;163.7;10;10086631815;B
20240410;131811;163.7;390;10086631997;B
20240410;131811;163.7;100;10086631998;B
20240410;131811;163.7;10;10086631999;B
20240410;131811;163.7;10;10086632000;B
20240410;131811;163.7;1490;10086632001;B
20240410;131812;163.7;2070;10086632091;B
20240410;131812;163.7;20;10086632113;B
20240410;131814;163.7;620;10086632258;B
20240410;131814;163.7;40;10086632259;B
20240410;131814;163.7;100;10086632260;B
20240410;131814;163.7;40;10086632261;B
20240410;131814;163.7;20;10086632287;B
20240410;131816;163.7;1600;10086632463;B
20240410;131816;163.7;300;10086632464;B
20240410;131816;163.7;10;10086632465;B
20240410;131816;163.7;200;10086632466;B
20240410;131817;163.72;10;10086632600;B
20240410;131817;163.72;10;10086632643;B
20240410;131817;163.72;50;10086632644;B
20240410;131817;163.72;2000;10086632645;B
20240410;131818;163.74;10;10086632703;B
20240410;131818;163.7;390;10086632706;S
20240410;131818;163.7;10;10086632707;S
20240410;131818;163.7;200;10086632708;S
20240410;131818;163.7;600;10086632916;B
20240410;131818;163.72;20;10086632925;B
20240410;131819;163.72;180;10086632952;B
20240410;131819;163.74;90;10086632953;B
20240410;131819;163.74;50;10086632954;B
20240410;131819;163.74;680;10086632955;B
20240410;131819;163.74;320;10086633035;B
20240410;131819;163.74;20;10086633036;B
20240410;131819;163.74;200;10086633037;B
20240410;131819;163.72;20;10086633041;S
20240410;131819;163.72;10;10086633049;S
20240410;131820;163.76;30;10086633078;B
20240410;131820;163.72;300;10086633133;S
20240410;131821;163.76;10;10086633187;B
20240410;131821;163.72;30;10086633308;S
20240410;131823;163.76;10;10086633508;B
20240410;131823;163.76;530;10086633509;B
20240410;131824;163.76;20;10086633694;B
20240410;131824;163.74;10;10086633716;S
20240410;131824;163.74;100;10086633723;S
20240410;131825;163.76;650;10086633824;B
20240410;131825;163.76;100;10086633825;B
20240410;131825;163.76;100;10086633826;B
20240410;131826;163.78;10;10086633928;B
20240410;131826;163.78;90;10086633929;B
20240410;131826;163.78;10;10086633930;B
20240410;131826;163.78;30;10086633931;B
20240410;131826;163.78;200;10086633932;B
20240410;131826;163.78;100;10086633972;S
20240410;131826;163.76;100;10086633973;S
20240410;131827;163.8;10;10086634027;B
20240410;131827;163.74;100;10086634084;S
20240410;131827;163.76;100;10086634096;B
20240410;131827;163.8;180;10086634097;B
20240410;131827;163.8;1000;10086634098;B
20240410;131827;163.8;10;10086634099;B
20240410;131827;163.8;2350;10086634100;B
20240410;131827;163.8;10;10086634101;B
20240410;131827;163.8;50;10086634102;B
20240410;131827;163.8;10;10086634103;B
20240410;131827;163.8;10;10086634104;B
20240410;131827;163.8;20;10086634105;B
20240410;131827;163.8;10;10086634106;B
20240410;131827;163.8;200;10086634107;B
20240410;131827;163.8;50;10086634108;B
20240410;131827;163.8;10;10086634109;B
20240410;131827;163.8;10;10086634110;B
20240410;131827;163.8;300;10086634111;B
20240410;131827;163.8;10;10086634112;B
20240410;131827;163.8;320;10086634113;B
20240410;131827;163.82;50;10086634114;B
20240410;131827;163.82;110;10086634115;B
20240410;131828;163.74;10;10086634130;S
20240410;131830;163.8;200;10086634637;B
20240410;131830;163.82;490;10086634638;B
20240410;131830;163.82;100;10086634639;B
20240410;131830;163.82;1040;10086634640;B
20240410;131831;163.74;10;10086634745;S
20240410;131832;163.8;10;10086634922;B
20240410;131832;163.8;10;10086634938;B
20240410;131832;163.76;10;10086634969;S
20240410;131832;163.74;270;10086634970;S
20240410;131832;163.74;200;10086634971;S
20240410;131832;163.74;20;10086634972;S
20240410;131833;163.76;1000;10086635054;B
20240410;131835;163.76;100;10086635336;B
20240410;131835;163.72;10;10086635341;S
20240410;131836;163.74;20;10086635418;B
20240410;131837;163.74;1200;10086635590;B
20240410;131837;163.76;3870;10086635591;B
20240410;131838;163.7;20670;10086635646;S
20240410;131838;163.7;200;10086635653;S
20240410;131838;163.74;120;10086635688;B
20240410;131839;163.74;100;10086635853;B
20240410;131840;163.74;40;10086635991;B
20240410;131841;163.74;10;10086636051;B
20240410;131842;163.74;200;10086636196;B
20240410;131842;163.74;300;10086636212;B
20240410;131843;163.72;200;10086636348;B
20240410;131844;163.7;250;10086636363;S
20240410;131844;163.72;10;10086636378;B
20240410;131844;163.72;1010;10086636405;B
20240410;131844;163.74;1530;10086636406;B
20240410;131844;163.74;5000;10086636407;B
20240410;131844;163.76;350;10086636408;B
20240410;131845;163.74;470;10086636547;B
20240410;131846;163.74;10;10086636565;B
20240410;131846;163.74;10;10086636568;B
20240410;131846;163.7;8130;10086636579;S
20240410;131846;163.7;100;10086636580;S
20240410;131846;163.7;250;10086636581;S
20240410;131847;163.68;50;10086636733;S
20240410;131848;163.74;30;10086636776;B
20240410;131848;163.74;100;10086636777;B
20240410;131848;163.72;180;10086636782;B
20240410;131848;163.72;20;10086636783;B
20240410;131848;163.72;190;10086636784;B
20240410;131848;163.72;50;10086636785;B
20240410;131848;163.72;30;10086636786;B
20240410;131848;163.72;30;10086636787;B
20240410;131848;163.72;20;10086636788;B
20240410;131848;163.72;20;10086636790;B
20240410;131848;163.72;20;10086636791;B
20240410;131848;163.72;20;10086636792;B
20240410;131848;163.72;150;10086636793;B
20240410;131848;163.72;70;10086636794;B
20240410;131848;163.72;60;10086636796;B
20240410;131848;163.72;100;10086636797;B
20240410;131848;163.72;80;10086636802;B
20240410;131848;163.72;20;10086636803;B
20240410;131848;163.72;40;10086636804;B
20240410;131848;163.72;20;10086636805;B
20240410;131848;163.72;30;10086636806;B
20240410;131848;163.72;20;10086636817;B
20240410;131848;163.72;40;10086636818;B
20240410;131848;163.72;20;10086636819;B
20240410;131848;163.72;10;10086636821;B
20240410;131848;163.74;20;10086636822;B
20240410;131848;163.74;80;10086636823;B
20240410;131848;163.74;20;10086636824;B
20240410;131848;163.74;200;10086636825;B
20240410;131848;163.74;50;10086636826;B
20240410;131848;163.74;90;10086636827;B
20240410;131848;163.74;90;10086636828;B
20240410;131848;163.74;70;10086636830;B
20240410;131848;163.74;110;10086636831;B
20240410;131848;163.74;20;10086636834;B
20240410;131848;163.74;20;10086636835;B
20240410;131848;163.74;20;10086636836;B
20240410;131848;163.74;30;10086636837;B
20240410;131848;163.74;250;10086636838;B
20240410;131848;163.74;40;10086636839;B
20240410;131848;163.74;20;10086636840;B
20240410;131848;163.74;160;10086636841;B
20240410;131848;163.74;60;10086636842;B
20240410;131848;163.74;20;10086636844;B
20240410;131848;163.74;20;10086636845;B
20240410;131848;163.74;50;10086636846;B
20240410;131848;163.74;120;10086636847;B
20240410;131848;163.74;610;10086636855;B
20240410;131848;163.74;40;10086636857;B
20240410;131848;163.74;260;10086636858;B
20240410;131848;163.74;40;10086636859;B
20240410;131848;163.74;40;10086636860;B
20240410;131848;163.74;20;10086636861;B
20240410;131848;163.74;50;10086636862;B
20240410;131848;163.74;30;10086636863;B
20240410;131848;163.74;20;10086636864;B
20240410;131848;163.74;160;10086636865;B
20240410;131848;163.74;20;10086636866;B
20240410;131848;163.76;20;10086636867;B
20240410;131848;163.76;160;10086636868;B
20240410;131848;163.74;20;10086636869;B
20240410;131848;163.74;20;10086636870;B
20240410;131848;163.74;20;10086636871;B
20240410;131848;163.74;20;10086636872;B
20240410;131848;163.74;40;10086636873;B
20240410;131848;163.74;430;10086636874;B
20240410;131848;163.74;40;10086636876;B
20240410;131848;163.74;30;10086636877;B
20240410;131848;163.74;40;10086636881;B
20240410;131848;163.74;70;10086636882;B
20240410;131848;163.74;50;10086636883;B
20240410;131848;163.74;20;10086636885;B
20240410;131848;163.74;20;10086636888;B
20240410;131848;163.74;40;10086636889;B
20240410;131848;163.74;20;10086636890;B
20240410;131848;163.74;30;10086636892;B
20240410;131848;163.74;20;10086636893;B
20240410;131848;163.74;20;10086636894;B
20240410;131848;163.74;60;10086636895;B
20240410;131848;163.74;40;10086636897;B
20240410;131848;163.74;20;10086636898;B
20240410;131848;163.74;20;10086636899;B
20240410;131848;163.74;70;10086636900;B
20240410;131848;163.74;20;10086636901;B
20240410;131848;163.74;20;10086636902;B
20240410;131848;163.74;20;10086636904;B
20240410;131848;163.74;20;10086636908;B
20240410;131848;163.74;30;10086636909;B
20240410;131848;163.74;120;10086636911;B
20240410;131848;163.74;20;10086636913;B
20240410;131848;163.74;100;10086636915;B
20240410;131848;163.74;30;10086636921;B
20240410;131848;163.74;50;10086636922;B
20240410;131848;163.74;80;10086636923;B
20240410;131848;163.74;30;10086636925;B
20240410;131848;163.74;40;10086636929;B
20240410;131848;163.74;30;10086636930;B
20240410;131848;163.74;20;10086636931;B
20240410;131848;163.74;20;10086636932;B
20240410;131848;163.74;10;10086636933;B
20240410;131848;163.74;100;10086636934;B
20240410;131848;163.76;20;10086636935;B
20240410;131848;163.76;20;10086636936;B
20240410;131848;163.76;20;10086636937;B
20240410;131848;163.76;50;10086636938;B
20240410;131848;163.76;120;10086636940;B
20240410;131848;163.76;30;10086636941;B
20240410;131848;163.76;40;10086636943;B
20240410;131848;163.76;20;10086636944;B
20240410;131848;163.76;100;10086636945;B
20240410;131848;163.76;50;10086636946;B
20240410;131848;163.76;10;10086636947;B
20240410;131848;163.76;130;10086636948;B
20240410;131848;163.76;20;10086636950;B
20240410;131848;163.76;20;10086636951;B
20240410;131848;163.76;70;10086636952;B
20240410;131848;163.76;20;10086636954;B
20240410;131848;163.76;230;10086636955;B
20240410;131848;163.76;270;10086636957;B
20240410;131848;163.76;290;10086636958;B
20240410;131848;163.76;40;10086636960;B
20240410;131848;163.76;20;10086636961;B
20240410;131848;163.76;20;10086636962;B
20240410;131848;163.76;30;10086636963;B
20240410;131848;163.76;150;10086636964;B
20240410;131848;163.76;150;10086636965;B
20240410;131848;163.76;30;10086636967;B
20240410;131848;163.76;160;10086636969;B
20240410;131848;163.76;20;10086636971;B
20240410;131848;163.76;20;10086636973;B
20240410;131848;163.76;40;10086636975;B
20240410;131848;163.76;120;10086636976;B
20240410;131848;163.76;300;10086636979;B
20240410;131848;163.76;20;10086636981;B
20240410;131848;163.76;280;10086636982;B
20240410;131848;163.76;70;10086636983;B
20240410;131848;163.76;100;10086636984;B
20240410;131848;163.76;50;10086636985;B
20240410;131848;163.76;50;10086636986;B
20240410;131848;163.76;20;10086636987;B
20240410;131848;163.76;40;10086637008;B
20240410;131848;163.76;20;10086637009;B
20240410;131848;163.76;30;10086637011;B
20240410;131848;163.76;70;10086637012;B
20240410;131848;163.76;70;10086637013;B
20240410;131848;163.76;10;10086637015;B
20240410;131848;163.76;110;10086637016;B
20240410;131849;163.76;40;10086637017;B
20240410;131849;163.76;60;10086637020;B
20240410;131849;163.76;50;10086637022;B
20240410;131849;163.76;20;10086637023;B
20240410;131849;163.76;30;10086637024;B
20240410;131849;163.76;90;10086637025;B
20240410;131849;163.76;280;10086637026;B
20240410;131849;163.76;20;10086637027;B
20240410;131849;163.76;20;10086637035;B
20240410;131849;163.76;40;10086637040;B
20240410;131849;163.76;20;10086637041;B
20240410;131849;163.76;20;10086637042;B
20240410;131849;163.76;30;10086637047;B
20240410;131849;163.76;20;10086637048;B
20240410;131849;163.76;70;10086637049;B
20240410;131849;163.76;50;10086637050;B
20240410;131849;163.76;120;10086637051;B
20240410;131849;163.76;80;10086637052;B
20240410;131849;163.76;20;10086637053;B
20240410;131849;163.76;20;10086637054;B
20240410;131849;163.76;50;10086637057;B
20240410;131849;163.76;30;10086637058;B
20240410;131849;163.76;10;10086637060;B
20240410;131849;163.76;70;10086637061;B
20240410;131849;163.76;30;10086637062;B
20240410;131849;163.76;20;10086637063;B
20240410;131849;163.76;30;10086637064;B
20240410;131849;163.76;10;10086637065;B
20240410;131849;163.76;100;10086637072;B
20240410;131849;163.76;40;10086637076;B
20240410;131849;163.76;30;10086637080;B
20240410;131849;163.76;240;10086637081;B
20240410;131849;163.76;10;10086637082;B
20240410;131849;163.78;10;10086637083;B
20240410;131849;163.8;20;10086637084;B
20240410;131849;163.8;20;10086637085;B
20240410;131849;163.8;20;10086637090;B
20240410;131849;163.8;20;10086637092;B
20240410;131849;163.8;20;10086637099;B
20240410;131849;163.8;90;10086637101;B
20240410;131849;163.8;220;10086637103;B
20240410;131849;163.8;60;10086637104;B
20240410;131849;163.8;50;10086637105;B
20240410;131849;163.8;300;10086637106;B
20240410;131849;163.8;20;10086637107;B
20240410;131849;163.8;90;10086637108;B
20240410;131849;163.8;30;10086637110;B
20240410;131849;163.8;160;10086637111;B
20240410;131849;163.8;30;10086637112;B
20240410;131849;163.8;20;10086637114;B
20240410;131849;163.8;60;10086637116;B
20240410;131849;163.8;20;10086637117;B
20240410;131849;163.8;20;10086637118;B
20240410;131849;163.8;50;10086637119;B
20240410;131849;163.8;50;10086637120;B
20240410;131849;163.8;190;10086637121;B
20240410;131849;163.8;20;10086637124;B
20240410;131849;163.8;110;10086637125;B
20240410;131849;163.8;50;10086637127;B
20240410;131849;163.8;10;10086637128;B
20240410;131849;163.8;20;10086637129;B
20240410;131849;163.8;20;10086637130;B
20240410;131849;163.8;40;10086637131;B
20240410;131849;163.8;120;10086637132;B
20240410;131849;163.8;30;10086637136;B
20240410;131849;163.8;20;10086637137;B
20240410;131849;163.8;30;10086637139;B
20240410;131849;163.8;20;10086637140;B
20240410;131849;163.8;40;10086637141;B
20240410;131849;163.8;20;10086637142;B
20240410;131849;163.8;20;10086637143;B
20240410;131849;163.8;20;10086637144;B
20240410;131849;163.8;50;10086637146;B
20240410;131849;163.8;100;10086637147;B
20240410;131849;163.8;120;10086637148;B
20240410;131849;163.8;50;10086637150;B
20240410;131849;163.8;10;10086637151;B
20240410;131849;163.8;10;10086637152;B
20240410;131849;163.8;20;10086637153;B
20240410;131849;163.8;30;10086637154;B
20240410;131849;163.8;50;10086637155;B
20240410;131849;163.8;30;10086637156;B
20240410;131849;163.8;50;10086637157;B
20240410;131849;163.82;120;10086637158;B
20240410;131849;163.82;80;10086637159;B
20240410;131849;163.82;30;10086637160;B
20240410;131849;163.82;80;10086637166;B
20240410;131849;163.82;120;10086637167;B
20240410;131849;163.82;30;10086637168;B
20240410;131849;163.82;20;10086637169;B
20240410;131849;163.82;20;10086637170;B
20240410;131849;163.82;30;10086637175;B
20240410;131849;163.82;100;10086637177;B
20240410;131849;163.82;30;10086637178;B
20240410;131849;163.82;90;10086637179;B
20240410;131849;163.82;30;10086637180;B
20240410;131849;163.82;90;10086637181;B
20240410;131849;163.82;80;10086637182;B
20240410;131849;163.82;70;10086637183;B
20240410;131849;163.82;130;10086637184;B
20240410;131849;163.82;80;10086637186;B
20240410;131849;163.82;80;10086637193;B
20240410;131849;163.82;30;10086637194;B
20240410;131849;163.82;180;10086637198;B
20240410;131849;163.82;30;10086637201;B
20240410;131849;163.82;40;10086637203;B
20240410;131849;163.82;60;10086637205;B
20240410;131849;163.82;20;10086637206;B
20240410;131849;163.82;200;10086637207;B
20240410;131849;163.82;30;10086637208;B
20240410;131849;163.82;20;10086637211;B
20240410;131849;163.82;40;10086637213;B
20240410;131849;163.82;60;10086637214;B
20240410;131849;163.82;110;10086637215;B
20240410;131849;163.82;90;10086637218;B
20240410;131849;163.82;20;10086637224;B
20240410;131849;163.82;20;10086637225;B
20240410;131849;163.82;70;10086637226;B
20240410;131849;163.82;30;10086637227;B
20240410;131849;163.82;50;10086637228;B
20240410;131849;163.82;30;10086637230;B
20240410;131849;163.82;20;10086637233;B
20240410;131849;163.82;30;10086637234;B
20240410;131849;163.82;40;10086637235;B
20240410;131849;163.82;20;10086637236;B
20240410;131850;163.82;20;10086637238;B
20240410;131850;163.82;100;10086637240;B
20240410;131850;163.82;50;10086637242;B
20240410;131850;163.82;40;10086637243;B
20240410;131850;163.82;30;10086637246;B
20240410;131850;163.82;60;10086637249;B
20240410;131850;163.82;20;10086637250;B
20240410;131850;163.82;270;10086637254;B
20240410;131850;163.82;20;10086637259;B
20240410;131850;163.82;40;10086637261;B
20240410;131850;163.82;80;10086637264;B
20240410;131850;163.82;20;10086637268;B
20240410;131850;163.82;20;10086637273;B
20240410;131850;163.82;30;10086637275;B
20240410;131850;163.82;20;10086637278;B
20240410;131850;163.84;20;10086637279;B
20240410;131850;163.84;20;10086637280;B
20240410;131850;163.84;30;10086637281;B
20240410;131850;163.84;80;10086637282;B
20240410;131850;163.84;30;10086637283;B
20240410;131850;163.84;80;10086637285;B
20240410;131850;163.84;190;10086637286;B
20240410;131850;163.84;100;10086637287;B
20240410;131850;163.84;110;10086637290;B
20240410;131850;163.84;250;10086637291;B
20240410;131850;163.84;20;10086637292;B
20240410;131850;163.84;80;10086637293;B
20240410;131850;163.84;50;10086637295;B
20240410;131850;163.84;60;10086637296;B
20240410;131850;163.84;320;10086637298;B
20240410;131850;163.84;40;10086637300;B
20240410;131850;163.84;60;10086637303;B
20240410;131850;163.84;20;10086637304;B
20240410;131850;163.84;50;10086637305;B
20240410;131850;163.84;20;10086637306;B
20240410;131850;163.84;40;10086637307;B
20240410;131850;163.84;10;10086637308;B
20240410;131850;163.84;20;10086637309;B
20240410;131850;163.84;110;10086637310;B
20240410;131850;163.84;80;10086637311;B
20240410;131850;163.84;20;10086637325;B
20240410;131850;163.84;20;10086637327;B
20240410;131850;163.84;100;10086637329;B
20240410;131850;163.84;140;10086637331;B
20240410;131850;163.84;230;10086637332;B
20240410;131850;163.84;30;10086637333;B
20240410;131850;163.84;20;10086637338;B
20240410;131850;163.84;50;10086637341;B
20240410;131850;163.84;100;10086637342;B
20240410;131850;163.84;100;10086637348;B
20240410;131850;163.84;20;10086637349;B
20240410;131850;163.84;20;10086637350;B
20240410;131850;163.84;50;10086637351;B
20240410;131850;163.84;20;10086637352;B
20240410;131850;163.84;20;10086637353;B
20240410;131850;163.84;40;10086637355;B
20240410;131850;163.84;50;10086637364;B
20240410;131850;163.84;20;10086637365;B
20240410;131850;163.84;60;10086637368;B
20240410;131850;163.84;40;10086637369;B
20240410;131850;163.84;10;10086637371;B
20240410;131850;163.84;20;10086637372;B
20240410;131850;163.84;30;10086637373;B
20240410;131850;163.86;10;10086637374;B
20240410;131850;163.86;10;10086637375;B
20240410;131850;163.86;30;10086637376;B
20240410;131851;163.86;110;10086637412;B
20240410;131851;163.86;20;10086637413;B
20240410;131851;163.86;130;10086637422;B
20240410;131851;163.86;1710;10086637423;B
20240410;131851;163.86;10;10086637424;B
20240410;131851;163.86;2000;10086637425;B
20240410;131851;163.86;300;10086637426;B
20240410;131851;163.86;1400;10086637427;B
20240410;131851;163.86;2400;10086637428;B
20240410;131851;163.88;10;10086637429;B
20240410;131851;163.88;100;10086637430;B
20240410;131851;163.88;10;10086637431;B
20240410;131851;163.88;2060;10086637432;B
20240410;131851;163.88;50;10086637437;B
20240410;131851;163.88;60;10086637438;B
20240410;131851;163.88;30;10086637440;B
20240410;131851;163.88;30;10086637441;B
20240410;131851;163.88;40;10086637442;B
20240410;131851;163.88;20;10086637445;B
20240410;131851;163.88;120;10086637447;B
20240410;131851;163.88;40;10086637457;B
20240410;131851;163.88;30;10086637466;B
20240410;131851;163.88;20;10086637474;B
20240410;131851;163.86;30;10086637476;B
20240410;131851;163.86;30;10086637483;B
20240410;131851;163.86;20;10086637498;B
20240410;131851;163.86;100;10086637508;B
20240410;131851;163.8;20;10086637509;S
20240410;131851;163.86;20;10086637510;B
20240410;131851;163.86;70;10086637511;B
20240410;131851;163.86;60;10086637513;B
20240410;131851;163.86;10;10086637514;B
20240410;131851;163.86;20;10086637521;B
20240410;131852;163.86;30;10086637598;B
20240410;131852;163.8;100;10086637628;S
20240410;131852;163.82;10;10086637663;B
20240410;131853;163.82;10;10086637674;B
20240410;131854;163.78;10;10086637827;S
20240410;131854;163.82;10;10086637943;B
20240410;131854;163.86;60;10086637944;B
20240410;131854;163.86;100;10086637945;B
20240410;131854;163.88;830;10086637946;B
20240410;131855;163.8;20;10086637979;S
20240410;131856;163.8;1970;10086638078;S
20240410;131856;163.84;10;10086638085;B
20240410;131856;163.86;10;10086638100;B
20240410;131856;163.86;50;10086638152;B
20240410;131857;163.8;30;10086638269;S
20240410;131857;163.8;50;10086638270;S
20240410;131858;163.8;10;10086638315;S
20240410;131859;163.86;50;10086638447;B
20240410;131859;163.88;250;10086638448;B
20240410;131900;163.86;10;10086638613;B
20240410;131900;163.86;10;10086638614;B
20240410;131901;163.88;60;10086638632;B
20240410;131901;163.88;1360;10086638641;B
20240410;131901;163.88;50;10086638642;B
20240410;131901;163.88;10;10086638643;B
20240410;131901;163.88;1580;10086638644;B
20240410;131901;163.88;420;10086638648;B
20240410;131901;163.88;40;10086638649;B
20240410;131901;163.9;5000;10086638650;B
20240410;131901;163.9;500;10086638651;B
20240410;131901;163.9;100;10086638652;B
20240410;131901;163.9;10;10086638653;B
20240410;131901;163.9;10;10086638654;B
20240410;131901;163.9;260;10086638655;B
20240410;131901;163.9;10;10086638656;B
20240410;131901;163.9;80;10086638657;B
20240410;131901;163.9;30;10086638658;B
20240410;131901;163.9;800;10086638659;B
20240410;131901;163.9;10000;10086638660;B
20240410;131901;163.9;200;10086638661;B
20240410;131901;163.9;10;10086638662;B
20240410;131901;163.9;10;10086638663;B
20240410;131901;163.9;30;10086638664;B
20240410;131901;163.9;40;10086638665;B
20240410;131901;163.9;10;10086638666;B
20240410;131901;163.9;200;10086638667;B
20240410;131901;163.9;3700;10086638668;B
20240410;131901;163.9;300;10086638669;B
20240410;131901;163.9;100;10086638670;B
20240410;131901;163.9;210;10086638671;B
20240410;131901;163.9;100;10086638672;B
20240410;131901;163.9;20;10086638673;B
20240410;131901;163.92;100;10086638674;B
20240410;131901;163.92;500;10086638675;B
20240410;131901;163.92;10;10086638676;B
20240410;131901;163.92;1000;10086638677;B
20240410;131901;163.92;1000;10086638678;B
20240410;131901;163.92;50;10086638679;B
20240410;131901;163.92;110;10086638680;B
20240410;131901;163.94;10;10086638681;B
20240410;131901;163.94;100;10086638682;B
20240410;131901;163.94;10;10086638683;B
20240410;131901;163.94;90;10086638684;B
20240410;131901;163.94;10;10086638685;B
20240410;131901;163.94;300;10086638686;B
20240410;131901;163.94;20;10086638687;B
20240410;131901;163.94;10;10086638688;B
20240410;131901;163.96;30;10086638689;B
20240410;131901;163.96;300;10086638690;B
20240410;131901;163.96;10;10086638691;B
20240410;131901;163.96;50;10086638692;B
20240410;131901;163.96;3000;10086638693;B
20240410;131901;163.96;500;10086638694;B
20240410;131901;163.96;10000;10086638695;B
20240410;131901;163.96;10000;10086638696;B
20240410;131901;163.98;10;10086638697;B
20240410;131901;163.98;10;10086638698;B
20240410;131901;163.98;1000;10086638699;B
20240410;131901;163.98;40;10086638700;B
20240410;131901;163.98;10;10086638701;B
20240410;131901;163.98;10;10086638702;B
20240410;131901;163.98;50;10086638703;B
20240410;131901;163.98;100;10086638704;B
20240410;131901;163.98;90;10086638705;B
20240410;131901;163.98;300;10086638706;B
20240410;131901;163.98;100;10086638707;B
20240410;131901;163.98;130;10086638708;B
20240410;131901;163.98;1000;10086638709;B
20240410;131901;163.98;10;10086638710;B
20240410;131901;163.98;200;10086638711;B
20240410;131901;163.98;450;10086638712;B
20240410;131901;163.98;20;10086638713;B
20240410;131901;163.98;50;10086638714;B
20240410;131901;163.98;10;10086638715;B
20240410;131901;163.98;970;10086638716;B
20240410;131901;163.98;300;10086638717;B
20240410;131901;163.98;10;10086638718;B
20240410;131901;163.98;10;10086638719;B
20240410;131901;163.98;1000;10086638720;B
20240410;131901;163.98;160;10086638721;B
20240410;131901;163.98;300;10086638722;B
20240410;131901;163.98;46850;10086638723;B
20240410;131901;163.98;10;10086638724;B
20240410;131901;163.98;1000;10086638725;B
20240410;131901;164;100;10086638726;B
20240410;131901;164;50;10086638727;B
20240410;131901;164;20;10086638728;B
20240410;131901;164;650;10086638729;B
20240410;131901;164;10;10086638730;B
20240410;131901;164;10;10086638731;B
20240410;131901;164;10;10086638732;B
20240410;131901;164;200;10086638733;B
20240410;131901;164;10;10086638734;B
20240410;131901;164;20;10086638735;B
20240410;131901;164;50;10086638736;B
20240410;131901;164;30;10086638737;B
20240410;131901;164;510;10086638738;B
20240410;131901;164;4200;10086638739;B
20240410;131901;164;2270;10086638740;B
20240410;131901;164;1500;10086638749;B
20240410;131901;163.94;40;10086638751;S
20240410;131901;164;2000;10086638752;B
20240410;131901;164;100;10086638753;B
20240410;131901;163.94;20;10086638754;S
20240410;131901;163.94;70;10086638755;S
20240410;131901;163.92;30;10086638756;S
20240410;131901;163.92;20;10086638758;S
20240410;131901;163.92;100;10086638760;S
20240410;131901;163.9;300;10086638761;S
20240410;131901;163.98;30;10086638765;B
20240410;131901;163.98;90;10086638766;B
20240410;131901;163.96;120;10086638796;B
20240410;131901;163.98;100;10086638797;B
20240410;131901;164;80;10086638798;B
20240410;131901;164;1350;10086638799;B
20240410;131902;163.94;500;10086638825;S
20240410;131902;163.98;100;10086638826;B
20240410;131902;164;8550;10086638827;B
20240410;131902;163.92;150;10086638832;S
20240410;131902;163.9;350;10086638833;S
20240410;131902;163.9;20;10086638856;B
20240410;131902;163.9;10;10086638869;B
20240410;131902;163.9;10;10086638880;B
20240410;131903;163.9;160;10086638919;B
20240410;131903;163.9;40;10086638920;B
20240410;131903;163.9;110;10086638933;B
20240410;131904;163.92;40;10086639061;B
20240410;131905;163.92;10;10086639135;B
20240410;131905;163.88;80;10086639170;S
20240410;131905;163.86;10;10086639188;S
20240410;131906;163.92;650;10086639299;B
20240410;131906;163.96;50;10086639300;B
20240410;131906;163.96;950;10086639301;B
20240410;131907;163.9;50;10086639397;S
20240410;131907;163.88;50;10086639398;S
20240410;131907;163.88;30;10086639414;B
20240410;131907;163.88;220;10086639423;B
20240410;131907;163.86;10;10086639424;S
20240410;131908;163.88;1000;10086639480;S
20240410;131908;163.86;90;10086639481;S
20240410;131908;163.86;3090;10086639482;S
20240410;131909;163.94;1220;10086639537;B
20240410;131909;163.94;1530;10086639538;B
20240410;131909;163.96;1550;10086639539;B
20240410;131909;163.96;200;10086639540;B
20240410;131909;163.96;20;10086639541;B
20240410;131909;163.98;12480;10086639542;B
20240410;131909;163.9;230;10086639553;B
20240410;131910;163.9;1000;10086639665;B
20240410;131910;163.9;300;10086639683;B
20240410;131911;163.9;20;10086639806;B
20240410;131912;163.9;20;10086639839;B
20240410;131913;163.9;100;10086639982;B
20240410;131913;163.88;100;10086639983;S
20240410;131913;163.86;20;10086639984;S
20240410;131913;163.86;150;10086639985;S
20240410;131913;163.84;270;10086639986;S
20240410;131916;163.9;330;10086640402;B
20240410;131916;163.9;2360;10086640430;S
20240410;131916;163.9;100;10086640433;S
20240410;131917;163.9;1100;10086640508;S
20240410;131917;163.9;10;10086640519;S
20240410;131920;163.9;1000;10086640838;S
20240410;131921;163.92;50;10086640889;B
20240410;131921;163.94;150;10086640890;B
20240410;131921;163.94;100;10086640891;B
20240410;131921;163.96;1220;10086640892;B
20240410;131921;163.96;1530;10086640893;B
20240410;131921;163.96;500;10086640894;B
20240410;131921;163.96;2500;10086640895;B
20240410;131921;163.98;2520;10086640896;B
20240410;131921;163.98;10;10086640897;B
20240410;131921;163.98;2500;10086640898;B
20240410;131921;163.98;50;10086640899;B
20240410;131921;163.98;10;10086640900;B
20240410;131921;163.98;10;10086640901;B
20240410;131921;163.98;390;10086640902;B
20240410;131921;163.98;10;10086640903;B
20240410;131921;163.98;10;10086640904;B
20240410;131921;163.98;1500;10086640905;B
20240410;131921;164;27950;10086640906;B
20240410;131921;164;10;10086640907;B
20240410;131921;164;10;10086640908;B
20240410;131921;164;20;10086640909;B
20240410;131921;164;10;10086640910;B
20240410;131921;164;10;10086640911;B
20240410;131921;164;10;10086640912;B
20240410;131921;164;40;10086640913;B
20240410;131921;164;100;10086640914;B
20240410;131921;164;5000;10086640915;B
20240410;131921;164;30;10086640916;B
20240410;131921;164;10;10086640917;B
20240410;131921;164;220;10086640918;B
20240410;131921;164;10;10086640919;B
20240410;131921;164;20;10086640920;B
20240410;131921;164;100;10086640921;B
20240410;131921;164;100;10086640922;B
20240410;131921;164;180;10086640923;B
20240410;131921;164;50;10086640924;B
20240410;131921;164;130;10086640925;B
20240410;131921;164;110;10086640926;B
20240410;131921;164;20;10086640927;B
20240410;131921;164;630;10086640928;B
20240410;131921;164;120;10086640929;B
20240410;131921;164;100;10086640930;B
20240410;131921;164;10;10086640931;B
20240410;131921;164;10;10086640932;B
20240410;131921;164;500;10086640933;B
20240410;131921;164;100;10086640934;B
20240410;131921;164;10;10086640935;B
20240410;131921;164;100;10086640936;B
20240410;131921;164;100;10086640937;B
20240410;131921;164;4900;10086640938;B
20240410;131921;164;20;10086640939;B
20240410;131921;164;10;10086640940;B
20240410;131921;164;1000;10086640941;B
20240410;131921;164;10;10086640942;B
20240410;131921;164;10;10086640943;B
20240410;131921;164;30;10086640944;B
20240410;131921;164;300;10086640945;B
20240410;131921;164;10;10086640946;B
20240410;131921;164;100;10086640947;B
20240410;131921;164;10;10086640948;B
20240410;131921;164;5000;10086640949;B
20240410;131921;164;300;10086640950;B
20240410;131921;164;2000;10086640951;B
20240410;131921;164;500;10086640952;B
20240410;131921;164;10;10086640953;B
20240410;131921;164;50;10086640954;B
20240410;131921;164;410;10086640955;B
20240410;131921;164;300;10086640956;B
20240410;131921;164;20;10086640957;B
20240410;131921;164;10;10086640958;B
20240410;131921;164;300;10086640959;B
20240410;131921;164;200;10086640960;B
20240410;131921;164;150;10086640961;B
20240410;131921;164;100;10086640962;B
20240410;131921;164;100;10086640963;B
20240410;131921;164;50;10086640964;B
20240410;131921;164;10;10086640965;B
20240410;131921;164;10;10086640966;B
20240410;131921;164;10;10086640967;B
20240410;131921;164;100;10086640968;B
20240410;131921;164;100;10086640969;B
20240410;131921;164;20;10086640970;B
20240410;131921;164;20;10086640971;B
20240410;131921;164;200;10086640972;B
20240410;131921;164;100;10086640973;B
20240410;131921;164;100;10086640974;B
20240410;131921;164;2500;10086640975;B
20240410;131921;164;100;10086640976;B
20240410;131921;164;100;10086640977;B
20240410;131921;164;20;10086640978;B
20240410;131921;164;100;10086640979;B
20240410;131921;164;100;10086640980;B
20240410;131921;164;100;10086640981;B
20240410;131921;164;100;10086640982;B
20240410;131921;164;200;10086640983;B
20240410;131921;164;10;10086640984;B
20240410;131921;164;10;10086640985;B
20240410;131921;164;50;10086640986;B
20240410;131921;164;100;10086640987;B
20240410;131921;164;400;10086640988;B
20240410;131921;164;100;10086640989;B
20240410;131921;164;50;10086640990;B
20240410;131921;164;300;10086640991;B
20240410;131921;164;40;10086640992;B
20240410;131921;164;10;10086640993;B
20240410;131921;164;300;10086640994;B
20240410;131921;164;800;10086640995;B
20240410;131921;164;100;10086640996;B
20240410;131921;164;50;10086640997;B
20240410;131921;164;10;10086640998;B
20240410;131921;164;200;10086640999;B
20240410;131921;164;10;10086641000;B
20240410;131921;164;50;10086641001;B
20240410;131921;164;20;10086641002;B
20240410;131921;164;10;10086641003;B
20240410;131921;164;100;10086641004;B
20240410;131921;164;500;10086641005;B
20240410;131921;164;2000;10086641006;B
20240410;131921;164;10;10086641007;B
20240410;131921;164;10;10086641008;B
20240410;131921;164;2000;10086641009;B
20240410;131921;164;10;10086641010;B
20240410;131921;164;100;10086641011;B
20240410;131921;164;10;10086641012;B
20240410;131921;164;1700;10086641013;B
20240410;131921;164;200;10086641014;B
20240410;131921;164;30;10086641015;B
20240410;131921;164;100;10086641016;B
20240410;131921;164;10;10086641017;B
20240410;131921;164;100;10086641018;B
20240410;131921;164;50;10086641019;B
20240410;131921;164;500;10086641020;B
20240410;131921;164;30;10086641021;B
20240410;131921;164;10;10086641022;B
20240410;131921;164;300;10086641023;B
20240410;131921;164;10;10086641024;B
20240410;131921;164;10;10086641025;B
20240410;131921;164;100;10086641026;B
20240410;131921;164;30;10086641027;B
20240410;131921;164;100;10086641028;B
20240410;131921;164;400;10086641029;B
20240410;131921;164;250;10086641030;B
20240410;131921;164;10;10086641031;B
20240410;131921;164;100;10086641032;B
20240410;131921;164;300;10086641033;B
20240410;131921;164;1000;10086641034;B
20240410;131921;164;10;10086641035;B
20240410;131921;164;400;10086641036;B
20240410;131921;164;100;10086641037;B
20240410;131921;164;1000;10086641038;B
20240410;131921;164;20;10086641039;B
20240410;131921;164;320;10086641040;B
20240410;131921;164;100;10086641041;B
20240410;131921;164;500;10086641042;B
20240410;131921;164;1500;10086641043;B
20240410;131921;164;240;10086641044;B
20240410;131921;164;500;10086641045;B
20240410;131921;164;200;10086641046;B
20240410;131921;164;5000;10086641047;B
20240410;131921;164;1000;10086641048;B
20240410;131921;164;300;10086641049;B
20240410;131921;164;100;10086641050;B
20240410;131921;164;100;10086641051;B
20240410;131921;164;10;10086641052;B
20240410;131921;164;10;10086641053;B
20240410;131921;164;10;10086641054;B
20240410;131921;164;400;10086641055;B
20240410;131921;164;50;10086641056;B
20240410;131921;164;4300;10086641057;B
20240410;131921;164;50;10086641058;B
20240410;131921;164;20;10086641059;B
20240410;131921;164;30;10086641060;B
20240410;131921;164;100;10086641061;B
20240410;131921;164;100;10086641062;B
20240410;131921;164;50;10086641063;B
20240410;131921;164;100;10086641064;B
20240410;131921;164;600;10086641065;B
20240410;131921;164;1300;10086641066;B
20240410;131921;164;20;10086641067;B
20240410;131921;164;100;10086641068;B
20240410;131921;164;500;10086641069;B
20240410;131921;164;10;10086641070;B
20240410;131921;164;50;10086641071;B
20240410;131921;164;100;10086641072;B
20240410;131921;164;500;10086641073;B
20240410;131921;164;10;10086641074;B
20240410;131921;164;20;10086641075;B
20240410;131921;164;10;10086641076;B
20240410;131921;164;30;10086641077;B
20240410;131921;164;150;10086641078;B
20240410;131921;164;500;10086641079;B
20240410;131921;164;5300;10086641080;B
20240410;131921;164;200;10086641081;B
20240410;131921;164;100;10086641082;B
20240410;131921;164;30;10086641083;B
20240410;131921;164;10;10086641084;B
20240410;131921;164;10;10086641085;B
20240410;131921;164;50;10086641086;B
20240410;131921;164;1320;10086641087;B
20240410;131921;164;50;10086641088;B
20240410;131921;164;20;10086641089;B
20240410;131921;164;700;10086641090;B
20240410;131921;164;10;10086641091;B
20240410;131921;164;300;10086641092;B
20240410;131921;164;30;10086641093;B
20240410;131921;164;1000;10086641094;B
20240410;131921;164;30;10086641095;B
20240410;131921;164;100;10086641096;B
20240410;131921;164;100;10086641097;B
20240410;131921;164;200;10086641098;B
20240410;131921;164;90;10086641099;B
20240410;131921;164;300;10086641100;B
20240410;131921;164;30;10086641101;B
20240410;131921;164;300;10086641102;B
20240410;131921;164;90;10086641103;B
20240410;131921;164;1210;10086641104;B
20240410;131921;164;200;10086641105;B
20240410;131921;164;50;10086641106;B
20240410;131921;164;10;10086641107;B
20240410;131921;164;2900;10086641108;B
20240410;131921;164;70;10086641109;B
20240410;131921;164;50;10086641110;B
20240410;131921;164;150;10086641111;B
20240410;131921;164;100;10086641112;B
20240410;131921;164;50;10086641113;B
20240410;131921;164;350;10086641114;B
20240410;131921;164;700;10086641115;B
20240410;131921;164;500;10086641116;B
20240410;131921;164;1900;10086641117;B
20240410;131921;164;100;10086641118;B
20240410;131921;164;20;10086641119;B
20240410;131921;164;30;10086641120;B
20240410;131921;164;50;10086641121;B
20240410;131921;164;30;10086641122;B
20240410;131921;164;100;10086641123;B
20240410;131921;164;100;10086641124;B
20240410;131921;164;10;10086641125;B
20240410;131921;164;820;10086641126;B
20240410;131921;164;30;10086641127;B
20240410;131921;164;10;10086641128;B
20240410;131921;164;10;10086641129;B
20240410;131921;164;460;10086641130;B
20240410;131921;164;1000;10086641131;B
20240410;131921;164.02;10;10086641148;B
20240410;131922;164.02;290;10086641203;B
20240410;131922;164.02;10;10086641204;B
20240410;131922;164.02;150;10086641205;B
20240410;131922;164.02;10;10086641206;B
20240410;131922;164.02;300;10086641207;B
20240410;131922;164.02;50;10086641208;B
20240410;131922;164;10;10086641220;S
20240410;131922;164.02;500;10086641227;B
20240410;131922;164.02;200;10086641259;B
20240410;131922;164.02;50;10086641278;B
20240410;131922;164.02;200;10086641288;B
20240410;131922;164.04;20;10086641289;B
20240410;131922;164.04;10;10086641290;B
20240410;131922;164.04;1000;10086641291;B
20240410;131922;164.04;10;10086641292;B
20240410;131922;164.04;760;10086641293;B
20240410;131922;164.04;150;10086641307;B
20240410;131922;164.04;690;10086641324;B
20240410;131922;164.06;10;10086641325;B
20240410;131922;164.08;140;10086641326;B
20240410;131922;164.04;160;10086641336;S
20240410;131922;164.08;560;10086641346;B
20240410;131922;164.08;100;10086641347;B
20240410;131922;164.08;30;10086641348;B
20240410;131922;164.1;10;10086641349;B
20240410;131922;164.1;300;10086641350;B
20240410;131922;164.1;50;10086641351;B
20240410;131922;164.1;10;10086641352;B
20240410;131922;164.1;1240;10086641353;B
20240410;131923;164.04;700;10086641379;S
20240410;131923;164.04;300;10086641384;S
20240410;131923;164.08;200;10086641396;B
20240410;131924;164.1;20;10086641545;B
20240410;131925;164.06;170;10086641615;S
20240410;131925;164.06;870;10086641616;S
20240410;131925;164.04;500;10086641617;S
20240410;131925;164.04;500;10086641618;S
20240410;131925;164.04;10;10086641619;S
20240410;131925;164.04;2000;10086641620;S
20240410;131925;164.02;50;10086641621;S
20240410;131925;164.02;200;10086641622;S
20240410;131925;164;1860;10086641623;S
20240410;131925;164.08;10;10086641680;B
20240410;131925;164.08;50;10086641719;B
20240410;131926;164.08;110;10086641726;B
20240410;131926;164.08;890;10086641727;B
20240410;131926;164.02;170;10086641757;S
20240410;131926;164;1830;10086641758;S
20240410;131926;164.08;1220;10086641792;B
20240410;131926;164.08;170;10086641793;B
20240410;131926;164.1;240;10086641794;B
20240410;131926;164.1;270;10086641795;B
20240410;131926;164.1;600;10086641796;B
20240410;131927;164.08;50;10086641819;B
20240410;131927;164.1;200;10086641820;B
20240410;131927;164.1;10;10086641821;B
20240410;131927;164.1;100;10086641822;B
20240410;131927;164.1;60;10086641823;B
20240410;131928;164.04;10;10086641930;S
20240410;131928;164.1;40;10086641937;B
20240410;131928;164.1;250;10086641938;B
20240410;131928;164.12;10;10086641939;B
20240410;131928;164.12;1220;10086641940;B
20240410;131928;164.14;100;10086641941;B
20240410;131928;164.14;10;10086641942;B
20240410;131928;164.14;1420;10086641943;B
20240410;131928;164.04;10;10086641946;S
20240410;131928;164.04;10;10086641947;S
20240410;131928;164.04;3660;10086641948;S
20240410;131928;164.02;170;10086641949;S
20240410;131928;164.02;1330;10086641950;S
20240410;131928;164.02;3660;10086641951;S
20240410;131928;164;22930;10086641952;S
20240410;131928;164;1000;10086641953;S
20240410;131928;164;10000;10086641954;S
20240410;131928;163.98;3000;10086641955;S
20240410;131928;163.98;2000;10086641956;S
20240410;131928;163.98;10000;10086641957;S
20240410;131928;163.96;10000;10086641958;S
20240410;131928;163.94;10000;10086641959;S
20240410;131928;163.92;1000;10086641960;S
20240410;131928;163.9;5100;10086641961;S
20240410;131928;163.9;10000;10086641962;S
20240410;131928;163.86;100;10086641963;S
20240410;131928;163.82;200;10086641964;S
20240410;131928;163.82;1000;10086641965;S
20240410;131928;163.82;30;10086641966;S
20240410;131928;163.78;340;10086641967;S
20240410;131928;163.74;350;10086641968;S
20240410;131928;163.74;10;10086641969;S
20240410;131928;163.74;100;10086641970;S
20240410;131928;163.72;1000;10086641971;S
20240410;131928;163.7;2000;10086641972;S
20240410;131928;163.68;10;10086641973;S
20240410;131928;163.68;20;10086641974;S
20240410;131928;163.68;10;10086641975;S
20240410;131928;163.66;500;10086641976;S
20240410;131928;163.64;500;10086641977;S
20240410;131928;163.62;690;10086641978;S
20240410;131928;163.7;50;10086642054;B
20240410;131928;163.7;120;10086642055;B
20240410;131928;163.72;4880;10086642056;B
20240410;131928;163.84;10000;10086642080;B
20240410;131928;163.86;2000;10086642081;B
20240410;131928;163.86;3600;10086642082;B
20240410;131929;163.94;70;10086642101;B
20240410;131929;163.98;10;10086642188;B
20240410;131931;163.94;10;10086642421;B
20240410;131931;163.9;10;10086642437;S
20240410;131932;163.9;90;10086642537;S
20240410;131932;163.9;10;10086642538;S
20240410;131932;163.86;200;10086642539;S
20240410;131932;163.86;10;10086642540;S
20240410;131932;163.86;10;10086642541;S
20240410;131932;163.84;100;10086642542;S
20240410;131932;163.84;580;10086642543;S
20240410;131932;163.94;150;10086642574;B
20240410;131933;163.94;10;10086642638;B
20240410;131934;163.9;200;10086642750;B
20240410;131934;163.9;10;10086642751;B
20240410;131934;163.94;30;10086642752;B
20240410;131934;163.94;200;10086642753;B
20240410;131934;163.94;1120;10086642754;B
20240410;131934;163.94;350;10086642755;B
20240410;131934;163.96;3090;10086642756;B
20240410;131935;163.96;300;10086642853;B
20240410;131936;163.94;10;10086642966;B
20240410;131936;163.94;10;10086643037;B
20240410;131938;163.96;100;10086643157;B
20240410;131938;163.96;4710;10086643167;B
20240410;131939;163.94;200;10086643262;B
20240410;131940;163.94;80;10086643606;B
20240410;131940;163.96;110;10086643607;B
20240410;131942;163.92;50;10086643741;S
20240410;131942;163.9;10;10086643742;S
20240410;131942;163.88;20;10086643762;B
20240410;131942;163.86;200;10086643763;S
20240410;131942;163.84;100;10086643764;S
20240410;131943;163.88;140;10086643840;B
20240410;131943;163.92;200;10086643841;B
20240410;131943;163.92;1620;10086643842;B
20240410;131943;163.94;560;10086643843;B
20240410;131943;163.94;480;10086643844;B
20240410;131943;163.92;10;10086643855;B
20240410;131943;163.92;10;10086643872;B
20240410;131943;163.94;40;10086643877;B
20240410;131946;163.9;10;10086644228;B
20240410;131946;163.9;90;10086644238;B
20240410;131946;163.9;100;10086644239;B
20240410;131946;163.92;810;10086644240;B
20240410;131947;163.92;390;10086644311;B
20240410;131949;163.94;10;10086644635;B
20240410;131949;163.9;60;10086644693;S
20240410;131950;163.94;500;10086644734;B
20240410;131950;163.94;50;10086644787;B
20240410;131951;163.94;10;10086644840;B
20240410;131952;163.9;140;10086645094;S
20240410;131952;163.9;20;10086645095;S
20240410;131952;163.9;80;10086645096;S
20240410;131952;163.82;10;10086645097;S
20240410;131952;163.82;50;10086645098;S
20240410;131952;163.92;50;10086645100;B
20240410;131952;163.92;10;10086645116;B
20240410;131953;163.92;10;10086645142;B
20240410;131953;163.92;10;10086645183;B
20240410;131953;163.92;50;10086645194;B
20240410;131953;163.82;180;10086645238;S
20240410;131953;163.82;70;10086645239;S
20240410;131954;163.88;10;10086645332;B
20240410;131955;163.88;190;10086645413;B
20240410;131955;163.88;100;10086645414;B
20240410;131955;163.9;190;10086645415;B
20240410;131955;163.9;10;10086645416;B
20240410;131955;163.92;520;10086645417;B
20240410;131955;163.92;1530;10086645418;B
20240410;131955;163.92;3650;10086645419;B
20240410;131955;163.94;3910;10086645420;B
20240410;131955;163.94;150;10086645421;B
20240410;131955;163.96;100;10086645472;B
20240410;131956;163.94;310;10086645512;S
20240410;131956;163.96;290;10086645549;B
20240410;131956;163.96;20;10086645550;B
20240410;131956;163.96;180;10086645551;B
20240410;131956;163.96;1530;10086645552;B
20240410;131956;163.98;1660;10086645553;B
20240410;131956;163.94;180;10086645579;S
20240410;131957;163.94;200;10086645617;S
20240410;131958;163.96;100;10086645826;B
20240410;131958;163.96;230;10086645897;B
20240410;131959;163.94;10;10086645941;S
20240410;132000;163.96;200;10086646195;B
20240410;132001;163.94;10;10086646241;S
20240410;132003;163.96;10;10086646605;B
20240410;132003;163.94;20;10086646633;S
20240410;132005;163.96;100;10086646808;B
20240410;132005;163.96;890;10086646817;B
20240410;132005;163.96;2810;10086646818;B
20240410;132006;163.96;60;10086646989;B
20240410;132006;163.96;10;10086647004;B
20240410;132008;163.96;100;10086647286;B
20240410;132008;163.96;5000;10086647304;B
20240410;132009;163.96;50;10086647336;B
20240410;132009;163.94;100;10086647367;S
20240410;132010;163.96;150;10086647444;B
20240410;132010;163.96;450;10086647462;B
20240410;132010;163.96;300;10086647523;B
20240410;132010;163.94;30;10086647534;S
20240410;132010;163.96;10;10086647592;B
20240410;132012;163.96;50;10086647735;B
20240410;132012;163.96;40;10086647810;B
20240410;132013;163.96;2660;10086648075;B
20240410;132013;163.96;2000;10086648076;B
20240410;132013;163.96;2000;10086648077;B
20240410;132013;163.96;30;10086648078;B
20240410;132013;163.98;10;10086648079;B
20240410;132013;163.98;3300;10086648080;B
20240410;132014;163.98;50;10086648092;B
20240410;132015;163.96;30;10086648300;B
20240410;132015;163.96;10;10086648323;B
20240410;132015;163.96;160;10086648331;B
20240410;132015;163.96;130;10086648332;B
20240410;132016;163.98;50;10086648412;B
20240410;132016;163.98;950;10086648413;B
20240410;132017;163.96;4510;10086648488;S
20240410;132017;163.96;70;10086648597;B
20240410;132018;163.94;130;10086648677;S
20240410;132018;163.96;390;10086648693;B
20240410;132018;163.94;200;10086648721;S
20240410;132018;163.96;170;10086648723;B
20240410;132018;163.96;220;10086648758;B
20240410;132019;163.94;1500;10086648803;S
20240410;132020;163.94;50;10086648931;S
20240410;132020;163.96;50;10086648968;B
20240410;132021;163.96;500;10086649002;B
20240410;132021;163.96;100;10086649114;B
20240410;132021;163.96;60;10086649115;B
20240410;132023;163.94;200;10086649280;S
20240410;132023;163.96;500;10086649323;B
20240410;132024;163.96;590;10086649437;B
20240410;132024;163.96;80;10086649532;B
20240410;132025;163.96;200;10086649580;B
20240410;132025;163.96;20;10086649582;B
20240410;132025;163.96;200;10086649594;B
20240410;132025;163.94;10;10086649635;S
20240410;132025;163.94;250;10086649701;S
20240410;132026;163.96;100;10086649837;B
20240410;132028;163.96;100;10086650161;B
20240410;132028;163.94;100;10086650235;S
20240410;132029;163.96;1050;10086650382;B
20240410;132029;163.94;150;10086650508;S
20240410;132032;163.92;10;10086650990;B
20240410;132033;163.94;100;10086651113;B
20240410;132034;163.9;100;10086651356;S
20240410;132034;163.94;10;10086651378;B
20240410;132035;163.94;10;10086651575;B
20240410;132036;163.9;1400;10086651660;S
20240410;132036;163.9;1600;10086651661;S
20240410;132036;163.94;10;10086651680;B
20240410;132037;163.9;5000;10086651740;S
20240410;132037;163.92;270;10086651911;B
20240410;132038;163.92;30;10086651971;B
20240410;132038;163.92;50;10086652019;B
20240410;132039;163.94;100;10086652153;B
20240410;132039;163.94;50;10086652155;B
20240410;132039;163.94;200;10086652194;B
20240410;132040;163.94;100;10086652262;B
20240410;132041;163.94;630;10086652507;B
20240410;132043;163.94;2500;10086652769;B
20240410;132044;163.94;10;10086652875;B
20240410;132045;163.92;10;10086652939;S
20240410;132045;163.94;100;10086652964;B
20240410;132045;163.94;10;10086652965;B
20240410;132045;163.94;260;10086652970;B
20240410;132046;163.92;90;10086653026;S
20240410;132046;163.9;1400;10086653027;S
20240410;132046;163.9;1500;10086653028;S
20240410;132046;163.9;100;10086653029;S
20240410;132046;163.88;190;10086653030;S
20240410;132046;163.88;100;10086653031;S
20240410;132046;163.86;800;10086653032;S
20240410;132046;163.84;1690;10086653033;S
20240410;132046;163.82;10;10086653034;S
20240410;132046;163.82;3660;10086653035;S
20240410;132046;163.82;1220;10086653036;S
20240410;132046;163.82;1530;10086653037;S
20240410;132046;163.8;100;10086653038;S
20240410;132046;163.8;100;10086653039;S
20240410;132046;163.8;500;10086653040;S
20240410;132046;163.8;500;10086653041;S
20240410;132046;163.8;3500;10086653042;S
20240410;132046;163.78;1000;10086653043;S
20240410;132046;163.78;10000;10086653044;S
20240410;132046;163.78;2010;10086653045;S
20240410;132046;163.88;10;10086653050;B
20240410;132046;163.88;100;10086653061;B
20240410;132047;163.88;10;10086653241;B
20240410;132047;163.74;100;10086653287;S
20240410;132047;163.74;10;10086653299;S
20240410;132048;163.82;10;10086653446;B
20240410;132048;163.8;10;10086653486;B
20240410;132049;163.8;400;10086653540;B
20240410;132050;163.8;60;10086653688;B
20240410;132051;163.72;370;10086653899;S
20240410;132051;163.7;100;10086653900;S
20240410;132051;163.68;1220;10086653901;S
20240410;132051;163.66;200;10086653902;S
20240410;132051;163.66;840;10086653903;S
20240410;132051;163.64;250;10086653904;S
20240410;132051;163.64;20;10086653905;S
20240410;132051;163.64;7120;10086653906;S
20240410;132051;163.76;10;10086653926;B
20240410;132052;163.76;10;10086654171;B
20240410;132053;163.76;10;10086654191;B
20240410;132054;163.7;10;10086654392;B
20240410;132055;163.7;10;10086654588;B
20240410;132055;163.7;20;10086654595;B
20240410;132055;163.7;40;10086654597;B
20240410;132055;163.7;50;10086654598;B
20240410;132055;163.7;10;10086654599;B
20240410;132055;163.7;40;10086654600;B
20240410;132055;163.7;20;10086654601;B
20240410;132055;163.72;200;10086654602;B
20240410;132055;163.7;10;10086654603;B
20240410;132055;163.7;50;10086654604;B
20240410;132055;163.7;10;10086654606;B
20240410;132056;163.7;30;10086654608;B
20240410;132056;163.7;40;10086654613;B
20240410;132056;163.72;120;10086654614;B
20240410;132056;163.72;20;10086654615;B
20240410;132056;163.68;70;10086654616;B
20240410;132056;163.68;10;10086654618;B
20240410;132056;163.68;90;10086654619;B
20240410;132056;163.68;10;10086654621;B
20240410;132056;163.68;100;10086654623;B
20240410;132056;163.68;10;10086654624;B
20240410;132056;163.68;30;10086654625;B
20240410;132056;163.68;270;10086654626;B
20240410;132056;163.68;60;10086654628;B
20240410;132056;163.68;20;10086654629;B
20240410;132056;163.68;20;10086654630;B
20240410;132056;163.68;140;10086654631;B
20240410;132056;163.68;10;10086654632;B
20240410;132056;163.68;20;10086654633;B
20240410;132056;163.68;10;10086654634;B
20240410;132056;163.68;130;10086654637;B
20240410;132056;163.68;40;10086654638;B
20240410;132056;163.68;20;10086654643;B
20240410;132056;163.68;170;10086654646;B
20240410;132056;163.68;30;10086654648;B
20240410;132056;163.68;40;10086654650;B
20240410;132056;163.68;10;10086654652;B
20240410;132056;163.68;90;10086654654;B
20240410;132056;163.68;20;10086654656;B
20240410;132056;163.68;40;10086654659;B
20240410;132056;163.68;20;10086654660;B
20240410;132056;163.68;20;10086654663;B
20240410;132056;163.68;10;10086654676;B
20240410;132056;163.68;50;10086654690;B
20240410;132056;163.68;830;10086654707;B
20240410;132056;163.68;40;10086654708;B
20240410;132056;163.68;60;10086654715;B
20240410;132056;163.68;10;10086654717;B
20240410;132056;163.68;20;10086654720;B
20240410;132056;163.68;100;10086654721;B
20240410;132056;163.68;30;10086654740;B
20240410;132056;163.68;30;10086654742;B
20240410;132056;163.68;10;10086654743;B
20240410;132056;163.68;30;10086654755;B
20240410;132056;163.68;30;10086654779;B
20240410;132056;163.68;10;10086654780;B
20240410;132056;163.68;250;10086654787;B
20240410;132056;163.68;120;10086654792;B
20240410;132057;163.7;10;10086654814;B
20240410;132057;163.7;30;10086654830;B
20240410;132057;163.7;370;10086654831;B
20240410;132057;163.7;10;10086654847;B
20240410;132057;163.62;200;10086654858;S
20240410;132057;163.7;70;10086654871;B
20240410;132057;163.7;40;10086654904;B
20240410;132058;163.7;10;10086654907;B
20240410;132058;163.7;40;10086654939;B
20240410;132058;163.7;10;10086654958;B
20240410;132058;163.7;20;10086654966;B
20240410;132058;163.7;80;10086654968;B
20240410;132058;163.7;10;10086654981;B
20240410;132058;163.66;500;10086655002;S
20240410;132058;163.68;20;10086655007;B
20240410;132058;163.68;40;10086655014;B
20240410;132058;163.74;1010;10086655015;B
20240410;132058;163.76;1300;10086655016;B
20240410;132059;163.78;180;10086655041;B
20240410;132059;163.78;100;10086655055;B
20240410;132059;163.78;70;10086655068;B
20240410;132059;163.78;40;10086655069;B
20240410;132059;163.78;1230;10086655071;B
20240410;132059;163.78;40;10086655077;B
20240410;132059;163.78;20;10086655080;B
20240410;132059;163.78;320;10086655102;B
20240410;132059;163.78;50;10086655112;B
20240410;132059;163.78;50;10086655131;B
20240410;132059;163.78;420;10086655132;B
20240410;132059;163.78;130;10086655133;B
20240410;132059;163.78;200;10086655136;B
20240410;132059;163.78;20;10086655144;B
20240410;132100;163.78;100;10086655153;B
20240410;132100;163.78;20;10086655154;B
20240410;132100;163.78;50;10086655163;B
20240410;132100;163.78;30;10086655170;B
20240410;132100;163.78;100;10086655180;B
20240410;132100;163.78;30;10086655182;B
20240410;132100;163.78;460;10086655185;B
20240410;132100;163.78;2590;10086655186;B
20240410;132100;163.78;1070;10086655192;B
20240410;132100;163.78;150;10086655193;B
20240410;132100;163.78;60;10086655223;B
20240410;132100;163.78;120;10086655228;B
20240410;132100;163.78;160;10086655229;B
20240410;132100;163.78;10;10086655233;B
20240410;132100;163.78;10;10086655277;B
20240410;132101;163.78;250;10086655293;B
20240410;132101;163.78;100;10086655320;B
20240410;132101;163.78;30;10086655324;B
20240410;132101;163.78;50;10086655376;B
20240410;132101;163.78;20;10086655386;B
20240410;132101;163.78;40;10086655391;B
20240410;132102;163.78;1200;10086655441;B
20240410;132102;163.78;50;10086655447;B
20240410;132102;163.78;420;10086655470;B
20240410;132102;163.78;10;10086655526;B
20240410;132103;163.78;20;10086655549;B
20240410;132103;163.78;60;10086655553;B
20240410;132103;163.78;70;10086655555;B
20240410;132103;163.78;30;10086655570;B
20240410;132103;163.78;10;10086655577;B
20240410;132103;163.78;30;10086655583;B
20240410;132103;163.78;150;10086655622;B
20240410;132104;163.7;50;10086655666;S
20240410;132104;163.78;10;10086655684;B
20240410;132104;163.72;50;10086655707;S
20240410;132104;163.7;970;10086655708;S
20240410;132104;163.78;10;10086655709;B
20240410;132105;163.78;90;10086655750;B
20240410;132105;163.72;100;10086655856;S
20240410;132105;163.7;300;10086655857;S
20240410;132105;163.7;600;10086655858;S
20240410;132106;163.76;10;10086655941;B
20240410;132107;163.76;40;10086656181;B
20240410;132107;163.76;100;10086656182;B
20240410;132107;163.78;10;10086656183;B
20240410;132109;163.74;20;10086656436;S
20240410;132109;163.74;150;10086656454;S
20240410;132111;163.74;120;10086656722;S
20240410;132111;163.78;100;10086656769;B
20240410;132112;163.78;600;10086656884;B
20240410;132113;163.74;10;10086656963;S
20240410;132114;163.74;10;10086657165;B
20240410;132115;163.72;200;10086657179;S
20240410;132115;163.72;680;10086657180;S
20240410;132115;163.72;200;10086657229;S
20240410;132116;163.74;380;10086657307;B
20240410;132116;163.74;1000;10086657308;B
20240410;132116;163.76;200;10086657309;B
20240410;132116;163.78;370;10086657310;B
20240410;132116;163.78;50;10086657311;B
20240410;132116;163.74;590;10086657330;S
20240410;132116;163.72;1220;10086657331;S
20240410;132116;163.72;1000;10086657332;S
20240410;132116;163.72;1530;10086657333;S
20240410;132116;163.7;5660;10086657334;S
20240410;132117;163.8;10;10086657430;B
20240410;132118;163.78;200;10086657645;B
20240410;132118;163.8;390;10086657646;B
20240410;132119;163.8;300;10086657685;B
20240410;132121;163.78;10;10086657956;B
20240410;132121;163.78;20;10086657996;B
20240410;132121;163.8;90;10086657997;B
20240410;132121;163.74;10;10086658048;S
20240410;132124;163.8;240;10086658479;B
20240410;132124;163.8;10;10086658491;B
20240410;132125;163.8;10;10086658517;B
20240410;132125;163.78;70;10086658637;S
20240410;132125;163.76;80;10086658638;S
20240410;132127;163.8;40;10086658878;B
20240410;132128;163.74;80;10086659064;S
20240410;132131;163.74;410;10086659301;S
20240410;132131;163.74;10;10086659302;S
20240410;132131;163.74;170;10086659303;S
20240410;132132;163.74;1050;10086659451;S
20240410;132132;163.74;110;10086659452;S
20240410;132132;163.8;100;10086659503;B
20240410;132133;163.74;40;10086659711;S
20240410;132133;163.74;360;10086659712;S
20240410;132133;163.8;100;10086659718;B
20240410;132134;163.74;190;10086659874;S
20240410;132137;163.74;670;10086660158;S
20240410;132137;163.72;1330;10086660159;S
20240410;132138;163.78;10;10086660358;B
20240410;132140;163.78;240;10086660586;B
20240410;132140;163.78;10;10086660587;B
20240410;132141;163.78;100;10086660653;B
20240410;132142;163.76;80;10086660699;S
20240410;132143;163.78;200;10086660850;B
20240410;132149;163.76;260;10086661408;S
20240410;132152;163.78;30;10086661693;B
20240410;132154;163.78;20;10086661932;B
20240410;132154;163.78;50;10086661933;B
20240410;132154;163.78;50;10086661934;B
20240410;132154;163.78;10;10086661935;B
20240410;132154;163.78;40;10086661936;B
20240410;132154;163.8;240;10086661937;B
20240410;132154;163.8;180;10086661938;B
20240410;132154;163.8;500;10086662003;B
20240410;132155;163.8;1500;10086662066;B
20240410;132155;163.76;1000;10086662170;S
20240410;132155;163.76;10;10086662213;S
20240410;132156;163.8;100;10086662477;B
20240410;132202;163.8;10;10086663985;B
20240410;132203;163.8;20;10086664129;B
20240410;132207;163.8;10;10086664783;B
20240410;132207;163.8;120;10086664815;B
20240410;132207;163.78;200;10086664891;S
20240410;132209;163.78;300;10086665150;S
20240410;132210;163.76;100;10086665266;S
20240410;132210;163.78;1520;10086665306;B
20240410;132212;163.78;10;10086665467;B
20240410;132217;163.76;130;10086666100;S
20240410;132218;163.76;20;10086666264;S
20240410;132218;163.78;200;10086666282;B
20240410;132220;163.78;40;10086666444;B
20240410;132220;163.76;200;10086666477;S
20240410;132220;163.78;10;10086666535;B
20240410;132222;163.78;10;10086666767;B
20240410;132222;163.76;150;10086666797;S
20240410;132222;163.76;20;10086666798;S
20240410;132223;163.78;400;10086666943;B
20240410;132223;163.78;1600;10086666970;B
20240410;132223;163.78;200;10086666971;B
20240410;132223;163.8;60;10086666972;B
20240410;132223;163.8;500;10086666973;B
20240410;132223;163.8;50;10086666974;B
20240410;132223;163.8;2000;10086666975;B
20240410;132223;163.8;150;10086666976;B
20240410;132223;163.82;3960;10086666977;B
20240410;132223;163.84;7500;10086666978;B
20240410;132223;163.86;50;10086666979;B
20240410;132223;163.86;50;10086666980;B
20240410;132223;163.86;3500;10086666981;B
20240410;132223;163.86;150;10086666982;B
20240410;132223;163.88;250;10086666983;B
20240410;132223;163.88;10000;10086666984;B
20240410;132223;163.88;10000;10086666985;B
20240410;132223;163.9;500;10086666986;B
20240410;132223;163.9;60;10086666987;B
20240410;132223;163.9;50;10086666988;B
20240410;132223;163.92;10000;10086666989;B
20240410;132223;163.92;10000;10086666990;B
20240410;132223;163.92;1000;10086666991;B
20240410;132223;163.92;1220;10086666992;B
20240410;132223;163.94;760;10086666993;B
20240410;132223;163.94;100;10086666994;B
20240410;132223;163.94;10;10086666995;B
20240410;132223;163.94;10;10086666996;B
20240410;132223;163.94;1000;10086666997;B
20240410;132223;163.94;60;10086666998;B
20240410;132223;163.94;10;10086666999;B
20240410;132223;163.94;10000;10086667000;B
20240410;132223;163.94;10000;10086667001;B
20240410;132223;163.96;5670;10086667002;B
20240410;132223;163.96;1000;10086667003;B
20240410;132223;163.96;100;10086667004;B
20240410;132223;163.96;500;10086667005;B
20240410;132223;163.96;100;10086667006;B
20240410;132223;163.96;100;10086667007;B
20240410;132223;163.98;5000;10086667008;B
20240410;132223;164;10;10086667009;B
20240410;132223;164;100;10086667010;B
20240410;132223;164;50;10086667011;B
20240410;132223;164;10;10086667012;B
20240410;132223;164;100;10086667013;B
20240410;132223;164;10;10086667014;B
20240410;132223;164;100;10086667015;B
20240410;132223;164;130;10086667016;B
20240410;132223;164;10;10086667017;B
20240410;132223;164;120;10086667018;B
20240410;132223;164;10;10086667019;B
20240410;132223;164;500;10086667020;B
20240410;132223;164;50;10086667021;B
20240410;132223;164;1130;10086667022;B
20240410;132223;164;50;10086667023;B
20240410;132223;164;350;10086667024;B
20240410;132224;164;150;10086667234;B
20240410;132224;164;250;10086667235;B
20240410;132225;164;8470;10086667283;B
20240410;132225;164;100;10086667284;B
20240410;132225;164.04;110;10086667285;B
20240410;132225;164.04;50;10086667286;B
20240410;132225;164.04;500;10086667287;B
20240410;132225;164.08;100;10086667288;B
20240410;132225;164.08;50;10086667289;B
20240410;132225;164.08;50;10086667290;B
20240410;132225;164.08;200;10086667291;B
20240410;132225;164.1;370;10086667292;B
20240410;132225;164.1;1630;10086667417;B
20240410;132225;164.1;300;10086667418;B
20240410;132225;164.1;200;10086667419;B
20240410;132225;164.1;1870;10086667420;B
20240410;132225;164.1;130;10086667421;B
20240410;132225;164.12;100;10086667422;B
20240410;132225;164.14;280;10086667423;B
20240410;132227;164.16;10;10086667636;B
20240410;132227;164.16;10;10086667637;B
20240410;132227;164.16;1600;10086667638;B
20240410;132227;164.18;190;10086667639;B
20240410;132227;164.18;10;10086667640;B
20240410;132227;164.18;1180;10086667641;B
20240410;132227;164.18;40;10086667642;B
20240410;132227;164.2;10;10086667643;B
20240410;132228;164.2;40;10086667673;B
20240410;132228;164.2;50;10086667687;B
20240410;132228;164.2;10;10086667688;B
20240410;132228;164.2;100;10086667689;B
20240410;132228;164.2;280;10086667690;B
20240410;132228;164.18;10;10086667729;S
20240410;132228;164.16;70;10086667750;S
20240410;132228;164.18;1000;10086667755;B
20240410;132229;164.2;90;10086667809;B
20240410;132229;164.18;500;10086667825;S
20240410;132229;164.18;1000;10086667844;B
20240410;132229;164.2;10;10086667847;B
20240410;132230;164.2;620;10086667894;B
20240410;132230;164.2;20;10086667895;B
20240410;132230;164.2;440;10086667896;B
20240410;132230;164.2;360;10086667897;B
20240410;132230;164.2;500;10086667898;B
20240410;132230;164.2;10;10086667899;B
20240410;132230;164.2;1000;10086667900;B
20240410;132230;164.2;40;10086667901;B
20240410;132230;164.2;10;10086667902;B
20240410;132230;164.2;10;10086667923;B
20240410;132230;164.2;300;10086667924;B
20240410;132230;164.2;690;10086667925;B
20240410;132230;164.16;10;10086667961;S
20240410;132231;164.2;2310;10086668033;B
20240410;132231;164.2;30;10086668034;B
20240410;132231;164.2;1400;10086668035;B
20240410;132231;164.2;50;10086668036;B
20240410;132231;164.2;1000;10086668037;B
20240410;132231;164.2;160;10086668038;B
20240410;132231;164.2;40;10086668039;B
20240410;132231;164.2;20;10086668040;B
20240410;132231;164.2;1000;10086668041;B
20240410;132231;164.2;10;10086668042;B
20240410;132231;164.2;10;10086668043;B
20240410;132231;164.2;10;10086668044;B
20240410;132231;164.22;100;10086668045;B
20240410;132231;164.24;10;10086668046;B
20240410;132231;164.24;150;10086668047;B
20240410;132231;164.24;300;10086668048;B
20240410;132231;164.24;20;10086668049;B
20240410;132231;164.28;100;10086668050;B
20240410;132231;164.28;20;10086668051;B
20240410;132231;164.28;1220;10086668052;B
20240410;132231;164.3;50;10086668053;B
20240410;132231;164.3;40;10086668054;B
20240410;132231;164.3;30;10086668055;B
20240410;132231;164.3;50;10086668056;B
20240410;132231;164.3;50;10086668057;B
20240410;132231;164.3;10;10086668058;B
20240410;132231;164.3;500;10086668059;B
20240410;132231;164.3;20;10086668060;B
20240410;132231;164.3;50;10086668061;B
20240410;132231;164.3;10;10086668062;B
20240410;132231;164.3;1530;10086668063;B
20240410;132231;164.3;1000;10086668064;B
20240410;132231;164.3;780;10086668065;B
20240410;132231;164.32;180;10086668066;B
20240410;132231;164.32;10;10086668067;B
20240410;132231;164.32;10;10086668068;B
20240410;132231;164.32;100;10086668069;B
20240410;132231;164.32;50;10086668070;B
20240410;132231;164.32;10;10086668071;B
20240410;132231;164.32;7560;10086668072;B
20240410;132232;164.28;20;10086668169;S
20240410;132232;164.24;10;10086668170;S
20240410;132233;164.28;100;10086668301;S
20240410;132233;164.3;300;10086668309;B
20240410;132233;164.32;10;10086668310;B
20240410;132233;164.34;160;10086668311;B
20240410;132233;164.34;400;10086668312;B
20240410;132233;164.34;10;10086668313;B
20240410;132233;164.36;30;10086668314;B
20240410;132233;164.36;400;10086668315;B
20240410;132233;164.36;390;10086668316;B
20240410;132233;164.38;100;10086668317;B
20240410;132233;164.38;200;10086668318;B
20240410;132233;164.36;200;10086668361;B
20240410;132233;164.38;10;10086668391;B
20240410;132233;164.38;10;10086668392;B
20240410;132233;164.38;40;10086668393;B
20240410;132233;164.38;120;10086668394;B
20240410;132234;164.38;1410;10086668451;B
20240410;132234;164.38;920;10086668452;B
20240410;132234;164.4;200;10086668453;B
20240410;132234;164.4;360;10086668454;B
20240410;132234;164.4;100;10086668455;B
20240410;132234;164.4;10;10086668456;B
20240410;132234;164.4;440;10086668457;B
20240410;132234;164.4;1200;10086668458;B
20240410;132234;164.4;990;10086668459;B
20240410;132234;164.4;10;10086668460;B
20240410;132234;164.4;740;10086668461;B
20240410;132234;164.4;150;10086668462;B
20240410;132234;164.4;10;10086668463;B
20240410;132234;164.4;20;10086668464;B
20240410;132234;164.4;50;10086668465;B
20240410;132234;164.4;1500;10086668466;B
20240410;132234;164.4;3000;10086668467;B
20240410;132234;164.4;30;10086668468;B
20240410;132234;164.4;150;10086668469;B
20240410;132234;164.4;50;10086668470;B
20240410;132234;164.4;30;10086668471;B
20240410;132234;164.4;20;10086668472;B
20240410;132234;164.42;190;10086668473;B
20240410;132234;164.42;3420;10086668474;B
20240410;132234;164.3;200;10086668475;S
20240410;132234;164.3;800;10086668476;S
20240410;132234;164.4;90;10086668556;B
20240410;132235;164.4;110;10086668653;B
20240410;132235;164.4;390;10086668654;B
20240410;132235;164.36;200;10086668661;S
20240410;132235;164.34;1000;10086668662;S
20240410;132235;164.34;600;10086668663;S
20240410;132235;164.38;200;10086668675;B
20240410;132235;164.4;800;10086668676;B
20240410;132236;164.34;200;10086668806;S
20240410;132236;164.34;50;10086668807;S
20240410;132236;164.32;200;10086668808;S
20240410;132236;164.32;6550;10086668809;S
20240410;132237;164.38;200;10086668822;B
20240410;132237;164.4;10;10086668855;B
20240410;132237;164.4;10;10086668856;B
20240410;132239;164.38;50;10086669047;B
20240410;132239;164.4;240;10086669048;B
20240410;132239;164.4;310;10086669049;B
20240410;132239;164.32;200;10086669136;S
20240410;132239;164.32;50;10086669137;S
20240410;132239;164.38;140;10086669173;B
20240410;132239;164.38;60;10086669178;B
20240410;132239;164.4;190;10086669179;B
20240410;132240;164.4;70;10086669189;B
20240410;132240;164.32;200;10086669222;S
20240410;132240;164.32;100;10086669223;S
20240410;132240;164.32;200;10086669226;S
20240410;132240;164.3;1000;10086669227;S
20240410;132240;164.3;2480;10086669228;S
20240410;132240;164.3;20;10086669311;S
20240410;132241;164.38;200;10086669388;B
20240410;132241;164.4;960;10086669389;B
20240410;132241;164.4;230;10086669390;B
20240410;132242;164.4;70;10086669491;B
20240410;132242;164.4;200;10086669492;B
20240410;132242;164.42;230;10086669493;B
20240410;132242;164.42;10;10086669520;B
20240410;132242;164.42;20;10086669533;B
20240410;132243;164.42;50;10086669603;B
20240410;132243;164.42;1270;10086669605;B
20240410;132243;164.42;230;10086669606;B
20240410;132243;164.42;100;10086669612;B
20240410;132243;164.42;10;10086669651;B
20240410;132243;164.42;960;10086669653;B
20240410;132243;164.42;500;10086669654;B
20240410;132243;164.42;40;10086669655;B
20240410;132243;164.42;10;10086669658;B
20240410;132243;164.44;40;10086669659;B
20240410;132243;164.44;50;10086669668;B
20240410;132244;164.44;70;10086669741;B
20240410;132245;164.4;200;10086669816;S
20240410;132245;164.44;40;10086669835;B
20240410;132245;164.44;10;10086669836;B
20240410;132245;164.44;40;10086669837;B
20240410;132245;164.44;100;10086669838;B
20240410;132245;164.44;90;10086669839;B
20240410;132245;164.44;100;10086669840;B
20240410;132245;164.44;400;10086669841;B
20240410;132245;164.44;100;10086669842;B
20240410;132245;164.44;1530;10086669843;B
20240410;132245;164.46;100;10086669844;B
20240410;132245;164.46;20;10086669845;B
20240410;132245;164.46;70;10086669846;B
20240410;132245;164.46;100;10086669847;B
20240410;132245;164.46;360;10086669848;B
20240410;132245;164.46;2000;10086669849;B
20240410;132245;164.46;10;10086669850;B
20240410;132245;164.46;10;10086669851;B
20240410;132245;164.48;10;10086669852;B
20240410;132245;164.48;100;10086669853;B
20240410;132245;164.48;100;10086669854;B
20240410;132245;164.48;20;10086669855;B
20240410;132245;164.48;500;10086669856;B
20240410;132245;164.48;50;10086669857;B
20240410;132245;164.48;100;10086669858;B
20240410;132245;164.48;50;10086669859;B
20240410;132245;164.48;10;10086669860;B
20240410;132245;164.48;200;10086669861;B
20240410;132245;164.48;10;10086669862;B
20240410;132245;164.48;1650;10086669863;B
20240410;132245;164.46;1530;10086669893;B
20240410;132245;164.48;2820;10086669894;B
20240410;132245;164.48;50;10086669895;B
20240410;132245;164.48;1000;10086669896;B
20240410;132245;164.48;100;10086669897;B
20240410;132246;164.46;10;10086670009;B
20240410;132247;164.46;1520;10086670213;B
20240410;132247;164.48;710;10086670278;B
20240410;132247;164.46;170;10086670279;S
20240410;132248;164.46;50;10086670326;S
20240410;132248;164.48;230;10086670362;B
20240410;132248;164.48;10;10086670412;B
20240410;132249;164.48;1780;10086670419;B
20240410;132249;164.48;120;10086670420;B
20240410;132249;164.48;100;10086670421;B
20240410;132249;164.48;40;10086670443;B
20240410;132249;164.48;20;10086670455;B
20240410;132249;164.46;20;10086670528;S
20240410;132250;164.48;40;10086670618;B
20240410;132250;164.46;300;10086670634;S
20240410;132251;164.48;30;10086670690;B
20240410;132251;164.48;260;10086670714;B
20240410;132251;164.48;70;10086670735;B
20240410;132252;164.48;2000;10086670841;B
20240410;132252;164.48;70;10086670847;B
20240410;132252;164.48;120;10086670862;B
20240410;132252;164.48;10;10086670874;B
20240410;132252;164.48;20;10086670883;B
20240410;132252;164.48;40;10086670894;B
20240410;132252;164.48;20;10086670910;B
20240410;132252;164.48;240;10086670951;B
20240410;132252;164.48;10;10086670961;B
20240410;132252;164.48;760;10086670963;B
20240410;132252;164.48;3740;10086670964;B
20240410;132252;164.48;150;10086670965;B
20240410;132252;164.48;10;10086670969;B
20240410;132253;164.48;10;10086670986;B
20240410;132253;164.46;250;10086670987;S
20240410;132253;164.48;10;10086670989;B
20240410;132253;164.48;350;10086670997;B
20240410;132253;164.48;10;10086671012;B
20240410;132253;164.48;20;10086671013;B
20240410;132253;164.48;10;10086671022;B
20240410;132253;164.48;30;10086671032;B
20240410;132253;164.48;10;10086671038;B
20240410;132253;164.48;50;10086671041;B
20240410;132253;164.48;10;10086671043;B
20240410;132253;164.48;10;10086671057;B
20240410;132253;164.46;40;10086671078;S
20240410;132253;164.48;20;10086671085;B
20240410;132253;164.48;10;10086671090;B
20240410;132253;164.48;30;10086671091;B
20240410;132253;164.48;10;10086671110;B
20240410;132253;164.46;200;10086671111;S
20240410;132253;164.48;60;10086671119;B
20240410;132254;164.48;30;10086671201;B
20240410;132254;164.48;10;10086671202;B
20240410;132254;164.46;10;10086671223;S
20240410;132254;164.48;60;10086671236;B
20240410;132254;164.48;20;10086671237;B
20240410;132254;164.48;120;10086671269;B
20240410;132254;164.48;10;10086671273;B
20240410;132254;164.48;10;10086671280;B
20240410;132254;164.48;840;10086671290;B
20240410;132254;164.48;140;10086671293;B
20240410;132254;164.48;10;10086671314;B
20240410;132254;164.48;10;10086671315;B
20240410;132254;164.48;10;10086671317;B
20240410;132254;164.48;1230;10086671336;B
20240410;132254;164.48;10;10086671346;B
20240410;132254;164.48;80;10086671356;B
20240410;132255;164.48;20;10086671371;B
20240410;132255;164.46;10;10086671382;S
20240410;132255;164.48;20;10086671445;B
20240410;132255;164.48;10;10086671451;B
20240410;132255;164.48;10;10086671458;B
20240410;132255;164.48;30;10086671459;B
20240410;132255;164.48;270;10086671658;B
20240410;132255;164.48;230;10086671659;B
20240410;132255;164.46;1000;10086671681;S
20240410;132255;164.48;140;10086671723;B
20240410;132255;164.48;80;10086671728;B
20240410;132255;164.48;3150;10086671730;B
20240410;132255;164.5;50;10086671731;B
20240410;132255;164.5;50;10086671732;B
20240410;132255;164.5;750;10086671733;B
20240410;132255;164.5;1000;10086671734;B
20240410;132255;164.5;20;10086671735;B
20240410;132255;164.5;20;10086671736;B
20240410;132255;164.5;10;10086671737;B
20240410;132255;164.5;100;10086671738;B
20240410;132255;164.5;300;10086671739;B
20240410;132255;164.5;100;10086671740;B
20240410;132255;164.5;100;10086671741;B
20240410;132255;164.5;50;10086671742;B
20240410;132255;164.5;50;10086671743;B
20240410;132255;164.5;500;10086671744;B
20240410;132255;164.5;10;10086671745;B
20240410;132255;164.5;10;10086671746;B
20240410;132255;164.5;200;10086671747;B
20240410;132255;164.5;400;10086671748;B
20240410;132255;164.5;1500;10086671749;B
20240410;132255;164.5;50;10086671750;B
20240410;132255;164.5;100;10086671751;B
20240410;132255;164.5;100;10086671752;B
20240410;132255;164.5;20;10086671753;B
20240410;132255;164.5;100;10086671754;B
20240410;132255;164.5;20;10086671755;B
20240410;132255;164.5;66240;10086671756;B
20240410;132255;164.5;200;10086671758;B
20240410;132255;164.5;100;10086671760;B
20240410;132255;164.5;410;10086671761;B
20240410;132255;164.5;10;10086671787;B
20240410;132255;164.5;10;10086671862;B
20240410;132255;164.5;70;10086671863;B
20240410;132255;164.5;30;10086671874;B
20240410;132256;164.5;80;10086671883;B
20240410;132256;164.5;10;10086671888;B
20240410;132256;164.5;20;10086671909;B
20240410;132256;164.5;10;10086671918;B
20240410;132256;164.5;2000;10086671920;B
20240410;132256;164.48;130;10086671922;S
20240410;132256;164.46;1220;10086671923;S
20240410;132256;164.5;40;10086671942;B
20240410;132256;164.5;10;10086671944;B
20240410;132256;164.5;100;10086672008;B
20240410;132256;164.5;10;10086672014;B
20240410;132256;164.5;220;10086672015;B
20240410;132256;164.5;10;10086672018;B
20240410;132256;164.5;380;10086672057;B
20240410;132256;164.5;1500;10086672064;B
20240410;132257;164.5;160;10086672095;B
20240410;132257;164.5;70;10086672097;B
20240410;132257;164.5;80;10086672100;B
20240410;132257;164.5;20;10086672108;B
20240410;132257;164.5;50;10086672111;B
20240410;132257;164.5;40;10086672114;B
20240410;132257;164.5;10;10086672119;B
20240410;132257;164.5;3560;10086672140;B
20240410;132257;164.5;10;10086672147;B
20240410;132257;164.5;10;10086672205;B
20240410;132257;164.5;80;10086672210;B
20240410;132257;164.5;10;10086672265;B
20240410;132257;164.5;100;10086672268;B
20240410;132257;164.5;20;10086672271;B
20240410;132257;164.5;50;10086672310;B
20240410;132257;164.5;20;10086672351;B
20240410;132257;164.5;40;10086672365;B
20240410;132258;164.5;40;10086672375;B
20240410;132258;164.5;10;10086672376;B
20240410;132258;164.5;100;10086672385;B
20240410;132258;164.48;10;10086672395;B
20240410;132258;164.5;390;10086672396;B
20240410;132258;164.5;18000;10086672412;B
20240410;132258;164.5;130;10086672425;B
20240410;132258;164.5;10;10086672429;B
20240410;132258;164.5;40;10086672438;B
20240410;132258;164.48;10;10086672472;B
20240410;132258;164.48;30;10086672480;B
20240410;132259;164.48;170;10086672495;B
20240410;132259;164.48;200;10086672499;B
20240410;132259;164.48;260;10086672541;B
20240410;132259;164.48;320;10086672544;B
20240410;132259;164.48;10;10086672548;B
20240410;132259;164.5;20;10086672549;B
20240410;132259;164.5;500;10086672628;B
20240410;132300;164.5;40;10086672661;B
20240410;132300;164.5;40;10086672664;B
20240410;132300;164.5;180;10086672665;B
20240410;132300;164.46;100;10086672676;S
20240410;132300;164.46;20;10086672680;S
20240410;132300;164.5;110;10086672699;B
20240410;132300;164.5;30;10086672713;B
20240410;132300;164.5;40;10086672747;B
20240410;132300;164.5;420;10086672786;B
20240410;132301;164.5;12730;10086672805;B
20240410;132301;164.5;10;10086672806;B
20240410;132301;164.5;100;10086672807;B
20240410;132301;164.5;30;10086672808;B
20240410;132301;164.5;10;10086672809;B
20240410;132301;164.5;50;10086672810;B
20240410;132301;164.5;100;10086672811;B
20240410;132301;164.5;100;10086672812;B
20240410;132301;164.5;800;10086672813;B
20240410;132301;164.5;150;10086672814;B
20240410;132301;164.5;100;10086672815;B
20240410;132301;164.5;600;10086672816;B
20240410;132301;164.5;1500;10086672817;B
20240410;132301;164.5;100;10086672818;B
20240410;132301;164.5;1210;10086672819;B
20240410;132301;164.5;300;10086672820;B
20240410;132301;164.5;2000;10086672821;B
20240410;132301;164.5;20;10086672822;B
20240410;132301;164.5;10;10086672823;B
20240410;132301;164.5;510;10086672824;B
20240410;132301;164.5;10;10086672825;B
20240410;132301;164.5;100;10086672826;B
20240410;132301;164.5;30;10086672827;B
20240410;132301;164.5;2000;10086672828;B
20240410;132301;164.5;10;10086672829;B
20240410;132301;164.5;2000;10086672830;B
20240410;132301;164.52;10;10086672854;B
20240410;132301;164.52;30;10086672857;B
20240410;132301;164.5;10;10086672877;S
20240410;132301;164.52;10;10086672889;B
20240410;132301;164.52;10;10086672890;B
20240410;132301;164.52;10;10086672891;B
20240410;132301;164.54;30;10086672892;B
20240410;132301;164.5;10;10086672904;S
20240410;132301;164.54;430;10086672911;B
20240410;132301;164.56;200;10086672912;B
20240410;132301;164.58;100;10086672913;B
20240410;132301;164.58;50;10086672914;B
20240410;132301;164.58;20;10086672915;B
20240410;132302;164.58;20;10086673087;B
20240410;132302;164.58;10;10086673088;B
20240410;132302;164.58;10;10086673099;B
20240410;132302;164.54;160;10086673129;S
20240410;132302;164.58;10;10086673143;B
20240410;132303;164.54;10;10086673252;S
20240410;132304;164.58;250;10086673373;B
20240410;132304;164.54;40;10086673384;S
20240410;132304;164.52;170;10086673385;S
20240410;132304;164.54;250;10086673392;S
20240410;132304;164.52;30;10086673393;S
20240410;132304;164.52;620;10086673394;S
20240410;132304;164.58;40;10086673401;B
20240410;132304;164.58;100;10086673411;B
20240410;132305;164.58;40;10086673454;B
20240410;132306;164.52;50;10086673549;S
20240410;132306;164.5;4880;10086673550;S
20240410;132306;164.56;200;10086673587;B
20240410;132306;164.56;10;10086673588;B
20240410;132306;164.58;10;10086673589;B
20240410;132306;164.58;170;10086673590;B
20240410;132306;164.6;50;10086673591;B
20240410;132306;164.6;60;10086673592;B
20240410;132306;164.6;70;10086673593;B
20240410;132306;164.6;100;10086673594;B
20240410;132306;164.6;10;10086673595;B
20240410;132306;164.6;10;10086673596;B
20240410;132306;164.6;50;10086673597;B
20240410;132306;164.6;260;10086673598;B
20240410;132306;164.58;30;10086673603;B
20240410;132307;164.58;250;10086673665;S
20240410;132307;164.58;200;10086673710;S
20240410;132307;164.6;40;10086673712;B
20240410;132307;164.6;300;10086673713;B
20240410;132307;164.6;50;10086673714;B
20240410;132307;164.6;80;10086673715;B
20240410;132307;164.58;50;10086673778;S
20240410;132308;164.6;220;10086673824;B
20240410;132308;164.6;10;10086673825;B
20240410;132308;164.6;10;10086673826;B
20240410;132308;164.6;260;10086673827;B
20240410;132308;164.58;10;10086673884;S
20240410;132310;164.6;300;10086674061;B
20240410;132310;164.6;400;10086674078;B
20240410;132311;164.6;1370;10086674215;B
20240410;132311;164.6;650;10086674217;B
20240410;132311;164.58;50;10086674219;S
20240410;132311;164.6;20;10086674222;B
20240410;132311;164.6;20;10086674223;B
20240410;132311;164.6;300;10086674224;B
20240410;132311;164.62;100;10086674225;B
20240410;132311;164.62;10;10086674226;B
20240410;132311;164.62;10;10086674227;B
20240410;132311;164.62;100;10086674228;B
20240410;132311;164.64;10;10086674229;B
20240410;132311;164.64;200;10086674230;B
20240410;132311;164.64;20;10086674231;B
20240410;132311;164.64;200;10086674232;B
20240410;132311;164.66;50;10086674233;B
20240410;132311;164.66;250;10086674234;B
20240410;132311;164.66;700;10086674235;B
20240410;132311;164.66;10;10086674236;B
20240410;132311;164.66;500;10086674237;B
20240410;132311;164.66;10;10086674238;B
20240410;132311;164.68;20;10086674239;B
20240410;132311;164.68;20;10086674240;B
20240410;132311;164.68;350;10086674241;B
20240410;132311;164.68;10;10086674242;B
20240410;132311;164.68;490;10086674243;B
20240410;132311;164.68;50;10086674244;B
20240410;132311;164.68;430;10086674245;B
20240410;132311;164.7;100;10086674246;B
20240410;132311;164.7;10;10086674247;B
20240410;132311;164.7;300;10086674248;B
20240410;132311;164.7;100;10086674249;B
20240410;132311;164.7;500;10086674250;B
20240410;132311;164.7;250;10086674251;B
20240410;132311;164.7;10;10086674252;B
20240410;132311;164.7;50;10086674253;B
20240410;132311;164.7;10;10086674254;B
20240410;132311;164.7;30;10086674255;B
20240410;132311;164.7;500;10086674256;B
20240410;132311;164.7;1260;10086674257;B
20240410;132311;164.62;50;10086674292;S
20240410;132311;164.7;670;10086674301;B
20240410;132312;164.62;150;10086674347;S
20240410;132312;164.58;850;10086674348;S
20240410;132312;164.58;10;10086674349;S
20240410;132312;164.66;10;10086674360;B
20240410;132312;164.58;270;10086674376;S
20240410;132312;164.58;500;10086674377;S
20240410;132312;164.58;200;10086674378;S
20240410;132312;164.56;30;10086674379;S
20240410;132312;164.58;20;10086674382;S
20240410;132312;164.58;100;10086674389;S
20240410;132312;164.66;40;10086674401;B
20240410;132312;164.68;560;10086674402;B
20240410;132313;164.58;10;10086674468;S
20240410;132314;164.58;10;10086674618;S
20240410;132315;164.6;10;10086674966;B
20240410;132315;164.6;90;10086675023;B
20240410;132315;164.6;20;10086675024;B
20240410;132316;164.6;200;10086675062;S
20240410;132316;164.6;10;10086675111;S
20240410;132316;164.6;680;10086675113;S
20240410;132316;164.54;90;10086675114;S
20240410;132316;164.54;40;10086675115;S
20240410;132316;164.54;1880;10086675116;S
20240410;132316;164.54;390;10086675117;S
20240410;132316;164.58;200;10086675119;S
20240410;132317;164.62;10;10086675224;B
20240410;132317;164.62;300;10086675225;B
20240410;132317;164.64;1000;10086675226;B
20240410;132317;164.64;10;10086675227;B
20240410;132317;164.64;10;10086675228;B
20240410;132317;164.66;200;10086675229;B
20240410;132317;164.66;230;10086675230;B
20240410;132317;164.66;1500;10086675231;B
20240410;132317;164.66;350;10086675232;B
20240410;132317;164.68;2740;10086675233;B
20240410;132317;164.66;10;10086675255;B
20240410;132318;164.58;100;10086675297;S
20240410;132318;164.66;20;10086675307;B
20240410;132318;164.58;100;10086675385;S
20240410;132319;164.6;10;10086675486;S
20240410;132319;164.58;10;10086675487;S
20240410;132320;164.6;50;10086675604;B
20240410;132320;164.64;10;10086675605;B
20240410;132320;164.66;170;10086675606;B
20240410;132320;164.66;20;10086675607;B
20240410;132320;164.58;100;10086675612;S
20240410;132320;164.66;10;10086675658;B
20240410;132320;164.66;70;10086675677;B
20240410;132320;164.66;300;10086675678;B
20240410;132320;164.66;80;10086675679;B
20240410;132320;164.68;2200;10086675680;B
20240410;132320;164.68;1000;10086675681;B
20240410;132320;164.68;100;10086675682;B
20240410;132320;164.7;70;10086675683;B
20240410;132320;164.7;100;10086675684;B
20240410;132320;164.7;500;10086675685;B
20240410;132320;164.7;300;10086675686;B
20240410;132320;164.7;10;10086675687;B
20240410;132320;164.7;10;10086675688;B
20240410;132320;164.7;50;10086675689;B
20240410;132320;164.7;10;10086675690;B
20240410;132320;164.7;20;10086675691;B
20240410;132320;164.7;40;10086675692;B
20240410;132320;164.7;100;10086675693;B
20240410;132320;164.72;100;10086675694;B
20240410;132320;164.72;1000;10086675695;B
20240410;132320;164.72;10;10086675696;B
20240410;132320;164.72;10;10086675697;B
20240410;132320;164.72;100;10086675698;B
20240410;132320;164.72;10;10086675699;B
20240410;132320;164.72;40;10086675700;B
20240410;132320;164.74;10;10086675701;B
20240410;132320;164.74;1000;10086675702;B
20240410;132320;164.74;1170;10086675703;B
20240410;132320;164.74;110;10086675704;B
20240410;132320;164.76;10;10086675705;B
20240410;132320;164.76;7670;10086675706;B
20240410;132321;164.64;70;10086675727;S
20240410;132321;164.64;130;10086675741;S
20240410;132321;164.64;120;10086675742;S
20240410;132321;164.66;100;10086675799;S
20240410;132322;164.66;100;10086675832;S
20240410;132322;164.66;30;10086675833;S
20240410;132322;164.66;10;10086675834;S
20240410;132322;164.66;40;10086675835;S
20240410;132322;164.64;320;10086675836;S
20240410;132322;164.66;40;10086675849;S
20240410;132322;164.64;60;10086675850;S
20240410;132322;164.74;70;10086675862;B
20240410;132322;164.74;50;10086675863;B
20240410;132322;164.72;120;10086675871;B
20240410;132322;164.64;80;10086675876;S
20240410;132322;164.64;100;10086675909;S
20240410;132323;164.64;20;10086675974;S
20240410;132324;164.72;80;10086676022;B
20240410;132324;164.72;100;10086676023;B
20240410;132324;164.72;10;10086676024;B
20240410;132324;164.72;60;10086676025;B
20240410;132324;164.72;340;10086676034;B
20240410;132324;164.72;130;10086676035;B
20240410;132324;164.74;950;10086676036;B
20240410;132324;164.74;280;10086676037;B
20240410;132324;164.7;300;10086676109;B
20240410;132325;164.68;100;10086676215;S
20240410;132325;164.7;10;10086676227;B
20240410;132325;164.7;10;10086676244;B
20240410;132326;164.66;30;10086676270;S
20240410;132327;164.66;100;10086676394;S
20240410;132327;164.7;200;10086676410;B
20240410;132327;164.7;480;10086676440;B
20240410;132327;164.7;20;10086676441;B
20240410;132328;164.7;230;10086676520;B
20240410;132328;164.72;140;10086676521;B
20240410;132328;164.72;1000;10086676522;B
20240410;132328;164.72;1000;10086676523;B
20240410;132328;164.74;3930;10086676524;B
20240410;132328;164.72;10;10086676588;B
20240410;132328;164.72;10;10086676695;B
20240410;132329;164.72;30;10086676750;B
20240410;132329;164.72;10;10086676751;B
20240410;132329;164.74;1260;10086676752;B
20240410;132329;164.72;10;10086676770;B
20240410;132329;164.74;40;10086676771;B
20240410;132329;164.66;270;10086676779;S
20240410;132329;164.66;10;10086676780;S
20240410;132329;164.66;100;10086676781;S
20240410;132329;164.64;620;10086676782;S
20240410;132331;164.66;200;10086676996;S
20240410;132331;164.66;350;10086676997;S
20240410;132331;164.64;400;10086676998;S
20240410;132331;164.64;200;10086676999;S
20240410;132331;164.64;150;10086677000;S
20240410;132331;164.7;10;10086677075;B
20240410;132331;164.72;10;10086677076;B
20240410;132331;164.72;10;10086677077;B
20240410;132332;164.66;100;10086677122;B
20240410;132332;164.72;10;10086677123;B
20240410;132332;164.72;200;10086677124;B
20240410;132332;164.72;470;10086677125;B
20240410;132332;164.72;100;10086677126;B
20240410;132332;164.72;10;10086677127;B
20240410;132332;164.74;3110;10086677128;B
20240410;132332;164.7;200;10086677217;B
20240410;132333;164.7;100;10086677233;S
20240410;132333;164.66;200;10086677234;S
20240410;132333;164.66;1170;10086677235;S
20240410;132333;164.64;30;10086677236;S
20240410;132333;164.66;20;10086677257;S
20240410;132333;164.72;110;10086677273;B
20240410;132333;164.72;90;10086677286;B
20240410;132333;164.72;180;10086677287;B
20240410;132333;164.74;1380;10086677288;B
20240410;132333;164.74;10;10086677289;B
20240410;132333;164.74;10;10086677290;B
20240410;132333;164.74;10;10086677291;B
20240410;132333;164.74;10;10086677292;B
20240410;132333;164.74;10;10086677293;B
20240410;132333;164.74;10;10086677294;B
20240410;132333;164.74;10;10086677295;B
20240410;132333;164.74;10;10086677296;B
20240410;132333;164.74;500;10086677297;B
20240410;132333;164.74;1030;10086677298;B
20240410;132333;164.76;3740;10086677299;B
20240410;132333;164.66;10;10086677302;S
20240410;132333;164.74;20;10086677321;B
20240410;132333;164.76;380;10086677322;B
20240410;132333;164.66;170;10086677328;S
20240410;132333;164.64;170;10086677329;S
20240410;132333;164.64;200;10086677330;S
20240410;132333;164.64;10;10086677331;S
20240410;132333;164.64;70;10086677332;S
20240410;132333;164.64;3500;10086677333;S
20240410;132333;164.62;3660;10086677334;S
20240410;132333;164.62;1420;10086677335;S
20240410;132335;164.7;10;10086677461;B
20240410;132335;164.72;30;10086677462;B
20240410;132335;164.72;70;10086677523;B
20240410;132336;164.66;50;10086677634;S
20240410;132337;164.7;90;10086677689;B
20240410;132337;164.7;10;10086677745;B
20240410;132337;164.66;50;10086677751;S
20240410;132337;164.66;40;10086677752;S
20240410;132337;164.64;10;10086677753;S
20240410;132337;164.7;100;10086677755;B
20240410;132337;164.7;20;10086677756;B
20240410;132338;164.64;190;10086677812;S
20240410;132338;164.64;860;10086677813;S
20240410;132338;164.64;40;10086677814;S
20240410;132338;164.62;2240;10086677815;S
20240410;132338;164.62;1670;10086677816;S
20240410;132338;164.68;10;10086677845;B
20240410;132338;164.62;10;10086677864;S
20240410;132339;164.68;190;10086677911;B
20240410;132339;164.7;280;10086677912;B
20240410;132339;164.7;200;10086677913;B
20240410;132339;164.7;1060;10086677914;B
20240410;132339;164.7;40;10086677915;B
20240410;132339;164.72;170;10086677916;B
20240410;132339;164.72;60;10086677917;B
20240410;132339;164.72;100;10086677924;B
20240410;132339;164.64;200;10086677967;S
20240410;132339;164.62;30;10086677968;S
20240410;132339;164.62;20;10086677969;S
20240410;132339;164.7;100;10086677992;B
20240410;132339;164.7;40;10086677993;B
20240410;132339;164.72;140;10086677994;B
20240410;132339;164.72;50;10086677995;B
20240410;132339;164.72;180;10086677996;B
20240410;132339;164.72;40;10086677997;B
20240410;132339;164.74;2850;10086677998;B
20240410;132339;164.64;200;10086678035;S
20240410;132339;164.64;780;10086678036;S
20240410;132339;164.62;20;10086678037;S
20240410;132339;164.72;10;10086678038;B
20240410;132339;164.72;190;10086678068;B
20240410;132339;164.74;810;10086678069;B
20240410;132339;164.74;300;10086678070;B
20240410;132339;164.74;200;10086678071;B
20240410;132339;164.74;40;10086678072;B
20240410;132339;164.74;820;10086678073;B
20240410;132339;164.72;200;10086678085;B
20240410;132339;164.74;1500;10086678086;B
20240410;132340;164.74;10;10086678115;B
20240410;132340;164.76;70;10086678160;B
20240410;132340;164.76;170;10086678187;B
20240410;132341;164.76;10;10086678216;B
20240410;132341;164.76;30;10086678221;B
20240410;132341;164.76;60;10086678265;B
20240410;132341;164.76;10;10086678276;B
20240410;132342;164.76;500;10086678385;B
20240410;132342;164.74;50;10086678404;S
20240410;132342;164.72;450;10086678405;S
20240410;132342;164.72;2000;10086678423;S
20240410;132342;164.72;100;10086678450;S
20240410;132342;164.76;10;10086678452;B
20240410;132343;164.76;10;10086678504;B
20240410;132344;164.76;1000;10086678663;B
20240410;132344;164.76;600;10086678690;B
20240410;132345;164.76;10;10086678721;B
20240410;132346;164.72;2250;10086678860;S
20240410;132346;164.7;200;10086678861;S
20240410;132346;164.68;100;10086678862;S
20240410;132346;164.66;860;10086678863;S
20240410;132346;164.64;200;10086678864;S
20240410;132346;164.64;500;10086678865;S
20240410;132346;164.64;890;10086678866;S
20240410;132346;164.74;10;10086678882;B
20240410;132346;164.74;30;10086678956;B
20240410;132347;164.66;10;10086678982;S
20240410;132347;164.74;50;10086679042;B
20240410;132347;164.74;60;10086679058;B
20240410;132347;164.74;50;10086679066;B
20240410;132347;164.74;10;10086679067;B
20240410;132347;164.74;190;10086679084;B
20240410;132347;164.74;10;10086679085;B
20240410;132347;164.74;50;10086679086;B
20240410;132347;164.76;10;10086679087;B
20240410;132348;164.66;190;10086679128;S
20240410;132348;164.64;110;10086679129;S
20240410;132348;164.64;140;10086679136;S
20240410;132348;164.64;40;10086679137;S
20240410;132348;164.64;200;10086679138;S
20240410;132348;164.62;2620;10086679139;S
20240410;132348;164.72;1480;10086679157;B
20240410;132348;164.74;190;10086679158;B
20240410;132348;164.74;2620;10086679159;B
20240410;132348;164.76;370;10086679160;B
20240410;132348;164.66;1000;10086679183;B
20240410;132348;164.76;350;10086679195;B
20240410;132348;164.76;10;10086679196;B
20240410;132348;164.76;100;10086679197;B
20240410;132348;164.76;40;10086679198;B
20240410;132348;164.76;100;10086679199;B
20240410;132348;164.76;500;10086679200;B
20240410;132348;164.76;50;10086679201;B
20240410;132348;164.76;10;10086679202;B
20240410;132349;164.74;40;10086679219;B
20240410;132349;164.76;120;10086679220;B
20240410;132349;164.72;1000;10086679296;B
20240410;132350;164.74;10;10086679329;S
20240410;132350;164.76;70;10086679333;B
20240410;132350;164.78;100;10086679334;B
20240410;132350;164.78;10;10086679335;B
20240410;132350;164.78;100;10086679336;B
20240410;132350;164.78;100;10086679337;B
20240410;132350;164.78;20;10086679338;B
20240410;132350;164.78;600;10086679339;B
20240410;132350;164.76;400;10086679356;B
20240410;132350;164.78;730;10086679357;B
20240410;132350;164.8;50;10086679358;B
20240410;132350;164.8;50;10086679359;B
20240410;132350;164.8;100;10086679360;B
20240410;132350;164.8;200;10086679361;B
20240410;132350;164.8;1000;10086679362;B
20240410;132350;164.8;10;10086679363;B
20240410;132350;164.8;10;10086679364;B
20240410;132350;164.8;490;10086679365;B
20240410;132350;164.8;100;10086679366;B
20240410;132350;164.8;20;10086679367;B
20240410;132350;164.8;200;10086679368;B
20240410;132350;164.8;100;10086679369;B
20240410;132350;164.8;40;10086679370;B
20240410;132350;164.8;160;10086679377;B
20240410;132350;164.8;20;10086679378;B
20240410;132350;164.8;610;10086679379;B
20240410;132350;164.8;10;10086679380;B
20240410;132350;164.8;100;10086679381;B
20240410;132350;164.8;10;10086679382;B
20240410;132350;164.8;10;10086679383;B
20240410;132350;164.8;10;10086679384;B
20240410;132350;164.8;10;10086679385;B
20240410;132350;164.8;20;10086679386;B
20240410;132350;164.8;100;10086679387;B
20240410;132350;164.8;50;10086679388;B
20240410;132350;164.8;10;10086679389;B
20240410;132350;164.8;480;10086679390;B
20240410;132350;164.76;100;10086679393;B
20240410;132350;164.8;20;10086679394;B
20240410;132350;164.8;100;10086679395;B
20240410;132350;164.8;10;10086679396;B
20240410;132350;164.8;10;10086679397;B
20240410;132350;164.8;80;10086679398;B
20240410;132350;164.8;100;10086679399;B
20240410;132350;164.8;400;10086679400;B
20240410;132350;164.8;50;10086679401;B
20240410;132350;164.8;130;10086679402;B
20240410;132350;164.74;40;10086679426;S
20240410;132350;164.8;100;10086679442;B
20240410;132351;164.76;400;10086679506;S
20240410;132351;164.8;310;10086679523;B
20240410;132351;164.8;20;10086679531;B
20240410;132352;164.76;10;10086679593;S
20240410;132352;164.8;150;10086679615;B
20240410;132353;164.8;10;10086679648;B
20240410;132353;164.8;200;10086679663;B
20240410;132353;164.8;10;10086679664;B
20240410;132353;164.8;70;10086679775;B
20240410;132353;164.8;100;10086679776;B
20240410;132353;164.8;50;10086679777;B
20240410;132353;164.8;10;10086679778;B
20240410;132353;164.8;100;10086679779;B
20240410;132353;164.8;10;10086679780;B
20240410;132353;164.8;50;10086679781;B
20240410;132353;164.8;100;10086679782;B
20240410;132353;164.8;200;10086679783;B
20240410;132353;164.8;20;10086679784;B
20240410;132353;164.82;770;10086679785;B
20240410;132354;164.8;600;10086679853;S
20240410;132354;164.82;50;10086679872;B
20240410;132354;164.82;780;10086679876;B
20240410;132354;164.82;100;10086679877;B
20240410;132354;164.82;10;10086679878;B
20240410;132354;164.82;50;10086679879;B
20240410;132354;164.82;100;10086679880;B
20240410;132354;164.82;100;10086679881;B
20240410;132354;164.84;10;10086679882;B
20240410;132354;164.84;10;10086679883;B
20240410;132354;164.84;10;10086679884;B
20240410;132354;164.84;670;10086679885;B
20240410;132354;164.8;100;10086679939;S
20240410;132355;164.84;200;10086679958;B
20240410;132355;164.84;30;10086679960;B
20240410;132355;164.84;600;10086680090;B
20240410;132355;164.84;10;10086680091;B
20240410;132355;164.84;20;10086680092;B
20240410;132355;164.84;50;10086680093;B
20240410;132355;164.84;100;10086680094;B
20240410;132355;164.84;10;10086680095;B
20240410;132355;164.84;50;10086680096;B
20240410;132355;164.84;800;10086680097;B
20240410;132355;164.84;2000;10086680098;B
20240410;132355;164.84;100;10086680099;B
20240410;132355;164.84;200;10086680100;B
20240410;132355;164.84;1060;10086680101;B
20240410;132355;164.84;10;10086680102;B
20240410;132355;164.8;20;10086680113;S
20240410;132355;164.8;550;10086680143;S
20240410;132356;164.84;830;10086680192;B
20240410;132356;164.84;270;10086680193;B
20240410;132356;164.8;100;10086680202;S
20240410;132356;164.84;100;10086680228;B
20240410;132356;164.84;10;10086680231;B
20240410;132356;164.84;10;10086680241;B
20240410;132357;164.84;40;10086680263;B
20240410;132357;164.84;180;10086680346;B
20240410;132357;164.8;3630;10086680353;S
20240410;132357;164.8;6370;10086680354;S
20240410;132358;164.84;390;10086680386;B
20240410;132358;164.84;110;10086680387;B
20240410;132358;164.8;30;10086680410;S
20240410;132358;164.8;170;10086680411;S
20240410;132358;164.84;4990;10086680417;B
20240410;132358;164.84;440;10086680418;B
20240410;132358;164.84;170;10086680419;B
20240410;132358;164.84;10;10086680466;B
20240410;132359;164.84;20;10086680671;B
20240410;132359;164.84;1290;10086680689;B
20240410;132359;164.84;10;10086680690;B
20240410;132400;164.8;10;10086680821;S
20240410;132400;164.84;20;10086680851;B
20240410;132401;164.84;3730;10086680943;B
20240410;132401;164.84;270;10086680944;B
20240410;132401;164.84;5930;10086680947;B
20240410;132401;164.86;10;10086680948;B
20240410;132401;164.86;20;10086680949;B
20240410;132401;164.86;600;10086680950;B
20240410;132401;164.86;50;10086680951;B
20240410;132401;164.86;10;10086680952;B
20240410;132401;164.86;3000;10086680953;B
20240410;132401;164.86;80;10086680954;B
20240410;132401;164.82;10;10086680991;S
20240410;132401;164.8;1200;10086680992;S
20240410;132401;164.8;50;10086680993;S
20240410;132401;164.8;200;10086680994;S
20240410;132401;164.76;540;10086680995;S
20240410;132401;164.84;200;10086681043;B
20240410;132401;164.84;300;10086681044;B
20240410;132402;164.84;500;10086681072;B
20240410;132402;164.86;500;10086681073;B
20240410;132402;164.76;200;10086681090;S
20240410;132403;164.8;10;10086681162;B
20240410;132403;164.8;290;10086681163;B
20240410;132403;164.76;20;10086681164;S
20240410;132403;164.8;50;10086681193;B
20240410;132404;164.8;20;10086681303;B
20240410;132405;164.8;10;10086681377;B
20240410;132405;164.78;10;10086681444;B
20240410;132405;164.8;190;10086681445;B
20240410;132405;164.76;100;10086681451;S
20240410;132406;164.8;10;10086681565;B
20240410;132408;164.76;60;10086681809;S
20240410;132408;164.8;600;10086681959;B
20240410;132408;164.76;100;10086682003;S
20240410;132409;164.8;240;10086682205;B
20240410;132409;164.76;50;10086682288;S
20240410;132409;164.8;170;10086682300;B
20240410;132410;164.8;40;10086682365;B
20240410;132410;164.8;600;10086682380;B
20240410;132411;164.76;50;10086682473;S
20240410;132412;164.76;150;10086682564;S
20240410;132412;164.78;40;10086682586;B
20240410;132412;164.78;20;10086682602;B
20240410;132412;164.78;30;10086682613;B
20240410;132412;164.78;60;10086682640;B
20240410;132412;164.8;1940;10086682641;B
20240410;132413;164.8;400;10086682744;B
20240410;132414;164.78;500;10086682799;B
20240410;132414;164.8;4500;10086682800;B
20240410;132414;164.76;320;10086682817;S
20240410;132414;164.76;30;10086682818;S
20240410;132414;164.8;10;10086682855;B
20240410;132415;164.8;10;10086682963;B
20240410;132415;164.76;40;10086682968;S
20240410;132415;164.76;200;10086682969;S
20240410;132415;164.76;260;10086682976;B
20240410;132415;164.78;200;10086682977;B
20240410;132415;164.8;1680;10086682978;B
20240410;132417;164.8;40;10086683219;B
20240410;132418;164.76;10;10086683254;S
20240410;132419;164.76;20;10086683435;S
20240410;132419;164.76;170;10086683467;S
20240410;132419;164.76;100;10086683468;S
20240410;132419;164.76;10;10086683469;S
20240410;132419;164.74;100;10086683470;S
20240410;132419;164.72;10;10086683471;S
20240410;132419;164.72;10;10086683472;S
20240410;132419;164.72;310;10086683473;S
20240410;132419;164.72;400;10086683474;S
20240410;132419;164.72;640;10086683475;S
20240410;132419;164.7;30;10086683476;S
20240410;132419;164.7;220;10086683477;S
20240410;132420;164.78;10;10086683513;B
20240410;132420;164.78;240;10086683514;B
20240410;132420;164.78;260;10086683519;B
20240410;132420;164.78;40;10086683520;B
20240410;132420;164.78;20;10086683529;B
20240410;132420;164.7;130;10086683564;S
20240410;132421;164.7;10;10086683676;S
20240410;132421;164.76;10;10086683700;B
20240410;132421;164.7;640;10086683774;S
20240410;132421;164.7;120;10086683775;S
20240410;132421;164.7;30;10086683776;S
20240410;132421;164.7;200;10086683777;S
20240410;132422;164.66;200;10086683809;S
20240410;132422;164.7;10;10086683847;B
20240410;132424;164.66;370;10086683968;S
20240410;132424;164.7;240;10086684043;B
20240410;132424;164.7;3760;10086684080;B
20240410;132424;164.7;200;10086684081;B
20240410;132424;164.74;300;10086684082;B
20240410;132424;164.74;10;10086684083;B
20240410;132424;164.76;60;10086684084;B
20240410;132424;164.76;1000;10086684085;B
20240410;132424;164.76;520;10086684086;B
20240410;132424;164.76;570;10086684087;B
20240410;132424;164.78;3500;10086684088;B
20240410;132424;164.78;50;10086684089;B
20240410;132424;164.8;2280;10086684090;B
20240410;132424;164.8;750;10086684091;B
20240410;132426;164.74;20;10086684220;S
20240410;132426;164.78;200;10086684281;B
20240410;132427;164.78;1720;10086684309;S
20240410;132427;164.8;50;10086684363;B
20240410;132427;164.8;10;10086684364;B
20240410;132428;164.78;80;10086684444;S
20240410;132428;164.76;200;10086684445;S
20240410;132428;164.74;80;10086684446;S
20240410;132428;164.7;30;10086684447;S
20240410;132428;164.7;10;10086684448;S
20240410;132428;164.78;30;10086684491;B
20240410;132429;164.76;10;10086684671;S
20240410;132430;164.78;20;10086684777;B
20240410;132430;164.76;90;10086684803;S
20240410;132430;164.72;200;10086684804;S
20240410;132430;164.72;100;10086684805;S
20240410;132430;164.7;1510;10086684806;S
20240410;132430;164.68;2400;10086684807;S
20240410;132430;164.76;200;10086684856;B
20240410;132430;164.76;800;10086684857;B
20240410;132431;164.68;100;10086684940;S
20240410;132431;164.68;100;10086684941;S
20240410;132431;164.68;200;10086684942;S
20240410;132431;164.68;200;10086684943;S
20240410;132431;164.68;100;10086684944;S
20240410;132431;164.66;1300;10086684945;S
20240410;132431;164.72;10;10086684948;B
20240410;132432;164.72;990;10086685028;B
20240410;132432;164.74;200;10086685029;B
20240410;132432;164.74;1310;10086685030;B
20240410;132432;164.66;2360;10086685041;S
20240410;132432;164.66;640;10086685042;S
20240410;132433;164.7;200;10086685115;B
20240410;132433;164.74;420;10086685116;B
20240410;132434;164.68;20;10086685327;S
20240410;132434;164.74;200;10086685334;B
20240410;132434;164.76;800;10086685335;B
20240410;132434;164.74;20;10086685337;B
20240410;132434;164.76;300;10086685338;B
20240410;132434;164.76;70;10086685351;B
20240410;132434;164.76;100;10086685375;B
20240410;132435;164.7;30;10086685469;B
20240410;132435;164.7;30;10086685483;B
20240410;132436;164.68;180;10086685558;S
20240410;132436;164.68;270;10086685559;S
20240410;132436;164.68;400;10086685560;S
20240410;132436;164.68;1000;10086685561;S
20240410;132436;164.66;10;10086685562;S
20240410;132436;164.64;3140;10086685563;S
20240410;132436;164.64;30;10086685568;S
20240410;132437;164.68;180;10086685767;B
20240410;132437;164.7;40;10086685768;B
20240410;132437;164.7;180;10086685769;B
20240410;132438;164.7;11320;10086685798;B
20240410;132438;164.7;30;10086685799;B
20240410;132438;164.74;440;10086685800;B
20240410;132438;164.74;350;10086685801;B
20240410;132438;164.74;200;10086685802;B
20240410;132438;164.76;330;10086685803;B
20240410;132438;164.76;730;10086685804;B
20240410;132438;164.76;1520;10086685805;B
20240410;132438;164.68;190;10086685811;S
20240410;132438;164.66;560;10086685812;S
20240410;132438;164.66;110;10086685813;S
20240410;132438;164.74;10;10086685818;B
20240410;132438;164.68;190;10086685834;S
20240410;132438;164.66;2810;10086685835;S
20240410;132439;164.68;100;10086685899;B
20240410;132439;164.7;100;10086685917;S
20240410;132439;164.66;360;10086685918;S
20240410;132439;164.66;320;10086685919;S
20240410;132440;164.66;40;10086686066;S
20240410;132440;164.74;100;10086686141;B
20240410;132441;164.68;200;10086686216;S
20240410;132441;164.7;100;10086686292;B
20240410;132442;164.7;60;10086686361;B
20240410;132442;164.68;160;10086686373;S
20240410;132442;164.68;490;10086686374;S
20240410;132442;164.7;270;10086686443;B
20240410;132442;164.7;10;10086686461;B
20240410;132443;164.7;60;10086686484;B
20240410;132443;164.72;1000;10086686485;B
20240410;132443;164.74;80;10086686486;B
20240410;132443;164.74;10;10086686487;B
20240410;132443;164.74;200;10086686488;B
20240410;132443;164.76;2140;10086686489;B
20240410;132443;164.76;1030;10086686490;B
20240410;132443;164.78;480;10086686491;B
20240410;132443;164.76;10;10086686530;B
20240410;132444;164.7;20;10086686636;S
20240410;132445;164.76;20;10086686713;B
20240410;132445;164.76;20;10086686714;B
20240410;132445;164.68;10;10086686772;S
20240410;132445;164.68;10;10086686773;S
20240410;132445;164.68;1000;10086686774;S
20240410;132445;164.66;4690;10086686775;S
20240410;132445;164.66;2290;10086686776;S
20240410;132446;164.74;200;10086686865;B
20240410;132446;164.74;300;10086686866;B
20240410;132446;164.7;120;10086686904;S
20240410;132447;164.72;50;10086687012;B
20240410;132447;164.72;10;10086687013;B
20240410;132447;164.7;480;10086687061;S
20240410;132447;164.66;1370;10086687062;S
20240410;132447;164.66;1000;10086687063;S
20240410;132447;164.66;190;10086687064;S
20240410;132447;164.66;3360;10086687065;S
20240410;132448;164.72;40;10086687089;B
20240410;132448;164.74;680;10086687090;B
20240410;132448;164.76;140;10086687091;B
20240410;132448;164.76;140;10086687092;B
20240410;132449;164.68;10;10086687256;S
20240410;132449;164.66;90;10086687257;S
20240410;132449;164.7;10;10086687317;B
20240410;132449;164.74;120;10086687318;B
20240410;132450;164.74;80;10086687335;B
20240410;132451;164.7;10;10086687434;S
20240410;132451;164.74;540;10086687548;B
20240410;132451;164.74;100;10086687549;B
20240410;132451;164.74;360;10086687550;B
20240410;132452;164.74;40;10086687567;B
20240410;132452;164.74;10;10086687568;B
20240410;132452;164.76;860;10086687569;B
20240410;132452;164.76;10;10086687570;B
20240410;132452;164.76;3030;10086687571;B
20240410;132452;164.76;10;10086687661;B
20240410;132453;164.7;590;10086687684;S
20240410;132453;164.7;100;10086687689;B
20240410;132453;164.7;10;10086687701;B
20240410;132453;164.68;200;10086687799;S
20240410;132453;164.68;460;10086687800;S
20240410;132453;164.68;100;10086687801;S
20240410;132453;164.68;400;10086687802;S
20240410;132453;164.68;610;10086687803;S
20240410;132453;164.68;440;10086687804;S
20240410;132453;164.68;620;10086687805;S
20240410;132453;164.66;500;10086687806;S
20240410;132453;164.64;690;10086687807;S
20240410;132454;164.64;8000;10086687911;S
20240410;132456;164.66;10;10086688126;B
20240410;132456;164.64;2000;10086688141;S
20240410;132457;164.64;5000;10086688279;S
20240410;132458;164.64;10;10086688323;S
20240410;132458;164.66;40;10086688404;B
20240410;132458;164.68;200;10086688405;B
20240410;132458;164.68;200;10086688406;B
20240410;132459;164.68;20;10086688476;B
20240410;132459;164.7;3980;10086688477;B
20240410;132459;164.7;10;10086688531;B
20240410;132500;164.64;5000;10086688579;S
20240410;132500;164.64;5000;10086688626;S
20240410;132502;164.66;50;10086688814;B
20240410;132502;164.66;1000;10086688815;B
20240410;132502;164.68;390;10086688816;B
20240410;132502;164.7;1060;10086688817;B
20240410;132502;164.66;50;10086688880;S
20240410;132502;164.64;450;10086688881;S
20240410;132502;164.7;10;10086688882;B
20240410;132502;164.64;300;10086688890;S
20240410;132503;164.7;10;10086688945;B
20240410;132503;164.7;940;10086688956;B
20240410;132504;164.68;390;10086689042;B
20240410;132504;164.68;100;10086689076;B
20240410;132505;164.64;5000;10086689207;S
20240410;132505;164.64;10;10086689251;S
20240410;132505;164.68;510;10086689293;B
20240410;132505;164.7;290;10086689294;B
20240410;132505;164.72;650;10086689295;B
20240410;132505;164.74;200;10086689296;B
20240410;132505;164.74;200;10086689297;B
20240410;132505;164.74;150;10086689298;B
20240410;132506;164.74;250;10086689315;B
20240410;132506;164.68;200;10086689337;S
20240410;132506;164.7;450;10086689405;S
20240410;132506;164.7;530;10086689406;S
20240410;132506;164.66;210;10086689407;S
20240410;132506;164.66;40;10086689408;S
20240410;132506;164.72;50;10086689418;B
20240410;132506;164.74;160;10086689419;B
20240410;132510;164.74;340;10086689823;B
20240410;132510;164.74;200;10086689824;B
20240410;132510;164.74;660;10086689825;B
20240410;132510;164.76;1000;10086689874;B
20240410;132510;164.76;600;10086689917;B
20240410;132511;164.72;100;10086690053;S
20240410;132511;164.76;5000;10086690100;B
20240410;132511;164.72;100;10086690110;S
20240410;132512;164.72;250;10086690233;S
20240410;132512;164.72;770;10086690234;S
20240410;132512;164.7;100;10086690235;S
20240410;132513;164.7;10;10086690333;S
20240410;132515;164.7;200;10086690775;S
20240410;132515;164.72;30;10086690791;B
20240410;132518;164.72;20;10086691283;B
20240410;132521;164.7;200;10086691742;S
20240410;132521;164.7;10;10086691743;S
20240410;132521;164.7;10;10086691744;S
20240410;132521;164.72;2000;10086691747;B
20240410;132522;164.7;100;10086691803;S
20240410;132522;164.7;50;10086691837;S
20240410;132523;164.72;390;10086691865;B
20240410;132523;164.7;340;10086691963;S
20240410;132523;164.68;740;10086691964;S
20240410;132523;164.68;10;10086691965;S
20240410;132523;164.68;100;10086691966;S
20240410;132523;164.66;780;10086691967;S
20240410;132523;164.66;400;10086691968;S
20240410;132523;164.66;3310;10086691969;S
20240410;132523;164.66;250;10086691970;S
20240410;132523;164.64;10330;10086691971;S
20240410;132523;164.66;200;10086691972;S
20240410;132524;164.64;5000;10086692124;S
20240410;132524;164.68;30;10086692136;B
20240410;132525;164.66;30;10086692211;B
20240410;132525;164.68;170;10086692212;B
20240410;132525;164.68;1500;10086692213;B
20240410;132525;164.68;20;10086692214;B
20240410;132525;164.7;780;10086692215;B
20240410;132525;164.72;1060;10086692216;B
20240410;132525;164.72;30;10086692217;B
20240410;132525;164.66;460;10086692231;S
20240410;132525;164.64;3540;10086692232;S
20240410;132526;164.68;50;10086692391;B
20240410;132526;164.72;10;10086692394;B
20240410;132526;164.66;10;10086692396;S
20240410;132526;164.64;590;10086692397;S
20240410;132527;164.7;150;10086692479;S
20240410;132528;164.68;10;10086692598;B
20240410;132528;164.7;90;10086692599;B
20240410;132528;164.7;240;10086692604;B
20240410;132528;164.66;10;10086692648;S
20240410;132528;164.66;10;10086692649;S
20240410;132528;164.64;1280;10086692650;S
20240410;132529;164.7;100;10086692708;B
20240410;132529;164.66;20;10086692750;S
20240410;132530;164.64;20;10086692911;S
20240410;132531;164.66;480;10086693043;B
20240410;132531;164.66;20;10086693044;B
20240410;132532;164.64;40;10086693062;S
20240410;132532;164.66;370;10086693131;B
20240410;132532;164.66;200;10086693132;B
20240410;132532;164.68;500;10086693138;B
20240410;132534;164.68;510;10086693341;B
20240410;132535;164.68;10;10086693434;B
20240410;132536;164.66;1430;10086693624;S
20240410;132536;164.66;600;10086693625;S
20240410;132536;164.66;550;10086693626;S
20240410;132536;164.66;390;10086693627;S
20240410;132536;164.64;500;10086693628;S
20240410;132536;164.68;20;10086693682;B
20240410;132537;164.66;10;10086693774;S
20240410;132537;164.64;4990;10086693775;S
20240410;132537;164.68;1200;10086693798;B
20240410;132537;164.68;10;10086693814;B
20240410;132537;164.68;100;10086693843;B
20240410;132538;164.68;10;10086693887;B
20240410;132538;164.66;10;10086693915;S
20240410;132538;164.64;130;10086693916;S
20240410;132538;164.68;250;10086693927;B
20240410;132542;164.68;90;10086694359;B
20240410;132542;164.68;120;10086694367;B
20240410;132543;164.66;1730;10086694413;S
20240410;132543;164.64;2270;10086694414;S
20240410;132543;164.64;150;10086694446;S
20240410;132544;164.68;1180;10086694526;B
20240410;132544;164.68;300;10086694527;B
20240410;132544;164.68;10;10086694528;B
20240410;132544;164.68;10;10086694529;B
20240410;132544;164.68;20;10086694650;S
20240410;132545;164.68;1270;10086694657;S
20240410;132545;164.66;3730;10086694658;S
20240410;132546;164.7;10;10086694797;B
20240410;132546;164.7;400;10086694857;B
20240410;132547;164.66;1270;10086694946;S
20240410;132547;164.64;730;10086694947;S
20240410;132547;164.64;400;10086694949;S
20240410;132547;164.64;10;10086694959;S
20240410;132547;164.7;10;10086695012;B
20240410;132547;164.7;110;10086695013;B
20240410;132548;164.68;20;10086695038;S
20240410;132548;164.68;20;10086695058;S
20240410;132548;164.64;9970;10086695059;S
20240410;132548;164.64;720;10086695074;S
20240410;132549;164.68;10;10086695258;S
20240410;132550;164.64;50;10086695343;S
20240410;132550;164.66;10;10086695355;B
20240410;132552;164.66;30;10086695518;B
20240410;132552;164.66;470;10086695578;S
20240410;132552;164.64;2530;10086695579;S
20240410;132552;164.64;200;10086695580;S
20240410;132552;164.66;10;10086695625;B
20240410;132553;164.66;40;10086695641;B
20240410;132553;164.64;200;10086695650;S
20240410;132553;164.66;100;10086695699;B
20240410;132554;164.64;500;10086695810;S
20240410;132555;164.64;800;10086695857;S
20240410;132557;164.64;100;10086696132;S
20240410;132557;164.66;620;10086696162;B
20240410;132558;164.66;10;10086696273;B
20240410;132558;164.66;10;10086696274;B
20240410;132600;164.66;40;10086696471;B
20240410;132601;164.64;200;10086696596;S
20240410;132601;164.66;10;10086696629;B
20240410;132602;164.64;120;10086696696;S
20240410;132602;164.64;10;10086696697;S
20240410;132602;164.64;10;10086696698;S
20240410;132602;164.64;210;10086696699;S
20240410;132602;164.64;180;10086696700;S
20240410;132602;164.64;220;10086696701;S
20240410;132602;164.64;250;10086696702;S
20240410;132602;164.64;20;10086696793;S
20240410;132602;164.64;30;10086696794;S
20240410;132602;164.64;200;10086696795;S
20240410;132602;164.64;100;10086696796;S
20240410;132602;164.62;50;10086696797;S
20240410;132602;164.62;50;10086696798;S
20240410;132602;164.6;50;10086696799;S
20240410;132603;164.6;140;10086696810;S
20240410;132603;164.6;200;10086696831;S
20240410;132604;164.6;10;10086697060;S
20240410;132606;164.62;10;10086697285;B
20240410;132606;164.64;40;10086697286;B
20240410;132607;164.6;5000;10086697436;S
20240410;132607;164.6;250;10086697451;S
20240410;132607;164.64;150;10086697469;B
20240410;132607;164.64;10;10086697470;B
20240410;132607;164.66;180;10086697471;B
20240410;132607;164.66;10;10086697481;B
20240410;132608;164.6;370;10086697560;S
20240410;132608;164.66;100;10086697585;B
20240410;132608;164.6;50;10086697605;S
20240410;132609;164.64;30;10086697785;B
20240410;132609;164.64;970;10086697803;B
20240410;132609;164.66;450;10086697804;B
20240410;132610;164.66;60;10086697849;B
20240410;132610;164.6;2000;10086697885;S
20240410;132611;164.6;100;10086698032;S
20240410;132613;164.6;90;10086698268;S
20240410;132613;164.6;1000;10086698315;S
20240410;132616;164.64;10;10086698607;B
20240410;132616;164.64;10;10086698608;B
20240410;132616;164.66;360;10086698609;B
20240410;132616;164.66;20;10086698610;B
20240410;132616;164.66;10;10086698673;B
20240410;132618;164.64;20;10086698852;S
20240410;132618;164.62;350;10086698853;S
20240410;132618;164.6;1070;10086698854;S
20240410;132618;164.66;200;10086698927;B
20240410;132618;164.66;60;10086698928;B
20240410;132618;164.68;10;10086698929;B
20240410;132618;164.68;730;10086698930;B
20240410;132618;164.6;80;10086698969;S
20240410;132619;164.66;10;10086699013;S
20240410;132619;164.6;990;10086699014;S
20240410;132621;164.68;30;10086699194;B
20240410;132622;164.64;10;10086699334;S
20240410;132622;164.64;90;10086699369;S
20240410;132622;164.62;810;10086699370;S
20240410;132622;164.6;100;10086699371;S
20240410;132623;164.62;200;10086699524;S
20240410;132624;164.66;20;10086699709;B
20240410;132625;164.68;70;10086699761;B
20240410;132625;164.66;300;10086699770;S
20240410;132626;164.68;50;10086699909;B
20240410;132626;164.68;100;10086699920;B
20240410;132627;164.66;300;10086699980;S
20240410;132627;164.66;380;10086699984;S
20240410;132627;164.62;100;10086699985;S
20240410;132627;164.62;40;10086699986;S
20240410;132629;164.68;100;10086700288;B
20240410;132629;164.64;50;10086700289;S
20240410;132629;164.6;70;10086700290;S
20240410;132632;164.6;10;10086700698;S
20240410;132632;164.64;20;10086700704;B
20240410;132632;164.66;20;10086700705;B
20240410;132632;164.66;30;10086700706;B
20240410;132633;164.68;140;10086700779;B
20240410;132634;164.64;50;10086700822;S
20240410;132635;164.68;20;10086700980;B
20240410;132635;164.68;100;10086700986;B
20240410;132635;164.64;200;10086701028;S
20240410;132636;164.64;250;10086701083;S
20240410;132637;164.68;660;10086701181;B
20240410;132637;164.68;20;10086701182;B
20240410;132637;164.68;30;10086701183;B
20240410;132637;164.68;200;10086701184;B
20240410;132637;164.68;320;10086701205;S
20240410;132639;164.68;500;10086701416;S
20240410;132641;164.68;80;10086701575;S
20240410;132642;164.68;20;10086701635;S
20240410;132642;164.68;1210;10086701711;S
20240410;132642;164.68;40;10086701715;S
20240410;132642;164.7;20;10086701742;B
20240410;132643;164.68;30;10086701821;S
20240410;132643;164.68;2300;10086701839;S
20240410;132644;164.7;10;10086701924;B
20240410;132644;164.68;100;10086701946;S
20240410;132646;164.68;100;10086702063;S
20240410;132647;164.7;10;10086702245;B
20240410;132647;164.7;200;10086702246;B
20240410;132647;164.7;40;10086702247;B
20240410;132647;164.7;50;10086702248;B
20240410;132647;164.7;100;10086702249;B
20240410;132647;164.7;20;10086702250;B
20240410;132647;164.7;20;10086702251;B
20240410;132647;164.7;10;10086702252;B
20240410;132647;164.72;420;10086702253;B
20240410;132648;164.68;30;10086702344;S
20240410;132648;164.68;20;10086702369;S
20240410;132651;164.7;60;10086702589;B
20240410;132652;164.7;100;10086702744;B
20240410;132653;164.7;340;10086702798;B
20240410;132653;164.7;250;10086702799;B
20240410;132653;164.7;410;10086702800;B
20240410;132653;164.7;50;10086702889;B
20240410;132654;164.7;540;10086702909;B
20240410;132654;164.7;40;10086703012;S
20240410;132655;164.7;120;10086703047;S
20240410;132655;164.7;370;10086703048;S
20240410;132655;164.7;10;10086703163;S
20240410;132655;164.7;30;10086703203;S
20240410;132657;164.7;100;10086703458;S
20240410;132657;164.72;40;10086703470;B
20240410;132657;164.72;10;10086703471;B
20240410;132657;164.72;30;10086703472;B
20240410;132657;164.72;40;10086703473;B
20240410;132657;164.7;200;10086703529;S
20240410;132658;164.72;50;10086703612;B
20240410;132659;164.72;10;10086703706;B
20240410;132700;164.7;100;10086703789;S
20240410;132701;164.72;100;10086703935;B
20240410;132701;164.72;610;10086703936;B
20240410;132701;164.72;1000;10086703937;B
20240410;132701;164.74;200;10086703938;B
20240410;132701;164.74;40;10086703939;B
20240410;132701;164.74;10;10086703940;B
20240410;132701;164.74;500;10086703941;B
20240410;132701;164.74;10;10086703942;B
20240410;132701;164.74;10;10086703943;B
20240410;132701;164.74;10;10086703944;B
20240410;132701;164.74;10;10086703945;B
20240410;132701;164.76;2650;10086703946;B
20240410;132701;164.76;10;10086703947;B
20240410;132701;164.76;10;10086703948;B
20240410;132701;164.76;10;10086703949;B
20240410;132701;164.76;50;10086703950;B
20240410;132701;164.78;200;10086703951;B
20240410;132701;164.78;100;10086703952;B
20240410;132701;164.78;410;10086703953;B
20240410;132701;164.78;10;10086703954;B
20240410;132701;164.78;10;10086703955;B
20240410;132701;164.78;3660;10086703956;B
20240410;132701;164.78;280;10086703957;B
20240410;132701;164.76;90;10086703980;S
20240410;132701;164.78;60;10086703984;B
20240410;132701;164.76;3800;10086703986;S
20240410;132702;164.76;100;10086704066;S
20240410;132703;164.78;160;10086704183;B
20240410;132703;164.78;340;10086704184;B
20240410;132703;164.78;620;10086704185;B
20240410;132703;164.78;880;10086704235;S
20240410;132703;164.72;3720;10086704236;S
20240410;132703;164.8;90;10086704237;B
20240410;132703;164.8;20;10086704238;B
20240410;132703;164.8;100;10086704239;B
20240410;132703;164.8;30;10086704240;B
20240410;132703;164.8;160;10086704241;B
20240410;132704;164.74;600;10086704362;S
20240410;132706;164.76;50;10086704677;S
20240410;132707;164.8;100;10086704720;B
20240410;132707;164.8;30;10086704756;B
20240410;132707;164.76;950;10086704774;S
20240410;132707;164.74;90;10086704775;S
20240410;132707;164.74;30;10086704776;S
20240410;132707;164.72;10;10086704777;S
20240410;132707;164.72;210;10086704778;S
20240410;132708;164.78;200;10086704845;B
20240410;132709;164.78;300;10086705112;B
20240410;132709;164.78;200;10086705113;B
20240410;132709;164.78;800;10086705114;B
20240410;132709;164.78;1700;10086705256;B
20240410;132709;164.78;100;10086705257;B
20240410;132709;164.8;710;10086705258;B
20240410;132709;164.8;1000;10086705259;B
20240410;132709;164.8;100;10086705260;B
20240410;132709;164.8;20;10086705261;B
20240410;132711;164.8;10;10086705418;B
20240410;132711;164.8;70;10086705456;B
20240410;132711;164.8;10;10086705500;B
20240410;132713;164.76;1000;10086705745;S
20240410;132713;164.74;100;10086705746;S
20240410;132713;164.72;1180;10086705747;S
20240410;132713;164.78;440;10086705758;B
20240410;132714;164.7;50;10086705762;S
20240410;132714;164.7;300;10086705777;S
20240410;132718;164.78;200;10086706389;B
20240410;132718;164.78;200;10086706390;B
20240410;132719;164.8;40;10086706411;B
20240410;132719;164.8;100;10086706412;B
20240410;132719;164.8;10;10086706413;B
20240410;132719;164.8;20;10086706414;B
20240410;132719;164.8;100;10086706415;B
20240410;132719;164.8;500;10086706416;B
20240410;132719;164.8;2130;10086706417;B
20240410;132719;164.72;20;10086706469;S
20240410;132720;164.72;500;10086706578;S
20240410;132720;164.7;50;10086706579;S
20240410;132721;164.78;50;10086706643;B
20240410;132721;164.78;40;10086706644;B
20240410;132721;164.8;2660;10086706645;B
20240410;132724;164.78;100;10086707066;B
20240410;132725;164.78;50;10086707088;B
20240410;132727;164.78;30;10086707335;B
20240410;132727;164.78;20;10086707373;B
20240410;132727;164.78;80;10086707385;B
20240410;132728;164.72;40;10086707451;S
20240410;132728;164.7;60;10086707452;S
20240410;132729;164.78;400;10086707542;B
20240410;132729;164.78;10;10086707543;B
20240410;132729;164.78;130;10086707544;B
20240410;132729;164.8;3460;10086707545;B
20240410;132729;164.8;10;10086707547;B
20240410;132729;164.8;40;10086707596;B
20240410;132729;164.8;690;10086707597;B
20240410;132730;164.8;30;10086707624;B
20240410;132731;164.78;80;10086707730;S
20240410;132731;164.72;100;10086707731;S
20240410;132731;164.72;590;10086707732;S
20240410;132731;164.72;180;10086707733;S
20240410;132731;164.72;10;10086707734;S
20240410;132731;164.72;40;10086707744;B
20240410;132731;164.72;40;10086707772;B
20240410;132731;164.72;30;10086707780;B
20240410;132731;164.72;10;10086707803;B
20240410;132731;164.7;10;10086707810;S
20240410;132731;164.7;30;10086707811;S
20240410;132731;164.7;150;10086707812;S
20240410;132731;164.7;200;10086707813;S
20240410;132731;164.7;10;10086707814;S
20240410;132731;164.7;40;10086707815;S
20240410;132731;164.68;60;10086707816;S
20240410;132731;164.72;300;10086707831;B
20240410;132733;164.72;40;10086708003;B
20240410;132734;164.72;660;10086708102;B
20240410;132735;164.7;200;10086708236;S
20240410;132736;164.7;10;10086708290;B
20240410;132737;164.7;80;10086708470;B
20240410;132738;164.68;350;10086708555;S
20240410;132738;164.7;960;10086708614;B
20240410;132738;164.7;40;10086708615;B
20240410;132739;164.68;20;10086708649;S
20240410;132739;164.7;40;10086708650;B
20240410;132739;164.7;40;10086708651;B
20240410;132739;164.7;650;10086708796;S
20240410;132740;164.72;20;10086708944;B
20240410;132741;164.72;10;10086709017;B
20240410;132741;164.72;5890;10086709050;B
20240410;132741;164.72;150;10086709051;B
20240410;132741;164.72;40;10086709052;B
20240410;132741;164.76;1000;10086709053;B
20240410;132741;164.78;10;10086709054;B
20240410;132741;164.78;360;10086709055;B
20240410;132741;164.78;400;10086709056;B
20240410;132741;164.8;280;10086709057;B
20240410;132741;164.8;80;10086709058;B
20240410;132741;164.8;2000;10086709059;B
20240410;132741;164.8;10;10086709060;B
20240410;132741;164.8;10;10086709061;B
20240410;132741;164.8;20;10086709062;B
20240410;132741;164.8;150;10086709063;B
20240410;132743;164.74;10;10086709311;S
20240410;132747;164.78;30;10086709702;B
20240410;132747;164.78;10;10086709703;B
20240410;132747;164.8;660;10086709704;B
20240410;132747;164.8;10;10086709705;B
20240410;132747;164.8;300;10086709706;B
20240410;132747;164.8;1000;10086709707;B
20240410;132747;164.8;10;10086709708;B
20240410;132747;164.8;4000;10086709709;B
20240410;132747;164.82;200;10086709710;B
20240410;132747;164.82;10;10086709711;B
20240410;132747;164.82;10;10086709712;B
20240410;132747;164.82;50;10086709713;B
20240410;132747;164.82;50;10086709714;B
20240410;132747;164.82;100;10086709715;B
20240410;132747;164.82;220;10086709716;B
20240410;132747;164.82;40;10086709717;B
20240410;132747;164.82;200;10086709718;B
20240410;132747;164.82;10;10086709719;B
20240410;132747;164.82;350;10086709720;B
20240410;132747;164.82;10;10086709721;B
20240410;132747;164.84;10;10086709722;B
20240410;132747;164.84;290;10086709723;B
20240410;132747;164.84;1000;10086709724;B
20240410;132747;164.84;50;10086709725;B
20240410;132747;164.84;300;10086709726;B
20240410;132747;164.84;200;10086709727;B
20240410;132747;164.84;500;10086709728;B
20240410;132747;164.84;380;10086709729;B
20240410;132747;164.78;150;10086709741;S
20240410;132747;164.76;850;10086709742;S
20240410;132748;164.76;500;10086709784;S
20240410;132748;164.76;250;10086709790;S
20240410;132748;164.76;150;10086709791;S
20240410;132748;164.74;10;10086709860;S
20240410;132748;164.72;290;10086709861;S
20240410;132751;164.82;50;10086710095;B
20240410;132751;164.82;100;10086710122;B
20240410;132751;164.82;1000;10086710123;B
20240410;132751;164.82;40;10086710124;B
20240410;132751;164.82;160;10086710125;B
20240410;132751;164.76;360;10086710218;B
20240410;132752;164.76;30;10086710311;S
20240410;132753;164.82;10;10086710422;B
20240410;132754;164.8;50;10086710514;B
20240410;132754;164.82;90;10086710515;B
20240410;132754;164.76;610;10086710523;S
20240410;132754;164.76;40;10086710524;S
20240410;132754;164.74;10;10086710525;S
20240410;132754;164.74;10;10086710526;S
20240410;132754;164.74;320;10086710527;S
20240410;132756;164.82;140;10086710661;B
20240410;132756;164.82;20;10086710662;B
20240410;132757;164.76;500;10086710874;S
20240410;132759;164.8;10;10086711035;B
20240410;132759;164.82;80;10086711036;B
20240410;132759;164.82;20;10086711055;B
20240410;132800;164.8;10;10086711259;S
20240410;132800;164.76;390;10086711260;S
20240410;132801;164.76;10;10086711378;S
20240410;132802;164.82;10;10086711413;B
20240410;132802;164.76;100;10086711499;S
20240410;132802;164.76;300;10086711500;S
20240410;132803;164.78;30;10086711551;B
20240410;132805;164.78;10;10086711779;B
20240410;132806;164.78;960;10086711849;B
20240410;132806;164.78;300;10086711850;B
20240410;132806;164.8;980;10086711851;B
20240410;132806;164.8;20;10086711852;B
20240410;132807;164.74;400;10086711932;S
20240410;132807;164.72;150;10086711933;S
20240410;132807;164.72;140;10086711934;S
20240410;132807;164.72;10;10086711935;S
20240410;132807;164.72;350;10086711936;S
20240410;132808;164.8;90;10086712084;B
20240410;132808;164.8;160;10086712085;B
20240410;132809;164.8;10;10086712182;B
20240410;132809;164.8;20;10086712186;B
20240410;132810;164.8;810;10086712296;B
20240410;132810;164.8;310;10086712297;B
20240410;132811;164.74;50;10086712352;S
20240410;132813;164.8;100;10086712576;B
20240410;132813;164.8;80;10086712598;B
20240410;132813;164.8;50;10086712599;B
20240410;132813;164.82;20;10086712600;B
20240410;132813;164.82;150;10086712601;B
20240410;132814;164.78;1270;10086712624;S
20240410;132814;164.74;30;10086712625;S
20240410;132815;164.8;20;10086712782;B
20240410;132815;164.8;230;10086712802;B
20240410;132815;164.8;270;10086712803;B
20240410;132817;164.76;10;10086713132;S
20240410;132819;164.8;50;10086713305;B
20240410;132819;164.8;20;10086713331;B
20240410;132820;164.8;10;10086713400;B
20240410;132820;164.8;20;10086713405;B
20240410;132821;164.8;10;10086713542;B
20240410;132821;164.76;20;10086713547;S
20240410;132823;164.8;470;10086713800;B
20240410;132823;164.8;500;10086713801;B
20240410;132823;164.8;10;10086713802;B
20240410;132823;164.8;20;10086713803;B
20240410;132824;164.8;40;10086713918;B
20240410;132825;164.8;100;10086713963;B
20240410;132825;164.8;20;10086714003;B
20240410;132826;164.8;320;10086714106;B
20240410;132826;164.8;80;10086714107;B
20240410;132827;164.8;10;10086714168;B
20240410;132829;164.78;30;10086714427;B
20240410;132829;164.76;20;10086714439;S
20240410;132829;164.74;80;10086714440;S
20240410;132830;164.74;20;10086714534;S
20240410;132830;164.72;60;10086714535;S
20240410;132831;164.78;10;10086714636;B
20240410;132832;164.74;10;10086714820;B
20240410;132832;164.74;10;10086714828;B
20240410;132834;164.72;50;10086715037;S
20240410;132834;164.72;40;10086715047;S
20240410;132834;164.7;260;10086715048;S
20240410;132834;164.74;50;10086715074;B
20240410;132835;164.7;40;10086715105;S
20240410;132835;164.74;10;10086715125;B
20240410;132835;164.72;500;10086715195;S
20240410;132837;164.72;10;10086715336;S
20240410;132837;164.72;10;10086715416;S
20240410;132839;164.72;100;10086715542;S
20240410;132839;164.72;60;10086715561;S
20240410;132839;164.74;10;10086715608;B
20240410;132839;164.74;60;10086715635;B
20240410;132839;164.74;160;10086715636;B
20240410;132839;164.72;100;10086715643;S
20240410;132840;164.74;20;10086715669;B
20240410;132841;164.72;220;10086715853;S
20240410;132841;164.7;1280;10086715854;S
20240410;132844;164.74;70;10086716230;B
20240410;132844;164.74;200;10086716231;B
20240410;132844;164.74;10;10086716232;B
20240410;132844;164.76;1000;10086716233;B
20240410;132844;164.76;150;10086716234;B
20240410;132844;164.76;50;10086716235;B
20240410;132844;164.76;500;10086716236;B
20240410;132844;164.78;3020;10086716237;B
20240410;132845;164.72;50;10086716304;S
20240410;132846;164.78;500;10086716451;B
20240410;132847;164.78;30;10086716518;B
20240410;132847;164.78;240;10086716584;B
20240410;132848;164.78;160;10086716642;B
20240410;132848;164.72;40;10086716646;S
20240410;132848;164.78;10;10086716651;B
20240410;132849;164.72;10;10086716730;S
20240410;132849;164.72;50;10086716731;S
20240410;132849;164.72;170;10086716732;S
20240410;132850;164.78;3500;10086716879;B
20240410;132851;164.7;1190;10086717058;S
20240410;132851;164.7;100;10086717059;S
20240410;132851;164.7;10;10086717060;S
20240410;132851;164.7;150;10086717061;S
20240410;132851;164.7;1150;10086717062;S
20240410;132851;164.7;10;10086717063;S
20240410;132851;164.7;390;10086717064;S
20240410;132852;164.76;150;10086717186;B
20240410;132852;164.78;50;10086717187;B
20240410;132852;164.78;20;10086717203;B
20240410;132853;164.7;80;10086717248;S
20240410;132853;164.78;2470;10086717271;B
20240410;132853;164.78;50;10086717272;B
20240410;132853;164.78;1580;10086717273;B
20240410;132853;164.74;10;10086717391;S
20240410;132853;164.7;20;10086717392;S
20240410;132854;164.72;50;10086717442;S
20240410;132854;164.7;150;10086717443;S
20240410;132854;164.78;300;10086717455;B
20240410;132854;164.78;20;10086717507;B
20240410;132857;164.7;150;10086717850;S
20240410;132857;164.7;150;10086717851;S
20240410;132857;164.7;1050;10086717852;S
20240410;132857;164.7;300;10086717853;S
20240410;132857;164.68;2690;10086717854;S
20240410;132857;164.68;80;10086717855;S
20240410;132857;164.78;50;10086717865;B
20240410;132859;164.7;10;10086718028;S
20240410;132902;164.7;10;10086718379;B
20240410;132902;164.7;20;10086718406;B
20240410;132902;164.72;10;10086718430;B
20240410;132902;164.68;20;10086718441;S
20240410;132902;164.68;1070;10086718442;S
20240410;132903;164.72;10;10086718499;B
20240410;132904;164.72;40;10086718600;B
20240410;132904;164.72;10;10086718674;B
20240410;132906;164.68;20;10086718805;S
20240410;132906;164.7;50;10086718870;B
20240410;132907;164.7;100;10086718998;B
20240410;132908;164.68;30;10086719015;S
20240410;132908;164.68;10;10086719027;S
20240410;132911;164.7;850;10086719430;B
20240410;132911;164.72;80;10086719431;B
20240410;132911;164.72;60;10086719432;B
20240410;132911;164.72;120;10086719433;B
20240410;132911;164.74;770;10086719434;B
20240410;132912;164.68;370;10086719525;S
20240410;132912;164.64;10;10086719526;S
20240410;132912;164.64;20;10086719527;S
20240410;132912;164.64;150;10086719528;S
20240410;132912;164.64;360;10086719529;S
20240410;132912;164.62;10;10086719530;S
20240410;132912;164.62;80;10086719531;S
20240410;132912;164.74;100;10086719579;B
20240410;132913;164.74;50;10086719637;B
20240410;132913;164.74;50;10086719638;B
20240410;132917;164.72;20;10086720037;B
20240410;132917;164.72;20;10086720100;B
20240410;132917;164.72;110;10086720114;B
20240410;132917;164.72;1000;10086720115;B
20240410;132917;164.72;730;10086720116;B
20240410;132917;164.74;50;10086720117;B
20240410;132917;164.74;1410;10086720118;B
20240410;132918;164.72;10;10086720185;B
20240410;132918;164.74;90;10086720186;B
20240410;132918;164.74;50;10086720187;B
20240410;132918;164.74;310;10086720188;B
20240410;132918;164.68;380;10086720190;S
20240410;132918;164.64;150;10086720191;S
20240410;132918;164.64;1030;10086720192;S
20240410;132918;164.62;740;10086720193;S
20240410;132919;164.7;100;10086720277;B
20240410;132920;164.7;2900;10086720438;S
20240410;132920;164.7;500;10086720439;S
20240410;132920;164.64;320;10086720440;S
20240410;132920;164.64;150;10086720441;S
20240410;132920;164.64;50;10086720442;S
20240410;132920;164.64;50;10086720443;S
20240410;132920;164.62;3660;10086720444;S
20240410;132920;164.62;3660;10086720445;S
20240410;132920;164.6;10;10086720446;S
20240410;132920;164.6;40;10086720447;S
20240410;132920;164.6;200;10086720448;S
20240410;132920;164.6;1000;10086720449;S
20240410;132920;164.6;2000;10086720450;S
20240410;132920;164.6;460;10086720451;S
20240410;132924;164.66;150;10086720888;B
20240410;132924;164.68;10;10086720889;B
20240410;132924;164.68;340;10086720890;S
20240410;132924;164.64;1000;10086720942;B
20240410;132925;164.64;610;10086721035;B
20240410;132925;164.64;200;10086721125;B
20240410;132926;164.66;60;10086721206;B
20240410;132926;164.62;3500;10086721207;S
20240410;132926;164.62;50;10086721208;S
20240410;132926;164.62;80;10086721209;S
20240410;132928;164.66;90;10086721416;B
20240410;132928;164.68;210;10086721417;B
20240410;132928;164.62;40;10086721446;S
20240410;132928;164.62;30;10086721472;S
20240410;132928;164.6;100;10086721473;S
20240410;132928;164.6;390;10086721474;S
20240410;132928;164.58;9490;10086721475;S
20240410;132928;164.56;10000;10086721476;S
20240410;132928;164.54;800;10086721477;S
20240410;132928;164.54;50;10086721478;S
20240410;132928;164.54;50;10086721479;S
20240410;132928;164.54;1000;10086721480;S
20240410;132928;164.52;30;10086721481;S
20240410;132928;164.52;1000;10086721482;S
20240410;132928;164.52;2000;10086721483;S
20240410;132928;164.5;20520;10086721484;S
20240410;132928;164.5;250;10086721485;S
20240410;132928;164.5;90;10086721486;S
20240410;132928;164.5;20;10086721487;S
20240410;132928;164.5;50;10086721488;S
20240410;132928;164.5;10;10086721489;S
20240410;132928;164.5;90;10086721490;S
20240410;132928;164.5;10;10086721491;S
20240410;132928;164.5;10000;10086721492;S
20240410;132928;164.5;10000;10086721493;S
20240410;132928;164.48;50;10086721498;S
20240410;132928;164.48;2000;10086721506;S
20240410;132928;164.48;950;10086721507;S
20240410;132928;164.48;50;10086721508;S
20240410;132929;164.46;10;10086721539;S
20240410;132929;164.46;590;10086721563;S
20240410;132929;164.46;10;10086721564;S
20240410;132929;164.44;60;10086721565;S
20240410;132929;164.42;20;10086721566;S
20240410;132930;164.4;10;10086721633;S
20240410;132930;164.4;10;10086721634;S
20240410;132930;164.4;370;10086721635;S
20240410;132930;164.4;1000;10086721636;S
20240410;132930;164.4;4000;10086721637;S
20240410;132930;164.38;200;10086721638;S
20240410;132930;164.36;10;10086721639;S
20240410;132930;164.36;90;10086721640;S
20240410;132930;164.32;120;10086721668;S
20240410;132930;164.32;880;10086721669;S
20240410;132930;164.32;120;10086721686;S
20240410;132930;164.32;100;10086721732;B
20240410;132931;164.3;20;10086721748;S
20240410;132931;164.28;50;10086721749;S
20240410;132931;164.28;50;10086721750;S
20240410;132931;164.24;180;10086721751;S
20240410;132931;164.32;10;10086721787;B
20240410;132931;164.32;200;10086721834;B
20240410;132931;164.24;470;10086721847;S
20240410;132931;164.22;1500;10086721848;S
20240410;132931;164.2;80;10086721849;S
20240410;132931;164.2;500;10086721850;S
20240410;132931;164.18;200;10086721851;S
20240410;132931;164.18;1220;10086721852;S
20240410;132931;164.16;370;10086721853;S
20240410;132931;164.16;50;10086721854;S
20240410;132931;164.16;350;10086721855;S
20240410;132931;164.26;200;10086721862;B
20240410;132931;164.3;2600;10086721863;B
20240410;132931;164.18;1220;10086721867;S
20240410;132931;164.16;280;10086721868;S
20240410;132932;164.26;100;10086721884;S
20240410;132932;164.3;10;10086721902;B
20240410;132932;164.3;10;10086721908;B
20240410;132932;164.3;150;10086721935;B
20240410;132932;164.3;10000;10086721936;B
20240410;132932;164.32;1000;10086721937;B
20240410;132932;164.34;230;10086721938;B
20240410;132932;164.3;200;10086721950;S
20240410;132933;164.36;100;10086722032;B
20240410;132934;164.36;140;10086722151;B
20240410;132934;164.36;130;10086722156;B
20240410;132934;164.36;370;10086722157;B
20240410;132935;164.36;500;10086722321;S
20240410;132935;164.32;50;10086722322;S
20240410;132935;164.32;100;10086722323;S
20240410;132935;164.3;200;10086722324;S
20240410;132935;164.3;200;10086722325;S
20240410;132935;164.3;650;10086722326;S
20240410;132936;164.32;20;10086722443;S
20240410;132936;164.38;10;10086722512;B
20240410;132937;164.38;10;10086722538;B
20240410;132937;164.38;10;10086722561;B
20240410;132937;164.34;80;10086722565;S
20240410;132937;164.38;100;10086722586;B
20240410;132937;164.38;70;10086722592;B
20240410;132937;164.4;70;10086722593;B
20240410;132938;164.38;20;10086722708;S
20240410;132938;164.36;10;10086722709;S
20240410;132939;164.36;1210;10086722786;S
20240410;132939;164.34;120;10086722787;S
20240410;132939;164.34;500;10086722788;S
20240410;132939;164.34;200;10086722789;S
20240410;132939;164.34;500;10086722790;S
20240410;132939;164.32;200;10086722791;S
20240410;132939;164.32;920;10086722792;S
20240410;132940;164.36;10;10086722923;B
20240410;132942;164.36;10;10086723170;B
20240410;132942;164.36;980;10086723173;B
20240410;132942;164.36;200;10086723174;B
20240410;132942;164.4;9660;10086723175;B
20240410;132943;164.34;30;10086723307;S
20240410;132944;164.36;10;10086723410;B
20240410;132945;164.34;500;10086723513;S
20240410;132946;164.36;290;10086723587;B
20240410;132946;164.42;200;10086723588;B
20240410;132946;164.42;3660;10086723589;B
20240410;132946;164.44;1420;10086723590;B
20240410;132946;164.46;3660;10086723591;B
20240410;132946;164.46;2000;10086723592;B
20240410;132946;164.48;1350;10086723593;B
20240410;132946;164.38;20;10086723609;S
20240410;132946;164.38;990;10086723621;S
20240410;132946;164.36;500;10086723622;S
20240410;132948;164.4;10;10086723798;S
20240410;132948;164.36;290;10086723799;S
20240410;132948;164.36;280;10086723828;S
20240410;132948;164.36;170;10086723829;S
20240410;132950;164.42;220;10086724057;S
20240410;132950;164.38;130;10086724058;S
20240410;132952;164.46;10;10086724204;B
20240410;132952;164.48;20;10086724205;B
20240410;132952;164.48;30;10086724223;B
20240410;132952;164.48;70;10086724224;B
20240410;132952;164.48;100;10086724259;B
20240410;132952;164.5;370;10086724260;B
20240410;132952;164.5;200;10086724298;B
20240410;132953;164.5;500;10086724412;B
20240410;132954;164.42;50;10086724533;S
20240410;132955;164.44;50;10086724579;S
20240410;132955;164.44;100;10086724580;S
20240410;132955;164.42;150;10086724581;S
20240410;132956;164.48;10;10086724680;B
20240410;132959;164.42;1020;10086725052;S
20240410;132959;164.42;10;10086725053;S
20240410;132959;164.42;200;10086725054;S
20240410;132959;164.4;540;10086725055;S
20240410;132959;164.4;250;10086725056;S
20240410;132959;164.38;860;10086725057;S
20240410;132959;164.38;110;10086725058;S
20240410;132959;164.48;200;10086725072;B
20240410;132959;164.48;1200;10086725073;B
20240410;132959;164.48;10;10086725104;B
20240410;133000;164.48;200;10086725113;B
20240410;133000;164.48;10;10086725219;B
20240410;133001;164.42;10;10086725265;S
20240410;133001;164.48;90;10086725274;B
20240410;133001;164.48;10;10086725275;B
20240410;133001;164.5;230;10086725276;B
20240410;133001;164.5;10;10086725283;B
20240410;133002;164.5;10;10086725334;B
20240410;133002;164.5;580;10086725372;B
20240410;133002;164.5;10;10086725431;B
20240410;133003;164.42;50;10086725519;S
20240410;133003;164.42;200;10086725520;S
20240410;133003;164.42;1220;10086725521;S
20240410;133003;164.4;100;10086725522;S
20240410;133003;164.4;430;10086725523;S
20240410;133006;164.48;100;10086725789;B
20240410;133006;164.48;50;10086725844;B
20240410;133006;164.42;10;10086725850;S
20240410;133006;164.4;10;10086725851;S
20240410;133006;164.4;30;10086725852;S
20240410;133006;164.48;50;10086725876;B
20240410;133006;164.48;150;10086725877;B
20240410;133007;164.46;10;10086725930;B
20240410;133007;164.42;150;10086725939;S
20240410;133008;164.4;20;10086726117;S
20240410;133009;164.4;150;10086726144;S
20240410;133009;164.4;150;10086726145;S
20240410;133009;164.44;150;10086726153;B
20240410;133011;164.4;500;10086726384;S
20240410;133011;164.4;30;10086726434;S
20240410;133011;164.4;1220;10086726435;S
20240410;133011;164.38;180;10086726436;S
20240410;133012;164.38;100;10086726512;S
20240410;133013;164.36;200;10086726659;S
20240410;133013;164.36;200;10086726660;S
20240410;133013;164.36;10;10086726661;S
20240410;133015;164.36;20;10086726812;B
20240410;133015;164.36;70;10086726822;B
20240410;133015;164.4;120;10086726823;B
20240410;133016;164.34;20;10086726973;S
20240410;133017;164.38;200;10086727149;B
20240410;133017;164.4;70;10086727150;B
20240410;133017;164.42;530;10086727151;B
20240410;133019;164.36;50;10086727288;S
20240410;133024;164.36;50;10086727958;S
20240410;133025;164.4;10;10086728110;B
20240410;133026;164.36;30;10086728206;S
20240410;133026;164.42;160;10086728263;B
20240410;133026;164.42;200;10086728264;B
20240410;133026;164.42;640;10086728265;B
20240410;133026;164.42;10;10086728274;B
20240410;133027;164.42;150;10086728393;B
20240410;133027;164.44;50;10086728394;B
20240410;133027;164.44;100;10086728395;B
20240410;133028;164.4;40;10086728484;S
20240410;133029;164.4;40;10086728647;S
20240410;133030;164.44;10;10086728775;B
20240410;133035;164.38;60;10086729427;S
20240410;133035;164.38;440;10086729428;S
20240410;133036;164.38;210;10086729696;S
20240410;133037;164.38;50;10086729803;S
20240410;133038;164.38;1170;10086730006;S
20240410;133038;164.36;920;10086730007;S
20240410;133038;164.36;200;10086730008;S
20240410;133038;164.36;590;10086730009;S
20240410;133038;164.34;2120;10086730010;S
20240410;133038;164.36;200;10086730023;S
20240410;133039;164.36;10;10086730140;B
20240410;133040;164.36;10;10086730202;B
20240410;133040;164.34;310;10086730213;S
20240410;133040;164.34;500;10086730214;S
20240410;133040;164.32;50;10086730215;S
20240410;133040;164.32;840;10086730216;S
20240410;133041;164.36;50;10086730274;B
20240410;133041;164.36;10;10086730289;B
20240410;133042;164.34;70;10086730358;S
20240410;133043;164.34;10;10086730499;S
20240410;133043;164.34;100;10086730515;S
20240410;133043;164.34;210;10086730579;S
20240410;133044;164.36;220;10086730603;B
20240410;133044;164.38;200;10086730604;B
20240410;133044;164.4;10;10086730605;B
20240410;133044;164.4;10;10086730606;B
20240410;133044;164.4;10;10086730607;B
20240410;133044;164.42;430;10086730608;B
20240410;133044;164.42;560;10086730609;B
20240410;133045;164.36;10;10086730828;S
20240410;133045;164.34;120;10086730829;S
20240410;133045;164.34;200;10086730830;S
20240410;133045;164.34;300;10086730834;S
20240410;133045;164.34;900;10086730835;S
20240410;133046;164.34;10;10086730955;S
20240410;133046;164.32;100;10086730959;S
20240410;133049;164.4;20;10086731287;B
20240410;133050;164.4;30;10086731303;B
20240410;133050;164.4;10;10086731363;B
20240410;133050;164.38;50;10086731440;B
20240410;133051;164.38;10;10086731480;B
20240410;133054;164.36;380;10086731781;S
20240410;133054;164.34;1000;10086731804;S
20240410;133055;164.38;10;10086731963;B
20240410;133057;164.34;100;10086732205;S
20240410;133100;164.38;20;10086732884;B
20240410;133100;164.34;30;10086732907;S
20240410;133101;164.34;630;10086733078;S
20240410;133101;164.36;200;10086733090;B
20240410;133101;164.38;100;10086733091;B
20240410;133102;164.34;50;10086733260;S
20240410;133102;164.34;1120;10086733274;S
20240410;133108;164.34;150;10086734220;S
20240410;133108;164.36;10;10086734238;B
20240410;133109;164.34;90;10086734452;S
20240410;133110;164.36;10;10086734514;B
20240410;133112;164.36;1210;10086734819;B
20240410;133112;164.38;10;10086734820;B
20240410;133112;164.38;20;10086734821;B
20240410;133112;164.38;760;10086734822;B
20240410;133113;164.36;250;10086734927;S
20240410;133114;164.36;500;10086735034;S
20240410;133114;164.36;100;10086735165;S
20240410;133115;164.38;110;10086735276;B
20240410;133115;164.38;300;10086735281;B
20240410;133115;164.38;1830;10086735288;B
20240410;133115;164.38;50;10086735299;S
20240410;133116;164.38;50;10086735351;S
20240410;133118;164.4;1000;10086735566;B
20240410;133118;164.4;160;10086735567;B
20240410;133118;164.4;500;10086735568;B
20240410;133118;164.38;60;10086735582;S
20240410;133118;164.4;10;10086735609;B
20240410;133119;164.4;20;10086735640;B
20240410;133120;164.38;100;10086735759;S
20240410;133121;164.38;60;10086735972;S
20240410;133122;164.38;130;10086736033;S
20240410;133122;164.4;80;10086736093;B
20240410;133122;164.4;40;10086736094;B
20240410;133124;164.4;60;10086736257;B
20240410;133124;164.44;830;10086736258;B
20240410;133126;164.44;40;10086736502;B
20240410;133126;164.44;20;10086736549;B
20240410;133127;164.44;350;10086736641;B
20240410;133129;164.44;100;10086736879;B
20240410;133133;164.42;20;10086738469;B
20240410;133133;164.44;380;10086738470;B
20240410;133134;164.38;270;10086738631;S
20240410;133134;164.38;560;10086738632;S
20240410;133134;164.36;170;10086738633;S
20240410;133134;164.42;150;10086738639;B
20240410;133135;164.42;20;10086738650;B
20240410;133136;164.44;10;10086738778;B
20240410;133137;164.44;10;10086738947;B
20240410;133138;164.44;10;10086739025;B
20240410;133141;164.38;10;10086739347;S
20240410;133141;164.38;190;10086739463;S
20240410;133141;164.38;100;10086739464;S
20240410;133141;164.38;280;10086739465;S
20240410;133141;164.36;30;10086739466;S
20240410;133141;164.36;1220;10086739467;S
20240410;133141;164.36;300;10086739468;S
20240410;133141;164.36;380;10086739469;S
20240410;133146;164.4;10;10086739921;B
20240410;133146;164.38;10;10086739941;S
20240410;133146;164.4;40;10086739960;B
20240410;133147;164.38;140;10086740004;S
20240410;133147;164.38;10;10086740005;S
20240410;133147;164.36;1150;10086740006;S
20240410;133147;164.36;90;10086740007;S
20240410;133147;164.36;1110;10086740008;S
20240410;133147;164.36;40;10086740012;S
20240410;133147;164.36;40;10086740013;S
20240410;133148;164.42;30;10086740160;B
20240410;133148;164.44;3320;10086740161;B
20240410;133148;164.44;120;10086740162;B
20240410;133148;164.44;20;10086740163;B
20240410;133148;164.46;150;10086740164;B
20240410;133148;164.46;20;10086740165;B
20240410;133148;164.46;10;10086740166;B
20240410;133148;164.46;1250;10086740167;B
20240410;133148;164.48;3580;10086740168;B
20240410;133149;164.4;10;10086740354;B
20240410;133152;164.38;10;10086740655;S
20240410;133153;164.4;20;10086740695;B
20240410;133153;164.44;10;10086740764;B
20240410;133153;164.44;70;10086740826;B
20240410;133159;164.44;100;10086741458;B
20240410;133200;164.46;150;10086741584;B
20240410;133200;164.48;650;10086741585;B
20240410;133201;164.46;10;10086741671;B
20240410;133203;164.44;20;10086741868;S
20240410;133204;164.42;530;10086741968;S
20240410;133204;164.42;10;10086741969;S
20240410;133204;164.4;460;10086741970;S
20240410;133206;164.4;410;10086742192;S
20240410;133207;164.44;100;10086742315;B
20240410;133207;164.4;10;10086742417;S
20240410;133208;164.44;50;10086742570;B
20240410;133210;164.44;540;10086742758;B
20240410;133212;164.4;100;10086743023;S
20240410;133213;164.4;10;10086743087;S
20240410;133218;164.4;50;10086743682;S
20240410;133219;164.44;30;10086743808;B
20240410;133219;164.44;10;10086743809;B
20240410;133219;164.46;30;10086743810;B
20240410;133219;164.46;10;10086743811;B
20240410;133219;164.46;90;10086743812;B
20240410;133220;164.46;100;10086743859;B
20240410;133221;164.42;150;10086744038;S
20240410;133221;164.42;70;10086744039;S
20240410;133221;164.42;10;10086744040;S
20240410;133221;164.4;270;10086744041;S
20240410;133224;164.46;20;10086744543;B
20240410;133226;164.44;10;10086745024;S
20240410;133227;164.46;30;10086745294;B
20240410;133228;164.46;10;10086745427;B
20240410;133228;164.46;40;10086745445;B
20240410;133228;164.46;10;10086745446;B
20240410;133230;164.46;10;10086745884;B
20240410;133230;164.46;50;10086745913;B
20240410;133230;164.44;200;10086745916;S
20240410;133230;164.44;10;10086745942;S
20240410;133231;164.44;300;10086746109;S
20240410;133235;164.46;10;10086746615;B
20240410;133237;164.46;60;10086746755;B
20240410;133237;164.44;1480;10086746813;S
20240410;133237;164.44;40;10086746814;S
20240410;133242;164.4;10;10086747273;S
20240410;133242;164.4;10;10086747368;S
20240410;133243;164.46;10;10086747387;B
20240410;133243;164.46;100;10086747388;B
20240410;133243;164.46;10;10086747389;B
20240410;133243;164.46;180;10086747390;B
20240410;133243;164.48;10;10086747411;B
20240410;133245;164.42;150;10086747605;S
20240410;133245;164.42;50;10086747606;S
20240410;133247;164.42;100;10086747889;S
20240410;133247;164.42;550;10086747907;S
20240410;133249;164.42;210;10086748121;S
20240410;133249;164.42;10;10086748122;S
20240410;133249;164.42;200;10086748123;S
20240410;133249;164.4;380;10086748124;S
20240410;133252;164.44;10;10086748349;S
20240410;133252;164.44;30;10086748417;S
20240410;133252;164.4;160;10086748418;S
20240410;133252;164.4;50;10086748493;S
20240410;133254;164.42;10;10086748703;B
20240410;133255;164.44;10;10086748742;B
20240410;133255;164.4;10;10086748779;S
20240410;133255;164.44;100;10086748782;B
20240410;133255;164.4;100;10086748800;S
20240410;133257;164.4;970;10086749017;S
20240410;133257;164.4;200;10086749018;S
20240410;133257;164.4;30;10086749019;S
20240410;133258;164.44;10;10086749078;B
20240410;133258;164.4;470;10086749092;S
20240410;133258;164.4;10;10086749093;S
20240410;133258;164.4;520;10086749094;S
20240410;133259;164.44;10;10086749195;B
20240410;133259;164.4;80;10086749208;S
20240410;133259;164.4;20;10086749209;S
20240410;133259;164.44;10;10086749289;B
20240410;133259;164.44;30;10086749296;B
20240410;133300;164.4;590;10086749341;S
20240410;133300;164.4;10;10086749342;S
20240410;133300;164.4;50;10086749343;S
20240410;133300;164.4;300;10086749344;S
20240410;133300;164.38;340;10086749345;S
20240410;133301;164.38;10;10086749448;S
20240410;133303;164.4;10;10086749703;B
20240410;133307;164.38;20;10086750110;S
20240410;133307;164.4;50;10086750205;B
20240410;133308;164.4;30;10086750210;B
20240410;133309;164.4;50;10086750346;B
20240410;133310;164.38;130;10086750447;S
20240410;133310;164.36;40;10086750448;S
20240410;133310;164.36;250;10086750449;S
20240410;133310;164.34;380;10086750450;S
20240410;133310;164.34;100;10086750451;S
20240410;133313;164.38;10;10086750744;B
20240410;133313;164.38;140;10086750762;B
20240410;133313;164.4;400;10086750763;B
20240410;133313;164.4;460;10086750764;B
20240410;133314;164.4;10;10086750935;B
20240410;133317;164.4;10;10086751248;B
20240410;133317;164.4;30;10086751260;B
20240410;133318;164.38;90;10086751385;B
20240410;133319;164.4;150;10086751404;B
20240410;133320;164.4;200;10086751531;B
20240410;133322;164.38;300;10086751676;S
20240410;133323;164.38;1110;10086751781;S
20240410;133323;164.36;250;10086751782;S
20240410;133323;164.36;1000;10086751783;S
20240410;133323;164.36;480;10086751784;S
20240410;133323;164.34;4900;10086751785;S
20240410;133323;164.34;10;10086751786;S
20240410;133323;164.34;150;10086751787;S
20240410;133323;164.34;40;10086751788;S
20240410;133323;164.34;20;10086751827;B
20240410;133323;164.32;60;10086751837;S
20240410;133323;164.3;100;10086751838;S
20240410;133323;164.3;10;10086751839;S
20240410;133323;164.3;10;10086751840;S
20240410;133323;164.3;20;10086751841;S
20240410;133323;164.3;40;10086751842;S
20240410;133323;164.3;10;10086751843;S
20240410;133323;164.28;10;10086751844;S
20240410;133324;164.28;190;10086751861;S
20240410;133324;164.26;10;10086751862;S
20240410;133324;164.26;20;10086751863;S
20240410;133324;164.26;1000;10086751864;S
20240410;133324;164.26;150;10086751865;S
20240410;133324;164.24;100;10086751866;S
20240410;133324;164.24;1500;10086751867;S
20240410;133324;164.24;300;10086751868;S
20240410;133324;164.22;20;10086751869;S
20240410;133324;164.26;10;10086751875;S
20240410;133324;164.26;180;10086751908;S
20240410;133324;164.24;150;10086751909;S
20240410;133324;164.24;2670;10086751910;S
20240410;133325;164.32;150;10086752040;B
20240410;133325;164.34;50;10086752041;B
20240410;133326;164.32;100;10086752137;B
20240410;133328;164.28;10;10086752374;S
20240410;133328;164.28;50;10086752390;S
20240410;133329;164.28;940;10086752414;S
20240410;133329;164.26;370;10086752415;S
20240410;133329;164.26;10;10086752416;S
20240410;133329;164.26;50;10086752417;S
20240410;133329;164.24;130;10086752418;S
20240410;133333;164.32;10;10086752795;B
20240410;133333;164.32;30;10086752874;B
20240410;133334;164.28;190;10086752936;S
20240410;133334;164.32;10;10086752984;B
20240410;133336;164.32;10;10086753149;S
20240410;133336;164.3;20;10086753150;S
20240410;133337;164.32;50;10086753201;B
20240410;133337;164.28;20;10086753232;S
20240410;133340;164.3;1220;10086753576;S
20240410;133340;164.28;790;10086753577;S
20240410;133340;164.28;150;10086753578;S
20240410;133340;164.28;840;10086753579;S
20240410;133343;164.28;10;10086753940;S
20240410;133344;164.28;1520;10086753963;S
20240410;133344;164.26;1980;10086753964;S
20240410;133345;164.32;10;10086754123;B
20240410;133347;164.28;10;10086754344;S
20240410;133348;164.28;10;10086754395;S
20240410;133351;164.28;10;10086754694;S
20240410;133351;164.26;150;10086754698;S
20240410;133352;164.26;90;10086754774;S
20240410;133352;164.26;200;10086754860;S
20240410;133354;164.26;1460;10086755054;S
20240410;133354;164.24;500;10086755055;S
20240410;133354;164.24;10;10086755056;S
20240410;133354;164.22;8030;10086755057;S
20240410;133355;164.26;150;10086755182;B
20240410;133355;164.26;90;10086755183;B
20240410;133357;164.22;60;10086755326;S
20240410;133359;164.2;10;10086755610;S
20240410;133359;164.2;10;10086755680;S
20240410;133359;164.2;450;10086755693;S
20240410;133359;164.2;4550;10086755694;S
20240410;133400;164.2;10;10086755737;S
20240410;133400;164.2;310;10086755767;S
20240410;133400;164.24;30;10086755818;B
20240410;133402;164.2;30;10086755924;S
20240410;133403;164.22;10;10086756075;B
20240410;133403;164.2;100;10086756086;S
20240410;133403;164.2;100;10086756087;S
20240410;133403;164.2;200;10086756088;S
20240410;133403;164.16;10;10086756146;S
20240410;133404;164.16;120;10086756166;S
20240410;133404;164.16;130;10086756188;S
20240410;133404;164.16;10;10086756250;S
20240410;133405;164.2;10;10086756278;B
20240410;133406;164.16;100;10086756457;S
20240410;133406;164.16;150;10086756458;S
20240410;133406;164.14;410;10086756459;S
20240410;133406;164.14;180;10086756460;S
20240410;133406;164.12;860;10086756461;S
20240410;133406;164.12;1300;10086756462;S
20240410;133406;164.18;400;10086756484;B
20240410;133407;164.12;2150;10086756506;S
20240410;133407;164.12;10;10086756582;S
20240410;133408;164.18;150;10086756648;B
20240410;133408;164.18;50;10086756649;B
20240410;133409;164.16;10;10086756780;B
20240410;133411;164.1;300;10086756999;S
20240410;133412;164.1;90;10086757043;S
20240410;133413;164.16;90;10086757185;B
20240410;133413;164.16;20;10086757229;B
20240410;133413;164.16;80;10086757230;B
20240410;133414;164.1;3620;10086757364;S
20240410;133414;164.1;90;10086757365;S
20240410;133414;164.1;150;10086757366;S
20240410;133414;164.08;50;10086757367;S
20240410;133414;164.08;390;10086757368;S
20240410;133414;164.08;10;10086757369;S
20240410;133414;164.08;400;10086757370;S
20240410;133414;164.08;10;10086757371;S
20240410;133414;164.08;90;10086757372;S
20240410;133414;164.06;3000;10086757373;S
20240410;133414;164.06;60;10086757374;S
20240410;133414;164.06;1000;10086757375;S
20240410;133414;164.06;6730;10086757376;S
20240410;133414;164.04;10;10086757389;S
20240410;133414;164.04;490;10086757390;S
20240410;133415;164.04;40;10086757425;S
20240410;133415;164.04;470;10086757447;S
20240410;133415;164.04;1000;10086757448;S
20240410;133415;164.04;10;10086757449;S
20240410;133415;164.04;150;10086757450;S
20240410;133415;164.02;100;10086757451;S
20240410;133415;164.02;1000;10086757452;S
20240410;133415;164.02;40;10086757453;S
20240410;133415;164;20;10086757454;S
20240410;133415;164;10;10086757455;S
20240410;133415;164;10;10086757456;S
20240410;133415;164;40;10086757457;S
20240410;133415;164;100;10086757458;S
20240410;133415;164;100;10086757459;S
20240410;133415;164;50;10086757460;S
20240410;133415;164;250;10086757461;S
20240410;133415;164;10;10086757462;S
20240410;133415;164;10;10086757463;S
20240410;133415;164;10;10086757464;S
20240410;133415;164;10;10086757465;S
20240410;133415;164;470;10086757466;S
20240410;133415;164;10;10086757467;S
20240410;133415;164;100;10086757468;S
20240410;133415;164;500;10086757469;S
20240410;133415;164;3000;10086757470;S
20240410;133415;164;100;10086757471;S
20240410;133415;163.98;1400;10086757472;S
20240410;133415;163.98;400;10086757473;S
20240410;133415;163.98;630;10086757474;S
20240410;133415;163.96;150;10086757483;S
20240410;133415;163.96;120;10086757484;S
20240410;133415;163.96;340;10086757490;S
20240410;133415;164;20;10086757524;S
20240410;133415;163.98;40;10086757525;S
20240410;133416;163.98;50;10086757547;S
20240410;133416;163.96;10;10086757559;S
20240410;133416;163.96;100;10086757573;S
20240410;133417;164;20;10086757741;S
20240410;133417;164;20;10086757742;S
20240410;133417;163.98;60;10086757743;S
20240410;133417;163.96;90;10086757744;S
20240410;133419;164.02;30;10086757966;B
20240410;133421;164.02;150;10086758193;B
20240410;133421;163.98;30;10086758203;S
20240410;133421;164;1200;10086758228;B
20240410;133421;164;210;10086758229;B
20240410;133422;164;1260;10086758241;B
20240410;133422;164;2150;10086758242;B
20240410;133422;164;10;10086758252;S
20240410;133422;164.02;20;10086758258;B
20240410;133422;164.04;20;10086758259;B
20240410;133422;164.02;100;10086758277;S
20240410;133422;164.02;10;10086758291;S
20240410;133422;164.02;10;10086758352;S
20240410;133423;164.02;10;10086758380;S
20240410;133424;164.04;10;10086758488;B
20240410;133425;164.02;1090;10086758593;S
20240410;133425;164.02;1530;10086758594;S
20240410;133425;164;2350;10086758595;S
20240410;133425;164.04;120;10086758636;B
20240410;133425;164.04;200;10086758637;B
20240410;133425;164.04;10;10086758638;B
20240410;133425;164.04;50;10086758639;B
20240410;133426;164.04;620;10086758697;S
20240410;133426;164.02;1220;10086758698;S
20240410;133426;164.02;1530;10086758699;S
20240410;133426;164;1630;10086758700;S
20240410;133427;164.04;10;10086758860;B
20240410;133427;164.04;20;10086758915;B
20240410;133429;164.02;1000;10086759089;S
20240410;133431;164.02;50;10086759256;S
20240410;133431;164.02;1220;10086759257;S
20240410;133431;164;5230;10086759258;S
20240410;133431;164;10;10086759259;S
20240410;133431;164;10;10086759260;S
20240410;133431;164;50;10086759261;S
20240410;133431;164;1000;10086759262;S
20240410;133431;163.96;10;10086759263;S
20240410;133431;163.96;10;10086759264;S
20240410;133431;163.96;1480;10086759265;S
20240410;133431;163.94;10;10086759266;S
20240410;133431;163.94;100;10086759267;S
20240410;133431;163.94;10;10086759268;S
20240410;133431;163.92;10;10086759269;S
20240410;133431;163.92;150;10086759270;S
20240410;133431;163.92;250;10086759271;S
20240410;133431;163.92;400;10086759272;S
20240410;133431;163.92;200;10086759375;S
20240410;133431;163.92;10;10086759376;S
20240410;133431;163.92;1220;10086759377;S
20240410;133431;163.9;20;10086759378;S
20240410;133431;163.9;100;10086759379;S
20240410;133431;163.9;340;10086759380;S
20240410;133431;163.98;10;10086759385;B
20240410;133432;163.92;1530;10086759455;S
20240410;133432;163.9;160;10086759456;S
20240410;133432;163.9;1220;10086759457;S
20240410;133432;163.9;1000;10086759458;S
20240410;133432;163.9;400;10086759459;S
20240410;133432;163.9;1350;10086759460;S
20240410;133434;163.96;100;10086759591;S
20240410;133434;163.96;600;10086759612;S
20240410;133434;163.96;250;10086759663;S
20240410;133434;163.9;1220;10086759664;S
20240410;133434;163.9;1530;10086759665;S
20240410;133435;163.9;1220;10086759678;S
20240410;133435;163.9;1530;10086759679;S
20240410;133435;163.88;10;10086759680;S
20240410;133435;163.88;150;10086759681;S
20240410;133436;163.9;250;10086759764;B
20240410;133436;163.88;850;10086759792;S
20240410;133436;163.86;10;10086759793;S
20240410;133436;163.86;50;10086759794;S
20240410;133436;163.84;10;10086759795;S
20240410;133436;163.84;10;10086759796;S
20240410;133436;163.84;170;10086759797;S
20240410;133436;163.84;500;10086759798;S
20240410;133436;163.84;1400;10086759799;S
20240410;133437;163.88;180;10086759872;B
20240410;133437;163.9;120;10086759873;B
20240410;133438;163.88;180;10086760096;B
20240410;133438;163.88;10;10086760099;S
20240410;133439;163.9;10;10086760141;B
20240410;133439;163.9;300;10086760148;B
20240410;133439;163.92;500;10086760149;B
20240410;133439;163.92;180;10086760150;B
20240410;133439;163.94;820;10086760151;B
20240410;133439;163.9;1220;10086760214;S
20240410;133439;163.88;810;10086760215;S
20240410;133439;163.86;20;10086760216;S
20240410;133439;163.86;300;10086760217;S
20240410;133439;163.86;200;10086760218;S
20240410;133439;163.86;180;10086760219;S
20240410;133439;163.84;1530;10086760220;S
20240410;133439;163.84;40;10086760221;S
20240410;133439;163.84;250;10086760222;S
20240410;133439;163.82;2000;10086760223;S
20240410;133439;163.8;20;10086760224;S
20240410;133439;163.8;20;10086760225;S
20240410;133439;163.8;50;10086760226;S
20240410;133439;163.8;30;10086760227;S
20240410;133439;163.8;400;10086760228;S
20240410;133439;163.8;500;10086760229;S
20240410;133439;163.8;200;10086760230;S
20240410;133439;163.8;100;10086760231;S
20240410;133439;163.8;2000;10086760232;S
20240410;133439;163.78;130;10086760233;S
20240410;133440;163.9;50;10086760278;B
20240410;133440;163.9;50;10086760332;B
20240410;133440;163.86;10;10086760359;S
20240410;133440;163.8;190;10086760360;S
20240410;133440;163.78;1530;10086760361;S
20240410;133440;163.78;270;10086760362;S
20240410;133440;163.78;250;10086760366;S
20240410;133442;163.86;10;10086760593;B
20240410;133442;163.86;300;10086760594;B
20240410;133442;163.88;190;10086760595;B
20240410;133443;163.88;190;10086760658;B
20240410;133443;163.88;450;10086760659;B
20240410;133443;163.88;550;10086760675;B
20240410;133443;163.9;290;10086760676;B
20240410;133443;163.9;1380;10086760677;B
20240410;133443;163.92;2220;10086760678;B
20240410;133443;163.8;90;10086760751;S
20240410;133444;163.8;2130;10086760759;S
20240410;133444;163.8;10;10086760760;S
20240410;133444;163.8;200;10086760761;S
20240410;133444;163.78;160;10086760762;S
20240410;133444;163.9;20;10086760783;B
20240410;133444;163.9;10;10086760847;B
20240410;133444;163.94;1990;10086760848;B
20240410;133445;163.92;160;10086760951;B
20240410;133445;163.98;10;10086760952;B
20240410;133445;163.98;1370;10086760953;B
20240410;133445;163.98;1000;10086760954;B
20240410;133445;164;10;10086760955;B
20240410;133445;164;2000;10086760956;B
20240410;133445;164;10000;10086760957;B
20240410;133445;164.02;250;10086760958;B
20240410;133445;164.02;10000;10086760959;B
20240410;133445;164.04;50;10086760960;B
20240410;133445;164.04;5150;10086760961;B
20240410;133446;164.04;300;10086760986;S
20240410;133446;164.04;420;10086761083;S
20240410;133446;164.06;10;10086761103;B
20240410;133446;164.06;10;10086761114;B
20240410;133446;164.06;10;10086761115;B
20240410;133446;164.08;10;10086761116;B
20240410;133446;164.08;10;10086761117;B
20240410;133446;164.1;50;10086761154;S
20240410;133447;164.16;50;10086761219;B
20240410;133447;164.18;1000;10086761254;B
20240410;133448;164.18;10;10086761300;B
20240410;133450;164.22;200;10086761672;B
20240410;133450;164.22;1350;10086761673;B
20240410;133450;164.24;1450;10086761674;B
20240410;133450;164.2;200;10086761686;S
20240410;133452;164.18;90;10086761862;S
20240410;133452;164.2;20;10086761938;B
20240410;133453;164.2;10;10086762063;B
20240410;133454;164.18;150;10086762095;S
20240410;133455;164.2;10;10086762264;B
20240410;133456;164.18;200;10086762287;S
20240410;133456;164.18;10;10086762318;S
20240410;133456;164.18;770;10086762378;S
20240410;133456;164.18;230;10086762379;S
20240410;133458;164.2;40;10086762603;B
20240410;133500;164.18;10;10086763301;S
20240410;133500;164.18;650;10086763302;S
20240410;133500;164.18;1470;10086763303;S
20240410;133500;164.16;870;10086763304;S
20240410;133500;164.16;100;10086763351;S
20240410;133500;164.18;10;10086763413;S
20240410;133502;164.2;10;10086763810;B
20240410;133502;164.18;10;10086763838;S
20240410;133502;164.16;10;10086763839;S
20240410;133504;164.16;890;10086764261;S
20240410;133504;164.12;200;10086764262;S
20240410;133504;164.12;100;10086764263;S
20240410;133504;164.12;1000;10086764264;S
20240410;133504;164.12;510;10086764265;S
20240410;133504;164.1;4300;10086764266;S
20240410;133504;164.1;10;10086764351;B
20240410;133505;164.04;250;10086764396;S
20240410;133505;164.04;200;10086764397;S
20240410;133505;164.02;10;10086764398;S
20240410;133505;164;50;10086764399;S
20240410;133505;163.98;190;10086764400;S
20240410;133507;164.1;10;10086765031;B
20240410;133509;164.1;200;10086765364;B
20240410;133509;164.1;1310;10086765365;B
20240410;133509;164.1;200;10086765366;B
20240410;133509;164.12;1530;10086765367;B
20240410;133509;164.16;100;10086765368;B
20240410;133509;164.16;500;10086765369;B
20240410;133509;164.18;3660;10086765370;B
20240410;133509;164.18;3660;10086765371;B
20240410;133509;164.2;710;10086765372;B
20240410;133509;164.2;1220;10086765373;B
20240410;133509;164.2;1000;10086765374;B
20240410;133509;164.2;10000;10086765375;B
20240410;133509;164.2;2000;10086765376;B
20240410;133509;164.22;10000;10086765377;B
20240410;133509;164.24;50;10086765378;B
20240410;133509;164.24;10000;10086765379;B
20240410;133509;164.26;550;10086765380;B
20240410;133509;164.26;2310;10086765381;B
20240410;133509;164.24;200;10086765383;B
20240410;133509;164.28;30;10086765384;B
20240410;133509;164.28;970;10086765385;B
20240410;133509;164.28;30;10086765420;B
20240410;133509;164.3;70;10086765421;B
20240410;133509;164.3;10;10086765422;B
20240410;133509;164.3;300;10086765423;B
20240410;133509;164.3;100;10086765424;B
20240410;133509;164.3;200;10086765425;B
20240410;133509;164.26;200;10086765430;S
20240410;133509;164.32;80;10086765450;B
20240410;133509;164.32;200;10086765451;B
20240410;133509;164.32;100;10086765452;B
20240410;133509;164.32;350;10086765453;B
20240410;133509;164.34;270;10086765454;B
20240410;133510;164.32;1000;10086765533;S
20240410;133510;164.32;900;10086765534;S
20240410;133511;164.3;200;10086765608;S
20240410;133511;164.32;500;10086765649;B
20240410;133512;164.28;3740;10086765766;S
20240410;133513;164.3;10;10086766022;B
20240410;133513;164.24;10;10086766214;S
20240410;133515;164.32;40;10086766677;B
20240410;133517;164.3;20;10086767036;S
20240410;133518;164.3;20;10086767318;B
20240410;133520;164.22;1220;10086767667;S
20240410;133520;164.22;1020;10086767668;S
20240410;133520;164.2;3760;10086767669;S
20240410;133521;164.24;200;10086767914;B
20240410;133521;164.26;800;10086767915;B
20240410;133521;164.26;150;10086767933;B
20240410;133522;164.26;10;10086768250;B
20240410;133526;164.26;10;10086769088;B
20240410;133527;164.18;200;10086769472;S
20240410;133527;164.18;510;10086769473;S
20240410;133527;164.18;20;10086769474;S
20240410;133527;164.16;170;10086769475;S
20240410;133529;164.2;800;10086770054;S
20240410;133529;164.18;200;10086770055;S
20240410;133529;164.26;30;10086770065;B
20240410;133529;164.26;20;10086770066;B
20240410;133531;164.2;20;10086770456;S
20240410;133531;164.18;250;10086770457;S
20240410;133531;164.16;2310;10086770458;S
20240410;133531;164.16;2420;10086770459;S
20240410;133531;164.26;170;10086770557;B
20240410;133531;164.26;1300;10086770558;B
20240410;133531;164.28;10;10086770559;B
20240410;133531;164.28;2420;10086770560;B
20240410;133531;164.3;80;10086770561;B
20240410;133531;164.3;300;10086770562;B
20240410;133531;164.3;780;10086770563;B
20240410;133531;164.3;10;10086770564;B
20240410;133531;164.3;730;10086770565;B
20240410;133532;164.28;200;10086770663;B
20240410;133532;164.3;1650;10086770664;B
20240410;133532;164.32;150;10086770665;B
20240410;133533;164.3;200;10086770902;B
20240410;133533;164.32;300;10086770903;B
20240410;133534;164.3;30;10086771113;B
20240410;133534;164.32;40;10086771114;B
20240410;133534;164.32;2000;10086771117;B
20240410;133535;164.32;80;10086771248;B
20240410;133539;164.3;100;10086772103;S
20240410;133540;164.28;100;10086772241;S
20240410;133543;164.26;50;10086772795;S
20240410;133543;164.32;40;10086772886;B
20240410;133544;164.32;80;10086772946;B
20240410;133545;164.3;600;10086773235;B
20240410;133545;164.3;20;10086773236;B
20240410;133546;164.3;10;10086773258;B
20240410;133548;164.3;20;10086773582;B
20240410;133551;164.3;20;10086773988;B
20240410;133554;164.28;100;10086774403;S
20240410;133554;164.3;500;10086774412;B
20240410;133556;164.3;10;10086774744;B
20240410;133557;164.3;100;10086774804;B
20240410;133557;164.28;50;10086774888;S
20240410;133557;164.26;10;10086774889;S
20240410;133557;164.26;100;10086774890;S
20240410;133557;164.26;200;10086774891;S
20240410;133557;164.26;640;10086774892;S
20240410;133558;164.3;50;10086774925;B
20240410;133604;164.26;50;10086775843;S
20240410;133604;164.28;100;10086775943;B
20240410;133604;164.28;10;10086775944;B
20240410;133604;164.3;170;10086775945;B
20240410;133604;164.3;10;10086775946;B
20240410;133604;164.3;10;10086775947;B
20240410;133605;164.3;140;10086775978;S
20240410;133605;164.3;50;10086776006;S
20240410;133605;164.32;30;10086776084;B
20240410;133608;164.32;100;10086776379;B
20240410;133609;164.32;10;10086776487;B
20240410;133611;164.32;30;10086776683;B
20240410;133613;164.3;10;10086777021;S
20240410;133613;164.3;10;10086777022;S
20240410;133614;164.3;60;10086777060;S
20240410;133614;164.3;180;10086777061;S
20240410;133614;164.3;10;10086777062;S
20240410;133614;164.28;150;10086777063;S
20240410;133616;164.32;260;10086777242;B
20240410;133616;164.32;170;10086777243;B
20240410;133616;164.34;70;10086777244;B
20240410;133617;164.34;10;10086777339;B
20240410;133619;164.3;30;10086777563;B
20240410;133621;164.3;20;10086777765;B
20240410;133621;164.3;20;10086777770;B
20240410;133621;164.3;80;10086777849;B
20240410;133621;164.32;120;10086777850;B
20240410;133622;164.32;10;10086777960;B
20240410;133623;164.32;100;10086778040;B
20240410;133623;164.28;10;10086778047;S
20240410;133623;164.32;10;10086778050;B
20240410;133624;164.32;100;10086778069;B
20240410;133625;164.32;20;10086778223;S
20240410;133625;164.28;80;10086778224;S
20240410;133626;164.34;10;10086778249;B
20240410;133626;164.34;20;10086778318;B
20240410;133628;164.3;210;10086778545;S
20240410;133628;164.3;1530;10086778546;S
20240410;133628;164.28;10;10086778547;S
20240410;133628;164.28;80;10086778548;S
20240410;133630;164.32;50;10086778922;B
20240410;133630;164.34;90;10086778923;B
20240410;133630;164.34;10;10086778924;B
20240410;133630;164.34;1700;10086778925;B
20240410;133633;164.34;10;10086779407;B
20240410;133634;164.34;350;10086779555;B
20240410;133634;164.34;100;10086779566;B
20240410;133635;164.3;10;10086779614;S
20240410;133637;164.28;20;10086779904;S
20240410;133637;164.28;80;10086779905;S
20240410;133637;164.32;10;10086779906;B
20240410;133638;164.32;70;10086780003;B
20240410;133639;164.34;50;10086780167;B
20240410;133639;164.34;500;10086780242;B
20240410;133640;164.34;100;10086780300;B
20240410;133640;164.34;800;10086780362;B
20240410;133641;164.32;10;10086780563;S
20240410;133643;164.34;50;10086780804;B
20240410;133648;164.32;70;10086781803;S
20240410;133648;164.32;20;10086781804;S
20240410;133648;164.3;70;10086781805;S
20240410;133648;164.28;120;10086781806;S
20240410;133648;164.28;20;10086781807;S
20240410;133648;164.28;300;10086781808;S
20240410;133650;164.32;10;10086782104;B
20240410;133650;164.28;100;10086782114;S
20240410;133651;164.28;170;10086782481;S
20240410;133654;164.3;50;10086783094;B
20240410;133654;164.3;760;10086783095;B
20240410;133654;164.32;110;10086783096;B
20240410;133654;164.32;2830;10086783097;B
20240410;133655;164.32;10;10086783248;B
20240410;133655;164.28;300;10086783304;S
20240410;133657;164.32;10;10086783600;B
20240410;133700;164.28;100;10086784260;S
20240410;133700;164.28;100;10086784274;S
20240410;133700;164.28;2970;10086784275;S
20240410;133700;164.26;100;10086784276;S
20240410;133700;164.26;910;10086784277;S
20240410;133700;164.26;20;10086784278;S
20240410;133700;164.26;3230;10086784279;S
20240410;133700;164.26;60;10086784417;S
20240410;133702;164.3;200;10086784734;B
20240410;133704;164.3;10;10086785003;B
20240410;133705;164.26;1080;10086785172;S
20240410;133705;164.26;500;10086785227;S
20240410;133708;164.26;10;10086785741;S
20240410;133709;164.26;120;10086785946;S
20240410;133709;164.24;700;10086785947;S
20240410;133709;164.24;1000;10086785948;S
20240410;133709;164.22;200;10086785949;S
20240410;133709;164.2;40;10086785950;S
20240410;133709;164.2;10;10086785951;S
20240410;133709;164.2;4500;10086785952;S
20240410;133710;164.26;100;10086785995;B
20240410;133710;164.26;50;10086786061;B
20240410;133710;164.26;250;10086786062;B
20240410;133710;164.24;90;10086786106;B
20240410;133711;164.24;60;10086786182;B
20240410;133711;164.26;20;10086786183;B
20240410;133711;164.26;90;10086786184;B
20240410;133711;164.28;1290;10086786185;B
20240410;133711;164.3;200;10086786186;B
20240410;133711;164.3;290;10086786187;B
20240410;133711;164.2;150;10086786250;S
20240410;133711;164.18;10;10086786251;S
20240410;133711;164.18;1410;10086786252;S
20240410;133714;164.26;80;10086786674;B
20240410;133717;164.26;100;10086787106;B
20240410;133718;164.16;20;10086787185;S
20240410;133718;164.16;380;10086787186;S
20240410;133719;164.22;40;10086787373;B
20240410;133720;164.22;60;10086787442;B
20240410;133721;164.18;100;10086787569;S
20240410;133722;164.22;50;10086787627;B
20240410;133722;164.16;1120;10086787664;S
20240410;133722;164.16;110;10086787665;S
20240410;133722;164.22;100;10086787699;B
20240410;133722;164.22;300;10086787700;B
20240410;133724;164.16;250;10086787837;S
20240410;133724;164.16;100;10086787838;S
20240410;133724;164.14;150;10086787839;S
20240410;133724;164.14;150;10086787840;S
20240410;133725;164.2;10;10086788047;B
20240410;133725;164.2;140;10086788246;B
20240410;133725;164.2;360;10086788247;B
20240410;133728;164.24;800;10086788708;B
20240410;133729;164.14;150;10086788986;S
20240410;133729;164.14;1500;10086788987;S
20240410;133729;164.12;230;10086788988;S
20240410;133730;164.1;10;10086789315;S
20240410;133730;164.1;10;10086789316;S
20240410;133730;164.1;20;10086789317;S
20240410;133730;164.1;150;10086789318;S
20240410;133730;164.06;3430;10086789319;S
20240410;133730;164.04;3380;10086789320;S
20240410;133731;164.02;730;10086789363;S
20240410;133731;164;100;10086789364;S
20240410;133731;164;10;10086789365;S
20240410;133731;164;20;10086789366;S
20240410;133731;164;20;10086789367;S
20240410;133731;164;120;10086789368;S
20240410;133731;164;50;10086789369;S
20240410;133731;164;660;10086789370;S
20240410;133731;164;30;10086789371;S
20240410;133731;164;260;10086789372;S
20240410;133731;164.08;30;10086789430;B
20240410;133731;164;240;10086789443;S
20240410;133731;164;150;10086789444;S
20240410;133731;164;100;10086789445;S
20240410;133731;164;50;10086789448;B
20240410;133732;164;2000;10086789576;B
20240410;133732;164;10;10086789579;B
20240410;133733;164;950;10086789639;B
20240410;133733;164;1250;10086789640;B
20240410;133733;164.02;10;10086789672;B
20240410;133733;164.02;140;10086789676;B
20240410;133733;164.08;260;10086789677;B
20240410;133733;164.06;150;10086789719;B
20240410;133733;164.1;3420;10086789720;B
20240410;133735;164.04;450;10086789904;S
20240410;133735;164.02;1210;10086789905;S
20240410;133735;164.02;150;10086789906;S
20240410;133735;164.02;1530;10086789907;S
20240410;133735;164;2800;10086789908;S
20240410;133735;163.98;300;10086789909;S
20240410;133735;163.98;10;10086789910;S
20240410;133735;163.98;3550;10086789911;S
20240410;133735;164.1;150;10086789955;B
20240410;133735;164.1;50;10086789956;B
20240410;133739;164.08;100;10086790338;B
20240410;133740;164;50;10086790396;S
20240410;133740;163.98;90;10086790397;S
20240410;133742;164.06;20;10086790602;B
20240410;133742;164.06;10;10086790629;B
20240410;133743;164.06;10;10086790710;B
20240410;133743;164;10;10086790711;S
20240410;133743;164;50;10086790727;S
20240410;133744;164.08;50;10086790830;B
20240410;133744;164.08;100;10086790831;B
20240410;133744;164.08;240;10086790832;B
20240410;133744;164.08;1500;10086790833;B
20240410;133744;164.08;110;10086790834;B
20240410;133744;164.12;3390;10086790854;B
20240410;133745;164.12;10;10086790954;B
20240410;133746;164.02;150;10086791086;S
20240410;133746;164;50;10086791087;S
20240410;133748;164.08;10;10086791390;B
20240410;133751;164.1;10;10086791645;B
20240410;133751;164.1;70;10086791656;B
20240410;133753;164.06;10;10086791869;B
20240410;133753;164.1;70;10086791870;B
20240410;133757;164.12;10;10086792346;B
20240410;133757;164.1;2920;10086792376;S
20240410;133757;164.06;150;10086792377;S
20240410;133757;164.04;520;10086792378;S
20240410;133757;164.04;660;10086792379;S
20240410;133757;164.02;1000;10086792380;S
20240410;133757;164.02;500;10086792381;S
20240410;133757;164.02;100;10086792382;S
20240410;133757;164.02;30;10086792383;S
20240410;133757;164;390;10086792384;S
20240410;133757;164;1530;10086792385;S
20240410;133757;164;200;10086792386;S
20240410;133759;164.02;40;10086792574;S
20240410;133800;164.08;30;10086792781;B
20240410;133801;164.02;110;10086792920;S
20240410;133801;164.02;500;10086792921;S
20240410;133801;164;300;10086792922;S
20240410;133801;164;90;10086792923;S
20240410;133802;164.06;20;10086792997;B
20240410;133805;164;20;10086793404;S
20240410;133805;164;90;10086793449;S
20240410;133805;164;10;10086793450;S
20240410;133805;164;20;10086793451;S
20240410;133805;164;20;10086793452;S
20240410;133805;164;170;10086793470;B
20240410;133809;164;30;10086793793;B
20240410;133809;164;30;10086793815;B
20240410;133811;164;20;10086794027;B
20240410;133813;164;110;10086794277;B
20240410;133813;164.06;90;10086794278;B
20240410;133813;163.98;20;10086794291;S
20240410;133814;164;280;10086794361;B
20240410;133815;164;890;10086794508;S
20240410;133815;164;660;10086794509;S
20240410;133816;163.98;10;10086794517;S
20240410;133819;163.98;170;10086794979;S
20240410;133821;164;250;10086795206;B
20240410;133821;164;200;10086795207;B
20240410;133821;164;300;10086795208;B
20240410;133821;164;10;10086795209;B
20240410;133821;164.02;240;10086795210;B
20240410;133823;164;10;10086795486;S
20240410;133823;164;250;10086795487;S
20240410;133823;163.98;50;10086795488;S
20240410;133823;163.98;40;10086795489;S
20240410;133823;163.98;150;10086795490;S
20240410;133826;164.04;10;10086795707;B
20240410;133826;164.06;40;10086795708;B
20240410;133826;164.06;50;10086795709;B
20240410;133827;163.98;310;10086795820;S
20240410;133827;163.98;490;10086795906;S
20240410;133828;163.98;670;10086795931;S
20240410;133828;163.98;20;10086795932;S
20240410;133828;163.96;250;10086795933;S
20240410;133828;163.96;590;10086795934;S
20240410;133828;163.96;150;10086795935;S
20240410;133828;163.96;320;10086795936;S
20240410;133829;163.96;10;10086796121;S
20240410;133830;163.98;10;10086796163;B
20240410;133831;163.98;10;10086796334;B
20240410;133832;163.98;50;10086796498;B
20240410;133834;163.98;30;10086796674;B
20240410;133835;163.98;80;10086796771;B
20240410;133835;164;30;10086796772;B
20240410;133837;164;20;10086797159;B
20240410;133839;164;210;10086797401;B
20240410;133842;163.96;10;10086797723;S
20240410;133843;163.96;10;10086797819;S
20240410;133850;164;540;10086798694;B
20240410;133850;164;150;10086798695;B
20240410;133850;164;170;10086798696;B
20240410;133850;164;140;10086798697;B
20240410;133851;163.98;160;10086798862;S
20240410;133851;164;1010;10086798913;B
20240410;133851;164;400;10086798914;B
20240410;133851;164;200;10086798915;B
20240410;133851;164;10;10086798916;B
20240410;133851;164;350;10086798917;B
20240410;133853;164;290;10086799123;S
20240410;133854;164;980;10086799220;S
20240410;133854;163.98;120;10086799221;S
20240410;133854;163.96;400;10086799222;S
20240410;133856;163.96;80;10086799359;S
20240410;133856;163.96;100;10086799360;S
20240410;133856;163.96;500;10086799361;S
20240410;133856;163.96;500;10086799362;S
20240410;133856;163.96;170;10086799363;S
20240410;133856;163.94;20;10086799364;S
20240410;133856;163.94;20;10086799365;S
20240410;133856;163.94;10;10086799366;S
20240410;133856;163.94;10;10086799367;S
20240410;133856;163.94;500;10086799368;S
20240410;133856;163.92;690;10086799369;S
20240410;133856;164.02;80;10086799442;B
20240410;133856;163.94;170;10086799457;S
20240410;133856;163.92;830;10086799458;S
20240410;133856;163.98;60;10086799514;S
20240410;133857;163.98;200;10086799893;S
20240410;133900;163.94;30;10086800399;S
20240410;133900;164.02;10;10086800554;B
20240410;133902;164.02;10;10086800958;B
20240410;133906;164.02;100;10086801502;B
20240410;133906;164;10;10086801517;S
20240410;133906;164.02;10;10086801564;B
20240410;133908;164;150;10086801891;S
20240410;133910;164;220;10086802048;S
20240410;133910;164.02;40;10086802088;B
20240410;133910;164.02;100;10086802089;B
20240410;133910;164.06;30;10086802090;B
20240410;133911;164;90;10086802255;S
20240410;133915;164.04;110;10086802916;B
20240410;133915;164.04;40;10086803012;B
20240410;133915;164.06;60;10086803013;B
20240410;133917;164.02;10;10086803131;S
20240410;133917;164.02;150;10086803132;S
20240410;133922;164.04;20;10086803747;S
20240410;133922;164.04;130;10086803760;S
20240410;133922;164.02;100;10086803761;S
20240410;133922;164.02;20;10086803762;S
20240410;133922;164.02;10;10086803763;S
20240410;133922;164.02;200;10086803764;S
20240410;133922;164;40;10086803765;S
20240410;133924;164.06;10;10086803866;B
20240410;133924;164.06;20;10086803868;B
20240410;133924;164.06;20;10086803869;B
20240410;133924;164.06;30;10086803870;B
20240410;133924;164.06;50;10086803871;B
20240410;133924;164.06;30;10086803872;B
20240410;133924;164.06;30;10086803873;B
20240410;133924;164.06;10;10086803875;B
20240410;133924;164.06;10;10086803876;B
20240410;133924;164.06;10;10086803877;B
20240410;133924;164.06;20;10086803878;B
20240410;133924;164.06;20;10086803879;B
20240410;133924;164.06;90;10086803880;B
20240410;133924;164.06;20;10086803882;B
20240410;133924;164.06;10;10086803883;B
20240410;133924;164.06;50;10086803884;B
20240410;133924;164.06;30;10086803885;B
20240410;133924;164.06;10;10086803886;B
20240410;133924;164.06;10;10086803887;B
20240410;133924;164.06;30;10086803888;B
20240410;133924;164.06;50;10086803889;B
20240410;133924;164.06;10;10086803890;B
20240410;133924;164.06;10;10086803891;B
20240410;133924;164.06;10;10086803892;B
20240410;133924;164.06;20;10086803893;B
20240410;133924;164.06;50;10086803894;B
20240410;133924;164.08;20;10086803895;B
20240410;133924;164.08;10;10086803896;B
20240410;133924;164.08;20;10086803897;B
20240410;133924;164.08;10;10086803898;B
20240410;133924;164.08;10;10086803900;B
20240410;133924;164.08;60;10086803901;B
20240410;133924;164.08;10;10086803902;B
20240410;133924;164.1;10;10086803904;B
20240410;133924;164.1;80;10086803905;B
20240410;133924;164.1;20;10086803907;B
20240410;133924;164.1;100;10086803908;B
20240410;133924;164.1;10;10086803909;B
20240410;133924;164.1;50;10086803911;B
20240410;133924;164.1;10;10086803912;B
20240410;133924;164.1;10;10086803914;B
20240410;133924;164.1;10;10086803916;B
20240410;133924;164.1;120;10086803917;B
20240410;133924;164.1;210;10086803919;B
20240410;133924;164.1;10;10086803921;B
20240410;133924;164.1;30;10086803922;B
20240410;133924;164.1;10;10086803924;B
20240410;133924;164.1;10;10086803925;B
20240410;133924;164.1;30;10086803926;B
20240410;133924;164.1;10;10086803927;B
20240410;133924;164.1;10;10086803928;B
20240410;133924;164.1;10;10086803931;B
20240410;133924;164.1;80;10086803933;B
20240410;133924;164.1;10;10086803934;B
20240410;133924;164.1;10;10086803937;B
20240410;133924;164.1;60;10086803939;B
20240410;133924;164.1;30;10086803944;B
20240410;133924;164.1;60;10086803955;B
20240410;133924;164.1;40;10086803958;B
20240410;133924;164.1;30;10086803959;B
20240410;133924;164.1;10;10086803963;B
20240410;133924;164.1;10;10086803966;B
20240410;133924;164.1;10;10086803967;B
20240410;133924;164.1;30;10086803968;B
20240410;133924;164.1;40;10086803971;B
20240410;133924;164.1;150;10086803972;B
20240410;133924;164.1;20;10086803974;B
20240410;133924;164.1;20;10086803975;B
20240410;133924;164.1;30;10086803978;B
20240410;133924;164.1;80;10086803993;B
20240410;133924;164.1;10;10086804001;B
20240410;133924;164.1;10;10086804017;B
20240410;133924;164.1;30;10086804018;B
20240410;133924;164.12;10;10086804019;B
20240410;133924;164.12;30;10086804020;B
20240410;133924;164.12;20;10086804023;B
20240410;133924;164.12;10;10086804024;B
20240410;133924;164.12;10;10086804027;B
20240410;133924;164.12;10;10086804028;B
20240410;133924;164.12;10;10086804029;B
20240410;133924;164.12;30;10086804033;B
20240410;133924;164.12;40;10086804043;B
20240410;133924;164.12;20;10086804044;B
20240410;133924;164.14;70;10086804045;B
20240410;133924;164.14;20;10086804047;B
20240410;133924;164.14;20;10086804049;B
20240410;133924;164.14;100;10086804050;B
20240410;133924;164.14;160;10086804051;B
20240410;133924;164.14;70;10086804052;B
20240410;133924;164.14;50;10086804053;B
20240410;133924;164.14;10;10086804054;B
20240410;133924;164.14;10;10086804055;B
20240410;133924;164.14;150;10086804056;B
20240410;133924;164.14;40;10086804057;B
20240410;133924;164.16;10;10086804058;B
20240410;133924;164.16;20;10086804059;B
20240410;133924;164.16;10;10086804061;B
20240410;133924;164.16;30;10086804062;B
20240410;133924;164.16;10;10086804063;B
20240410;133924;164.16;10;10086804064;B
20240410;133924;164.16;30;10086804065;B
20240410;133924;164.16;40;10086804067;B
20240410;133924;164.16;40;10086804068;B
20240410;133924;164.16;130;10086804073;B
20240410;133925;164.16;30;10086804075;B
20240410;133925;164.16;100;10086804076;B
20240410;133925;164.16;10;10086804077;B
20240410;133925;164.16;30;10086804079;B
20240410;133925;164.16;30;10086804080;B
20240410;133925;164.16;10;10086804081;B
20240410;133925;164.16;10;10086804082;B
20240410;133925;164.16;10;10086804083;B
20240410;133925;164.16;30;10086804084;B
20240410;133925;164.16;10;10086804085;B
20240410;133925;164.16;10;10086804086;B
20240410;133925;164.16;20;10086804089;B
20240410;133925;164.16;20;10086804091;B
20240410;133925;164.16;30;10086804092;B
20240410;133925;164.16;10;10086804094;B
20240410;133925;164.16;40;10086804097;B
20240410;133925;164.16;10;10086804098;B
20240410;133925;164.16;10;10086804101;B
20240410;133925;164.16;10;10086804102;B
20240410;133925;164.16;30;10086804103;B
20240410;133925;164.16;60;10086804105;B
20240410;133925;164.16;10;10086804109;B
20240410;133925;164.16;230;10086804110;B
20240410;133925;164.16;10;10086804112;B
20240410;133925;164.16;80;10086804114;B
20240410;133925;164.16;30;10086804120;B
20240410;133925;164.16;20;10086804129;B
20240410;133925;164.16;60;10086804130;B
20240410;133925;164.16;30;10086804132;B
20240410;133925;164.16;30;10086804133;B
20240410;133925;164.16;10;10086804135;B
20240410;133925;164.16;10;10086804136;B
20240410;133925;164.16;10;10086804138;B
20240410;133925;164.16;40;10086804139;B
20240410;133925;164.16;30;10086804141;B
20240410;133925;164.16;10;10086804142;B
20240410;133925;164.16;130;10086804146;B
20240410;133925;164.16;10;10086804147;B
20240410;133925;164.16;10;10086804148;B
20240410;133925;164.16;10;10086804149;B
20240410;133925;164.16;30;10086804150;B
20240410;133925;164.16;50;10086804151;B
20240410;133925;164.16;30;10086804153;B
20240410;133925;164.16;30;10086804155;B
20240410;133925;164.16;30;10086804156;B
20240410;133925;164.16;10;10086804158;B
20240410;133925;164.16;10;10086804159;B
20240410;133925;164.16;100;10086804160;B
20240410;133925;164.2;900;10086804161;B
20240410;133925;164.2;10;10086804162;B
20240410;133925;164.24;10;10086804163;B
20240410;133925;164.24;80;10086804167;B
20240410;133925;164.24;10;10086804168;B
20240410;133925;164.24;10;10086804169;B
20240410;133925;164.24;10;10086804170;B
20240410;133925;164.24;150;10086804171;B
20240410;133925;164.26;20;10086804172;B
20240410;133925;164.26;10;10086804173;B
20240410;133925;164.26;10;10086804174;B
20240410;133925;164.26;40;10086804175;B
20240410;133925;164.26;50;10086804176;B
20240410;133925;164.26;40;10086804177;B
20240410;133925;164.26;40;10086804178;B
20240410;133925;164.26;30;10086804180;B
20240410;133925;164.26;30;10086804183;B
20240410;133925;164.26;30;10086804184;B
20240410;133925;164.26;10;10086804186;B
20240410;133925;164.26;10;10086804187;B
20240410;133925;164.26;70;10086804188;B
20240410;133925;164.26;40;10086804189;B
20240410;133925;164.26;10;10086804190;B
20240410;133925;164.26;10;10086804191;B
20240410;133925;164.26;10;10086804192;B
20240410;133925;164.26;50;10086804193;B
20240410;133925;164.26;20;10086804194;B
20240410;133925;164.26;10;10086804195;B
20240410;133925;164.26;50;10086804196;B
20240410;133925;164.26;10;10086804198;B
20240410;133925;164.26;40;10086804199;B
20240410;133925;164.26;10;10086804200;B
20240410;133925;164.26;60;10086804204;B
20240410;133925;164.26;50;10086804208;B
20240410;133925;164.26;20;10086804210;B
20240410;133925;164.26;50;10086804212;B
20240410;133925;164.26;10;10086804215;B
20240410;133925;164.26;10;10086804219;B
20240410;133925;164.26;10;10086804221;B
20240410;133925;164.26;20;10086804223;B
20240410;133925;164.26;30;10086804226;B
20240410;133925;164.26;10;10086804227;B
20240410;133925;164.26;440;10086804228;B
20240410;133925;164.26;80;10086804229;B
20240410;133925;164.26;60;10086804230;B
20240410;133925;164.26;10;10086804231;B
20240410;133925;164.26;10;10086804232;B
20240410;133925;164.26;30;10086804234;B
20240410;133925;164.26;30;10086804235;B
20240410;133925;164.26;20;10086804236;B
20240410;133925;164.26;20;10086804241;B
20240410;133925;164.26;20;10086804242;B
20240410;133925;164.26;20;10086804243;B
20240410;133925;164.26;10;10086804245;B
20240410;133925;164.26;10;10086804246;B
20240410;133925;164.26;10;10086804247;B
20240410;133925;164.26;30;10086804252;B
20240410;133925;164.26;50;10086804256;B
20240410;133925;164.26;10;10086804258;B
20240410;133925;164.26;10;10086804259;B
20240410;133925;164.26;40;10086804260;B
20240410;133925;164.26;10;10086804261;B
20240410;133925;164.26;30;10086804262;B
20240410;133925;164.26;40;10086804263;B
20240410;133925;164.26;30;10086804266;B
20240410;133925;164.26;10;10086804268;B
20240410;133925;164.26;10;10086804270;B
20240410;133925;164.26;10;10086804273;B
20240410;133925;164.2;70;10086804281;B
20240410;133925;164.2;310;10086804298;B
20240410;133925;164.2;10;10086804299;B
20240410;133925;164.2;10;10086804300;B
20240410;133925;164.2;10;10086804301;B
20240410;133925;164.2;20;10086804302;B
20240410;133925;164.2;10;10086804303;B
20240410;133925;164.2;10;10086804304;B
20240410;133926;164.2;30;10086804307;B
20240410;133926;164.2;10;10086804309;B
20240410;133926;164.2;10;10086804310;B
20240410;133926;164.2;10;10086804311;B
20240410;133926;164.2;10;10086804312;B
20240410;133926;164.2;10;10086804314;B
20240410;133926;164.2;10;10086804315;B
20240410;133926;164.2;30;10086804316;B
20240410;133926;164.2;20;10086804317;B
20240410;133926;164.2;80;10086804318;B
20240410;133926;164.2;20;10086804319;B
20240410;133926;164.2;60;10086804320;B
20240410;133926;164.2;10;10086804321;B
20240410;133926;164.2;10;10086804322;B
20240410;133926;164.2;10;10086804325;B
20240410;133926;164.2;60;10086804327;B
20240410;133926;164.2;40;10086804328;B
20240410;133926;164.2;30;10086804330;B
20240410;133926;164.2;10;10086804333;B
20240410;133926;164.2;30;10086804334;B
20240410;133926;164.2;10;10086804335;B
20240410;133926;164.2;40;10086804336;B
20240410;133926;164.24;20;10086804337;B
20240410;133926;164.26;10;10086804339;B
20240410;133926;164.26;20;10086804340;B
20240410;133926;164.26;20;10086804341;B
20240410;133926;164.26;10;10086804342;B
20240410;133926;164.26;30;10086804343;B
20240410;133926;164.26;30;10086804344;B
20240410;133926;164.26;10;10086804345;B
20240410;133926;164.26;30;10086804346;B
20240410;133926;164.26;10;10086804347;B
20240410;133926;164.26;30;10086804348;B
20240410;133926;164.26;30;10086804349;B
20240410;133926;164.26;10;10086804350;B
20240410;133926;164.26;150;10086804351;B
20240410;133926;164.26;140;10086804355;B
20240410;133926;164.26;10;10086804356;B
20240410;133926;164.26;10;10086804358;B
20240410;133926;164.26;50;10086804359;B
20240410;133926;164.28;20;10086804360;B
20240410;133926;164.28;30;10086804361;B
20240410;133926;164.28;10;10086804366;B
20240410;133926;164.28;10;10086804369;B
20240410;133926;164.28;10;10086804372;B
20240410;133926;164.28;20;10086804376;B
20240410;133926;164.3;10;10086804377;B
20240410;133926;164.3;10;10086804380;B
20240410;133926;164.3;20;10086804382;B
20240410;133926;164.3;10;10086804383;B
20240410;133926;164.3;30;10086804384;B
20240410;133926;164.3;60;10086804386;B
20240410;133926;164.3;80;10086804387;B
20240410;133926;164.3;30;10086804388;B
20240410;133926;164.3;10;10086804389;B
20240410;133926;164.28;30;10086804391;B
20240410;133926;164.32;10;10086804392;B
20240410;133926;164.32;20;10086804394;B
20240410;133926;164.32;10;10086804395;B
20240410;133926;164.32;270;10086804396;B
20240410;133926;164.32;10;10086804397;B
20240410;133926;164.32;10;10086804398;B
20240410;133926;164.32;20;10086804399;B
20240410;133926;164.32;10;10086804400;B
20240410;133926;164.32;10;10086804401;B
20240410;133926;164.32;30;10086804402;B
20240410;133926;164.32;30;10086804403;B
20240410;133926;164.32;170;10086804404;B
20240410;133926;164.32;30;10086804406;B
20240410;133926;164.32;30;10086804407;B
20240410;133926;164.32;10;10086804408;B
20240410;133926;164.32;20;10086804409;B
20240410;133926;164.32;10;10086804410;B
20240410;133926;164.32;30;10086804411;B
20240410;133926;164.32;10;10086804412;B
20240410;133926;164.32;10;10086804413;B
20240410;133926;164.32;10;10086804414;B
20240410;133926;164.32;30;10086804415;B
20240410;133926;164.32;80;10086804419;B
20240410;133926;164.32;40;10086804420;B
20240410;133926;164.32;10;10086804422;B
20240410;133926;164.32;10;10086804423;B
20240410;133926;164.32;10;10086804425;B
20240410;133926;164.32;10;10086804427;B
20240410;133926;164.32;20;10086804429;B
20240410;133926;164.32;10;10086804430;B
20240410;133926;164.32;10;10086804431;B
20240410;133926;164.32;40;10086804432;B
20240410;133926;164.32;10;10086804433;B
20240410;133926;164.32;30;10086804436;B
20240410;133926;164.32;10;10086804438;B
20240410;133926;164.32;50;10086804440;B
20240410;133926;164.32;10;10086804441;B
20240410;133926;164.32;30;10086804442;B
20240410;133926;164.32;40;10086804444;B
20240410;133926;164.32;150;10086804445;B
20240410;133926;164.32;50;10086804446;B
20240410;133926;164.32;10;10086804449;B
20240410;133926;164.32;30;10086804453;B
20240410;133926;164.32;40;10086804459;B
20240410;133926;164.32;30;10086804460;B
20240410;133926;164.32;10;10086804462;B
20240410;133926;164.32;10;10086804464;B
20240410;133926;164.32;70;10086804468;B
20240410;133926;164.32;10;10086804469;B
20240410;133926;164.32;20;10086804470;B
20240410;133926;164.32;20;10086804471;B
20240410;133926;164.32;30;10086804474;B
20240410;133926;164.32;10;10086804475;B
20240410;133926;164.32;10;10086804476;B
20240410;133926;164.32;10;10086804477;B
20240410;133926;164.32;20;10086804478;B
20240410;133926;164.32;30;10086804479;B
20240410;133926;164.32;40;10086804480;B
20240410;133926;164.32;30;10086804481;B
20240410;133926;164.32;10;10086804482;B
20240410;133926;164.32;10;10086804483;B
20240410;133926;164.32;10;10086804484;B
20240410;133926;164.32;10;10086804485;B
20240410;133926;164.32;10;10086804486;B
20240410;133926;164.32;10;10086804487;B
20240410;133926;164.32;10;10086804489;B
20240410;133926;164.34;50;10086804490;B
20240410;133926;164.34;10;10086804491;B
20240410;133926;164.34;30;10086804493;B
20240410;133926;164.32;40;10086804496;B
20240410;133926;164.34;10;10086804497;B
20240410;133926;164.34;10;10086804500;B
20240410;133926;164.32;20;10086804502;B
20240410;133926;164.32;10;10086804503;B
20240410;133926;164.32;150;10086804505;B
20240410;133926;164.34;10;10086804506;B
20240410;133926;164.32;30;10086804507;B
20240410;133926;164.34;60;10086804508;B
20240410;133926;164.34;100;10086804509;B
20240410;133926;164.32;10;10086804510;B
20240410;133926;164.34;10;10086804511;B
20240410;133926;164.32;30;10086804512;B
20240410;133926;164.32;20;10086804516;B
20240410;133926;164.32;30;10086804518;B
20240410;133926;164.34;120;10086804519;B
20240410;133926;164.34;30;10086804520;B
20240410;133926;164.28;30;10086804522;B
20240410;133926;164.34;10;10086804523;B
20240410;133926;164.32;10;10086804525;B
20240410;133926;164.32;30;10086804526;B
20240410;133926;164.32;50;10086804532;B
20240410;133926;164.34;10;10086804533;B
20240410;133926;164.32;10;10086804550;B
20240410;133926;164.34;30;10086804552;B
20240410;133926;164.32;70;10086804555;B
20240410;133926;164.32;10;10086804556;B
20240410;133926;164.34;30;10086804557;B
20240410;133926;164.32;50;10086804559;B
20240410;133926;164.32;20;10086804562;B
20240410;133926;164.34;10;10086804565;B
20240410;133926;164.32;40;10086804566;B
20240410;133926;164.34;20;10086804567;B
20240410;133926;164.32;10;10086804570;B
20240410;133926;164.32;10;10086804572;B
20240410;133926;164.34;90;10086804573;B
20240410;133926;164.32;10;10086804574;B
20240410;133926;164.34;30;10086804576;B
20240410;133926;164.32;30;10086804577;B
20240410;133926;164.34;10;10086804578;B
20240410;133926;164.34;30;10086804579;B
20240410;133927;164.32;20;10086804580;B
20240410;133927;164.32;10;10086804582;B
20240410;133927;164.34;10;10086804584;B
20240410;133927;164.32;30;10086804585;B
20240410;133927;164.32;30;10086804592;B
20240410;133927;164.34;30;10086804593;B
20240410;133927;164.34;50;10086804594;B
20240410;133927;164.34;30;10086804595;B
20240410;133927;164.34;1000;10086804596;B
20240410;133927;164.34;30;10086804597;B
20240410;133927;164.32;20;10086804598;B
20240410;133927;164.34;10;10086804599;B
20240410;133927;164.34;30;10086804600;B
20240410;133927;164.34;60;10086804602;B
20240410;133927;164.34;30;10086804603;B
20240410;133927;164.34;30;10086804604;B
20240410;133927;164.34;20;10086804605;B
20240410;133927;164.34;30;10086804607;B
20240410;133927;164.34;190;10086804608;B
20240410;133927;164.34;10;10086804609;B
20240410;133927;164.34;20;10086804610;B
20240410;133927;164.34;50;10086804611;B
20240410;133927;164.34;90;10086804612;B
20240410;133927;164.34;10;10086804614;B
20240410;133927;164.34;20;10086804616;B
20240410;133927;164.34;20;10086804617;B
20240410;133927;164.34;10;10086804619;B
20240410;133927;164.34;30;10086804621;B
20240410;133927;164.34;20;10086804625;B
20240410;133927;164.34;30;10086804630;B
20240410;133927;164.34;30;10086804631;B
20240410;133927;164.34;10;10086804632;B
20240410;133927;164.34;20;10086804633;B
20240410;133927;164.34;100;10086804634;B
20240410;133927;164.36;100;10086804635;B
20240410;133927;164.36;500;10086804636;B
20240410;133927;164.36;780;10086804637;B
20240410;133927;164.34;80;10086804642;B
20240410;133927;164.34;10;10086804644;B
20240410;133927;164.34;10;10086804645;B
20240410;133927;164.36;140;10086804646;B
20240410;133927;164.38;10;10086804647;B
20240410;133927;164.38;140;10086804648;B
20240410;133927;164.38;30;10086804650;B
20240410;133927;164.38;30;10086804652;B
20240410;133927;164.38;30;10086804657;B
20240410;133927;164.38;30;10086804659;B
20240410;133927;164.38;150;10086804660;B
20240410;133927;164.38;30;10086804662;B
20240410;133927;164.38;50;10086804663;B
20240410;133927;164.38;60;10086804664;B
20240410;133927;164.38;30;10086804671;B
20240410;133927;164.38;10;10086804672;B
20240410;133927;164.38;30;10086804673;B
20240410;133927;164.38;10;10086804674;B
20240410;133927;164.38;10;10086804675;B
20240410;133927;164.38;10;10086804676;B
20240410;133927;164.38;20;10086804678;B
20240410;133927;164.38;10;10086804680;B
20240410;133927;164.38;30;10086804683;B
20240410;133927;164.38;10;10086804684;B
20240410;133927;164.38;20;10086804685;B
20240410;133927;164.38;10;10086804687;B
20240410;133927;164.38;80;10086804689;B
20240410;133927;164.38;10;10086804690;B
20240410;133927;164.38;10;10086804692;B
20240410;133927;164.38;30;10086804693;B
20240410;133927;164.38;30;10086804698;B
20240410;133927;164.38;30;10086804699;B
20240410;133927;164.38;30;10086804701;B
20240410;133927;164.38;30;10086804702;B
20240410;133927;164.38;10;10086804703;B
20240410;133927;164.38;30;10086804705;B
20240410;133927;164.38;30;10086804706;B
20240410;133927;164.38;10;10086804707;B
20240410;133927;164.38;10;10086804709;B
20240410;133927;164.38;30;10086804710;B
20240410;133927;164.38;10;10086804711;B
20240410;133927;164.38;10;10086804712;B
20240410;133927;164.38;20;10086804717;B
20240410;133927;164.38;20;10086804718;B
20240410;133927;164.38;20;10086804720;B
20240410;133927;164.4;50;10086804721;B
20240410;133927;164.4;80;10086804722;B
20240410;133927;164.38;10;10086804726;B
20240410;133927;164.4;20;10086804727;B
20240410;133927;164.4;10;10086804728;B
20240410;133927;164.4;10;10086804729;B
20240410;133927;164.38;30;10086804732;B
20240410;133927;164.38;30;10086804734;B
20240410;133927;164.4;60;10086804735;B
20240410;133927;164.38;180;10086804736;B
20240410;133927;164.4;10;10086804737;B
20240410;133927;164.4;10;10086804738;B
20240410;133927;164.38;10;10086804739;B
20240410;133927;164.38;10;10086804755;B
20240410;133927;164.38;60;10086804758;B
20240410;133927;164.38;30;10086804759;B
20240410;133927;164.3;10;10086804760;S
20240410;133927;164.34;10;10086804769;B
20240410;133927;164.4;30;10086804770;B
20240410;133927;164.4;30;10086804771;B
20240410;133927;164.4;50;10086804777;B
20240410;133927;164.4;40;10086804778;B
20240410;133927;164.4;320;10086804780;B
20240410;133927;164.4;20;10086804783;B
20240410;133927;164.4;50;10086804784;B
20240410;133927;164.4;20;10086804785;B
20240410;133927;164.4;10;10086804786;B
20240410;133927;164.4;30;10086804788;B
20240410;133927;164.4;30;10086804789;B
20240410;133927;164.4;50;10086804790;B
20240410;133927;164.4;30;10086804791;B
20240410;133927;164.4;30;10086804792;B
20240410;133927;164.4;20;10086804793;B
20240410;133927;164.4;20;10086804794;B
20240410;133927;164.4;10;10086804796;B
20240410;133927;164.4;20;10086804797;B
20240410;133927;164.4;10;10086804798;B
20240410;133927;164.4;80;10086804799;B
20240410;133927;164.4;20;10086804800;B
20240410;133927;164.4;10;10086804802;B
20240410;133927;164.4;70;10086804803;B
20240410;133927;164.4;190;10086804804;B
20240410;133927;164.4;20;10086804805;B
20240410;133927;164.4;10;10086804806;B
20240410;133927;164.4;40;10086804808;B
20240410;133927;164.4;10;10086804810;B
20240410;133927;164.4;20;10086804811;B
20240410;133927;164.4;10;10086804812;B
20240410;133927;164.4;20;10086804813;B
20240410;133927;164.4;20;10086804814;B
20240410;133927;164.4;10;10086804817;B
20240410;133927;164.4;10;10086804818;B
20240410;133927;164.4;10;10086804819;B
20240410;133927;164.4;10;10086804820;B
20240410;133927;164.4;590;10086804821;B
20240410;133927;164.4;30;10086804822;B
20240410;133927;164.4;10;10086804823;B
20240410;133927;164.4;20;10086804825;B
20240410;133927;164.4;30;10086804826;B
20240410;133927;164.4;20;10086804827;B
20240410;133927;164.4;30;10086804829;B
20240410;133927;164.4;10;10086804832;B
20240410;133927;164.4;40;10086804833;B
20240410;133927;164.4;10;10086804834;B
20240410;133927;164.4;10;10086804836;B
20240410;133927;164.4;160;10086804837;B
20240410;133927;164.4;20;10086804839;B
20240410;133927;164.4;30;10086804842;B
20240410;133928;164.4;40;10086804847;B
20240410;133928;164.4;30;10086804848;B
20240410;133928;164.4;50;10086804856;B
20240410;133928;164.4;10;10086804857;B
20240410;133928;164.4;10;10086804858;B
20240410;133928;164.4;10;10086804859;B
20240410;133928;164.4;1370;10086804866;B
20240410;133928;164.4;200;10086804867;B
20240410;133928;164.4;4430;10086804868;B
20240410;133928;164.42;10;10086804871;B
20240410;133928;164.42;40;10086804872;B
20240410;133928;164.32;1000;10086804873;S
20240410;133928;164.3;290;10086804874;S
20240410;133928;164.3;100;10086804875;S
20240410;133928;164.3;100;10086804876;S
20240410;133928;164.3;150;10086804877;S
20240410;133928;164.28;1350;10086804878;S
20240410;133928;164.34;10;10086804890;B
20240410;133928;164.34;10;10086804891;B
20240410;133928;164.34;10;10086804892;B
20240410;133928;164.34;10;10086804894;B
20240410;133928;164.34;20;10086804895;B
20240410;133928;164.34;30;10086804899;B
20240410;133928;164.34;20;10086804906;B
20240410;133928;164.34;10;10086804907;B
20240410;133928;164.34;10;10086804908;B
20240410;133928;164.34;10;10086804910;B
20240410;133928;164.34;10;10086804912;B
20240410;133928;164.4;20;10086804913;B
20240410;133928;164.42;10;10086804914;B
20240410;133928;164.42;20;10086804915;B
20240410;133928;164.42;10;10086804916;B
20240410;133928;164.42;20;10086804918;B
20240410;133928;164.42;10;10086804919;B
20240410;133928;164.42;20;10086804920;B
20240410;133928;164.42;10;10086804923;B
20240410;133928;164.42;80;10086804924;B
20240410;133928;164.42;30;10086804925;B
20240410;133928;164.42;20;10086804929;B
20240410;133928;164.42;40;10086804930;B
20240410;133928;164.42;10;10086804933;B
20240410;133928;164.42;10;10086804934;B
20240410;133928;164.42;30;10086804935;B
20240410;133928;164.42;10;10086804936;B
20240410;133928;164.42;10;10086804937;B
20240410;133928;164.42;10;10086804938;B
20240410;133928;164.42;30;10086804939;B
20240410;133928;164.42;10;10086804940;B
20240410;133928;164.42;30;10086804941;B
20240410;133928;164.42;140;10086804943;B
20240410;133928;164.42;80;10086804944;B
20240410;133928;164.42;30;10086804945;B
20240410;133928;164.42;70;10086804946;B
20240410;133928;164.42;40;10086804947;B
20240410;133928;164.42;30;10086804948;B
20240410;133928;164.42;10;10086804949;B
20240410;133928;164.42;30;10086804950;B
20240410;133928;164.42;40;10086804951;B
20240410;133928;164.42;50;10086804952;B
20240410;133928;164.42;100;10086804955;B
20240410;133928;164.42;10;10086804957;B
20240410;133928;164.32;500;10086804962;S
20240410;133928;164.36;230;10086804969;B
20240410;133928;164.36;10;10086804972;B
20240410;133928;164.36;40;10086804973;B
20240410;133928;164.36;40;10086804974;B
20240410;133928;164.36;40;10086804976;B
20240410;133928;164.36;40;10086804977;B
20240410;133928;164.36;20;10086804978;B
20240410;133928;164.36;20;10086804981;B
20240410;133928;164.36;60;10086804983;B
20240410;133928;164.36;30;10086804985;B
20240410;133928;164.42;50;10086804986;B
20240410;133928;164.42;30;10086804988;B
20240410;133928;164.42;10;10086804989;B
20240410;133928;164.42;30;10086804990;B
20240410;133928;164.42;30;10086804991;B
20240410;133928;164.42;10;10086804992;B
20240410;133928;164.42;260;10086804994;B
20240410;133928;164.42;10;10086804995;B
20240410;133928;164.42;10;10086804996;B
20240410;133928;164.42;50;10086804997;B
20240410;133928;164.42;90;10086804998;B
20240410;133928;164.42;30;10086804999;B
20240410;133928;164.42;10;10086805000;B
20240410;133928;164.42;30;10086805001;B
20240410;133928;164.42;10;10086805002;B
20240410;133928;164.42;20;10086805003;B
20240410;133928;164.42;30;10086805005;B
20240410;133928;164.42;30;10086805008;B
20240410;133928;164.42;20;10086805009;B
20240410;133928;164.42;20;10086805014;B
20240410;133928;164.42;10;10086805015;B
20240410;133928;164.42;10;10086805016;B
20240410;133928;164.42;20;10086805018;B
20240410;133928;164.42;20;10086805019;B
20240410;133928;164.42;30;10086805020;B
20240410;133928;164.42;20;10086805021;B
20240410;133928;164.42;10;10086805024;B
20240410;133928;164.42;30;10086805025;B
20240410;133928;164.42;10;10086805026;B
20240410;133928;164.42;10;10086805027;B
20240410;133928;164.42;10;10086805028;B
20240410;133928;164.42;30;10086805030;B
20240410;133928;164.42;30;10086805031;B
20240410;133928;164.42;20;10086805032;B
20240410;133928;164.42;10;10086805033;B
20240410;133928;164.42;10;10086805034;B
20240410;133928;164.42;10;10086805036;B
20240410;133928;164.42;20;10086805037;B
20240410;133928;164.42;20;10086805038;B
20240410;133928;164.42;30;10086805039;B
20240410;133928;164.42;10;10086805041;B
20240410;133929;164.42;30;10086805042;B
20240410;133929;164.42;10;10086805044;B
20240410;133929;164.42;10;10086805065;B
20240410;133929;164.42;710;10086805069;B
20240410;133929;164.42;40;10086805070;B
20240410;133929;164.42;20;10086805071;B
20240410;133929;164.42;10;10086805072;B
20240410;133929;164.42;10;10086805073;B
20240410;133929;164.42;10;10086805078;B
20240410;133929;164.42;10;10086805079;B
20240410;133929;164.44;40;10086805080;B
20240410;133929;164.44;10;10086805084;B
20240410;133929;164.44;20;10086805085;B
20240410;133929;164.44;30;10086805088;B
20240410;133929;164.44;10;10086805089;B
20240410;133929;164.44;10;10086805092;B
20240410;133929;164.44;50;10086805094;B
20240410;133929;164.44;10;10086805096;B
20240410;133929;164.44;10;10086805097;B
20240410;133929;164.44;10;10086805098;B
20240410;133929;164.44;20;10086805099;B
20240410;133929;164.44;20;10086805101;B
20240410;133929;164.44;20;10086805102;B
20240410;133929;164.44;20;10086805103;B
20240410;133929;164.44;60;10086805108;B
20240410;133929;164.44;10;10086805109;B
20240410;133929;164.44;40;10086805110;B
20240410;133929;164.44;20;10086805111;B
20240410;133929;164.44;10;10086805114;B
20240410;133929;164.44;30;10086805115;B
20240410;133929;164.44;30;10086805116;B
20240410;133929;164.44;30;10086805117;B
20240410;133929;164.44;50;10086805118;B
20240410;133929;164.46;50;10086805119;B
20240410;133929;164.46;20;10086805121;B
20240410;133929;164.46;30;10086805122;B
20240410;133929;164.46;10;10086805123;B
20240410;133929;164.46;30;10086805124;B
20240410;133929;164.46;30;10086805125;B
20240410;133929;164.46;20;10086805126;B
20240410;133929;164.46;10;10086805127;B
20240410;133929;164.46;30;10086805128;B
20240410;133929;164.46;50;10086805129;B
20240410;133929;164.46;30;10086805130;B
20240410;133929;164.46;30;10086805131;B
20240410;133929;164.46;150;10086805133;B
20240410;133929;164.46;80;10086805134;B
20240410;133929;164.46;10;10086805135;B
20240410;133929;164.46;40;10086805136;B
20240410;133929;164.46;30;10086805137;B
20240410;133929;164.46;30;10086805138;B
20240410;133929;164.46;10;10086805139;B
20240410;133929;164.46;50;10086805141;B
20240410;133929;164.46;20;10086805142;B
20240410;133929;164.46;80;10086805143;B
20240410;133929;164.46;80;10086805147;B
20240410;133929;164.46;30;10086805148;B
20240410;133929;164.46;10;10086805149;B
20240410;133929;164.46;10;10086805155;B
20240410;133929;164.44;30;10086805159;B
20240410;133929;164.46;20;10086805160;B
20240410;133929;164.44;50;10086805162;B
20240410;133929;164.44;30;10086805163;B
20240410;133929;164.44;10;10086805171;B
20240410;133929;164.44;20;10086805172;B
20240410;133929;164.46;10;10086805173;B
20240410;133929;164.44;30;10086805175;B
20240410;133929;164.46;10;10086805176;B
20240410;133929;164.46;10;10086805177;B
20240410;133929;164.44;10;10086805178;B
20240410;133929;164.44;10;10086805180;B
20240410;133929;164.46;40;10086805181;B
20240410;133929;164.44;40;10086805182;B
20240410;133929;164.44;10;10086805184;B
20240410;133929;164.46;10;10086805185;B
20240410;133929;164.44;10;10086805186;B
20240410;133929;164.46;30;10086805187;B
20240410;133929;164.46;10;10086805188;B
20240410;133929;164.44;10;10086805191;B
20240410;133929;164.46;30;10086805193;B
20240410;133929;164.46;10;10086805195;B
20240410;133929;164.44;10;10086805196;B
20240410;133929;164.46;30;10086805197;B
20240410;133929;164.44;10;10086805200;B
20240410;133929;164.46;10;10086805201;B
20240410;133929;164.46;110;10086805202;B
20240410;133929;164.44;10;10086805203;B
20240410;133929;164.46;10;10086805204;B
20240410;133929;164.46;30;10086805205;B
20240410;133929;164.44;10;10086805206;B
20240410;133929;164.44;110;10086805208;B
20240410;133929;164.44;20;10086805209;B
20240410;133929;164.44;10;10086805210;B
20240410;133929;164.46;30;10086805211;B
20240410;133929;164.44;10;10086805212;B
20240410;133929;164.46;40;10086805213;B
20240410;133929;164.44;50;10086805214;B
20240410;133929;164.46;10;10086805215;B
20240410;133929;164.46;40;10086805216;B
20240410;133929;164.44;30;10086805219;B
20240410;133929;164.46;80;10086805220;B
20240410;133929;164.44;30;10086805223;B
20240410;133929;164.46;10;10086805224;B
20240410;133929;164.46;320;10086805225;B
20240410;133930;164.44;30;10086805227;B
20240410;133930;164.46;30;10086805228;B
20240410;133930;164.44;30;10086805232;B
20240410;133930;164.46;40;10086805234;B
20240410;133930;164.44;10;10086805235;B
20240410;133930;164.46;70;10086805236;B
20240410;133930;164.46;10;10086805237;B
20240410;133930;164.44;10;10086805238;B
20240410;133930;164.46;10;10086805239;B
20240410;133930;164.46;10;10086805240;B
20240410;133930;164.44;10;10086805245;B
20240410;133930;164.44;40;10086805247;B
20240410;133930;164.46;10;10086805248;B
20240410;133930;164.46;20;10086805249;B
20240410;133930;164.44;10;10086805251;B
20240410;133930;164.44;60;10086805255;B
20240410;133930;164.46;30;10086805256;B
20240410;133930;164.46;20;10086805257;B
20240410;133930;164.44;40;10086805259;B
20240410;133930;164.46;10;10086805260;B
20240410;133930;164.44;50;10086805263;B
20240410;133930;164.46;180;10086805264;B
20240410;133930;164.44;300;10086805266;B
20240410;133930;164.44;10;10086805269;B
20240410;133930;164.46;10;10086805271;B
20240410;133930;164.44;50;10086805272;B
20240410;133930;164.46;10;10086805273;B
20240410;133930;164.44;30;10086805274;B
20240410;133930;164.46;70;10086805275;B
20240410;133930;164.44;30;10086805276;B
20240410;133930;164.44;10;10086805278;B
20240410;133930;164.44;70;10086805280;B
20240410;133930;164.44;20;10086805285;B
20240410;133930;164.46;10;10086805286;B
20240410;133930;164.46;40;10086805287;B
20240410;133930;164.46;10;10086805288;B
20240410;133930;164.46;10;10086805289;B
20240410;133930;164.44;40;10086805291;B
20240410;133930;164.46;30;10086805292;B
20240410;133930;164.46;30;10086805293;B
20240410;133930;164.44;10;10086805294;B
20240410;133930;164.46;10;10086805295;B
20240410;133930;164.46;60;10086805296;B
20240410;133930;164.46;50;10086805297;B
20240410;133930;164.44;30;10086805298;B
20240410;133930;164.44;20;10086805301;B
20240410;133930;164.44;10;10086805302;B
20240410;133930;164.44;170;10086805303;B
20240410;133930;164.44;40;10086805305;B
20240410;133930;164.44;10;10086805308;B
20240410;133930;164.46;40;10086805311;B
20240410;133930;164.44;30;10086805324;B
20240410;133930;164.44;30;10086805326;B
20240410;133930;164.44;10;10086805335;B
20240410;133930;164.44;50;10086805337;B
20240410;133930;164.44;10;10086805345;B
20240410;133930;164.44;20;10086805346;B
20240410;133930;164.44;10;10086805350;B
20240410;133930;164.46;30;10086805351;B
20240410;133930;164.44;40;10086805353;B
20240410;133930;164.44;10;10086805355;B
20240410;133930;164.46;10;10086805356;B
20240410;133930;164.44;10;10086805359;B
20240410;133930;164.44;10;10086805360;B
20240410;133930;164.46;30;10086805361;B
20240410;133930;164.44;140;10086805363;B
20240410;133930;164.46;10;10086805364;B
20240410;133930;164.46;10;10086805365;B
20240410;133930;164.46;20;10086805366;B
20240410;133930;164.44;10;10086805367;B
20240410;133930;164.46;10;10086805368;B
20240410;133930;164.46;50;10086805369;B
20240410;133930;164.44;10;10086805370;B
20240410;133930;164.46;30;10086805371;B
20240410;133930;164.44;10;10086805372;B
20240410;133930;164.44;30;10086805373;B
20240410;133930;164.44;30;10086805374;B
20240410;133930;164.44;10;10086805375;B
20240410;133930;164.46;10;10086805376;B
20240410;133930;164.46;10;10086805377;B
20240410;133930;164.44;30;10086805379;B
20240410;133930;164.44;10;10086805381;B
20240410;133930;164.42;100;10086805394;B
20240410;133930;164.42;30;10086805396;B
20240410;133930;164.42;40;10086805397;B
20240410;133930;164.42;10;10086805399;B
20240410;133930;164.42;40;10086805401;B
20240410;133930;164.42;220;10086805403;B
20240410;133930;164.42;10;10086805405;B
20240410;133930;164.42;40;10086805408;B
20240410;133930;164.42;30;10086805410;B
20240410;133930;164.42;20;10086805412;B
20240410;133930;164.42;20;10086805413;B
20240410;133930;164.42;20;10086805414;B
20240410;133930;164.42;10;10086805415;B
20240410;133930;164.42;30;10086805419;B
20240410;133930;164.42;20;10086805420;B
20240410;133930;164.42;10;10086805423;B
20240410;133931;164.42;10;10086805424;B
20240410;133931;164.42;10;10086805429;B
20240410;133931;164.42;20;10086805431;B
20240410;133931;164.42;10;10086805432;B
20240410;133931;164.42;150;10086805433;B
20240410;133931;164.42;30;10086805434;B
20240410;133931;164.42;10;10086805435;B
20240410;133931;164.42;20;10086805436;B
20240410;133931;164.42;10;10086805437;B
20240410;133931;164.42;10;10086805438;B
20240410;133931;164.42;10;10086805439;B
20240410;133931;164.42;40;10086805440;B
20240410;133931;164.42;10;10086805441;B
20240410;133931;164.42;10;10086805442;B
20240410;133931;164.42;10;10086805444;B
20240410;133931;164.42;40;10086805446;B
20240410;133931;164.42;10;10086805449;B
20240410;133931;164.42;30;10086805450;B
20240410;133931;164.42;30;10086805453;B
20240410;133931;164.42;90;10086805455;B
20240410;133931;164.42;10;10086805456;B
20240410;133931;164.42;10;10086805458;B
20240410;133931;164.42;20;10086805465;B
20240410;133931;164.46;10;10086805466;B
20240410;133931;164.46;170;10086805468;B
20240410;133931;164.46;90;10086805471;B
20240410;133931;164.46;40;10086805472;B
20240410;133931;164.46;10;10086805476;B
20240410;133931;164.46;60;10086805477;B
20240410;133931;164.46;10;10086805480;B
20240410;133931;164.46;10;10086805482;B
20240410;133931;164.46;10;10086805483;B
20240410;133931;164.46;110;10086805485;B
20240410;133931;164.46;20;10086805487;B
20240410;133931;164.46;30;10086805488;B
20240410;133931;164.46;10;10086805489;B
20240410;133931;164.34;150;10086805491;S
20240410;133931;164.32;100;10086805492;S
20240410;133931;164.32;100;10086805493;S
20240410;133931;164.32;30;10086805494;S
20240410;133931;164.32;320;10086805495;S
20240410;133931;164.42;20;10086805496;B
20240410;133931;164.42;30;10086805497;B
20240410;133931;164.44;10;10086805499;B
20240410;133931;164.44;30;10086805501;B
20240410;133931;164.44;20;10086805502;B
20240410;133931;164.44;10;10086805503;B
20240410;133931;164.44;10;10086805508;B
20240410;133931;164.44;10;10086805509;B
20240410;133931;164.44;20;10086805511;B
20240410;133931;164.44;30;10086805513;B
20240410;133931;164.44;10;10086805514;B
20240410;133931;164.44;20;10086805515;B
20240410;133931;164.44;10;10086805516;B
20240410;133931;164.44;20;10086805517;B
20240410;133931;164.44;10;10086805518;B
20240410;133931;164.44;30;10086805519;B
20240410;133931;164.44;70;10086805520;B
20240410;133931;164.4;10;10086805523;B
20240410;133931;164.4;30;10086805524;B
20240410;133931;164.4;180;10086805525;B
20240410;133931;164.4;10;10086805527;B
20240410;133931;164.4;40;10086805531;B
20240410;133931;164.4;50;10086805532;B
20240410;133931;164.4;20;10086805533;B
20240410;133931;164.4;60;10086805535;B
20240410;133931;164.4;40;10086805536;B
20240410;133931;164.4;30;10086805538;B
20240410;133931;164.4;30;10086805540;B
20240410;133931;164.4;10;10086805542;B
20240410;133931;164.4;10;10086805546;B
20240410;133931;164.4;10;10086805550;B
20240410;133931;164.4;10;10086805551;B
20240410;133931;164.4;20;10086805553;B
20240410;133931;164.4;40;10086805554;B
20240410;133931;164.4;10;10086805555;B
20240410;133931;164.4;50;10086805556;B
20240410;133931;164.4;30;10086805557;B
20240410;133931;164.4;10;10086805558;B
20240410;133931;164.4;10;10086805559;B
20240410;133931;164.4;10;10086805560;B
20240410;133931;164.4;10;10086805562;B
20240410;133931;164.4;30;10086805564;B
20240410;133931;164.4;20;10086805565;B
20240410;133931;164.4;70;10086805570;B
20240410;133931;164.4;90;10086805573;B
20240410;133931;164.4;20;10086805574;B
20240410;133931;164.4;20;10086805575;B
20240410;133931;164.4;10;10086805576;B
20240410;133931;164.4;10;10086805579;B
20240410;133931;164.44;60;10086805580;B
20240410;133931;164.44;10;10086805589;B
20240410;133931;164.44;10;10086805590;B
20240410;133931;164.44;20;10086805591;B
20240410;133931;164.44;30;10086805593;B
20240410;133931;164.44;150;10086805599;B
20240410;133932;164.44;20;10086805624;B
20240410;133932;164.44;10;10086805626;B
20240410;133932;164.44;40;10086805627;B
20240410;133932;164.44;40;10086805628;B
20240410;133932;164.44;40;10086805629;B
20240410;133932;164.44;10;10086805630;B
20240410;133932;164.44;20;10086805631;B
20240410;133932;164.46;10;10086805634;B
20240410;133932;164.46;20;10086805635;B
20240410;133932;164.46;30;10086805636;B
20240410;133932;164.46;50;10086805637;B
20240410;133932;164.46;30;10086805638;B
20240410;133932;164.46;30;10086805639;B
20240410;133932;164.46;20;10086805640;B
20240410;133932;164.46;30;10086805641;B
20240410;133932;164.46;10;10086805642;B
20240410;133932;164.46;20;10086805643;B
20240410;133932;164.46;60;10086805647;B
20240410;133932;164.46;10;10086805652;B
20240410;133932;164.46;10;10086805653;B
20240410;133932;164.46;60;10086805656;B
20240410;133932;164.46;30;10086805658;B
20240410;133932;164.4;10;10086805661;B
20240410;133932;164.4;10;10086805662;B
20240410;133932;164.4;10;10086805675;B
20240410;133932;164.4;10;10086805677;B
20240410;133932;164.4;10;10086805678;B
20240410;133932;164.4;50;10086805684;B
20240410;133932;164.46;160;10086805685;B
20240410;133932;164.46;10;10086805686;B
20240410;133932;164.46;160;10086805687;B
20240410;133932;164.46;10;10086805688;B
20240410;133932;164.46;10;10086805689;B
20240410;133932;164.44;20;10086805690;B
20240410;133932;164.44;30;10086805692;B
20240410;133932;164.44;10;10086805693;B
20240410;133932;164.44;10;10086805694;B
20240410;133932;164.44;10;10086805704;B
20240410;133932;164.44;10;10086805706;B
20240410;133932;164.44;10;10086805711;B
20240410;133932;164.44;10;10086805715;B
20240410;133932;164.44;150;10086805717;B
20240410;133932;164.44;30;10086805720;B
20240410;133932;164.44;30;10086805722;B
20240410;133932;164.44;10;10086805733;B
20240410;133932;164.44;30;10086805748;B
20240410;133933;164.44;30;10086805758;B
20240410;133933;164.44;10;10086805762;B
20240410;133933;164.44;30;10086805764;B
20240410;133933;164.44;30;10086805767;B
20240410;133933;164.44;30;10086805772;B
20240410;133933;164.44;10;10086805774;B
20240410;133933;164.46;20;10086805775;B
20240410;133933;164.46;30;10086805777;B
20240410;133933;164.48;310;10086805778;B
20240410;133933;164.48;20;10086805779;B
20240410;133933;164.48;10;10086805780;B
20240410;133933;164.48;10;10086805781;B
20240410;133933;164.48;10;10086805783;B
20240410;133933;164.48;70;10086805784;B
20240410;133933;164.48;80;10086805785;B
20240410;133933;164.48;10;10086805788;B
20240410;133933;164.48;30;10086805795;B
20240410;133933;164.48;20;10086805801;B
20240410;133933;164.48;10;10086805859;B
20240410;133933;164.48;30;10086805860;B
20240410;133933;164.48;40;10086805864;B
20240410;133933;164.48;80;10086805875;B
20240410;133933;164.48;20;10086805878;B
20240410;133933;164.48;30;10086805882;B
20240410;133933;164.48;20;10086805883;B
20240410;133933;164.48;40;10086805888;B
20240410;133933;164.48;70;10086805889;B
20240410;133933;164.48;70;10086805891;B
20240410;133933;164.48;10;10086805899;B
20240410;133933;164.48;10;10086805900;B
20240410;133934;164.48;10;10086805928;B
20240410;133934;164.48;30;10086805932;B
20240410;133934;164.48;30;10086805933;B
20240410;133934;164.48;30;10086805938;B
20240410;133934;164.48;10000;10086805949;B
20240410;133934;164.48;70;10086805950;B
20240410;133934;164.48;20;10086805954;B
20240410;133934;164.48;40;10086805955;B
20240410;133934;164.48;50;10086805971;B
20240410;133934;164.48;20;10086805979;B
20240410;133934;164.48;10;10086805980;B
20240410;133934;164.48;10;10086805986;B
20240410;133934;164.48;10;10086805997;B
20240410;133934;164.48;200;10086805999;B
20240410;133934;164.48;10;10086806006;B
20240410;133934;164.48;60;10086806010;B
20240410;133935;164.48;10;10086806028;B
20240410;133935;164.48;20;10086806029;B
20240410;133935;164.48;40;10086806047;B
20240410;133935;164.48;1940;10086806058;B
20240410;133935;164.48;20;10086806059;B
20240410;133935;164.48;2500;10086806060;B
20240410;133935;164.5;1000;10086806061;B
20240410;133935;164.5;100;10086806062;B
20240410;133935;164.5;50;10086806063;B
20240410;133935;164.5;10;10086806064;B
20240410;133935;164.5;20;10086806065;B
20240410;133935;164.5;10;10086806066;B
20240410;133935;164.5;10;10086806067;B
20240410;133935;164.5;200;10086806068;B
20240410;133935;164.5;100;10086806069;B
20240410;133935;164.5;20;10086806070;B
20240410;133935;164.5;530;10086806071;B
20240410;133935;164.5;10000;10086806072;B
20240410;133936;164.5;10;10086806155;S
20240410;133936;164.52;40;10086806171;B
20240410;133937;164.52;210;10086806261;B
20240410;133937;164.54;120;10086806262;B
20240410;133937;164.54;10;10086806263;B
20240410;133937;164.56;30;10086806264;B
20240410;133937;164.5;20;10086806287;S
20240410;133938;164.52;50;10086806342;B
20240410;133938;164.54;500;10086806343;B
20240410;133938;164.56;60;10086806344;B
20240410;133938;164.56;500;10086806345;B
20240410;133938;164.58;1220;10086806346;B
20240410;133938;164.58;300;10086806347;B
20240410;133938;164.58;1400;10086806348;B
20240410;133938;164.58;2400;10086806349;B
20240410;133938;164.58;1530;10086806350;B
20240410;133938;164.6;540;10086806351;B
20240410;133938;164.6;50;10086806352;B
20240410;133938;164.6;100;10086806353;B
20240410;133938;164.6;5000;10086806354;B
20240410;133938;164.6;100;10086806355;B
20240410;133938;164.6;1800;10086806356;B
20240410;133938;164.5;10;10086806413;S
20240410;133938;164.54;10;10086806424;B
20240410;133938;164.5;10;10086806429;S
20240410;133939;164.54;20;10086806450;B
20240410;133939;164.5;200;10086806451;S
20240410;133939;164.6;10;10086806503;B
20240410;133940;164.58;10;10086806574;B
20240410;133940;164.58;10;10086806623;B
20240410;133940;164.58;10;10086806642;B
20240410;133941;164.58;170;10086806705;B
20240410;133941;164.58;20;10086806706;B
20240410;133942;164.58;30;10086806770;B
20240410;133942;164.58;120;10086806771;B
20240410;133942;164.58;10;10086806812;B
20240410;133944;164.54;20;10086807040;S
20240410;133946;164.54;380;10086807145;S
20240410;133946;164.5;1240;10086807146;S
20240410;133946;164.5;150;10086807147;S
20240410;133946;164.5;200;10086807148;S
20240410;133946;164.46;1000;10086807149;S
20240410;133946;164.44;30;10086807150;S
20240410;133946;164.54;100;10086807160;B
20240410;133946;164.54;10;10086807166;B
20240410;133948;164.54;40;10086807457;B
20240410;133948;164.54;50;10086807458;B
20240410;133948;164.56;200;10086807459;B
20240410;133948;164.58;610;10086807460;B
20240410;133948;164.58;30;10086807559;B
20240410;133949;164.58;50;10086807586;B
20240410;133949;164.44;150;10086807647;S
20240410;133949;164.44;860;10086807648;S
20240410;133949;164.42;1000;10086807649;S
20240410;133949;164.42;10000;10086807650;S
20240410;133949;164.42;10000;10086807651;S
20240410;133949;164.42;2000;10086807652;S
20240410;133949;164.4;3660;10086807653;S
20240410;133949;164.38;10000;10086807654;S
20240410;133949;164.38;1000;10086807655;S
20240410;133949;164.36;8480;10086807656;S
20240410;133949;164.32;10;10086807657;S
20240410;133949;164.2;1000;10086807668;B
20240410;133949;164.3;150;10086807674;B
20240410;133949;164.32;100;10086807675;B
20240410;133950;164.28;30;10086807775;B
20240410;133951;164.26;20;10086807904;B
20240410;133952;164.24;70;10086808020;S
20240410;133954;164.26;20;10086808224;B
20240410;133954;164.3;10;10086808239;B
20240410;133954;164.24;50;10086808245;S
20240410;133955;164.3;50;10086808286;B
20240410;133955;164.3;50;10086808336;B
20240410;133955;164.26;40;10086808370;S
20240410;133956;164.28;1220;10086808466;B
20240410;133956;164.3;1000;10086808467;B
20240410;133956;164.32;7780;10086808468;B
20240410;133959;164.38;20;10086808867;B
20240410;134000;164.36;250;10086808984;S
20240410;134000;164.34;50;10086808985;S
20240410;134000;164.32;200;10086808986;S
20240410;134000;164.32;70;10086808987;S
20240410;134001;164.32;130;10086809043;S
20240410;134001;164.3;870;10086809044;S
20240410;134001;164.4;100;10086809086;B
20240410;134004;164.3;100;10086809415;S
20240410;134004;164.36;60;10086809422;B
20240410;134006;164.36;40;10086809565;B
20240410;134006;164.38;250;10086809566;B
20240410;134006;164.38;120;10086809567;B
20240410;134006;164.38;50;10086809568;B
20240410;134006;164.38;450;10086809569;B
20240410;134006;164.42;1220;10086809570;B
20240410;134006;164.42;3660;10086809571;B
20240410;134006;164.44;4210;10086809572;B
20240410;134006;164.26;60;10086809577;S
20240410;134006;164.26;200;10086809578;S
20240410;134006;164.26;150;10086809579;S
20240410;134006;164.26;10;10086809580;S
20240410;134006;164.26;490;10086809581;S
20240410;134006;164.4;10;10086809617;B
20240410;134006;164.4;140;10086809645;B
20240410;134006;164.4;340;10086809646;B
20240410;134009;164.46;90;10086809925;B
20240410;134010;164.44;40;10086810019;B
20240410;134013;164.38;10;10086810336;S
20240410;134017;164.42;100;10086810853;B
20240410;134021;164.44;60;10086811369;B
20240410;134021;164.44;40;10086811466;B
20240410;134021;164.4;20;10086811485;S
20240410;134022;164.4;10;10086811651;S
20240410;134022;164.4;10;10086811652;S
20240410;134022;164.36;190;10086811653;S
20240410;134022;164.36;20;10086811654;S
20240410;134022;164.32;100;10086811655;S
20240410;134022;164.32;50;10086811656;S
20240410;134022;164.32;30;10086811657;S
20240410;134022;164.3;50;10086811658;S
20240410;134022;164.3;50;10086811659;S
20240410;134022;164.3;150;10086811660;S
20240410;134022;164.3;250;10086811661;S
20240410;134022;164.3;500;10086811662;S
20240410;134022;164.3;110;10086811663;S
20240410;134023;164.3;10;10086811701;S
20240410;134023;164.3;10;10086811815;S
20240410;134024;164.36;10;10086811905;B
20240410;134025;164.36;10;10086812066;B
20240410;134026;164.36;10;10086812160;B
20240410;134027;164.24;20;10086812282;S
20240410;134027;164.32;110;10086812301;B
20240410;134030;164.3;10;10086812854;B
20240410;134035;164.3;10;10086813593;B
20240410;134035;164.3;20;10086813594;B
20240410;134035;164.3;20;10086813595;B
20240410;134035;164.3;20;10086813596;B
20240410;134035;164.32;40;10086813597;B
20240410;134035;164.32;300;10086813598;B
20240410;134035;164.32;250;10086813599;B
20240410;134036;164.32;10;10086813714;B
20240410;134036;164.32;30;10086813715;B
20240410;134036;164.34;20;10086813716;B
20240410;134037;164.34;190;10086813857;B
20240410;134037;164.38;250;10086813858;B
20240410;134037;164.36;1220;10086813897;B
20240410;134038;164.36;10;10086813997;B
20240410;134040;164.36;1240;10086814107;B
20240410;134041;164.34;20;10086814215;S
20240410;134041;164.34;200;10086814226;S
20240410;134043;164.36;20;10086814463;B
20240410;134043;164.36;10;10086814476;B
20240410;134047;164.32;60;10086814947;S
20240410;134048;164.32;50;10086815068;S
20240410;134048;164.36;10;10086815088;B
20240410;134050;164.36;10;10086815298;B
20240410;134051;164.38;20;10086815387;B
20240410;134051;164.38;40;10086815388;B
20240410;134051;164.38;50;10086815442;B
20240410;134051;164.38;10;10086815529;B
20240410;134052;164.38;10;10086815558;B
20240410;134053;164.34;100;10086815748;S
20240410;134053;164.38;10;10086815819;B
20240410;134054;164.38;10;10086815857;B
20240410;134054;164.38;20;10086815899;B
20240410;134054;164.38;10;10086815954;B
20240410;134054;164.38;80;10086815957;B
20240410;134055;164.38;20;10086816052;B
20240410;134055;164.38;20;10086816074;B
20240410;134055;164.38;30;10086816079;B
20240410;134055;164.34;10;10086816097;S
20240410;134055;164.38;1140;10086816098;B
20240410;134055;164.38;20;10086816131;B
20240410;134055;164.38;90;10086816139;B
20240410;134055;164.38;10;10086816146;B
20240410;134056;164.38;10;10086816177;B
20240410;134056;164.38;30;10086816180;B
20240410;134056;164.38;10;10086816187;B
20240410;134056;164.38;110;10086816190;B
20240410;134056;164.38;10;10086816192;B
20240410;134056;164.38;60;10086816217;B
20240410;134056;164.38;20;10086816242;B
20240410;134056;164.38;70;10086816246;B
20240410;134057;164.38;10;10086816316;B
20240410;134057;164.38;20;10086816334;B
20240410;134057;164.38;20;10086816336;B
20240410;134057;164.38;40;10086816385;B
20240410;134057;164.38;20;10086816403;B
20240410;134057;164.38;10;10086816420;B
20240410;134058;164.38;10;10086816488;B
20240410;134058;164.38;10;10086816498;B
20240410;134058;164.38;10;10086816560;B
20240410;134058;164.38;170;10086816569;B
20240410;134058;164.38;1500;10086816574;B
20240410;134059;164.38;10;10086816607;B
20240410;134059;164.38;50;10086816612;B
20240410;134059;164.38;90;10086816677;B
20240410;134059;164.38;60;10086816710;B
20240410;134059;164.34;100;10086816713;S
20240410;134100;164.38;10;10086816772;B
20240410;134100;164.38;10;10086816788;B
20240410;134100;164.38;50;10086816808;B
20240410;134100;164.38;50;10086816828;B
20240410;134100;164.38;10;10086816849;B
20240410;134101;164.38;30;10086816984;B
20240410;134102;164.38;50;10086817047;B
20240410;134102;164.38;80;10086817057;B
20240410;134102;164.38;10;10086817065;B
20240410;134102;164.38;80;10086817087;B
20240410;134102;164.34;10;10086817093;S
20240410;134102;164.38;30;10086817117;B
20240410;134102;164.38;20;10086817119;B
20240410;134102;164.38;10;10086817128;B
20240410;134102;164.38;10;10086817137;B
20240410;134103;164.38;30;10086817154;B
20240410;134103;164.38;10;10086817187;B
20240410;134103;164.38;50;10086817188;B
20240410;134103;164.38;10;10086817217;B
20240410;134103;164.38;10;10086817226;B
20240410;134103;164.38;10;10086817228;B
20240410;134104;164.38;10;10086817251;B
20240410;134104;164.38;10;10086817497;B
20240410;134104;164.38;50;10086817512;B
20240410;134105;164.38;10;10086817549;B
20240410;134105;164.38;100;10086817609;B
20240410;134105;164.34;370;10086817645;S
20240410;134106;164.38;110;10086817698;B
20240410;134106;164.38;10;10086817755;B
20240410;134107;164.36;10;10086817839;S
20240410;134107;164.38;10;10086817865;B
20240410;134109;164.36;30;10086818076;S
20240410;134109;164.38;10;10086818077;B
20240410;134110;164.38;180;10086818110;B
20240410;134110;164.4;820;10086818111;B
20240410;134110;164.4;10;10086818151;B
20240410;134113;164.4;10;10086818434;B
20240410;134114;164.4;10;10086818550;B
20240410;134114;164.4;10;10086818613;B
20240410;134115;164.4;30;10086818626;B
20240410;134116;164.4;100;10086818824;B
20240410;134117;164.4;80;10086818998;B
20240410;134117;164.38;20;10086819041;S
20240410;134118;164.4;10;10086819061;B
20240410;134118;164.4;500;10086819108;B
20240410;134119;164.4;10;10086819248;B
20240410;134120;164.4;10;10086819310;B
20240410;134121;164.4;300;10086819336;B
20240410;134121;164.4;10;10086819396;B
20240410;134121;164.4;4990;10086819399;B
20240410;134121;164.4;600;10086819407;B
20240410;134121;164.42;100;10086819441;B
20240410;134121;164.44;100;10086819442;B
20240410;134121;164.44;130;10086819443;B
20240410;134121;164.48;100;10086819444;B
20240410;134121;164.48;570;10086819445;B
20240410;134122;164.44;20;10086819539;S
20240410;134125;164.48;30;10086819808;B
20240410;134125;164.5;150;10086819809;B
20240410;134126;164.5;50;10086819862;B
20240410;134126;164.5;150;10086819863;B
20240410;134127;164.5;780;10086819980;B
20240410;134128;164.5;1000;10086820069;B
20240410;134130;164.5;10;10086820286;B
20240410;134130;164.5;9320;10086820321;B
20240410;134130;164.5;500;10086820322;B
20240410;134130;164.5;50;10086820323;B
20240410;134130;164.5;880;10086820324;B
20240410;134130;164.5;50;10086820325;B
20240410;134130;164.5;1050;10086820326;B
20240410;134131;164.5;50;10086820409;B
20240410;134131;164.5;690;10086820435;B
20240410;134131;164.52;90;10086820436;B
20240410;134131;164.52;220;10086820437;B
20240410;134131;164.46;50;10086820448;S
20240410;134133;164.52;280;10086820713;B
20240410;134133;164.54;100;10086820714;B
20240410;134133;164.54;490;10086820715;B
20240410;134133;164.54;50;10086820716;B
20240410;134133;164.5;20;10086820741;B
20240410;134133;164.56;10;10086820818;B
20240410;134133;164.56;70;10086820819;B
20240410;134134;164.56;30;10086820834;B
20240410;134134;164.56;30;10086820859;B
20240410;134134;164.56;10;10086820865;B
20240410;134134;164.56;30;10086820885;B
20240410;134134;164.56;10;10086820896;B
20240410;134134;164.54;50;10086820903;S
20240410;134134;164.56;30;10086820917;B
20240410;134134;164.56;80;10086820931;B
20240410;134134;164.56;10;10086820941;B
20240410;134135;164.54;930;10086820987;S
20240410;134135;164.5;70;10086820988;S
20240410;134135;164.54;10;10086821002;B
20240410;134135;164.54;10;10086821034;B
20240410;134135;164.54;50;10086821060;B
20240410;134135;164.56;1220;10086821061;B
20240410;134136;164.56;10;10086821072;B
20240410;134136;164.56;20;10086821097;B
20240410;134136;164.56;150;10086821121;B
20240410;134136;164.56;50;10086821132;B
20240410;134136;164.56;50;10086821139;B
20240410;134137;164.56;20;10086821166;B
20240410;134137;164.56;30;10086821206;B
20240410;134137;164.56;30;10086821208;B
20240410;134137;164.56;20;10086821211;B
20240410;134137;164.56;70;10086821250;B
20240410;134138;164.56;10;10086821259;B
20240410;134138;164.56;30;10086821270;B
20240410;134138;164.56;20;10086821294;B
20240410;134138;164.56;10;10086821301;B
20240410;134138;164.56;30;10086821302;B
20240410;134138;164.56;10;10086821312;B
20240410;134138;164.56;10;10086821313;B
20240410;134138;164.56;110;10086821321;B
20240410;134138;164.56;150;10086821324;B
20240410;134138;164.54;70;10086821349;B
20240410;134139;164.54;40;10086821366;B
20240410;134139;164.54;90;10086821386;B
20240410;134139;164.56;50;10086821387;B
20240410;134139;164.56;10;10086821428;B
20240410;134140;164.56;10;10086821457;B
20240410;134140;164.5;60;10086821469;S
20240410;134140;164.54;50;10086821487;B
20240410;134141;164.54;60;10086821562;B
20240410;134141;164.54;940;10086821563;B
20240410;134143;164.5;20;10086822036;S
20240410;134143;164.5;20;10086822037;S
20240410;134143;164.5;60;10086822038;S
20240410;134145;164.54;20;10086822208;B
20240410;134145;164.54;10;10086822262;B
20240410;134147;164.5;200;10086822473;S
20240410;134147;164.5;1740;10086822480;S
20240410;134147;164.5;120;10086822481;S
20240410;134148;164.5;1140;10086822551;B
20240410;134150;164.52;500;10086822803;B
20240410;134151;164.5;160;10086822881;S
20240410;134152;164.5;940;10086822981;B
20240410;134152;164.54;170;10086822982;B
20240410;134152;164.54;200;10086822983;B
20240410;134152;164.54;20;10086822984;B
20240410;134152;164.54;60;10086822985;B
20240410;134153;164.54;100;10086823074;S
20240410;134153;164.54;20;10086823105;S
20240410;134154;164.56;200;10086823209;B
20240410;134154;164.54;10;10086823346;S
20240410;134155;164.54;1030;10086823478;S
20240410;134155;164.56;40;10086823484;B
20240410;134156;164.54;2000;10086823590;S
20240410;134156;164.56;20;10086823591;B
20240410;134157;164.56;10;10086823641;B
20240410;134157;164.56;10;10086823642;B
20240410;134157;164.54;410;10086823662;S
20240410;134157;164.56;20;10086823706;B
20240410;134157;164.56;30;10086823718;B
20240410;134157;164.56;10;10086823744;B
20240410;134157;164.56;30;10086823745;B
20240410;134157;164.56;10;10086823751;B
20240410;134158;164.56;10;10086823806;B
20240410;134158;164.56;90;10086823808;B
20240410;134158;164.56;400;10086823828;B
20240410;134158;164.56;10;10086823841;B
20240410;134158;164.56;10;10086823844;B
20240410;134158;164.56;30;10086823847;B
20240410;134158;164.56;10;10086823882;B
20240410;134158;164.56;70;10086823883;B
20240410;134158;164.56;120;10086823884;B
20240410;134158;164.56;1000;10086823891;B
20240410;134159;164.56;10;10086823910;B
20240410;134159;164.56;40;10086823936;B
20240410;134159;164.56;20;10086823949;B
20240410;134159;164.56;20;10086823975;B
20240410;134159;164.56;10;10086823976;B
20240410;134159;164.56;10;10086823985;B
20240410;134200;164.56;50;10086824007;B
20240410;134200;164.56;10;10086824011;B
20240410;134200;164.56;30;10086824045;B
20240410;134200;164.56;30;10086824049;B
20240410;134200;164.56;10;10086824106;B
20240410;134201;164.54;50;10086824131;S
20240410;134201;164.56;10;10086824132;B
20240410;134201;164.56;20;10086824136;B
20240410;134201;164.56;440;10086824138;B
20240410;134201;164.56;50;10086824140;B
20240410;134201;164.58;30;10086824199;B
20240410;134202;164.58;20;10086824239;B
20240410;134202;164.58;40;10086824268;B
20240410;134202;164.54;40;10086824269;S
20240410;134203;164.56;10;10086824321;B
20240410;134203;164.56;20;10086824366;B
20240410;134203;164.56;30;10086824367;B
20240410;134203;164.56;20;10086824370;B
20240410;134203;164.58;20;10086824393;B
20240410;134205;164.58;50;10086824554;B
20240410;134206;164.58;10;10086824773;B
20240410;134206;164.58;10;10086824809;B
20240410;134208;164.58;10;10086825082;B
20240410;134209;164.58;1810;10086825132;B
20240410;134209;164.58;40;10086825133;B
20240410;134209;164.58;2830;10086825134;B
20240410;134209;164.58;650;10086825176;B
20240410;134211;164.58;670;10086825307;B
20240410;134211;164.54;50;10086825368;S
20240410;134212;164.58;50;10086825431;B
20240410;134212;164.54;200;10086825510;S
20240410;134213;164.54;700;10086825559;S
20240410;134213;164.58;10;10086825601;B
20240410;134214;164.58;20;10086825682;B
20240410;134214;164.58;20;10086825700;B
20240410;134214;164.58;40;10086825727;B
20240410;134214;164.58;90;10086825752;B
20240410;134214;164.58;20;10086825753;B
20240410;134214;164.58;600;10086825761;B
20240410;134214;164.58;500;10086825762;B
20240410;134214;164.58;20;10086825763;B
20240410;134214;164.6;1510;10086825764;B
20240410;134214;164.6;100;10086825765;B
20240410;134214;164.6;120;10086825766;B
20240410;134214;164.6;100;10086825767;B
20240410;134214;164.6;20;10086825768;B
20240410;134214;164.6;50;10086825769;B
20240410;134214;164.62;1000;10086825770;B
20240410;134214;164.62;10;10086825771;B
20240410;134214;164.62;530;10086825772;B
20240410;134215;164.56;150;10086825830;S
20240410;134215;164.54;50;10086825831;S
20240410;134216;164.6;10;10086825926;B
20240410;134216;164.64;10;10086825935;B
20240410;134217;164.64;10;10086826013;B
20240410;134217;164.64;20;10086826035;B
20240410;134217;164.64;30;10086826067;B
20240410;134217;164.64;20;10086826081;B
20240410;134218;164.64;10;10086826110;B
20240410;134218;164.64;10;10086826111;B
20240410;134218;164.64;10;10086826112;B
20240410;134218;164.64;120;10086826121;B
20240410;134218;164.64;20;10086826170;B
20240410;134218;164.64;10;10086826171;B
20240410;134218;164.66;10;10086826172;B
20240410;134218;164.68;10;10086826173;B
20240410;134218;164.58;50;10086826186;S
20240410;134218;164.66;10;10086826199;B
20240410;134218;164.66;250;10086826218;B
20240410;134219;164.66;650;10086826228;B
20240410;134219;164.66;30;10086826261;B
20240410;134219;164.66;50;10086826354;B
20240410;134220;164.66;10;10086826364;B
20240410;134220;164.66;1130;10086826403;B
20240410;134220;164.68;100;10086826404;B
20240410;134220;164.68;770;10086826405;B
20240410;134221;164.68;80;10086826473;B
20240410;134221;164.68;80;10086826519;B
20240410;134221;164.68;10;10086826524;B
20240410;134221;164.68;30;10086826547;B
20240410;134222;164.68;10;10086826576;B
20240410;134222;164.68;10;10086826588;B
20240410;134222;164.68;10;10086826634;B
20240410;134222;164.68;10;10086826635;B
20240410;134222;164.7;10;10086826636;B
20240410;134222;164.68;10;10086826653;B
20240410;134223;164.7;30;10086826735;B
20240410;134223;164.7;10;10086826775;B
20240410;134223;164.7;60;10086826800;B
20240410;134223;164.7;100;10086826801;B
20240410;134223;164.7;100;10086826802;B
20240410;134223;164.7;20;10086826803;B
20240410;134223;164.72;110;10086826804;B
20240410;134223;164.72;100;10086826805;B
20240410;134223;164.72;10;10086826806;B
20240410;134223;164.72;400;10086826807;B
20240410;134223;164.72;1220;10086826808;B
20240410;134223;164.74;1690;10086826809;B
20240410;134223;164.74;60;10086826810;B
20240410;134223;164.74;1130;10086826811;B
20240410;134223;164.74;40;10086826812;B
20240410;134223;164.74;10;10086826813;B
20240410;134223;164.74;500;10086826814;B
20240410;134224;164.72;30;10086826833;B
20240410;134224;164.72;50;10086826877;B
20240410;134224;164.72;20;10086826916;B
20240410;134225;164.72;30;10086826944;B
20240410;134225;164.72;20;10086826953;B
20240410;134225;164.72;10;10086826954;B
20240410;134225;164.72;10;10086826957;B
20240410;134225;164.72;10;10086826969;B
20240410;134225;164.72;10;10086826970;B
20240410;134225;164.72;10;10086826972;B
20240410;134225;164.72;10;10086827000;B
20240410;134225;164.72;260;10086827020;B
20240410;134226;164.72;30;10086827069;B
20240410;134226;164.72;10;10086827087;B
20240410;134226;164.72;10;10086827098;B
20240410;134226;164.72;10;10086827115;B
20240410;134226;164.72;150;10086827153;B
20240410;134226;164.72;40;10086827154;B
20240410;134227;164.7;100;10086827183;S
20240410;134227;164.72;10;10086827193;B
20240410;134227;164.72;90;10086827194;B
20240410;134227;164.72;20;10086827210;B
20240410;134227;164.72;500;10086827225;B
20240410;134227;164.74;10;10086827244;B
20240410;134227;164.74;10;10086827255;B
20240410;134227;164.74;1990;10086827265;B
20240410;134227;164.74;1010;10086827266;B
20240410;134228;164.74;40;10086827272;B
20240410;134228;164.74;2000;10086827282;B
20240410;134228;164.74;1200;10086827283;B
20240410;134228;164.72;30;10086827303;B
20240410;134228;164.72;10;10086827304;B
20240410;134228;164.74;700;10086827311;B
20240410;134228;164.74;30;10086827312;B
20240410;134228;164.74;10;10086827340;B
20240410;134228;164.7;50;10086827348;S
20240410;134228;164.68;10;10086827349;S
20240410;134228;164.64;10;10086827350;S
20240410;134228;164.62;130;10086827351;S
20240410;134228;164.72;40;10086827352;B
20240410;134229;164.72;800;10086827363;B
20240410;134229;164.72;130;10086827364;B
20240410;134229;164.74;1070;10086827365;B
20240410;134229;164.74;160;10086827412;B
20240410;134230;164.74;10;10086827497;B
20240410;134230;164.72;150;10086827524;B
20240410;134231;164.72;10;10086827565;B
20240410;134231;164.72;10;10086827585;B
20240410;134231;164.72;30;10086827608;B
20240410;134231;164.74;50;10086827609;B
20240410;134231;164.74;10;10086827630;B
20240410;134231;164.66;200;10086827636;S
20240410;134231;164.64;400;10086827637;S
20240410;134231;164.64;50;10086827638;S
20240410;134231;164.62;20;10086827639;S
20240410;134231;164.62;10;10086827640;S
20240410;134231;164.62;50;10086827641;S
20240410;134231;164.62;50;10086827642;S
20240410;134231;164.6;200;10086827643;S
20240410;134231;164.6;50;10086827644;S
20240410;134231;164.6;1220;10086827645;S
20240410;134231;164.58;50;10086827646;S
20240410;134231;164.58;10;10086827647;S
20240410;134231;164.58;10;10086827648;S
20240410;134231;164.58;680;10086827649;S
20240410;134232;164.68;20;10086827747;B
20240410;134234;164.6;150;10086827926;S
20240410;134234;164.56;500;10086827927;S
20240410;134235;164.66;40;10086827981;B
20240410;134235;164.66;10;10086828056;B
20240410;134236;164.58;150;10086828153;S
20240410;134236;164.58;20;10086828154;S
20240410;134236;164.56;740;10086828155;S
20240410;134236;164.66;10;10086828219;B
20240410;134237;164.66;40;10086828235;B
20240410;134238;164.66;50;10086828391;B
20240410;134238;164.66;10;10086828392;B
20240410;134241;164.64;150;10086828743;B
20240410;134241;164.64;200;10086828744;B
20240410;134241;164.64;100;10086828745;B
20240410;134241;164.66;1210;10086828746;B
20240410;134241;164.66;200;10086828747;B
20240410;134241;164.68;490;10086828748;B
20240410;134241;164.68;1000;10086828749;B
20240410;134241;164.7;200;10086828750;B
20240410;134241;164.7;400;10086828751;B
20240410;134241;164.7;4500;10086828752;B
20240410;134241;164.7;500;10086828753;B
20240410;134241;164.7;1530;10086828754;B
20240410;134241;164.7;230;10086828755;B
20240410;134241;164.72;10;10086828756;B
20240410;134241;164.72;4000;10086828757;B
20240410;134241;164.74;690;10086828758;B
20240410;134241;164.74;10;10086828759;B
20240410;134241;164.74;250;10086828760;B
20240410;134241;164.74;4210;10086828761;B
20240410;134242;164.64;10;10086828833;B
20240410;134242;164.7;20;10086828834;B
20240410;134242;164.72;1220;10086828835;B
20240410;134242;164.74;50;10086828836;B
20240410;134242;164.74;4000;10086828837;B
20240410;134242;164.76;50;10086828838;B
20240410;134242;164.76;10;10086828839;B
20240410;134242;164.76;10;10086828840;B
20240410;134242;164.76;10;10086828841;B
20240410;134242;164.76;10;10086828842;B
20240410;134242;164.76;10;10086828843;B
20240410;134242;164.76;2000;10086828844;B
20240410;134242;164.76;10;10086828845;B
20240410;134242;164.76;500;10086828846;B
20240410;134242;164.76;10;10086828847;B
20240410;134242;164.76;50;10086828848;B
20240410;134242;164.76;30;10086828849;B
20240410;134243;164.64;10;10086828936;S
20240410;134243;164.7;70;10086828940;B
20240410;134243;164.7;20;10086828947;B
20240410;134243;164.7;10;10086828986;B
20240410;134246;164.64;30;10086829174;B
20240410;134247;164.64;20;10086829323;B
20240410;134248;164.64;10;10086829412;B
20240410;134248;164.64;150;10086829436;B
20240410;134248;164.64;20;10086829468;B
20240410;134249;164.64;1000;10086829478;B
20240410;134249;164.64;10;10086829527;B
20240410;134250;164.64;1180;10086829606;B
20240410;134250;164.64;430;10086829636;B
20240410;134250;164.64;10;10086829637;B
20240410;134250;164.7;100;10086829638;B
20240410;134250;164.72;10;10086829639;B
20240410;134250;164.72;450;10086829640;B
20240410;134251;164.72;10;10086829687;B
20240410;134251;164.72;540;10086829759;B
20240410;134251;164.74;10;10086829760;B
20240410;134251;164.76;450;10086829761;B
20240410;134253;164.76;20;10086829965;B
20240410;134253;164.76;500;10086829966;B
20240410;134253;164.76;100;10086829967;B
20240410;134253;164.76;340;10086829968;B
20240410;134253;164.76;360;10086829969;B
20240410;134253;164.78;50;10086829970;B
20240410;134253;164.78;10;10086829971;B
20240410;134253;164.78;100;10086829972;B
20240410;134253;164.78;520;10086829973;B
20240410;134254;164.78;60;10086830059;B
20240410;134254;164.78;10;10086830104;B
20240410;134254;164.78;10;10086830140;B
20240410;134254;164.78;10;10086830145;B
20240410;134254;164.78;30;10086830148;B
20240410;134255;164.78;20;10086830160;B
20240410;134255;164.78;10;10086830169;B
20240410;134255;164.7;100;10086830223;S
20240410;134255;164.7;20;10086830224;S
20240410;134255;164.68;130;10086830225;S
20240410;134256;164.76;10;10086830262;B
20240410;134256;164.76;30;10086830270;B
20240410;134256;164.76;10;10086830296;B
20240410;134257;164.7;10;10086830417;B
20240410;134257;164.76;20;10086830418;B
20240410;134258;164.76;10;10086830462;B
20240410;134258;164.76;10;10086830489;B
20240410;134258;164.76;10;10086830492;B
20240410;134258;164.76;10;10086830493;B
20240410;134259;164.76;20;10086830511;B
20240410;134259;164.76;20;10086830512;B
20240410;134259;164.76;20;10086830522;B
20240410;134259;164.76;30;10086830529;B
20240410;134259;164.76;10;10086830530;B
20240410;134259;164.72;50;10086830535;S
20240410;134259;164.7;500;10086830536;S
20240410;134259;164.7;10;10086830551;B
20240410;134259;164.7;20;10086830555;B
20240410;134259;164.7;10;10086830561;B
20240410;134259;164.7;60;10086830563;B
20240410;134259;164.7;10;10086830576;B
20240410;134259;164.7;440;10086830584;B
20240410;134259;164.76;560;10086830585;B
20240410;134259;164.76;10;10086830588;B
20240410;134259;164.76;10;10086830603;B
20240410;134259;164.76;30;10086830604;B
20240410;134259;164.76;40;10086830608;B
20240410;134259;164.76;10;10086830611;B
20240410;134300;164.76;20;10086830659;B
20240410;134300;164.76;30;10086830678;B
20240410;134300;164.76;20;10086830680;B
20240410;134300;164.76;10;10086830686;B
20240410;134300;164.68;20;10086830688;S
20240410;134300;164.68;20;10086830689;S
20240410;134300;164.74;20;10086830727;B
20240410;134300;164.76;60;10086830732;B
20240410;134300;164.76;30;10086830733;B
20240410;134300;164.76;90;10086830735;B
20240410;134301;164.76;180;10086830757;B
20240410;134301;164.76;30;10086830781;B
20240410;134301;164.76;20;10086830782;B
20240410;134301;164.76;30;10086830783;B
20240410;134301;164.76;10;10086830836;B
20240410;134301;164.76;30;10086830841;B
20240410;134302;164.76;70;10086830853;B
20240410;134302;164.76;30;10086830873;B
20240410;134302;164.76;10;10086830881;B
20240410;134302;164.76;30;10086830886;B
20240410;134302;164.76;20;10086830906;B
20240410;134302;164.76;10;10086830907;B
20240410;134302;164.78;30;10086830912;B
20240410;134302;164.78;20;10086830914;B
20240410;134302;164.78;4890;10086830940;B
20240410;134302;164.78;10;10086830947;B
20240410;134302;164.78;20;10086830954;B
20240410;134303;164.78;30;10086830992;B
20240410;134303;164.78;3000;10086831000;B
20240410;134303;164.78;40;10086831009;B
20240410;134303;164.78;20;10086831011;B
20240410;134303;164.76;20;10086831028;B
20240410;134303;164.78;20;10086831036;B
20240410;134303;164.78;10;10086831044;B
20240410;134303;164.76;10;10086831060;B
20240410;134304;164.78;100;10086831065;B
20240410;134304;164.78;1140;10086831069;B
20240410;134304;164.78;10;10086831070;B
20240410;134304;164.78;200;10086831071;B
20240410;134304;164.78;300;10086831072;B
20240410;134304;164.78;10;10086831073;B
20240410;134304;164.78;500;10086831074;B
20240410;134304;164.78;200;10086831075;B
20240410;134304;164.78;1500;10086831076;B
20240410;134304;164.78;140;10086831077;B
20240410;134304;164.78;70;10086831091;B
20240410;134304;164.78;30;10086831093;B
20240410;134304;164.78;10;10086831096;B
20240410;134304;164.78;20;10086831132;B
20240410;134304;164.76;150;10086831133;S
20240410;134304;164.78;10;10086831157;B
20240410;134305;164.78;120;10086831194;B
20240410;134305;164.76;850;10086831197;S
20240410;134305;164.74;10;10086831198;S
20240410;134305;164.72;50;10086831199;S
20240410;134305;164.7;150;10086831200;S
20240410;134305;164.7;340;10086831201;S
20240410;134305;164.7;10;10086831202;S
20240410;134305;164.76;30;10086831203;B
20240410;134305;164.76;80;10086831234;B
20240410;134305;164.76;40;10086831270;B
20240410;134305;164.76;10;10086831271;B
20240410;134306;164.76;60;10086831293;B
20240410;134306;164.76;100;10086831319;B
20240410;134306;164.76;30;10086831325;B
20240410;134306;164.76;280;10086831326;B
20240410;134306;164.76;10;10086831330;B
20240410;134306;164.78;60;10086831377;B
20240410;134308;164.78;10;10086831501;B
20240410;134308;164.78;10;10086831507;B
20240410;134308;164.78;10;10086831577;B
20240410;134309;164.76;10;10086831584;S
20240410;134309;164.7;150;10086831585;S
20240410;134309;164.7;100;10086831586;S
20240410;134309;164.7;70;10086831587;S
20240410;134309;164.68;980;10086831588;S
20240410;134309;164.68;10;10086831589;S
20240410;134309;164.68;530;10086831590;S
20240410;134309;164.68;50;10086831591;S
20240410;134309;164.68;50;10086831592;S
20240410;134309;164.64;1780;10086831593;S
20240410;134309;164.64;100;10086831594;S
20240410;134309;164.62;4500;10086831595;S
20240410;134309;164.62;3470;10086831596;S
20240410;134309;164.64;10;10086831696;S
20240410;134309;164.6;10;10086831697;S
20240410;134309;164.6;10;10086831698;S
20240410;134309;164.6;970;10086831699;S
20240410;134310;164.7;10;10086831709;B
20240410;134310;164.7;40;10086831729;B
20240410;134310;164.7;10;10086831756;B
20240410;134310;164.7;30;10086831757;B
20240410;134310;164.62;200;10086831768;S
20240410;134310;164.62;200;10086831770;S
20240410;134310;164.6;100;10086831771;S
20240410;134310;164.68;10;10086831777;B
20240410;134310;164.68;10;10086831780;B
20240410;134310;164.68;10;10086831792;B
20240410;134311;164.68;10;10086831878;B
20240410;134312;164.68;140;10086831961;B
20240410;134312;164.68;10;10086831962;B
20240410;134312;164.68;40;10086832000;B
20240410;134313;164.68;40;10086832057;B
20240410;134313;164.6;300;10086832136;S
20240410;134313;164.64;10;10086832137;B
20240410;134314;164.64;50;10086832224;B
20240410;134314;164.68;10;10086832225;B
20240410;134314;164.68;140;10086832226;B
20240410;134315;164.66;10;10086832316;B
20240410;134315;164.68;20;10086832317;B
20240410;134316;164.6;20;10086832413;S
20240410;134317;164.68;20;10086832465;B
20240410;134317;164.68;10;10086832488;B
20240410;134318;164.68;20;10086832577;B
20240410;134318;164.62;10;10086832604;S
20240410;134318;164.62;10;10086832605;S
20240410;134319;164.62;300;10086832653;B
20240410;134319;164.62;200;10086832656;B
20240410;134319;164.62;480;10086832693;B
20240410;134319;164.7;340;10086832694;B
20240410;134319;164.6;110;10086832699;S
20240410;134319;164.6;150;10086832700;S
20240410;134319;164.6;740;10086832701;S
20240410;134319;164.68;10;10086832727;B
20240410;134320;164.68;10;10086832802;B
20240410;134320;164.68;100;10086832808;B
20240410;134320;164.62;150;10086832814;S
20240410;134320;164.6;4990;10086832815;S
20240410;134320;164.68;10;10086832838;B
20240410;134321;164.68;10;10086832902;B
20240410;134321;164.62;50;10086832903;S
20240410;134321;164.68;10;10086832906;B
20240410;134321;164.7;40;10086832907;B
20240410;134321;164.68;150;10086832930;B
20240410;134321;164.7;150;10086832931;B
20240410;134321;164.68;20;10086832945;B
20240410;134321;164.68;30;10086832947;B
20240410;134321;164.7;20;10086832948;B
20240410;134321;164.7;20;10086832950;B
20240410;134321;164.7;640;10086832959;B
20240410;134321;164.7;100;10086832960;B
20240410;134321;164.72;100;10086832961;B
20240410;134321;164.72;10;10086832962;B
20240410;134321;164.72;100;10086832963;B
20240410;134321;164.72;50;10086832964;B
20240410;134321;164.72;40;10086832971;B
20240410;134321;164.72;40;10086832972;B
20240410;134321;164.72;30;10086833000;B
20240410;134321;164.72;10;10086833003;B
20240410;134322;164.72;10;10086833037;B
20240410;134322;164.72;40;10086833044;B
20240410;134322;164.72;10;10086833074;B
20240410;134322;164.72;380;10086833082;B
20240410;134322;164.72;10;10086833107;B
20240410;134322;164.72;300;10086833108;B
20240410;134323;164.72;20;10086833178;B
20240410;134323;164.72;60;10086833182;B
20240410;134323;164.72;60;10086833183;B
20240410;134323;164.66;10;10086833210;S
20240410;134323;164.64;200;10086833211;S
20240410;134323;164.62;100;10086833212;S
20240410;134323;164.62;30;10086833213;S
20240410;134323;164.62;10;10086833214;S
20240410;134323;164.62;10;10086833215;S
20240410;134323;164.62;20;10086833216;S
20240410;134323;164.6;1800;10086833217;S
20240410;134323;164.72;10;10086833219;B
20240410;134323;164.7;10;10086833238;B
20240410;134323;164.72;10;10086833288;B
20240410;134324;164.72;20;10086833389;B
20240410;134324;164.72;10;10086833390;B
20240410;134324;164.72;30;10086833418;B
20240410;134325;164.7;10;10086833517;B
20240410;134325;164.72;10;10086833518;B
20240410;134325;164.72;30;10086833551;B
20240410;134325;164.72;20;10086833555;B
20240410;134325;164.72;10;10086833556;B
20240410;134325;164.74;90;10086833557;B
20240410;134326;164.74;40;10086833592;B
20240410;134326;164.72;10;10086833621;S
20240410;134326;164.74;50;10086833625;B
20240410;134326;164.74;220;10086833637;B
20240410;134326;164.74;810;10086833638;B
20240410;134326;164.76;470;10086833639;B
20240410;134326;164.7;10;10086833650;S
20240410;134326;164.76;70;10086833663;B
20240410;134327;164.76;10;10086833691;B
20240410;134327;164.76;40;10086833697;B
20240410;134327;164.76;200;10086833706;B
20240410;134327;164.76;210;10086833707;B
20240410;134327;164.78;90;10086833708;B
20240410;134327;164.78;10;10086833738;B
20240410;134328;164.78;80;10086833833;B
20240410;134328;164.76;400;10086833882;S
20240410;134328;164.78;20;10086833934;B
20240410;134328;164.78;430;10086833945;B
20240410;134329;164.78;20;10086833952;B
20240410;134329;164.78;30;10086833970;B
20240410;134329;164.78;30;10086833981;B
20240410;134329;164.78;30;10086833990;B
20240410;134329;164.78;10;10086834013;B
20240410;134330;164.76;50;10086834207;S
20240410;134331;164.78;20;10086834212;B
20240410;134331;164.78;30;10086834216;B
20240410;134331;164.78;110;10086834218;B
20240410;134331;164.78;30;10086834239;B
20240410;134331;164.78;10;10086834242;B
20240410;134331;164.78;20;10086834291;B
20240410;134332;164.78;10;10086834390;B
20240410;134332;164.76;10;10086834425;S
20240410;134333;164.78;30;10086834493;B
20240410;134333;164.78;1670;10086834494;B
20240410;134333;164.78;300;10086834503;B
20240410;134333;164.78;30;10086834518;B
20240410;134334;164.76;40;10086834617;S
20240410;134334;164.76;500;10086834618;S
20240410;134334;164.76;50;10086834619;S
20240410;134334;164.74;10;10086834620;S
20240410;134334;164.74;150;10086834621;S
20240410;134334;164.72;250;10086834622;S
20240410;134335;164.76;150;10086834716;B
20240410;134335;164.78;10;10086834717;B
20240410;134335;164.78;50;10086834718;B
20240410;134335;164.78;400;10086834719;B
20240410;134335;164.78;5460;10086834720;B
20240410;134335;164.78;460;10086834721;B
20240410;134335;164.78;3470;10086834722;B
20240410;134336;164.78;1000;10086834840;B
20240410;134337;164.78;50;10086834890;B
20240410;134337;164.78;10;10086834908;B
20240410;134338;164.72;20;10086834967;S
20240410;134338;164.72;130;10086834993;S
20240410;134338;164.72;50;10086834994;S
20240410;134338;164.72;20;10086834995;S
20240410;134339;164.72;50;10086835117;S
20240410;134339;164.78;1480;10086835187;B
20240410;134339;164.78;60;10086835188;B
20240410;134339;164.8;10;10086835189;B
20240410;134339;164.8;10;10086835190;B
20240410;134339;164.8;340;10086835191;B
20240410;134339;164.8;10;10086835194;B
20240410;134342;164.78;300;10086835540;B
20240410;134342;164.8;250;10086835541;B
20240410;134342;164.8;1000;10086835542;B
20240410;134342;164.8;20;10086835543;B
20240410;134342;164.8;1000;10086835544;B
20240410;134342;164.8;10;10086835545;B
20240410;134342;164.8;50;10086835546;B
20240410;134342;164.8;1000;10086835547;B
20240410;134342;164.8;10;10086835548;B
20240410;134342;164.8;10;10086835549;B
20240410;134342;164.8;350;10086835550;B
20240410;134343;164.8;150;10086835622;B
20240410;134343;164.8;210;10086835623;B
20240410;134345;164.78;250;10086835845;S
20240410;134345;164.78;50;10086835846;S
20240410;134346;164.78;50;10086835962;S
20240410;134346;164.78;10;10086835963;S
20240410;134346;164.78;10;10086835988;S
20240410;134346;164.78;20;10086835989;S
20240410;134346;164.76;1000;10086835990;S
20240410;134346;164.76;150;10086835991;S
20240410;134346;164.72;120;10086835992;S
20240410;134346;164.72;10;10086836048;S
20240410;134346;164.72;100;10086836049;S
20240410;134346;164.72;240;10086836050;S
20240410;134347;164.78;20;10086836076;B
20240410;134347;164.76;460;10086836183;B
20240410;134348;164.76;40;10086836203;B
20240410;134348;164.76;100;10086836204;B
20240410;134348;164.78;130;10086836205;B
20240410;134348;164.78;230;10086836206;B
20240410;134348;164.8;290;10086836211;B
20240410;134348;164.8;10;10086836212;B
20240410;134348;164.8;100;10086836213;B
20240410;134348;164.8;300;10086836214;B
20240410;134349;164.76;100;10086836392;B
20240410;134349;164.8;700;10086836393;B
20240410;134349;164.8;1000;10086836394;B
20240410;134349;164.8;100;10086836395;B
20240410;134349;164.8;10;10086836396;B
20240410;134349;164.8;50;10086836397;B
20240410;134349;164.8;20;10086836398;B
20240410;134349;164.8;100;10086836399;B
20240410;134349;164.8;1000;10086836400;B
20240410;134349;164.8;100;10086836401;B
20240410;134349;164.8;500;10086836402;B
20240410;134349;164.8;4900;10086836403;B
20240410;134349;164.8;400;10086836404;B
20240410;134349;164.8;10;10086836405;B
20240410;134349;164.8;10;10086836406;B
20240410;134349;164.82;10;10086836407;B
20240410;134349;164.82;850;10086836408;B
20240410;134349;164.82;100;10086836409;B
20240410;134349;164.82;200;10086836410;B
20240410;134349;164.82;100;10086836411;B
20240410;134349;164.82;10;10086836412;B
20240410;134349;164.82;10;10086836413;B
20240410;134349;164.82;100;10086836414;B
20240410;134349;164.82;50;10086836415;B
20240410;134349;164.82;4000;10086836416;B
20240410;134349;164.84;1620;10086836417;B
20240410;134349;164.84;10;10086836418;B
20240410;134349;164.84;50;10086836419;B
20240410;134349;164.84;30;10086836420;B
20240410;134349;164.84;3860;10086836421;B
20240410;134351;164.84;1500;10086836706;B
20240410;134352;164.82;100;10086836891;S
20240410;134352;164.8;100;10086836892;S
20240410;134354;164.82;10;10086837101;B
20240410;134356;164.78;100;10086837445;S
20240410;134357;164.78;1000;10086837503;S
20240410;134400;164.8;50;10086837975;B
20240410;134400;164.8;50;10086837976;B
20240410;134401;164.8;150;10086838133;B
20240410;134401;164.82;30;10086838134;B
20240410;134401;164.82;20;10086838164;B
20240410;134402;164.78;300;10086838275;S
20240410;134403;164.82;10;10086838363;B
20240410;134403;164.8;10;10086838529;S
20240410;134403;164.78;20;10086838530;S
20240410;134404;164.82;30;10086838640;B
20240410;134404;164.82;10;10086838641;B
20240410;134405;164.82;490;10086838714;B
20240410;134405;164.82;200;10086838715;B
20240410;134405;164.82;50;10086838716;B
20240410;134405;164.82;50;10086838717;B
20240410;134405;164.82;210;10086838718;B
20240410;134406;164.8;10;10086838811;B
20240410;134406;164.8;990;10086838814;S
20240410;134409;164.78;80;10086839035;S
20240410;134409;164.78;10;10086839036;S
20240410;134409;164.78;100;10086839037;S
20240410;134409;164.78;20;10086839038;S
20240410;134409;164.78;100;10086839039;S
20240410;134409;164.76;150;10086839040;S
20240410;134409;164.74;100;10086839041;S
20240410;134409;164.72;10;10086839042;S
20240410;134409;164.72;3660;10086839043;S
20240410;134409;164.72;770;10086839044;S
20240410;134409;164.78;20;10086839105;B
20240410;134410;164.78;20;10086839178;B
20240410;134410;164.72;670;10086839245;S
20240410;134410;164.78;20;10086839277;B
20240410;134411;164.76;1000;10086839417;B
20240410;134411;164.76;390;10086839418;B
20240410;134411;164.78;740;10086839419;B
20240410;134411;164.76;1220;10086839426;B
20240410;134411;164.78;150;10086839427;B
20240410;134411;164.78;1530;10086839428;B
20240410;134411;164.78;450;10086839429;B
20240410;134412;164.76;50;10086839520;B
20240410;134413;164.72;100;10086839638;S
20240410;134413;164.76;20;10086839644;B
20240410;134413;164.76;1150;10086839679;B
20240410;134413;164.76;1150;10086839680;B
20240410;134414;164.76;10;10086839711;B
20240410;134414;164.76;40;10086839712;B
20240410;134414;164.76;60;10086839713;B
20240410;134414;164.76;10;10086839724;B
20240410;134414;164.74;200;10086839767;B
20240410;134414;164.74;190;10086839768;B
20240410;134414;164.76;610;10086839769;B
20240410;134416;164.74;200;10086839913;B
20240410;134416;164.72;100;10086839939;S
20240410;134418;164.72;150;10086840112;S
20240410;134418;164.72;50;10086840113;S
20240410;134418;164.72;10;10086840118;S
20240410;134418;164.76;100;10086840170;B
20240410;134418;164.76;1220;10086840171;B
20240410;134418;164.76;100;10086840172;B
20240410;134418;164.76;40;10086840173;B
20240410;134418;164.76;10;10086840183;B
20240410;134419;164.72;10;10086840244;S
20240410;134419;164.76;10;10086840246;B
20240410;134419;164.76;90;10086840255;B
20240410;134419;164.76;110;10086840256;B
20240410;134420;164.76;1000;10086840344;B
20240410;134420;164.76;10;10086840428;B
20240410;134421;164.76;10;10086840492;B
20240410;134421;164.72;80;10086840499;S
20240410;134421;164.72;210;10086840500;S
20240410;134424;164.72;60;10086840838;B
20240410;134425;164.72;500;10086840935;B
20240410;134428;164.72;100;10086841224;B
20240410;134428;164.7;20;10086841242;S
20240410;134428;164.7;10;10086841243;S
20240410;134428;164.7;2580;10086841244;S
20240410;134428;164.7;10;10086841245;S
20240410;134428;164.7;1380;10086841246;S
20240410;134429;164.72;10;10086841257;B
20240410;134429;164.72;10;10086841349;B
20240410;134430;164.7;120;10086841480;S
20240410;134430;164.7;60;10086841481;S
20240410;134430;164.7;20;10086841482;S
20240410;134430;164.7;10;10086841483;S
20240410;134430;164.68;1190;10086841484;S
20240410;134432;164.7;200;10086841653;S
20240410;134432;164.68;60;10086841654;S
20240410;134432;164.68;10;10086841655;S
20240410;134432;164.68;10;10086841656;S
20240410;134432;164.68;10;10086841657;S
20240410;134432;164.68;50;10086841658;S
20240410;134432;164.68;50;10086841659;S
20240410;134432;164.68;720;10086841660;S
20240410;134432;164.68;10;10086841661;S
20240410;134432;164.66;2880;10086841662;S
20240410;134432;164.7;90;10086841670;B
20240410;134432;164.7;1220;10086841671;B
20240410;134432;164.72;500;10086841676;B
20240410;134432;164.72;70;10086841677;B
20240410;134432;164.72;10;10086841682;B
20240410;134434;164.7;500;10086841869;S
20240410;134435;164.72;20;10086841938;B
20240410;134438;164.72;30;10086842288;B
20240410;134438;164.72;10;10086842289;B
20240410;134438;164.74;20;10086842290;B
20240410;134438;164.74;10;10086842291;B
20240410;134438;164.74;430;10086842292;B
20240410;134439;164.7;100;10086842349;S
20240410;134440;164.7;250;10086842457;S
20240410;134440;164.72;10;10086842494;B
20240410;134440;164.72;500;10086842495;B
20240410;134441;164.76;10;10086842612;B
20240410;134441;164.76;390;10086842687;B
20240410;134441;164.76;80;10086842688;B
20240410;134441;164.76;100;10086842689;B
20240410;134441;164.76;430;10086842690;B
20240410;134441;164.78;500;10086842691;B
20240410;134441;164.78;1540;10086842692;B
20240410;134441;164.78;1530;10086842693;B
20240410;134441;164.78;900;10086842694;B
20240410;134441;164.78;10;10086842695;B
20240410;134441;164.78;1520;10086842696;B
20240410;134442;164.72;100;10086842838;S
20240410;134442;164.72;20;10086842841;S
20240410;134443;164.72;450;10086843026;S
20240410;134443;164.72;60;10086843027;S
20240410;134443;164.7;80;10086843028;S
20240410;134444;164.78;10;10086843177;B
20240410;134446;164.78;250;10086843301;B
20240410;134447;164.72;100;10086843408;S
20240410;134450;164.76;100;10086843772;B
20240410;134450;164.78;200;10086843773;B
20240410;134451;164.78;220;10086843848;B
20240410;134451;164.7;10;10086843946;S
20240410;134451;164.78;10;10086843952;B
20240410;134452;164.78;20;10086844015;B
20240410;134452;164.78;1000;10086844097;B
20240410;134453;164.78;430;10086844164;B
20240410;134453;164.78;570;10086844165;B
20240410;134453;164.72;500;10086844188;S
20240410;134453;164.78;20;10086844213;B
20240410;134455;164.72;500;10086844402;S
20240410;134456;164.72;80;10086844476;S
20240410;134456;164.78;40;10086844527;B
20240410;134457;164.78;50;10086844581;B
20240410;134457;164.78;1320;10086844586;B
20240410;134457;164.78;10;10086844587;B
20240410;134457;164.78;20;10086844588;B
20240410;134457;164.78;100;10086844589;B
20240410;134457;164.78;10;10086844590;B
20240410;134457;164.8;220;10086844591;B
20240410;134457;164.8;1190;10086844612;B
20240410;134457;164.8;30;10086844618;B
20240410;134458;164.8;40;10086844769;B
20240410;134458;164.8;800;10086844786;B
20240410;134500;164.8;20;10086844968;B
20240410;134501;164.8;180;10086845025;B
20240410;134501;164.8;30;10086845059;B
20240410;134501;164.8;800;10086845068;B
20240410;134501;164.8;200;10086845069;B
20240410;134501;164.8;10;10086845080;B
20240410;134501;164.8;90;10086845104;B
20240410;134502;164.78;70;10086845192;S
20240410;134502;164.78;30;10086845193;S
20240410;134502;164.78;750;10086845219;B
20240410;134502;164.8;1250;10086845220;B
20240410;134506;164.78;870;10086845556;B
20240410;134508;164.78;120;10086845753;B
20240410;134508;164.78;10;10086845779;B
20240410;134508;164.78;690;10086845787;B
20240410;134508;164.78;2300;10086845861;B
20240410;134510;164.78;1000;10086846024;B
20240410;134510;164.78;50;10086846039;B
20240410;134513;164.76;30;10086846396;S
20240410;134514;164.76;120;10086846474;S
20240410;134514;164.76;410;10086846475;S
20240410;134514;164.76;200;10086846476;S
20240410;134514;164.76;10;10086846477;S
20240410;134514;164.74;280;10086846478;S
20240410;134514;164.78;30;10086846488;B
20240410;134515;164.78;10;10086846653;B
20240410;134515;164.76;10;10086846725;B
20240410;134518;164.76;140;10086846973;B
20240410;134518;164.76;10;10086846974;B
20240410;134518;164.76;50;10086846975;B
20240410;134522;164.76;70;10086847431;B
20240410;134522;164.76;100;10086847432;B
20240410;134522;164.78;420;10086847433;B
20240410;134522;164.78;50;10086847434;B
20240410;134522;164.78;10;10086847435;B
20240410;134522;164.78;50;10086847436;B
20240410;134522;164.78;50;10086847437;B
20240410;134522;164.78;50;10086847438;B
20240410;134522;164.78;100;10086847439;B
20240410;134522;164.78;10;10086847440;B
20240410;134522;164.78;10;10086847441;B
20240410;134522;164.78;10;10086847442;B
20240410;134522;164.78;10;10086847443;B
20240410;134522;164.78;2050;10086847444;B
20240410;134522;164.78;10;10086847445;B
20240410;134522;164.78;1220;10086847446;B
20240410;134522;164.8;1780;10086847447;B
20240410;134522;164.8;10;10086847474;B
20240410;134523;164.76;10;10086847584;B
20240410;134524;164.78;20;10086847683;S
20240410;134525;164.78;40;10086847807;S
20240410;134525;164.78;200;10086847836;S
20240410;134527;164.8;300;10086847968;B
20240410;134527;164.8;70;10086848068;B
20240410;134529;164.8;100;10086848220;B
20240410;134530;164.8;1770;10086848537;B
20240410;134532;164.78;30;10086848745;S
20240410;134532;164.78;20;10086848746;S
20240410;134532;164.78;10;10086848747;S
20240410;134532;164.76;140;10086848748;S
20240410;134533;164.76;10;10086848840;S
20240410;134533;164.76;600;10086848841;S
20240410;134533;164.74;10;10086848842;S
20240410;134533;164.74;1220;10086848843;S
20240410;134533;164.72;10;10086848844;S
20240410;134533;164.72;1000;10086848845;S
20240410;134533;164.72;10;10086848846;S
20240410;134533;164.72;10;10086848847;S
20240410;134533;164.72;1230;10086848848;S
20240410;134534;164.78;50;10086848991;B
20240410;134534;164.78;20;10086848992;B
20240410;134534;164.8;930;10086848993;B
20240410;134535;164.76;10;10086849046;S
20240410;134535;164.72;190;10086849047;S
20240410;134536;164.78;10;10086849119;B
20240410;134536;164.78;10;10086849148;B
20240410;134536;164.78;20;10086849149;B
20240410;134536;164.78;180;10086849158;B
20240410;134536;164.78;10;10086849159;B
20240410;134536;164.78;300;10086849160;B
20240410;134536;164.8;510;10086849161;B
20240410;134536;164.72;20;10086849221;S
20240410;134538;164.72;60;10086849316;S
20240410;134538;164.72;10;10086849397;S
20240410;134539;164.74;10;10086849409;B
20240410;134540;164.74;150;10086849554;B
20240410;134541;164.74;200;10086849609;B
20240410;134542;164.74;130;10086849830;B
20240410;134544;164.72;10;10086850004;S
20240410;134545;164.72;10;10086850122;S
20240410;134545;164.72;90;10086850123;S
20240410;134545;164.7;240;10086850124;S
20240410;134546;164.7;520;10086850240;S
20240410;134546;164.7;200;10086850241;S
20240410;134546;164.7;10;10086850242;S
20240410;134546;164.7;20;10086850243;S
20240410;134546;164.7;280;10086850244;S
20240410;134546;164.7;10;10086850245;S
20240410;134546;164.7;1000;10086850246;S
20240410;134546;164.7;1000;10086850247;S
20240410;134546;164.7;1000;10086850248;S
20240410;134546;164.7;50;10086850249;S
20240410;134546;164.7;10;10086850250;S
20240410;134546;164.7;2900;10086850251;S
20240410;134546;164.72;1000;10086850297;B
20240410;134547;164.72;50;10086850383;B
20240410;134548;164.72;30;10086850473;B
20240410;134548;164.72;10;10086850474;B
20240410;134549;164.7;40;10086850547;S
20240410;134549;164.72;50;10086850554;B
20240410;134549;164.7;1020;10086850562;S
20240410;134549;164.7;10;10086850563;S
20240410;134549;164.68;10;10086850564;S
20240410;134549;164.68;3500;10086850565;S
20240410;134549;164.68;10;10086850566;S
20240410;134549;164.66;10;10086850567;S
20240410;134549;164.66;150;10086850568;S
20240410;134549;164.64;4390;10086850569;S
20240410;134549;164.7;30;10086850621;B
20240410;134550;164.64;1010;10086850664;S
20240410;134550;164.64;1990;10086850673;S
20240410;134550;164.66;30;10086850726;B
20240410;134550;164.66;120;10086850736;B
20240410;134550;164.68;480;10086850737;B
20240410;134551;164.62;160;10086850752;S
20240410;134551;164.6;50;10086850753;S
20240410;134551;164.6;290;10086850754;S
20240410;134551;164.6;10;10086850799;S
20240410;134551;164.64;10;10086850832;B
20240410;134552;164.64;100;10086850867;B
20240410;134553;164.6;700;10086851025;S
20240410;134553;164.6;20;10086851026;S
20240410;134553;164.6;280;10086851027;S
20240410;134554;164.6;100;10086851100;S
20240410;134555;164.6;240;10086851239;S
20240410;134556;164.66;10;10086851286;B
20240410;134557;164.66;250;10086851450;B
20240410;134558;164.66;30;10086851621;B
20240410;134559;164.6;30;10086851667;S
20240410;134600;164.66;420;10086851796;B
20240410;134600;164.66;10;10086851797;B
20240410;134600;164.68;150;10086851798;B
20240410;134600;164.68;320;10086851799;B
20240410;134600;164.66;10;10086851876;B
20240410;134600;164.68;10;10086851877;B
20240410;134601;164.68;170;10086851901;B
20240410;134601;164.68;720;10086852129;B
20240410;134601;164.68;1280;10086852130;B
20240410;134601;164.68;10;10086852148;B
20240410;134602;164.68;50;10086852178;B
20240410;134603;164.68;30;10086852357;B
20240410;134605;164.64;10;10086852591;B
20240410;134605;164.66;10;10086852592;B
20240410;134605;164.68;180;10086852593;B
20240410;134607;164.68;20;10086852741;B
20240410;134608;164.6;1000;10086852835;S
20240410;134609;164.66;10;10086853109;B
20240410;134611;164.66;20;10086853339;B
20240410;134612;164.66;40;10086853494;B
20240410;134612;164.66;70;10086853509;B
20240410;134613;164.66;120;10086853580;B
20240410;134613;164.68;130;10086853581;B
20240410;134613;164.64;10;10086853646;B
20240410;134613;164.64;90;10086853653;B
20240410;134613;164.68;410;10086853654;B
20240410;134615;164.64;970;10086853814;B
20240410;134617;164.6;100;10086854149;S
20240410;134618;164.6;100;10086854255;S
20240410;134619;164.62;20;10086854440;B
20240410;134620;164.6;100;10086854585;S
20240410;134620;164.62;900;10086854612;B
20240410;134621;164.6;50;10086854726;S
20240410;134621;164.6;50;10086854727;S
20240410;134621;164.6;30;10086854728;S
20240410;134621;164.6;10;10086854729;S
20240410;134621;164.6;10;10086854730;S
20240410;134621;164.6;10;10086854731;S
20240410;134621;164.6;550;10086854732;S
20240410;134622;164.62;610;10086854765;B
20240410;134622;164.62;270;10086854819;B
20240410;134622;164.62;10;10086854820;B
20240410;134624;164.6;300;10086854985;S
20240410;134624;164.6;50;10086855032;S
20240410;134625;164.6;250;10086855075;S
20240410;134625;164.58;50;10086855076;S
20240410;134625;164.6;10;10086855086;B
20240410;134626;164.58;150;10086855269;S
20240410;134627;164.58;10;10086855322;B
20240410;134628;164.6;10;10086855478;B
20240410;134628;164.6;60;10086855512;B
20240410;134628;164.56;1260;10086855528;S
20240410;134628;164.56;100;10086855529;S
20240410;134628;164.56;1040;10086855530;S
20240410;134628;164.52;1600;10086855531;S
20240410;134631;164.58;100;10086855930;B
20240410;134631;164.58;10;10086855954;B
20240410;134633;164.58;1420;10086856196;B
20240410;134633;164.6;1140;10086856197;B
20240410;134633;164.6;1000;10086856198;B
20240410;134633;164.6;20;10086856199;B
20240410;134633;164.58;700;10086856236;B
20240410;134634;164.52;110;10086856253;S
20240410;134635;164.58;10;10086856352;B
20240410;134637;164.56;50;10086856688;B
20240410;134638;164.52;290;10086856827;S
20240410;134638;164.52;160;10086856828;S
20240410;134638;164.56;50;10086856834;B
20240410;134638;164.58;30;10086856835;B
20240410;134640;164.58;790;10086856992;B
20240410;134640;164.58;210;10086856993;B
20240410;134642;164.58;10;10086857198;B
20240410;134643;164.58;30;10086857318;B
20240410;134645;164.54;400;10086857536;S
20240410;134646;164.58;10;10086857675;B
20240410;134648;164.58;20;10086857889;B
20240410;134648;164.58;1500;10086857892;B
20240410;134648;164.6;150;10086857893;B
20240410;134648;164.6;50;10086857894;B
20240410;134648;164.6;50;10086857895;B
20240410;134648;164.6;250;10086857896;B
20240410;134649;164.6;10;10086857955;B
20240410;134656;164.56;30;10086858644;B
20240410;134656;164.56;10;10086858717;B
20240410;134657;164.56;60;10086858880;B
20240410;134657;164.6;1740;10086858881;B
20240410;134658;164.6;20;10086859116;B
20240410;134658;164.56;10;10086859254;S
20240410;134658;164.56;10;10086859258;S
20240410;134659;164.56;10;10086859522;S
20240410;134700;164.58;10;10086859637;B
20240410;134700;164.6;140;10086859638;B
20240410;134701;164.58;20;10086859906;B
20240410;134701;164.6;90;10086859913;B
20240410;134701;164.6;180;10086859941;B
20240410;134703;164.56;10;10086860210;S
20240410;134704;164.56;110;10086860304;S
20240410;134704;164.54;100;10086860305;S
20240410;134704;164.52;100;10086860306;S
20240410;134704;164.52;20;10086860307;S
20240410;134704;164.52;760;10086860308;S
20240410;134704;164.52;910;10086860309;S
20240410;134707;164.58;10;10086860558;B
20240410;134707;164.58;10;10086860559;B
20240410;134707;164.52;340;10086860570;S
20240410;134707;164.52;150;10086860571;S
20240410;134707;164.5;50;10086860572;S
20240410;134707;164.5;10;10086860573;S
20240410;134707;164.5;50;10086860574;S
20240410;134707;164.5;10;10086860575;S
20240410;134707;164.5;500;10086860576;S
20240410;134707;164.5;50;10086860577;S
20240410;134707;164.5;10;10086860578;S
20240410;134707;164.5;1000;10086860579;S
20240410;134707;164.5;200;10086860580;S
20240410;134707;164.5;100;10086860581;S
20240410;134707;164.5;10;10086860582;S
20240410;134707;164.5;10;10086860583;S
20240410;134707;164.5;100;10086860584;S
20240410;134707;164.5;1670;10086860585;S
20240410;134707;164.48;30;10086860586;S
20240410;134707;164.48;710;10086860587;S
20240410;134708;164.5;150;10086860695;S
20240410;134708;164.48;2950;10086860696;S
20240410;134708;164.48;100;10086860697;S
20240410;134708;164.48;490;10086860698;S
20240410;134708;164.46;10;10086860699;S
20240410;134708;164.46;1850;10086860700;S
20240410;134708;164.46;10;10086860716;S
20240410;134708;164.5;100;10086860750;B
20240410;134709;164.44;100;10086860791;S
20240410;134709;164.44;10;10086860792;S
20240410;134709;164.42;1190;10086860793;S
20240410;134709;164.42;610;10086860818;S
20240410;134709;164.42;200;10086860854;S
20240410;134709;164.5;50;10086860917;B
20240410;134711;164.42;740;10086861024;S
20240410;134711;164.42;660;10086861025;S
20240410;134712;164.48;250;10086861087;B
20240410;134712;164.5;150;10086861088;B
20240410;134712;164.5;100;10086861089;B
20240410;134712;164.42;20;10086861100;S
20240410;134712;164.42;480;10086861101;S
20240410;134712;164.4;210;10086861102;S
20240410;134712;164.4;200;10086861103;S
20240410;134714;164.48;10;10086861433;B
20240410;134715;164.44;1000;10086861471;S
20240410;134715;164.4;160;10086861472;S
20240410;134715;164.4;30;10086861473;S
20240410;134716;164.5;90;10086861633;B
20240410;134716;164.5;10;10086861641;B
20240410;134716;164.5;10;10086861642;B
20240410;134718;164.42;240;10086861828;S
20240410;134718;164.42;200;10086861829;S
20240410;134718;164.4;220;10086861830;S
20240410;134718;164.4;40;10086861831;S
20240410;134718;164.4;150;10086861832;S
20240410;134718;164.4;1150;10086861833;S
20240410;134719;164.4;20;10086861941;S
20240410;134719;164.38;200;10086861942;S
20240410;134719;164.38;650;10086861943;S
20240410;134719;164.38;200;10086861944;S
20240410;134719;164.34;100;10086861958;S
20240410;134719;164.34;300;10086861988;S
20240410;134721;164.38;10;10086862119;B
20240410;134721;164.34;100;10086862167;S
20240410;134721;164.32;100;10086862168;S
20240410;134721;164.32;500;10086862169;S
20240410;134721;164.32;300;10086862170;S
20240410;134721;164.3;500;10086862171;S
20240410;134721;164.3;120;10086862172;S
20240410;134721;164.28;500;10086862173;S
20240410;134721;164.28;8080;10086862174;S
20240410;134722;164.36;100;10086862220;B
20240410;134722;164.28;150;10086862225;S
20240410;134722;164.26;50;10086862226;S
20240410;134723;164.36;100;10086862366;B
20240410;134724;164.34;720;10086862426;S
20240410;134724;164.34;1220;10086862480;S
20240410;134724;164.32;11760;10086862481;S
20240410;134726;164.36;760;10086862806;B
20240410;134726;164.36;740;10086862807;B
20240410;134726;164.36;10;10086862809;B
20240410;134726;164.36;50;10086862829;B
20240410;134727;164.36;200;10086862886;B
20240410;134727;164.38;120;10086862887;B
20240410;134727;164.32;10;10086862905;S
20240410;134728;164.32;30;10086863004;S
20240410;134730;164.32;20;10086863134;B
20240410;134730;164.32;10;10086863155;B
20240410;134731;164.3;10;10086863338;B
20240410;134731;164.28;150;10086863383;S
20240410;134732;164.3;90;10086863438;B
20240410;134732;164.3;100;10086863491;B
20240410;134733;164.32;40;10086863549;B
20240410;134733;164.32;60;10086863550;B
20240410;134734;164.32;50;10086863650;B
20240410;134735;164.3;100;10086863780;S
20240410;134735;164.3;10;10086863822;S
20240410;134736;164.32;40;10086863884;B
20240410;134736;164.32;100;10086863885;B
20240410;134736;164.36;60;10086863886;B
20240410;134736;164.36;590;10086863887;B
20240410;134736;164.38;1030;10086863888;B
20240410;134737;164.36;150;10086864021;B
20240410;134737;164.36;3660;10086864022;B
20240410;134737;164.38;1190;10086864023;B
20240410;134738;164.32;370;10086864928;S
20240410;134738;164.32;300;10086864929;S
20240410;134738;164.3;390;10086864930;S
20240410;134738;164.3;30;10086864931;S
20240410;134738;164.3;150;10086864932;S
20240410;134738;164.28;760;10086864933;S
20240410;134739;164.36;50;10086865035;B
20240410;134739;164.36;10;10086865175;B
20240410;134740;164.36;40;10086865222;B
20240410;134740;164.38;150;10086865228;B
20240410;134740;164.4;50;10086865229;B
20240410;134740;164.4;100;10086865230;B
20240410;134740;164.4;300;10086865231;B
20240410;134740;164.4;8510;10086865232;B
20240410;134740;164.48;10;10086865269;B
20240410;134740;164.5;110;10086865270;B
20240410;134740;164.42;20;10086865274;S
20240410;134741;164.52;10;10086865559;B
20240410;134741;164.52;90;10086866239;B
20240410;134741;164.52;30;10086866240;B
20240410;134741;164.52;80;10086866403;S
20240410;134741;164.46;1220;10086866404;S
20240410;134741;164.44;2200;10086866405;S
20240410;134741;164.44;20;10086866603;S
20240410;134742;164.56;90;10086866673;B
20240410;134742;164.56;500;10086866674;B
20240410;134742;164.58;340;10086866675;B
20240410;134742;164.58;70;10086866676;B
20240410;134743;164.58;10;10086867520;B
20240410;134746;164.58;20;10086868439;B
20240410;134746;164.6;20;10086868440;B
20240410;134747;164.58;100;10086869299;B
20240410;134747;164.6;70;10086869448;B
20240410;134748;164.56;10;10086870042;S
20240410;134748;164.52;10;10086870043;S
20240410;134748;164.52;10;10086870044;S
20240410;134750;164.58;50;10086871093;B
20240410;134751;164.5;10;10086871146;S
20240410;134751;164.58;40;10086871177;B
20240410;134752;164.58;110;10086872318;B
20240410;134752;164.58;100;10086872319;B
20240410;134752;164.58;100;10086872320;B
20240410;134752;164.6;480;10086872321;B
20240410;134752;164.6;200;10086872322;B
20240410;134752;164.6;10;10086872323;B
20240410;134752;164.6;200;10086872324;B
20240410;134752;164.6;10;10086872325;B
20240410;134752;164.6;100;10086872326;B
20240410;134752;164.6;100;10086872327;B
20240410;134752;164.6;10;10086872328;B
20240410;134752;164.62;10;10086872329;B
20240410;134752;164.62;1500;10086872330;B
20240410;134752;164.62;10;10086872331;B
20240410;134752;164.64;10;10086872332;B
20240410;134752;164.64;3580;10086872333;B
20240410;134752;164.64;1330;10086872334;B
20240410;134752;164.64;20;10086872335;B
20240410;134752;164.66;30;10086872336;B
20240410;134752;164.66;220;10086872337;B
20240410;134753;164.56;100;10086872634;S
20240410;134753;164.54;10;10086872635;S
20240410;134755;164.6;10;10086873802;B
20240410;134756;164.64;50;10086873930;B
20240410;134757;164.64;60;10086874689;B
20240410;134758;164.64;20;10086874912;B
20240410;134759;164.6;10;10086875941;S
20240410;134759;164.58;10;10086875942;S
20240410;134759;164.58;20;10086875943;S
20240410;134759;164.56;210;10086875944;S
20240410;134800;164.64;20;10086876062;B
20240410;134800;164.66;20;10086876176;B
20240410;134800;164.6;50;10086876198;B
20240410;134800;164.66;80;10086876199;B
20240410;134800;164.66;30;10086876200;B
20240410;134801;164.66;20;10086877327;B
20240410;134802;164.68;10;10086877817;B
20240410;134802;164.68;100;10086877818;B
20240410;134802;164.68;40;10086877819;B
20240410;134808;164.6;550;10086881879;S
20240410;134810;164.66;20;10086882503;B
20240410;134810;164.58;10;10086882510;S
20240410;134810;164.58;10;10086882511;S
20240410;134810;164.66;20;10086882544;B
20240410;134811;164.64;190;10086882749;B
20240410;134811;164.66;110;10086883383;B
20240410;134811;164.66;10;10086883384;B
20240410;134811;164.68;180;10086883385;B
20240410;134812;164.68;10;10086884634;B
20240410;134813;164.68;90;10086884676;B
20240410;134813;164.68;10;10086884677;B
20240410;134813;164.7;200;10086884678;B
20240410;134814;164.7;4800;10086885406;B
20240410;134814;164.7;50;10086885407;B
20240410;134814;164.7;30;10086885408;B
20240410;134814;164.7;50;10086885409;B
20240410;134814;164.7;3000;10086885410;B
20240410;134814;164.72;10;10086885411;B
20240410;134814;164.72;10;10086885412;B
20240410;134814;164.74;10;10086885413;B
20240410;134814;164.74;2040;10086885414;B
20240410;134817;164.72;180;10086887425;B
20240410;134817;164.72;30;10086887426;B
20240410;134817;164.74;450;10086887427;B
20240410;134818;164.7;20;10086887707;S
20240410;134818;164.68;10;10086887708;S
20240410;134818;164.66;100;10086887709;S
20240410;134818;164.66;420;10086887710;S
20240410;134820;164.74;510;10086889049;B
20240410;134820;164.76;200;10086889050;B
20240410;134820;164.76;10;10086889051;B
20240410;134820;164.76;10;10086889052;B
20240410;134820;164.76;20;10086889053;B
20240410;134820;164.76;200;10086889054;B
20240410;134820;164.76;50;10086889055;B
20240410;134821;164.76;300;10086889153;B
20240410;134821;164.7;200;10086889717;B
20240410;134823;164.72;10;10086891483;B
20240410;134823;164.76;20;10086891484;B
20240410;134823;164.76;40;10086891727;B
20240410;134823;164.76;10;10086891811;B
20240410;134824;164.76;50;10086892179;B
20240410;134824;164.78;100;10086892180;B
20240410;134824;164.78;150;10086892181;B
20240410;134824;164.78;200;10086892541;B
20240410;134825;164.78;150;10086892964;B
20240410;134825;164.78;850;10086892965;B
20240410;134825;164.74;10;10086893019;S
20240410;134825;164.74;90;10086893020;S
20240410;134826;164.74;50;10086893052;S
20240410;134827;164.78;200;10086894155;B
20240410;134828;164.72;50;10086894292;S
20240410;134828;164.78;20;10086894532;B
20240410;134830;164.78;700;10086895619;B
20240410;134830;164.78;1010;10086895677;B
20240410;134831;164.72;20;10086896040;S
20240410;134831;164.78;1080;10086896254;B
20240410;134831;164.78;100;10086896255;B
20240410;134831;164.78;310;10086896256;B
20240410;134831;164.8;100;10086896257;B
20240410;134831;164.8;1000;10086896258;B
20240410;134831;164.8;140;10086896259;B
20240410;134831;164.8;100;10086896260;B
20240410;134831;164.8;110;10086896261;B
20240410;134831;164.8;10;10086896262;B
20240410;134831;164.8;10;10086896263;B
20240410;134831;164.8;5000;10086896264;B
20240410;134831;164.8;800;10086896265;B
20240410;134831;164.8;50;10086896266;B
20240410;134831;164.8;100;10086896267;B
20240410;134831;164.8;1700;10086896268;B
20240410;134831;164.8;50;10086896269;B
20240410;134831;164.8;1160;10086896270;B
20240410;134831;164.8;620;10086896271;B
20240410;134833;164.8;10;10086898261;B
20240410;134834;164.8;1200;10086898799;B
20240410;134836;164.78;10;10086900041;S
20240410;134837;164.78;100;10086900709;S
20240410;134838;164.8;10;10086901169;B
20240410;134840;164.78;70;10086902203;S
20240410;134840;164.78;750;10086902222;S
20240410;134840;164.8;160;10086902247;B
20240410;134840;164.8;100;10086902248;B
20240410;134840;164.8;40;10086902249;B
20240410;134841;164.8;260;10086902398;B
20240410;134841;164.8;300;10086902399;B
20240410;134841;164.82;10;10086902400;B
20240410;134841;164.82;100;10086902401;B
20240410;134841;164.82;340;10086902402;B
20240410;134841;164.82;10;10086902403;B
20240410;134841;164.82;100;10086902404;B
20240410;134841;164.82;100;10086902405;B
20240410;134841;164.82;100;10086902406;B
20240410;134841;164.82;100;10086902407;B
20240410;134841;164.82;10;10086902408;B
20240410;134841;164.82;110;10086902409;B
20240410;134841;164.84;1490;10086902410;B
20240410;134842;164.84;80;10086904261;B
20240410;134843;164.84;70;10086905020;B
20240410;134843;164.84;2000;10086905021;B
20240410;134843;164.84;2000;10086905022;B
20240410;134843;164.84;10;10086905023;B
20240410;134843;164.84;2000;10086905024;B
20240410;134843;164.84;140;10086905025;B
20240410;134843;164.84;20;10086905026;B
20240410;134843;164.84;100;10086905027;B
20240410;134843;164.84;100;10086905028;B
20240410;134843;164.84;200;10086905029;B
20240410;134843;164.84;2970;10086905030;B
20240410;134843;164.84;390;10086905031;B
20240410;134844;164.8;10;10086905226;S
20240410;134844;164.82;10;10086905758;B
20240410;134844;164.84;1790;10086905759;B
20240410;134846;164.84;800;10086907328;B
20240410;134847;164.8;10;10086907473;S
20240410;134848;164.8;20;10086908003;S
20240410;134848;164.8;20;10086908004;S
20240410;134848;164.8;10;10086908005;S
20240410;134848;164.78;150;10086908006;S
20240410;134848;164.84;60;10086908071;B
20240410;134848;164.78;30;10086908128;S
20240410;134848;164.76;10;10086908129;S
20240410;134850;164.82;110;10086909199;B
20240410;134850;164.82;20;10086909200;B
20240410;134850;164.84;1960;10086909201;B
20240410;134850;164.84;40;10086909202;B
20240410;134850;164.84;1380;10086909203;B
20240410;134853;164.84;20;10086911556;B
20240410;134853;164.82;50;10086911745;S
20240410;134855;164.84;10;10086913090;B
20240410;134856;164.82;200;10086913100;S
20240410;134856;164.84;50;10086914094;B
20240410;134858;164.84;540;10086915258;B
20240410;134858;164.84;10;10086915259;B
20240410;134858;164.84;50;10086915260;B
20240410;134858;164.84;60;10086915261;B
20240410;134858;164.84;10;10086915262;B
20240410;134858;164.84;1500;10086915263;B
20240410;134858;164.84;50;10086915264;B
20240410;134858;164.84;10;10086915265;B
20240410;134858;164.84;2000;10086915266;B
20240410;134858;164.84;770;10086915267;B
20240410;134859;164.82;400;10086915526;S
20240410;134859;164.84;5230;10086915530;B
20240410;134859;164.84;5400;10086915531;B
20240410;134859;164.84;800;10086915532;B
20240410;134859;164.84;10;10086915533;B
20240410;134859;164.84;10;10086915534;B
20240410;134859;164.84;10;10086915535;B
20240410;134859;164.84;600;10086915536;B
20240410;134859;164.84;4000;10086915537;B
20240410;134859;164.84;4000;10086915538;B
20240410;134901;164.84;520;10086916151;B
20240410;134901;164.84;40;10086916187;B
20240410;134901;164.84;30;10086916246;B
20240410;134901;164.84;10;10086916601;B
20240410;134901;164.84;180;10086916602;B
20240410;134901;164.84;300;10086916933;B
20240410;134901;164.84;40;10086916954;B
20240410;134902;164.82;10;10086918148;S
20240410;134903;164.82;150;10086919221;S
20240410;134905;164.84;1000;10086920227;B
20240410;134905;164.84;240;10086920250;B
20240410;134905;164.82;10;10086920255;S
20240410;134906;164.84;40;10086920401;B
20240410;134906;164.84;40;10086920438;B
20240410;134909;164.82;300;10086922776;S
20240410;134910;164.84;20;10086922927;B
20240410;134910;164.82;10;10086922941;S
20240410;134911;164.82;5800;10086922970;S
20240410;134911;164.84;10;10086924288;B
20240410;134912;164.82;5000;10086924557;S
20240410;134912;164.82;1500;10086925006;S
20240410;134912;164.82;50;10086925008;S
20240410;134912;164.82;10;10086925011;S
20240410;134915;164.84;130;10086926429;B
20240410;134915;164.84;320;10086926430;B
20240410;134915;164.84;100;10086926620;B
20240410;134915;164.82;50;10086926799;S
20240410;134916;164.84;1580;10086926919;B
20240410;134916;164.84;1420;10086926920;B
20240410;134916;164.84;10;10086926953;B
20240410;134916;164.84;260;10086927553;B
20240410;134916;164.82;10;10086927627;S
20240410;134917;164.82;10;10086928183;S
20240410;134918;164.82;100;10086928244;S
20240410;134918;164.84;310;10086929151;B
20240410;134918;164.84;890;10086929152;B
20240410;134920;164.82;40;10086929463;S
20240410;134920;164.84;30;10086929567;B
20240410;134921;164.84;50;10086930511;B
20240410;134921;164.84;280;10086930679;B
20240410;134922;164.84;2750;10086931680;B
20240410;134922;164.84;50;10086931681;B
20240410;134922;164.84;100;10086931682;B
20240410;134922;164.84;50;10086931683;B
20240410;134922;164.84;300;10086931684;B
20240410;134922;164.84;2000;10086931685;B
20240410;134922;164.84;2000;10086931686;B
20240410;134922;164.84;100;10086931687;B
20240410;134922;164.84;2000;10086931688;B
20240410;134922;164.84;200;10086931689;B
20240410;134922;164.86;3420;10086931690;B
20240410;134922;164.86;7400;10086931691;B
20240410;134922;164.86;1500;10086931692;B
20240410;134922;164.86;50;10086931693;B
20240410;134922;164.86;100;10086931694;B
20240410;134922;164.86;10;10086931695;B
20240410;134922;164.86;900;10086931696;B
20240410;134922;164.86;50;10086931697;B
20240410;134922;164.86;10;10086931698;B
20240410;134922;164.86;200;10086931699;B
20240410;134922;164.86;240;10086931700;B
20240410;134922;164.86;10;10086931701;B
20240410;134922;164.86;100;10086931702;B
20240410;134922;164.86;10;10086931703;B
20240410;134922;164.86;10;10086931704;B
20240410;134922;164.86;400;10086931705;B
20240410;134922;164.86;400;10086931706;B
20240410;134922;164.86;10;10086931707;B
20240410;134922;164.86;19700;10086931708;B
20240410;134922;164.86;200;10086931709;B
20240410;134922;164.86;3200;10086931710;B
20240410;134922;164.86;50;10086931711;B
20240410;134922;164.86;100;10086931712;B
20240410;134922;164.86;10;10086931713;B
20240410;134922;164.86;20;10086931714;B
20240410;134922;164.88;10;10086931720;B
20240410;134922;164.88;40;10086931721;B
20240410;134922;164.88;10;10086931728;B
20240410;134922;164.88;10;10086931729;B
20240410;134922;164.86;100;10086931732;S
20240410;134922;164.88;40;10086931846;B
20240410;134922;164.88;40;10086931859;B
20240410;134922;164.88;40;10086931869;B
20240410;134922;164.86;20;10086931870;S
20240410;134922;164.86;300;10086932124;S
20240410;134923;164.88;10000;10086932136;B
20240410;134923;164.88;30;10086932141;B
20240410;134923;164.86;610;10086932147;S
20240410;134923;164.86;180;10086932150;S
20240410;134923;164.88;10;10086932198;B
20240410;134923;164.88;2280;10086932203;B
20240410;134923;164.88;720;10086932204;B
20240410;134923;164.88;40;10086932206;B
20240410;134923;164.86;20;10086932290;S
20240410;134923;164.88;10;10086932357;B
20240410;134923;164.88;10;10086932440;B
20240410;134925;164.86;10;10086933537;S
20240410;134925;164.86;400;10086933544;S
20240410;134926;164.88;520;10086933661;B
20240410;134926;164.88;700;10086933662;B
20240410;134926;164.88;50;10086933663;B
20240410;134926;164.88;100;10086933664;B
20240410;134926;164.88;50;10086933665;B
20240410;134926;164.88;30;10086933666;B
20240410;134926;164.88;10;10086933667;B
20240410;134926;164.86;710;10086933668;S
20240410;134926;164.86;1480;10086933669;S
20240410;134926;164.86;690;10086934368;S
20240410;134926;164.88;90;10086934715;B
20240410;134926;164.88;50;10086934716;B
20240410;134926;164.88;10;10086934717;B
20240410;134926;164.88;70;10086934718;B
20240410;134926;164.88;500;10086934719;B
20240410;134926;164.88;100;10086934720;B
20240410;134926;164.88;100;10086934721;B
20240410;134926;164.88;100;10086934722;B
20240410;134926;164.88;20;10086934723;B
20240410;134926;164.88;40;10086934724;B
20240410;134926;164.88;1320;10086934725;B
20240410;134927;164.88;20;10086935000;B
20240410;134928;164.88;300;10086935203;B
20240410;134928;164.86;10;10086935957;S
20240410;134929;164.88;20;10086936225;B
20240410;134930;164.86;20;10086936509;S
20240410;134930;164.88;10;10086936553;B
20240410;134930;164.86;30;10086936590;S
20240410;134931;164.86;10;10086936620;B
20240410;134931;164.86;10;10086936650;B
20240410;134931;164.86;50;10086937280;B
20240410;134931;164.86;10;10086937281;B
20240410;134932;164.86;40;10086937467;B
20240410;134933;164.86;30;10086938655;B
20240410;134934;164.86;20;10086939900;B
20240410;134934;164.86;30;10086939901;B
20240410;134934;164.88;130;10086939902;B
20240410;134934;164.88;10;10086939903;B
20240410;134934;164.88;810;10086939904;B
20240410;134934;164.88;200;10086940152;B
20240410;134934;164.84;20;10086940182;S
20240410;134934;164.82;180;10086940183;S
20240410;134935;164.86;10;10086940874;B
20240410;134935;164.86;10;10086941063;B
20240410;134936;164.86;10;10086941128;B
20240410;134937;164.86;270;10086941493;B
20240410;134937;164.86;200;10086941494;B
20240410;134937;164.88;290;10086941495;B
20240410;134937;164.88;10;10086941496;B
20240410;134937;164.88;10;10086941497;B
20240410;134937;164.88;30;10086941498;B
20240410;134937;164.88;20;10086941499;B
20240410;134937;164.88;10;10086941500;B
20240410;134937;164.88;20;10086941501;B
20240410;134937;164.88;140;10086941502;B
20240410;134937;164.88;150;10086941675;B
20240410;134937;164.84;10;10086941730;B
20240410;134938;164.84;30;10086942136;B
20240410;134939;164.84;100;10086943321;B
20240410;134939;164.84;110;10086943347;B
20240410;134939;164.86;50;10086943348;B
20240410;134939;164.86;10;10086943349;B
20240410;134939;164.86;80;10086943350;B
20240410;134939;164.86;10;10086943370;B
20240410;134940;164.86;1000;10086943566;B
20240410;134941;164.86;50;10086943671;B
20240410;134941;164.88;250;10086943672;B
20240410;134944;164.86;50;10086946206;B
20240410;134945;164.88;10;10086946414;B
20240410;134946;164.86;1950;10086947818;S
20240410;134946;164.84;50;10086947819;S
20240410;134946;164.88;450;10086947822;B
20240410;134946;164.88;160;10086947823;B
20240410;134946;164.88;50;10086947824;B
20240410;134946;164.88;50;10086947825;B
20240410;134946;164.88;10;10086947826;B
20240410;134946;164.88;10;10086947827;B
20240410;134947;164.88;20;10086948315;B
20240410;134947;164.88;70;10086948780;B
20240410;134947;164.88;130;10086948781;B
20240410;134948;164.88;170;10086948874;B
20240410;134948;164.88;10;10086948875;B
20240410;134948;164.88;30;10086948876;B
20240410;134948;164.88;90;10086948877;B
20240410;134948;164.88;70;10086948889;B
20240410;134948;164.88;50;10086948890;B
20240410;134948;164.88;80;10086948891;B
20240410;134948;164.86;10;10086948893;S
20240410;134948;164.86;10;10086948894;S
20240410;134948;164.88;30;10086948899;B
20240410;134949;164.88;300;10086949550;B
20240410;134949;164.86;160;10086950141;S
20240410;134951;164.86;800;10086951051;B
20240410;134951;164.84;10;10086951204;S
20240410;134952;164.86;300;10086952321;B
20240410;134952;164.84;500;10086952377;S
20240410;134952;164.86;20;10086952400;B
20240410;134952;164.84;90;10086952401;S
20240410;134952;164.86;690;10086952407;B
20240410;134952;164.88;590;10086952409;B
20240410;134952;164.88;10;10086952410;B
20240410;134952;164.88;30;10086952411;B
20240410;134952;164.88;1000;10086952412;B
20240410;134952;164.88;10;10086952413;B
20240410;134952;164.88;30;10086952414;B
20240410;134952;164.88;10;10086952415;B
20240410;134952;164.88;200;10086952416;B
20240410;134953;164.88;10;10086952420;B
20240410;134953;164.88;140;10086952937;B
20240410;134953;164.88;10;10086952984;B
20240410;134953;164.86;200;10086953050;S
20240410;134954;164.86;30;10086953354;S
20240410;134956;164.86;280;10086954419;S
20240410;134956;164.86;50;10086954420;S
20240410;134956;164.84;620;10086954421;S
20240410;134956;164.84;50;10086954422;S
20240410;134956;164.88;10;10086954438;B
20240410;134957;164.88;20;10086955227;B
20240410;134957;164.84;30;10086955590;S
20240410;134957;164.86;10;10086955600;B
20240410;134957;164.86;30;10086955601;B
20240410;134958;164.86;200;10086955664;S
20240410;134958;164.84;1030;10086955665;S
20240410;134958;164.84;20;10086955690;S
20240410;135000;164.88;610;10086956709;B
20240410;135000;164.88;390;10086956710;B
20240410;135001;164.84;120;10086957221;S
20240410;135001;164.88;30;10086957426;B
20240410;135001;164.88;200;10086957675;B
20240410;135001;164.88;300;10086957923;B
20240410;135002;164.84;50;10086958713;S
20240410;135002;164.84;1000;10086958750;S
20240410;135003;164.88;2800;10086959368;B
20240410;135004;164.88;20;10086959582;B
20240410;135006;164.88;30;10086960804;B
20240410;135006;164.86;10;10086960812;S
20240410;135006;164.84;100;10086960813;S
20240410;135008;164.84;1120;10086962003;S
20240410;135008;164.84;1530;10086962004;S
20240410;135008;164.82;5350;10086962005;S
20240410;135008;164.86;30;10086962300;B
20240410;135008;164.88;20;10086962301;B
20240410;135009;164.82;1000;10086963141;S
20240410;135009;164.82;250;10086963142;S
20240410;135009;164.82;30;10086963143;S
20240410;135009;164.82;720;10086963144;S
20240410;135009;164.86;20;10086963180;B
20240410;135009;164.82;30;10086963192;S
20240410;135009;164.86;10;10086963201;B
20240410;135011;164.82;100;10086963610;S
20240410;135011;164.86;10;10086964889;B
20240410;135013;164.86;1000;10086966178;B
20240410;135014;164.86;490;10086966358;B
20240410;135014;164.86;200;10086966359;B
20240410;135014;164.86;100;10086966360;B
20240410;135014;164.86;1010;10086966361;B
20240410;135014;164.86;50;10086966362;B
20240410;135014;164.88;2190;10086966363;B
20240410;135014;164.88;100;10086966364;B
20240410;135014;164.88;250;10086966365;B
20240410;135014;164.88;60;10086966366;B
20240410;135014;164.88;20;10086966367;B
20240410;135014;164.88;50;10086966368;B
20240410;135014;164.88;10;10086966369;B
20240410;135014;164.88;100;10086966370;B
20240410;135014;164.88;10;10086966371;B
20240410;135014;164.88;500;10086966372;B
20240410;135014;164.88;10;10086966373;B
20240410;135014;164.88;80;10086966374;B
20240410;135014;164.88;10;10086966375;B
20240410;135014;164.88;50;10086966376;B
20240410;135014;164.88;100;10086966377;B
20240410;135014;164.88;120;10086966378;B
20240410;135014;164.88;70;10086966379;B
20240410;135014;164.88;50;10086966380;B
20240410;135014;164.88;50;10086966381;B
20240410;135014;164.88;2000;10086966382;B
20240410;135014;164.88;200;10086966383;B
20240410;135014;164.88;10;10086966384;B
20240410;135014;164.88;1220;10086966385;B
20240410;135014;164.9;890;10086966386;B
20240410;135014;164.88;100;10086966882;B
20240410;135015;164.88;200;10086967396;B
20240410;135015;164.88;1000;10086967435;B
20240410;135015;164.84;10;10086967440;S
20240410;135015;164.88;3700;10086967442;B
20240410;135015;164.9;720;10086967443;B
20240410;135015;164.84;10;10086967451;S
20240410;135015;164.9;300;10086967463;B
20240410;135016;164.86;20;10086968506;S
20240410;135016;164.86;10;10086968604;S
20240410;135017;164.88;10;10086968720;B
20240410;135017;164.88;10;10086968749;B
20240410;135017;164.9;10;10086968750;B
20240410;135018;164.88;10;10086969086;B
20240410;135018;164.88;240;10086969087;B
20240410;135018;164.88;760;10086969952;B
20240410;135019;164.88;20;10086969973;S
20240410;135019;164.88;1000;10086970011;S
20240410;135019;164.9;250;10086970034;B
20240410;135020;164.9;20;10086970111;B
20240410;135020;164.9;90;10086970116;B
20240410;135021;164.9;1800;10086970621;B
20240410;135021;164.88;500;10086970644;S
20240410;135022;164.88;200;10086970684;S
20240410;135022;164.9;500;10086970685;B
20240410;135023;164.88;250;10086970781;S
20240410;135023;164.88;100;10086970863;S
20240410;135025;164.9;600;10086970991;B
20240410;135025;164.9;2500;10086970996;B
20240410;135025;164.9;3000;10086971033;B
20240410;135025;164.9;10;10086971041;B
20240410;135027;164.88;10;10086971224;S
20240410;135028;164.88;300;10086971377;S
20240410;135028;164.9;1800;10086971390;B
20240410;135028;164.88;20;10086971416;S
20240410;135029;164.9;30;10086971436;B
20240410;135031;164.88;750;10086971647;S
20240410;135032;164.9;60;10086971764;B
20240410;135032;164.9;20;10086971800;B
20240410;135032;164.9;370;10086971801;B
20240410;135033;164.9;1000;10086971877;B
20240410;135033;164.88;2500;10086971949;S
20240410;135034;164.88;1250;10086971969;S
20240410;135035;164.9;10;10086972085;B
20240410;135035;164.88;4000;10086972101;S
20240410;135037;164.9;340;10086972265;B
20240410;135038;164.9;500;10086972326;B
20240410;135038;164.88;50;10086972391;S
20240410;135041;164.88;10;10086972671;S
20240410;135041;164.9;50;10086972675;B
20240410;135042;164.9;2000;10086972769;B
20240410;135042;164.88;100;10086972865;S
20240410;135043;164.9;350;10086972877;B
20240410;135044;164.88;100;10086972967;S
20240410;135044;164.9;90;10086973039;B
20240410;135044;164.9;110;10086973042;B
20240410;135047;164.9;10;10086973254;B
20240410;135047;164.88;3000;10086973264;S
20240410;135047;164.9;10;10086973266;B
20240410;135047;164.9;860;10086973275;B
20240410;135047;164.9;2140;10086973276;B
20240410;135048;164.88;3200;10086973349;S
20240410;135048;164.88;1880;10086973393;S
20240410;135048;164.88;320;10086973394;S
20240410;135049;164.88;2000;10086973422;S
20240410;135049;164.88;3740;10086973434;S
20240410;135049;164.88;10;10086973435;S
20240410;135049;164.88;360;10086973436;S
20240410;135049;164.88;370;10086973437;S
20240410;135049;164.88;30;10086973438;S
20240410;135049;164.88;300;10086973439;S
20240410;135049;164.88;190;10086973440;S
20240410;135049;164.88;200;10086973469;S
20240410;135049;164.88;110;10086973487;S
20240410;135049;164.88;210;10086973500;S
20240410;135050;164.88;200;10086973532;S
20240410;135050;164.88;10;10086973536;S
20240410;135050;164.88;80;10086973540;S
20240410;135050;164.88;100;10086973541;S
20240410;135050;164.88;320;10086973566;B
20240410;135050;164.88;1220;10086973567;B
20240410;135050;164.88;10;10086973568;B
20240410;135050;164.88;1530;10086973569;B
20240410;135050;164.88;10;10086973570;B
20240410;135050;164.9;5910;10086973571;B
20240410;135051;164.86;10;10086973659;B
20240410;135052;164.86;10;10086973742;B
20240410;135052;164.84;90;10086973756;S
20240410;135052;164.84;10;10086973808;B
20240410;135052;164.86;180;10086973809;B
20240410;135052;164.86;200;10086973810;B
20240410;135052;164.88;1530;10086973811;B
20240410;135052;164.88;1220;10086973812;B
20240410;135052;164.88;1000;10086973813;B
20240410;135052;164.88;1150;10086973814;B
20240410;135053;164.84;10;10086973874;B
20240410;135053;164.82;150;10086973897;S
20240410;135053;164.82;50;10086973898;S
20240410;135054;164.84;190;10086973964;B
20240410;135054;164.84;50;10086973965;B
20240410;135054;164.86;10;10086974034;B
20240410;135055;164.84;20;10086974079;S
20240410;135055;164.84;10;10086974115;S
20240410;135056;164.86;10;10086974246;B
20240410;135057;164.86;20;10086974302;B
20240410;135058;164.86;800;10086974476;B
20240410;135058;164.84;1000;10086974533;S
20240410;135101;164.86;10;10086974865;B
20240410;135101;164.86;50;10086974892;B
20240410;135102;164.86;200;10086974933;B
20240410;135102;164.86;20;10086974941;B
20240410;135102;164.86;70;10086974959;B
20240410;135107;164.86;100;10086975408;B
20240410;135107;164.84;230;10086975469;S
20240410;135108;164.84;170;10086975544;B
20240410;135109;164.84;10;10086975596;S
20240410;135111;164.86;1080;10086975893;B
20240410;135111;164.86;1220;10086975894;B
20240410;135111;164.86;200;10086975895;B
20240410;135111;164.86;100;10086975896;B
20240410;135111;164.86;550;10086975897;B
20240410;135111;164.86;100;10086975898;B
20240410;135111;164.86;300;10086975899;B
20240410;135111;164.88;10;10086975900;B
20240410;135111;164.88;1530;10086975901;B
20240410;135112;164.86;50;10086976060;B
20240410;135112;164.88;200;10086976061;B
20240410;135112;164.88;990;10086976062;B
20240410;135112;164.88;600;10086976063;B
20240410;135112;164.88;1160;10086976064;B
20240410;135112;164.88;1530;10086976096;B
20240410;135112;164.9;1470;10086976097;B
20240410;135113;164.9;10;10086976173;B
20240410;135113;164.86;110;10086976220;S
20240410;135114;164.88;10;10086976362;B
20240410;135114;164.88;10;10086976472;B
20240410;135114;164.88;90;10086976493;B
20240410;135114;164.88;1220;10086976494;B
20240410;135114;164.88;1490;10086976495;B
20240410;135116;164.9;240;10086976676;B
20240410;135116;164.9;150;10086976771;B
20240410;135117;164.88;1000;10086976896;S
20240410;135118;164.9;10;10086977027;B
20240410;135119;164.86;10;10086977035;S
20240410;135119;164.86;390;10086977036;S
20240410;135121;164.88;20;10086977338;B
20240410;135121;164.88;1530;10086977339;B
20240410;135121;164.88;500;10086977340;B
20240410;135121;164.88;1220;10086977341;B
20240410;135121;164.9;70;10086977342;B
20240410;135121;164.9;11400;10086977343;B
20240410;135121;164.9;6600;10086977344;B
20240410;135121;164.9;12400;10086977345;B
20240410;135121;164.9;11300;10086977346;B
20240410;135121;164.9;20000;10086977347;B
20240410;135121;164.9;50;10086977348;B
20240410;135121;164.9;12800;10086977349;B
20240410;135121;164.9;10;10086977350;B
20240410;135121;164.9;10;10086977351;B
20240410;135121;164.9;100;10086977352;B
20240410;135121;164.9;100;10086977353;B
20240410;135121;164.9;10;10086977354;B
20240410;135121;164.9;10;10086977355;B
20240410;135121;164.9;400;10086977356;B
20240410;135121;164.9;20;10086977357;B
20240410;135121;164.9;100;10086977358;B
20240410;135121;164.9;10;10086977359;B
20240410;135121;164.9;200;10086977360;B
20240410;135121;164.9;100;10086977361;B
20240410;135121;164.9;550;10086977362;B
20240410;135121;164.9;10000;10086977363;B
20240410;135121;164.9;10;10086977364;B
20240410;135121;164.9;20;10086977365;B
20240410;135121;164.9;50;10086977366;B
20240410;135121;164.9;200;10086977367;B
20240410;135121;164.9;6600;10086977368;B
20240410;135121;164.9;50;10086977369;B
20240410;135121;164.9;40;10086977370;B
20240410;135121;164.9;20;10086977371;B
20240410;135121;164.9;930;10086977372;B
20240410;135121;164.9;50;10086977373;B
20240410;135121;164.9;50;10086977374;B
20240410;135121;164.9;10;10086977375;B
20240410;135121;164.9;100;10086977376;B
20240410;135121;164.9;270;10086977377;B
20240410;135121;164.9;200;10086977378;B
20240410;135121;164.9;200;10086977379;B
20240410;135121;164.9;30;10086977380;B
20240410;135121;164.9;20000;10086977381;B
20240410;135121;164.9;250;10086977382;B
20240410;135121;164.9;200;10086977383;B
20240410;135121;164.9;5000;10086977384;B
20240410;135121;164.9;20;10086977385;B
20240410;135121;164.9;40;10086977386;B
20240410;135121;164.9;10;10086977387;B
20240410;135121;164.9;10;10086977388;B
20240410;135121;164.9;10;10086977389;B
20240410;135121;164.9;1710;10086977390;B
20240410;135121;164.9;1000;10086977391;B
20240410;135121;164.9;1970;10086977392;B
20240410;135121;164.9;100;10086977393;B
20240410;135121;164.9;10;10086977394;B
20240410;135121;164.9;10;10086977395;B
20240410;135121;164.9;20;10086977396;B
20240410;135121;164.9;50;10086977397;B
20240410;135121;164.9;10;10086977398;B
20240410;135121;164.9;10;10086977399;B
20240410;135121;164.9;500;10086977400;B
20240410;135121;164.9;10;10086977401;B
20240410;135121;164.9;100;10086977402;B
20240410;135121;164.9;5000;10086977403;B
20240410;135121;164.9;20;10086977404;B
20240410;135121;164.9;50;10086977405;B
20240410;135121;164.9;10;10086977406;B
20240410;135121;164.9;2000;10086977407;B
20240410;135121;164.9;150;10086977408;B
20240410;135121;164.9;20;10086977409;B
20240410;135121;164.9;400;10086977410;B
20240410;135121;164.9;20;10086977411;B
20240410;135121;164.9;50;10086977412;B
20240410;135121;164.9;10;10086977413;B
20240410;135121;164.9;100;10086977414;B
20240410;135121;164.9;20;10086977415;B
20240410;135121;164.9;20;10086977416;B
20240410;135121;164.9;20;10086977417;B
20240410;135121;164.9;20;10086977418;B
20240410;135121;164.9;100;10086977419;B
20240410;135121;164.9;10;10086977420;B
20240410;135121;164.9;7000;10086977421;B
20240410;135121;164.9;10;10086977422;B
20240410;135121;164.9;100;10086977423;B
20240410;135121;164.9;20;10086977424;B
20240410;135121;164.9;10;10086977425;B
20240410;135121;164.9;10;10086977426;B
20240410;135121;164.9;6740;10086977427;B
20240410;135121;164.9;200;10086977428;B
20240410;135121;164.9;60;10086977476;B
20240410;135121;164.88;20;10086977509;S
20240410;135121;164.88;50;10086977511;S
20240410;135122;164.9;2000;10086977533;B
20240410;135122;164.9;10;10086977543;B
20240410;135122;164.9;990;10086977554;B
20240410;135122;164.9;10;10086977555;B
20240410;135122;164.9;1120;10086977562;B
20240410;135122;164.9;880;10086977563;B
20240410;135122;164.9;670;10086977582;B
20240410;135122;164.92;20;10086977583;B
20240410;135122;164.92;10;10086977584;B
20240410;135122;164.92;10;10086977585;B
20240410;135122;164.92;10;10086977586;B
20240410;135122;164.92;10;10086977587;B
20240410;135122;164.92;10;10086977588;B
20240410;135122;164.92;10;10086977589;B
20240410;135122;164.92;450;10086977590;B
20240410;135122;164.92;250;10086977591;B
20240410;135122;164.92;50;10086977592;B
20240410;135122;164.92;50;10086977593;B
20240410;135122;164.92;450;10086977594;B
20240410;135122;164.94;10;10086977596;B
20240410;135122;164.94;10;10086977597;B
20240410;135122;164.94;50;10086977598;B
20240410;135122;164.94;100;10086977599;B
20240410;135122;164.94;830;10086977600;B
20240410;135122;164.94;4170;10086977602;B
20240410;135122;164.94;390;10086977603;B
20240410;135122;164.94;10;10086977604;B
20240410;135122;164.94;10;10086977605;B
20240410;135122;164.94;10;10086977606;B
20240410;135122;164.94;10;10086977607;B
20240410;135122;164.94;50;10086977608;B
20240410;135122;164.94;50;10086977609;B
20240410;135122;164.96;10;10086977610;B
20240410;135122;164.96;290;10086977611;B
20240410;135122;164.96;710;10086977612;B
20240410;135122;164.96;10;10086977613;B
20240410;135122;164.96;100;10086977614;B
20240410;135122;164.96;10;10086977615;B
20240410;135122;164.96;30;10086977616;B
20240410;135122;164.96;10;10086977617;B
20240410;135122;164.96;400;10086977618;B
20240410;135122;164.96;440;10086977619;B
20240410;135122;164.96;1290;10086977620;B
20240410;135122;164.96;100;10086977621;B
20240410;135122;164.96;50;10086977622;B
20240410;135122;164.96;300;10086977623;B
20240410;135122;164.96;10;10086977624;B
20240410;135122;164.96;10;10086977625;B
20240410;135122;164.96;270;10086977626;B
20240410;135122;164.96;2000;10086977627;B
20240410;135122;164.96;90;10086977631;B
20240410;135122;164.96;30;10086977632;B
20240410;135122;164.96;10;10086977633;B
20240410;135122;164.96;100;10086977634;B
20240410;135122;164.96;50;10086977635;B
20240410;135122;164.96;10;10086977636;B
20240410;135122;164.96;20;10086977637;B
20240410;135122;164.96;10;10086977638;B
20240410;135122;164.96;200;10086977639;B
20240410;135122;164.96;50;10086977640;B
20240410;135122;164.96;50;10086977641;B
20240410;135122;164.96;10;10086977642;B
20240410;135122;164.98;10;10086977643;B
20240410;135122;164.98;20;10086977644;B
20240410;135122;164.98;10;10086977645;B
20240410;135122;164.98;10;10086977646;B
20240410;135122;164.98;10;10086977647;B
20240410;135122;164.98;10;10086977648;B
20240410;135122;164.98;450;10086977649;B
20240410;135122;164.98;50;10086977651;B
20240410;135122;164.98;10;10086977652;B
20240410;135122;164.98;40;10086977653;B
20240410;135122;164.98;460;10086977654;B
20240410;135122;164.98;50;10086977655;B
20240410;135122;164.98;50;10086977656;B
20240410;135122;164.98;10;10086977657;B
20240410;135122;164.98;60;10086977658;B
20240410;135122;164.98;870;10086977659;B
20240410;135122;164.98;130;10086977670;B
20240410;135122;164.98;100;10086977671;B
20240410;135122;164.98;10;10086977672;B
20240410;135122;164.98;100;10086977673;B
20240410;135122;164.98;10;10086977674;B
20240410;135122;164.98;10;10086977675;B
20240410;135122;164.98;100;10086977676;B
20240410;135122;164.98;50;10086977677;B
20240410;135122;164.98;120;10086977678;B
20240410;135122;164.98;3370;10086977679;B
20240410;135122;164.98;210;10086977680;B
20240410;135122;164.96;10;10086977704;S
20240410;135122;164.96;10;10086977705;S
20240410;135122;164.96;10;10086977707;S
20240410;135122;164.98;300;10086977717;B
20240410;135122;164.98;350;10086977719;B
20240410;135122;164.98;200;10086977720;B
20240410;135122;164.98;20;10086977723;B
20240410;135122;164.98;10000;10086977724;B
20240410;135122;164.98;5550;10086977728;B
20240410;135122;164.98;10;10086977729;B
20240410;135122;164.98;10;10086977730;B
20240410;135122;164.98;30;10086977731;B
20240410;135122;164.98;10;10086977732;B
20240410;135122;164.98;20;10086977733;B
20240410;135122;164.98;10;10086977734;B
20240410;135122;164.98;20;10086977735;B
20240410;135122;164.98;100;10086977736;B
20240410;135122;164.98;30;10086977737;B
20240410;135122;164.98;210;10086977738;B
20240410;135122;164.98;3790;10086977739;B
20240410;135122;164.98;270;10086977740;B
20240410;135122;164.98;300;10086977741;B
20240410;135122;164.98;100;10086977742;B
20240410;135122;164.98;10;10086977743;B
20240410;135122;164.98;10;10086977744;B
20240410;135122;164.98;10;10086977745;B
20240410;135122;164.98;10;10086977746;B
20240410;135122;164.98;5000;10086977747;B
20240410;135122;164.98;10;10086977748;B
20240410;135122;164.98;200;10086977749;B
20240410;135122;164.98;290;10086977750;B
20240410;135122;164.98;10;10086977751;B
20240410;135122;164.98;280;10086977752;B
20240410;135122;164.98;400;10086977753;B
20240410;135122;164.98;100;10086977754;B
20240410;135122;164.98;1000;10086977755;B
20240410;135122;164.98;30;10086977756;B
20240410;135122;164.98;3710;10086977757;B
20240410;135123;164.98;200;10086977764;B
20240410;135123;164.98;1000;10086977771;B
20240410;135123;164.98;1000;10086977772;B
20240410;135123;164.98;1000;10086977776;B
20240410;135123;164.98;1090;10086977779;B
20240410;135123;164.98;1410;10086977780;B
20240410;135123;164.98;10;10086977781;B
20240410;135123;164.98;580;10086977782;B
20240410;135123;164.98;5000;10086977783;B
20240410;135123;164.98;2090;10086977784;B
20240410;135123;164.98;100;10086977785;B
20240410;135123;164.98;2230;10086977786;B
20240410;135123;164.98;70;10086977796;B
20240410;135123;164.98;800;10086977797;B
20240410;135123;165;100;10086977802;B
20240410;135123;165;300;10086977803;B
20240410;135123;165;500;10086977804;B
20240410;135123;165;4000;10086977805;B
20240410;135123;164.98;200;10086977806;S
20240410;135123;165;60;10086977808;B
20240410;135123;164.98;10;10086977810;S
20240410;135123;165;50;10086977812;B
20240410;135123;165;450;10086977813;B
20240410;135123;165;200;10086977814;B
20240410;135123;165;10;10086977816;B
20240410;135123;165;500;10086977820;B
20240410;135123;165;4620;10086977823;B
20240410;135123;165;150;10086977824;B
20240410;135123;165;10;10086977825;B
20240410;135123;165;10;10086977826;B
20240410;135123;165;10;10086977827;B
20240410;135123;165;10;10086977828;B
20240410;135123;165;500;10086977829;B
20240410;135123;165;300;10086977830;B
20240410;135123;165;10;10086977831;B
20240410;135123;165;10;10086977832;B
20240410;135123;165;10;10086977833;B
20240410;135123;165;150;10086977834;B
20240410;135123;165;100;10086977835;B
20240410;135123;165;100;10086977836;B
20240410;135123;165;200;10086977837;B
20240410;135123;165;500;10086977838;B
20240410;135123;165;20;10086977839;B
20240410;135123;165;500;10086977840;B
20240410;135123;165;150;10086977841;B
20240410;135123;165;10;10086977842;B
20240410;135123;165;10;10086977843;B
20240410;135123;165;100;10086977844;B
20240410;135123;165;10;10086977845;B
20240410;135123;165;10;10086977846;B
20240410;135123;165;10;10086977847;B
20240410;135123;165;800;10086977848;B
20240410;135123;165;50;10086977849;B
20240410;135123;165;30;10086977850;B
20240410;135123;165;100;10086977851;B
20240410;135123;165;1000;10086977852;B
20240410;135123;165;10;10086977853;B
20240410;135123;165;500;10086977854;B
20240410;135123;165;800;10086977855;B
20240410;135123;165;10;10086977856;B
20240410;135123;165;40;10086977857;B
20240410;135123;165;30;10086977858;B
20240410;135123;165;1120;10086977859;B
20240410;135123;165;10;10086977866;B
20240410;135123;164.98;20;10086977867;S
20240410;135123;165;1240;10086977868;B
20240410;135123;164.98;1000;10086977869;S
20240410;135123;164.98;30;10086977870;S
20240410;135123;164.98;100;10086977871;S
20240410;135123;165;300;10086977882;B
20240410;135123;165;200;10086977883;B
20240410;135123;164.98;20;10086977891;S
20240410;135123;165;20;10086977894;B
20240410;135123;165;500;10086977898;B
20240410;135123;165;6010;10086977903;B
20240410;135123;165;50;10086977904;B
20240410;135123;165;10;10086977905;B
20240410;135123;165;10;10086977906;B
20240410;135123;165;100;10086977907;B
20240410;135123;165;20;10086977908;B
20240410;135123;165;10;10086977909;B
20240410;135123;165;200;10086977910;B
20240410;135123;165;50;10086977911;B
20240410;135123;165;20;10086977912;B
20240410;135123;165;100;10086977913;B
20240410;135123;165;40;10086977914;B
20240410;135123;165;10;10086977915;B
20240410;135123;165;20;10086977916;B
20240410;135123;165;500;10086977917;B
20240410;135123;165;10;10086977918;B
20240410;135123;165;10;10086977919;B
20240410;135123;165;50;10086977920;B
20240410;135123;165;100;10086977921;B
20240410;135123;165;20;10086977922;B
20240410;135123;165;2000;10086977923;B
20240410;135123;165;100;10086977924;B
20240410;135123;165;100;10086977925;B
20240410;135123;165;10;10086977926;B
20240410;135123;165;10;10086977927;B
20240410;135123;165;440;10086977928;B
20240410;135123;165;300;10086977929;B
20240410;135123;165;2260;10086977930;B
20240410;135123;165;10;10086977931;B
20240410;135123;165;100;10086977932;B
20240410;135123;165;300;10086977933;B
20240410;135123;165;10;10086977934;B
20240410;135123;165;10;10086977935;B
20240410;135123;165;10;10086977936;B
20240410;135123;165;100;10086977937;B
20240410;135123;165;10;10086977938;B
20240410;135123;165;10;10086977939;B
20240410;135123;165;250;10086977940;B
20240410;135123;165;20;10086977941;B
20240410;135123;165;100;10086977942;B
20240410;135123;165;100;10086977943;B
20240410;135123;165;650;10086977944;B
20240410;135123;165;1000;10086977945;B
20240410;135123;165;30;10086977946;B
20240410;135123;165;30;10086977947;B
20240410;135123;165;200;10086977949;B
20240410;135123;165;1500;10086977950;B
20240410;135123;165;200;10086977957;B
20240410;135123;165;5000;10086977961;B
20240410;135123;164.98;200;10086977963;S
20240410;135123;164.98;10;10086977964;S
20240410;135123;165;2500;10086977965;B
20240410;135123;165;200;10086977966;B
20240410;135123;165;370;10086977967;B
20240410;135123;165;300;10086977968;B
20240410;135123;165;330;10086977969;B
20240410;135123;165;170;10086977972;B
20240410;135123;165;100;10086977973;B
20240410;135123;165;100;10086977974;B
20240410;135123;165;10;10086977975;B
20240410;135123;165;10;10086977976;B
20240410;135123;165;10;10086977977;B
20240410;135123;165;10;10086977978;B
20240410;135123;165;50;10086977979;B
20240410;135123;165;20;10086977980;B
20240410;135123;165;10;10086977981;B
20240410;135123;165;800;10086977982;B
20240410;135123;165;100;10086977983;B
20240410;135123;165;300;10086977984;B
20240410;135123;165;50;10086977985;B
20240410;135123;165;10;10086977986;B
20240410;135123;165;200;10086977987;B
20240410;135123;165;10;10086977988;B
20240410;135123;165;100;10086977989;B
20240410;135123;165;100;10086977990;B
20240410;135123;165;20;10086977991;B
20240410;135123;165;100;10086977992;B
20240410;135123;165;120;10086977993;B
20240410;135123;165;30;10086977994;B
20240410;135123;165;10;10086977995;B
20240410;135123;165;10;10086977996;B
20240410;135123;165;100;10086977997;B
20240410;135123;165;150;10086977998;B
20240410;135123;165;300;10086977999;B
20240410;135123;165;20;10086978000;B
20240410;135123;165;100;10086978001;B
20240410;135123;165;20;10086978002;B
20240410;135123;165;10;10086978003;B
20240410;135123;165;40;10086978004;B
20240410;135123;165;100;10086978005;B
20240410;135123;165;100;10086978006;B
20240410;135123;165;50;10086978007;B
20240410;135123;165;40;10086978008;B
20240410;135123;165;50;10086978009;B
20240410;135123;165;200;10086978010;B
20240410;135123;165;100;10086978011;B
20240410;135123;165;70;10086978012;B
20240410;135123;165;130;10086978016;B
20240410;135123;165;300;10086978017;B
20240410;135123;165;10;10086978018;B
20240410;135123;165;10;10086978019;B
20240410;135123;165;500;10086978020;B
20240410;135123;165;10;10086978021;B
20240410;135123;165;50;10086978022;B
20240410;135123;165;100;10086978023;B
20240410;135123;165;100;10086978024;B
20240410;135123;165;5000;10086978025;B
20240410;135123;165;10;10086978026;B
20240410;135123;165;50;10086978027;B
20240410;135123;165;7870;10086978028;B
20240410;135123;165;100;10086978029;B
20240410;135123;165;500;10086978030;B
20240410;135123;165;100;10086978031;B
20240410;135123;165;100;10086978032;B
20240410;135123;165;10;10086978033;B
20240410;135123;165;10;10086978034;B
20240410;135123;165;10;10086978035;B
20240410;135123;165;30;10086978036;B
20240410;135123;165;400;10086978037;B
20240410;135123;165;40;10086978038;B
20240410;135123;165;190;10086978039;B
20240410;135123;165;13400;10086978040;B
20240410;135123;165;100;10086978041;B
20240410;135123;165;100;10086978042;B
20240410;135123;165;60;10086978043;B
20240410;135123;165;250;10086978044;B
20240410;135123;165;300;10086978045;B
20240410;135123;165;10;10086978046;B
20240410;135123;165;150;10086978047;B
20240410;135123;165;50;10086978052;B
20240410;135123;165;100;10086978053;B
20240410;135123;165;70;10086978054;B
20240410;135123;165;20;10086978055;B
20240410;135123;165;60;10086978056;B
20240410;135123;165;340;10086978063;B
20240410;135123;165;300;10086978064;B
20240410;135123;165;20;10086978065;B
20240410;135123;165;1200;10086978066;B
20240410;135123;165;200;10086978067;B
20240410;135123;165;1000;10086978068;B
20240410;135123;165;10;10086978069;B
20240410;135123;165;10;10086978070;B
20240410;135123;165;100;10086978071;B
20240410;135123;165;50;10086978072;B
20240410;135123;165;20;10086978073;B
20240410;135123;165;10;10086978074;B
20240410;135123;165;30;10086978075;B
20240410;135123;165;100;10086978076;B
20240410;135123;165;20;10086978077;B
20240410;135123;165;30;10086978078;B
20240410;135123;165;20;10086978079;B
20240410;135123;165;400;10086978080;B
20240410;135123;165;20;10086978081;B
20240410;135123;165;120;10086978082;B
20240410;135123;165;500;10086978084;B
20240410;135123;164.98;10;10086978086;S
20240410;135123;165;380;10086978087;B
20240410;135123;165;300;10086978088;B
20240410;135123;165;100;10086978089;B
20240410;135123;165;10;10086978090;B
20240410;135123;165;200;10086978091;B
20240410;135123;165;500;10086978092;B
20240410;135123;165;50;10086978093;B
20240410;135123;165;10;10086978094;B
20240410;135123;165;10;10086978095;B
20240410;135123;165;200;10086978096;B
20240410;135123;165;10;10086978097;B
20240410;135123;165;250;10086978098;B
20240410;135123;165;480;10086978099;B
20240410;135123;165;120;10086978101;B
20240410;135123;165;90;10086978102;B
20240410;135123;165;1000;10086978103;B
20240410;135123;165;100;10086978104;B
20240410;135123;165;500;10086978105;B
20240410;135123;165;40;10086978106;B
20240410;135123;165;50;10086978107;B
20240410;135123;165;400;10086978108;B
20240410;135123;165;50;10086978109;B
20240410;135123;165;10;10086978110;B
20240410;135123;165;10;10086978111;B
20240410;135123;165;50;10086978112;B
20240410;135123;165;10;10086978113;B
20240410;135123;165;70;10086978114;B
20240410;135123;165;1300;10086978115;B
20240410;135123;165;250;10086978116;B
20240410;135123;165;250;10086978118;B
20240410;135123;165;50;10086978121;B
20240410;135123;165;80;10086978125;B
20240410;135123;165;120;10086978126;B
20240410;135123;165;100;10086978128;B
20240410;135123;165;180;10086978129;B
20240410;135123;165;300;10086978130;B
20240410;135123;165;80;10086978131;B
20240410;135123;165;500;10086978132;B
20240410;135123;165;50;10086978133;B
20240410;135123;165;200;10086978134;B
20240410;135123;165;50;10086978135;B
20240410;135123;165;20;10086978136;B
20240410;135123;165;620;10086978137;B
20240410;135123;164.98;10;10086978138;S
20240410;135123;165;380;10086978140;B
20240410;135123;165;1120;10086978141;B
20240410;135123;165;50;10086978142;B
20240410;135123;165;150;10086978143;B
20240410;135123;164.98;20;10086978144;S
20240410;135123;164.98;30;10086978145;S
20240410;135123;164.98;450;10086978146;S
20240410;135123;165;400;10086978147;B
20240410;135123;164.98;770;10086978148;S
20240410;135123;164.96;1000;10086978149;S
20240410;135123;164.96;200;10086978150;S
20240410;135123;164.94;10;10086978151;S
20240410;135123;164.94;10;10086978152;S
20240410;135123;164.98;4240;10086978154;B
20240410;135123;164.98;200;10086978155;B
20240410;135123;165;1780;10086978156;B
20240410;135123;165;20;10086978157;B
20240410;135123;165;300;10086978158;B
20240410;135123;165;500;10086978160;B
20240410;135123;164.96;170;10086978161;S
20240410;135123;164.96;10;10086978163;S
20240410;135123;164.96;10;10086978164;S
20240410;135123;165;700;10086978167;B
20240410;135123;165;20;10086978168;B
20240410;135123;165;100;10086978170;B
20240410;135123;165;10;10086978178;B
20240410;135123;165;30;10086978182;B
20240410;135123;165;1320;10086978183;B
20240410;135123;165;680;10086978184;B
20240410;135123;165;420;10086978185;B
20240410;135123;165;80;10086978186;B
20240410;135123;165;20;10086978187;B
20240410;135123;165;30;10086978188;B
20240410;135123;165;70;10086978190;B
20240410;135123;165;100;10086978191;B
20240410;135123;165;50;10086978192;B
20240410;135123;165;200;10086978193;B
20240410;135123;165;100;10086978194;B
20240410;135123;165;110;10086978195;B
20240410;135123;165;500;10086978196;B
20240410;135123;165;10;10086978197;B
20240410;135123;165;1860;10086978198;B
20240410;135123;165;1000;10086978201;B
20240410;135123;164.96;300;10086978205;S
20240410;135124;165;700;10086978210;B
20240410;135124;165;200;10086978213;B
20240410;135124;165;1000;10086978215;B
20240410;135124;164.96;100;10086978218;S
20240410;135124;164.98;50;10086978226;B
20240410;135124;165;50;10086978227;B
20240410;135124;165;190;10086978228;B
20240410;135124;165;100;10086978229;B
20240410;135124;165;100;10086978230;B
20240410;135124;165;50;10086978231;B
20240410;135124;165;20;10086978232;B
20240410;135124;165;500;10086978233;B
20240410;135124;165;100;10086978234;B
20240410;135124;165;100;10086978235;B
20240410;135124;165;10;10086978236;B
20240410;135124;165;100;10086978237;B
20240410;135124;165;100;10086978238;B
20240410;135124;165;30;10086978239;B
20240410;135124;165;10;10086978240;B
20240410;135124;165;10;10086978241;B
20240410;135124;165;10;10086978242;B
20240410;135124;165;570;10086978243;B
20240410;135124;165;2000;10086978245;B
20240410;135124;165;1000;10086978246;B
20240410;135124;165;500;10086978247;B
20240410;135124;165;300;10086978248;B
20240410;135124;164.96;10;10086978250;S
20240410;135124;165;200;10086978253;B
20240410;135124;165;580;10086978255;B
20240410;135124;164.96;100;10086978260;S
20240410;135124;164.98;7140;10086978264;B
20240410;135124;165;2860;10086978265;B
20240410;135124;165;800;10086978269;B
20240410;135124;165;490;10086978271;B
20240410;135124;165;100;10086978272;B
20240410;135124;165;1200;10086978273;B
20240410;135124;165;1210;10086978274;B
20240410;135124;164.96;100;10086978279;S
20240410;135124;165;190;10086978283;B
20240410;135124;165;100;10086978284;B
20240410;135124;165;210;10086978285;B
20240410;135124;165;550;10086978287;B
20240410;135124;165;1200;10086978299;B
20240410;135124;165;400;10086978301;B
20240410;135124;165;20;10086978303;B
20240410;135124;164.98;50;10086978308;S
20240410;135124;164.98;200;10086978309;S
20240410;135124;164.94;50;10086978310;S
20240410;135124;165;200;10086978312;B
20240410;135124;165;10;10086978333;B
20240410;135124;165;2400;10086978342;B
20240410;135124;165;10;10086978367;B
20240410;135124;164.98;10;10086978399;B
20240410;135124;165;3050;10086978400;B
20240410;135124;165;500;10086978401;B
20240410;135124;165;20;10086978402;B
20240410;135124;165;300;10086978403;B
20240410;135124;165;10;10086978404;B
20240410;135124;165;1000;10086978405;B
20240410;135124;165;100;10086978406;B
20240410;135124;165;50;10086978407;B
20240410;135124;165;10;10086978408;B
20240410;135124;165;500;10086978409;B
20240410;135124;165;10;10086978410;B
20240410;135124;165;10;10086978411;B
20240410;135124;165;10;10086978412;B
20240410;135124;165;20;10086978413;B
20240410;135124;165;10;10086978414;B
20240410;135124;165;50;10086978415;B
20240410;135124;165;20;10086978416;B
20240410;135124;165;10;10086978417;B
20240410;135124;165;1310;10086978418;B
20240410;135124;165;3290;10086978421;B
20240410;135124;165;10;10086978422;B
20240410;135124;165;20;10086978423;B
20240410;135124;165;40;10086978424;B
20240410;135124;165;50;10086978425;B
20240410;135124;165;1000;10086978426;B
20240410;135124;165;300;10086978427;B
20240410;135124;165;100;10086978428;B
20240410;135124;165;1200;10086978429;B
20240410;135124;165;50;10086978430;B
20240410;135124;165;20;10086978431;B
20240410;135124;165;10;10086978432;B
20240410;135124;165;10;10086978433;B
20240410;135124;165;10;10086978434;B
20240410;135124;165;3000;10086978435;B
20240410;135124;165;100;10086978436;B
20240410;135124;165;10;10086978437;B
20240410;135124;165;280;10086978438;B
20240410;135124;165;250;10086978444;B
20240410;135124;165;70;10086978446;B
20240410;135124;165;200;10086978449;B
20240410;135125;165;100;10086978454;B
20240410;135125;165;100;10086978472;B
20240410;135125;165;50;10086978473;B
20240410;135125;165;200;10086978474;B
20240410;135125;165;50;10086978475;B
20240410;135125;165;30;10086978476;B
20240410;135125;165;100;10086978477;B
20240410;135125;165;10;10086978478;B
20240410;135125;165;100;10086978479;B
20240410;135125;165;100;10086978480;B
20240410;135125;165;200;10086978481;B
20240410;135125;165;60;10086978482;B
20240410;135125;165;140;10086978484;B
20240410;135125;165;110;10086978485;B
20240410;135125;165;190;10086978504;B
20240410;135125;165;20;10086978506;B
20240410;135125;165;10;10086978507;B
20240410;135125;165;10;10086978508;B
20240410;135125;165;20;10086978509;B
20240410;135125;165;190;10086978510;B
20240410;135125;165;250;10086978526;B
20240410;135125;165;1250;10086978557;B
20240410;135125;165;310;10086978608;B
20240410;135125;165;30;10086978609;B
20240410;135125;165;10;10086978610;B
20240410;135125;165;200;10086978611;B
20240410;135125;165;500;10086978612;B
20240410;135125;165;200;10086978613;B
20240410;135125;165;300;10086978614;B
20240410;135125;165;450;10086978615;B
20240410;135125;165;50;10086978617;B
20240410;135125;165;1250;10086978618;B
20240410;135125;165;500;10086978630;B
20240410;135125;165;1250;10086978633;B
20240410;135125;164.96;30;10086978634;S
20240410;135126;164.98;1500;10086978666;S
20240410;135126;164.98;1000;10086978678;B
20240410;135126;165;800;10086978679;B
20240410;135126;165;10;10086978680;B
20240410;135126;165;100;10086978681;B
20240410;135126;165;10;10086978682;B
20240410;135126;165;30;10086978683;B
20240410;135126;165;10;10086978684;B
20240410;135126;165;130;10086978685;B
20240410;135126;165;220;10086978686;B
20240410;135126;165;10;10086978687;B
20240410;135126;165;400;10086978688;B
20240410;135126;165;50;10086978689;B
20240410;135126;165;100;10086978690;B
20240410;135126;165;10;10086978691;B
20240410;135126;165;4000;10086978692;B
20240410;135126;165;10;10086978693;B
20240410;135126;165;300;10086978694;B
20240410;135126;165;20;10086978695;B
20240410;135126;165;20;10086978696;B
20240410;135126;165;300;10086978697;B
20240410;135126;165;290;10086978698;B
20240410;135126;165;10;10086978699;B
20240410;135126;165;10;10086978700;B
20240410;135126;165;1000;10086978701;B
20240410;135126;165;500;10086978702;B
20240410;135126;165;300;10086978703;B
20240410;135126;165;10;10086978704;B
20240410;135126;165;10;10086978705;B
20240410;135126;165;250;10086978706;B
20240410;135126;165;20;10086978707;B
20240410;135126;165;1040;10086978708;B
20240410;135126;165;500;10086978709;B
20240410;135126;165;10;10086978710;B
20240410;135126;165;740;10086978711;B
20240410;135126;165;10;10086978712;B
20240410;135126;165;200;10086978713;B
20240410;135126;165;500;10086978714;B
20240410;135126;165;1250;10086978715;B
20240410;135126;165;200;10086978716;B
20240410;135126;165;200;10086978717;B
20240410;135126;165;100;10086978718;B
20240410;135126;165;200;10086978719;B
20240410;135126;165;1500;10086978720;B
20240410;135126;165;1100;10086978721;B
20240410;135126;165;70;10086978722;B
20240410;135126;165;3000;10086978723;B
20240410;135126;165;100;10086978724;B
20240410;135126;165;100;10086978725;B
20240410;135126;165;500;10086978726;B
20240410;135126;165;10;10086978727;B
20240410;135126;165;1900;10086978728;B
20240410;135126;165;10;10086978729;B
20240410;135126;165;500;10086978730;B
20240410;135126;165;100;10086978731;B
20240410;135126;165;100;10086978732;B
20240410;135126;165;150;10086978733;B
20240410;135126;165;200;10086978734;B
20240410;135126;165;2700;10086978735;B
20240410;135126;165;20;10086978736;B
20240410;135126;165;3060;10086978737;B
20240410;135126;165;1040;10086978738;B
20240410;135126;165;100;10086978739;B
20240410;135126;165;10;10086978740;B
20240410;135126;165;200;10086978741;B
20240410;135126;165;290;10086978742;B
20240410;135126;165;10;10086978743;B
20240410;135126;165;10;10086978744;B
20240410;135126;165;100;10086978745;B
20240410;135126;165;50;10086978746;B
20240410;135126;165;400;10086978747;B
20240410;135126;165;100;10086978748;B
20240410;135126;165;200;10086978749;B
20240410;135126;165;1000;10086978750;B
20240410;135126;165;400;10086978751;B
20240410;135126;165;10;10086978752;B
20240410;135126;165;20;10086978753;B
20240410;135126;165;100;10086978754;B
20240410;135126;165;100;10086978755;B
20240410;135126;165;50;10086978756;B
20240410;135126;165;150;10086978757;B
20240410;135126;165;2000;10086978758;B
20240410;135126;165;20;10086978759;B
20240410;135126;165;50;10086978760;B
20240410;135126;165;2000;10086978761;B
20240410;135126;165;100;10086978762;B
20240410;135126;165;990;10086978763;B
20240410;135126;165;100;10086978784;B
20240410;135126;165;100;10086978836;B
20240410;135126;165;30;10086978848;B
20240410;135126;165;5800;10086978849;B
20240410;135126;165;110;10086978850;B
20240410;135126;165;10;10086978851;B
20240410;135126;165;300;10086978852;B
20240410;135126;165;10;10086978853;B
20240410;135126;165;10;10086978854;B
20240410;135126;165;200;10086978855;B
20240410;135126;165;10;10086978856;B
20240410;135126;165;70;10086978857;B
20240410;135126;165;100;10086978858;B
20240410;135126;165;400;10086978859;B
20240410;135126;165;500;10086978860;B
20240410;135126;165;10;10086978861;B
20240410;135126;165;10;10086978862;B
20240410;135126;165;30;10086978863;B
20240410;135126;165;190;10086978864;B
20240410;135126;165;10;10086978865;B
20240410;135126;165;10;10086978866;B
20240410;135126;165;50;10086978867;B
20240410;135126;165;50;10086978868;B
20240410;135126;165;10;10086978869;B
20240410;135126;165;190;10086978877;B
20240410;135126;165;60;10086978878;B
20240410;135126;165;40;10086978880;B
20240410;135126;165;10;10086978881;B
20240410;135126;165;10;10086978882;B
20240410;135126;165;50;10086978883;B
20240410;135126;165;50;10086978884;B
20240410;135126;165;160;10086978885;B
20240410;135126;165;10;10086978886;B
20240410;135126;165;10;10086978887;B
20240410;135126;165;500;10086978888;B
20240410;135126;165;10;10086978889;B
20240410;135126;165;150;10086978890;B
20240410;135126;165;20;10086978892;B
20240410;135126;165;90;10086978893;B
20240410;135126;165;90;10086978894;B
20240410;135127;165;10;10086978899;B
20240410;135127;165;120;10086978900;B
20240410;135127;165;300;10086978904;B
20240410;135127;165;10;10086978906;B
20240410;135127;165;50;10086978928;B
20240410;135127;165;120;10086978933;B
20240410;135127;165;100;10086978934;B
20240410;135127;165;30;10086978935;B
20240410;135127;165;500;10086978936;B
20240410;135127;165;50;10086978937;B
20240410;135127;165;100;10086978938;B
20240410;135127;165;10;10086978939;B
20240410;135127;165;50;10086978940;B
20240410;135127;165;100;10086978941;B
20240410;135127;165;200;10086978942;B
20240410;135127;165;500;10086978943;B
20240410;135127;165;50;10086978944;B
20240410;135127;165;10;10086978945;B
20240410;135127;165;300;10086978946;B
20240410;135127;165;10;10086978947;B
20240410;135127;165;200;10086978948;B
20240410;135127;165;100;10086978949;B
20240410;135127;165;70;10086978950;B
20240410;135127;165;130;10086978956;B
20240410;135127;165;10;10086978957;B
20240410;135127;165;50;10086978958;B
20240410;135127;165;10;10086978959;B
20240410;135127;165;5000;10086978969;B
20240410;135127;165;10;10086978970;B
20240410;135127;165;80;10086978971;B
20240410;135127;165;10;10086978974;B
20240410;135127;165;10;10086978976;B
20240410;135127;165;100;10086978980;B
20240410;135127;165;10;10086978981;B
20240410;135127;165;300;10086978982;B
20240410;135127;165;100;10086978983;B
20240410;135127;165;10;10086978984;B
20240410;135127;165;10;10086978985;B
20240410;135127;165;20;10086978986;B
20240410;135127;165;30;10086978987;B
20240410;135127;165;20;10086978988;B
20240410;135127;165;20;10086978989;B
20240410;135127;165;150;10086978990;B
20240410;135127;165;100;10086978991;B
20240410;135127;165;10;10086978992;B
20240410;135127;165;50;10086978993;B
20240410;135127;165;600;10086978994;B
20240410;135127;165;100;10086978995;B
20240410;135127;165;80;10086978996;B
20240410;135127;165;20;10086978997;B
20240410;135127;165;10;10086978998;B
20240410;135127;165;100;10086978999;B
20240410;135127;165;10;10086979000;B
20240410;135127;165;10;10086979001;B
20240410;135127;165;50;10086979002;B
20240410;135127;165;20;10086979003;B
20240410;135127;165;50;10086979004;B
20240410;135127;165;20;10086979005;B
20240410;135127;165;200;10086979006;B
20240410;135127;165;280;10086979012;B
20240410;135127;165;20;10086979013;B
20240410;135127;165;10;10086979014;B
20240410;135127;165;10;10086979015;B
20240410;135127;165;100;10086979016;B
20240410;135127;165;100;10086979017;B
20240410;135127;165;300;10086979018;B
20240410;135127;165;40;10086979019;B
20240410;135127;165;100;10086979020;B
20240410;135127;165;200;10086979021;B
20240410;135127;165;10;10086979022;B
20240410;135127;165;200;10086979023;B
20240410;135127;165;290;10086979024;B
20240410;135127;165;100;10086979025;B
20240410;135127;165;240;10086979026;B
20240410;135127;165;50;10086979027;B
20240410;135127;165;510;10086979049;B
20240410;135127;165;40;10086979050;B
20240410;135127;165;440;10086979051;B
20240410;135127;165;100;10086979052;B
20240410;135127;165;50;10086979053;B
20240410;135127;165;10;10086979054;B
20240410;135127;165;10;10086979055;B
20240410;135127;165;270;10086979056;B
20240410;135127;165;300;10086979057;B
20240410;135127;165;10;10086979058;B
20240410;135127;165;200;10086979059;B
20240410;135127;165;10;10086979060;B
20240410;135127;165;10;10086979061;B
20240410;135127;165;10;10086979062;B
20240410;135127;165;10;10086979063;B
20240410;135127;165;20;10086979064;B
20240410;135127;165;10;10086979065;B
20240410;135127;165;10;10086979066;B
20240410;135127;165;50;10086979067;B
20240410;135127;165.02;10;10086979068;B
20240410;135127;165.02;10;10086979069;B
20240410;135127;165.02;10;10086979070;B
20240410;135127;165.02;30;10086979071;B
20240410;135127;165.02;1000;10086979072;B
20240410;135127;165.04;10;10086979073;B
20240410;135127;165.04;1000;10086979074;B
20240410;135127;165.04;100;10086979075;B
20240410;135127;165.04;10;10086979076;B
20240410;135127;165.04;100;10086979077;B
20240410;135127;165.04;5150;10086979078;B
20240410;135127;165.08;10;10086979082;B
20240410;135127;165.08;10;10086979083;B
20240410;135127;165.08;10;10086979084;B
20240410;135127;165.08;10;10086979085;B
20240410;135127;165.08;300;10086979086;B
20240410;135127;165.08;10;10086979087;B
20240410;135127;165.08;650;10086979088;B
20240410;135127;165.08;250;10086979089;B
20240410;135127;165.08;10;10086979090;B
20240410;135127;165.08;40;10086979091;B
20240410;135127;165.08;20;10086979092;B
20240410;135127;165.08;10;10086979093;B
20240410;135127;165.08;430;10086979094;B
20240410;135127;165.04;10;10086979096;S
20240410;135127;165.08;180;10086979097;B
20240410;135127;165.04;10;10086979098;S
20240410;135127;165.04;700;10086979110;S
20240410;135127;165.08;500;10086979112;B
20240410;135127;165.08;50;10086979118;B
20240410;135127;165.06;400;10086979124;S
20240410;135127;165.06;10;10086979129;S
20240410;135128;165.08;2500;10086979144;B
20240410;135128;165.08;500;10086979147;B
20240410;135128;165.08;200;10086979154;B
20240410;135128;165.08;10;10086979156;B
20240410;135128;165.08;300;10086979162;B
20240410;135128;165.08;330;10086979164;B
20240410;135128;165.08;200;10086979165;B
20240410;135128;165.1;250;10086979166;B
20240410;135128;165.1;200;10086979167;B
20240410;135128;165.1;10;10086979190;B
20240410;135128;165.06;20;10086979193;S
20240410;135128;165.1;40;10086979195;B
20240410;135128;165.1;200;10086979196;B
20240410;135128;165.1;10;10086979197;B
20240410;135128;165.1;50;10086979198;B
20240410;135128;165.1;300;10086979199;B
20240410;135128;165.1;100;10086979200;B
20240410;135128;165.1;300;10086979201;B
20240410;135128;165.1;80;10086979202;B
20240410;135128;165.1;10;10086979203;B
20240410;135128;165.1;500;10086979204;B
20240410;135128;165.1;10;10086979205;B
20240410;135128;165.1;20;10086979206;B
20240410;135128;165.1;200;10086979207;B
20240410;135128;165.1;20;10086979208;B
20240410;135128;165.12;1200;10086979209;B
20240410;135128;165.12;200;10086979210;B
20240410;135128;165.12;50;10086979211;B
20240410;135128;165.12;10;10086979212;B
20240410;135128;165.12;1000;10086979213;B
20240410;135128;165.12;200;10086979214;B
20240410;135128;165.14;500;10086979215;B
20240410;135128;165.14;500;10086979225;B
20240410;135128;165.14;210;10086979226;B
20240410;135128;165.12;40;10086979238;S
20240410;135128;165.12;60;10086979243;S
20240410;135128;165.08;10;10086979244;B
20240410;135128;165.08;430;10086979254;B
20240410;135128;165.14;290;10086979255;B
20240410;135128;165.14;10;10086979256;B
20240410;135128;165.14;100;10086979257;B
20240410;135128;165.14;200;10086979258;B
20240410;135128;165.14;110;10086979259;B
20240410;135128;165.16;10;10086979260;B
20240410;135128;165.16;200;10086979261;B
20240410;135128;165.16;100;10086979262;B
20240410;135128;165.18;10;10086979263;B
20240410;135128;165.18;930;10086979264;B
20240410;135128;165.08;10;10086979274;B
20240410;135128;165.08;20;10086979279;B
20240410;135128;165.08;30;10086979280;B
20240410;135128;165.1;100;10086979281;B
20240410;135128;165.16;1220;10086979282;B
20240410;135128;165.18;70;10086979283;B
20240410;135128;165.18;990;10086979284;B
20240410;135128;165.18;10;10086979285;B
20240410;135128;165.18;640;10086979286;B
20240410;135128;165.18;2500;10086979287;B
20240410;135128;165.2;100;10086979288;B
20240410;135128;165.2;30;10086979289;B
20240410;135128;165.2;100;10086979290;B
20240410;135128;165.2;1000;10086979291;B
20240410;135128;165.2;50;10086979292;B
20240410;135128;165.2;150;10086979293;B
20240410;135128;165.2;10;10086979294;B
20240410;135128;165.2;10;10086979295;B
20240410;135128;165.2;10;10086979296;B
20240410;135128;165.2;100;10086979297;B
20240410;135128;165.2;1000;10086979298;B
20240410;135128;165.2;20;10086979299;B
20240410;135128;165.2;3150;10086979300;B
20240410;135128;165.2;100;10086979301;B
20240410;135128;165.2;20;10086979302;B
20240410;135128;165.2;10;10086979303;B
20240410;135128;165.2;750;10086979304;B
20240410;135128;165.2;20;10086979305;B
20240410;135128;165.2;20;10086979306;B
20240410;135128;165.2;30;10086979307;B
20240410;135128;165.2;3000;10086979308;B
20240410;135128;165.2;50;10086979309;B
20240410;135128;165.2;300;10086979310;B
20240410;135128;165.2;10;10086979311;B
20240410;135128;165.2;100;10086979312;B
20240410;135128;165.2;10000;10086979313;B
20240410;135128;165.22;220;10086979314;B
20240410;135128;165.22;100;10086979315;B
20240410;135128;165.22;10;10086979316;B
20240410;135128;165.22;10;10086979317;B
20240410;135128;165.22;50;10086979318;B
20240410;135128;165.22;200;10086979319;B
20240410;135128;165.22;40;10086979320;B
20240410;135128;165.22;660;10086979321;B
20240410;135128;165.22;100;10086979322;B
20240410;135128;165.22;70;10086979323;B
20240410;135128;165.24;700;10086979324;B
20240410;135128;165.24;10;10086979325;B
20240410;135128;165.24;250;10086979326;B
20240410;135128;165.24;1860;10086979327;B
20240410;135128;165.16;200;10086979335;S
20240410;135128;165.14;400;10086979336;S
20240410;135128;165.24;60;10086979337;B
20240410;135129;165.24;1160;10086979346;B
20240410;135129;165.24;40;10086979347;B
20240410;135129;165.16;10;10086979349;S
20240410;135129;165.2;500;10086979356;S
20240410;135129;165.16;190;10086979378;S
20240410;135129;165.14;10;10086979379;S
20240410;135129;165.18;10;10086979405;B
20240410;135129;165.18;10;10086979419;B
20240410;135129;165.18;10;10086979422;B
20240410;135129;165.14;280;10086979430;S
20240410;135129;165.14;100;10086979433;S
20240410;135129;165.14;800;10086979439;S
20240410;135129;165.18;50;10086979440;B
20240410;135129;165.18;120;10086979448;B
20240410;135129;165.18;40;10086979449;B
20240410;135129;165.18;10;10086979452;B
20240410;135129;165.2;100;10086979453;B
20240410;135129;165.2;200;10086979454;B
20240410;135129;165.2;1220;10086979455;B
20240410;135129;165.2;470;10086979456;B
20240410;135129;165.2;10;10086979459;B
20240410;135130;165.16;10;10086979484;B
20240410;135130;165.16;90;10086979489;B
20240410;135130;165.2;160;10086979490;B
20240410;135130;165.22;500;10086979491;B
20240410;135130;165.22;750;10086979492;B
20240410;135130;165.18;10;10086979493;B
20240410;135130;165.18;40;10086979500;B
20240410;135130;165.22;780;10086979501;B
20240410;135130;165.22;1220;10086979502;B
20240410;135130;165.22;50;10086979503;B
20240410;135130;165.24;910;10086979504;B
20240410;135130;165.16;200;10086979512;S
20240410;135130;165.16;300;10086979524;B
20240410;135130;165.16;10;10086979531;B
20240410;135130;165.16;100;10086979590;B
20240410;135130;165.14;710;10086979607;S
20240410;135130;165.14;500;10086979611;S
20240410;135130;165.16;10;10086979624;B
20240410;135131;165.14;20;10086979638;S
20240410;135131;165.16;10;10086979678;B
20240410;135131;165.14;500;10086979722;S
20240410;135132;165.14;180;10086979818;S
20240410;135132;165.14;10;10086979819;S
20240410;135132;165.12;200;10086979820;S
20240410;135132;165.1;10;10086979821;S
20240410;135132;165.14;100;10086979844;B
20240410;135132;165.14;100;10086979848;B
20240410;135132;165.16;80;10086979849;B
20240410;135132;165.16;200;10086979850;B
20240410;135132;165.16;10;10086979851;B
20240410;135132;165.16;140;10086979852;B
20240410;135132;165.16;30;10086979884;B
20240410;135133;165.14;200;10086979919;B
20240410;135133;165.1;10;10086979991;S
20240410;135133;165.1;630;10086980009;S
20240410;135133;165.08;370;10086980010;S
20240410;135134;165.08;50;10086980040;S
20240410;135134;165.08;100;10086980089;S
20240410;135134;165.06;200;10086980090;S
20240410;135134;165.06;1000;10086980118;S
20240410;135134;165.06;50;10086980125;S
20240410;135135;165.1;200;10086980138;B
20240410;135135;165.12;10;10086980139;B
20240410;135135;165.12;1220;10086980140;B
20240410;135135;165.12;100;10086980141;B
20240410;135135;165.14;10;10086980142;B
20240410;135135;165.14;520;10086980143;B
20240410;135135;165.16;340;10086980144;B
20240410;135136;165.08;100;10086980250;B
20240410;135136;165.08;50;10086980251;B
20240410;135136;165.12;100;10086980252;B
20240410;135136;165.16;160;10086980253;B
20240410;135136;165.16;10;10086980254;B
20240410;135136;165.16;80;10086980255;B
20240410;135137;165.1;1210;10086980397;S
20240410;135137;165.1;10;10086980450;S
20240410;135138;165.12;20;10086980466;B
20240410;135139;165.1;600;10086980592;S
20240410;135139;165.1;500;10086980615;S
20240410;135139;165.12;20;10086980634;B
20240410;135140;165.12;60;10086980670;B
20240410;135140;165.12;100;10086980671;B
20240410;135140;165.12;10;10086980672;B
20240410;135140;165.12;10;10086980673;B
20240410;135140;165.14;60;10086980692;B
20240410;135140;165.16;20;10086980693;B
20240410;135140;165.16;40;10086980694;B
20240410;135140;165.16;880;10086980695;B
20240410;135140;165.12;300;10086980720;S
20240410;135140;165.12;10;10086980745;S
20240410;135142;165.16;20;10086980904;B
20240410;135142;165.16;600;10086980934;B
20240410;135142;165.16;70;10086980986;B
20240410;135142;165.16;20;10086980987;B
20240410;135142;165.14;250;10086980991;S
20240410;135142;165.12;10;10086980992;S
20240410;135142;165.12;240;10086980993;S
20240410;135143;165.14;250;10086981066;B
20240410;135143;165.16;80;10086981067;B
20240410;135143;165.16;500;10086981068;B
20240410;135143;165.18;170;10086981069;B
20240410;135143;165.18;500;10086981079;B
20240410;135145;165.16;90;10086981624;B
20240410;135146;165.16;1160;10086981641;B
20240410;135146;165.16;100;10086981642;B
20240410;135146;165.16;4090;10086981643;B
20240410;135146;165.16;110;10086981644;B
20240410;135146;165.18;330;10086981645;B
20240410;135146;165.2;50;10086981646;B
20240410;135146;165.2;100;10086981647;B
20240410;135146;165.2;10;10086981648;B
20240410;135146;165.2;10;10086981649;B
20240410;135146;165.2;480;10086981650;B
20240410;135146;165.22;810;10086981651;B
20240410;135146;165.22;440;10086981661;B
20240410;135146;165.22;1000;10086981662;B
20240410;135146;165.22;10;10086981663;B
20240410;135146;165.24;50;10086981664;B
20240410;135146;165.24;100;10086981665;B
20240410;135146;165.24;100;10086981666;B
20240410;135146;165.24;300;10086981667;B
20240410;135146;165.12;10;10086981682;S
20240410;135146;165.12;830;10086981708;S
20240410;135146;165.12;200;10086981709;S
20240410;135146;165.12;600;10086981710;S
20240410;135146;165.12;3660;10086981711;S
20240410;135146;165.1;7180;10086981712;S
20240410;135146;165.1;80;10086981713;S
20240410;135146;165.1;950;10086981714;S
20240410;135146;165.12;200;10086981766;S
20240410;135147;165.12;100;10086981798;B
20240410;135147;165.12;4500;10086981825;B
20240410;135147;165.12;200;10086981891;B
20240410;135147;165.12;90;10086981892;B
20240410;135148;165.12;10;10086981915;B
20240410;135148;165.14;10;10086981946;B
20240410;135148;165.14;10;10086981964;B
20240410;135149;165.14;10;10086982028;B
20240410;135149;165.14;170;10086982029;B
20240410;135149;165.18;10;10086982030;B
20240410;135149;165.18;10;10086982031;B
20240410;135149;165.18;890;10086982032;B
20240410;135149;165.2;650;10086982033;B
20240410;135149;165.2;500;10086982034;B
20240410;135149;165.2;10;10086982035;B
20240410;135149;165.2;100;10086982036;B
20240410;135149;165.2;50;10086982037;B
20240410;135149;165.22;3660;10086982038;B
20240410;135149;165.22;50;10086982039;B
20240410;135149;165.22;110;10086982040;B
20240410;135149;165.24;200;10086982041;B
20240410;135149;165.24;3190;10086982042;B
20240410;135149;165.16;10;10086982090;S
20240410;135149;165.16;10;10086982091;S
20240410;135149;165.16;10;10086982093;S
20240410;135149;165.14;200;10086982094;S
20240410;135149;165.12;90;10086982095;S
20240410;135150;165.22;30;10086982146;B
20240410;135150;165.22;170;10086982154;B
20240410;135150;165.24;2810;10086982155;B
20240410;135150;165.24;100;10086982156;B
20240410;135150;165.24;50;10086982157;B
20240410;135150;165.24;500;10086982158;B
20240410;135150;165.24;100;10086982159;B
20240410;135150;165.24;100;10086982160;B
20240410;135150;165.26;10;10086982161;B
20240410;135150;165.26;20;10086982162;B
20240410;135150;165.26;1000;10086982163;B
20240410;135150;165.26;100;10086982164;B
20240410;135150;165.26;1000;10086982165;B
20240410;135150;165.26;50;10086982166;B
20240410;135150;165.26;10;10086982167;B
20240410;135150;165.26;210;10086982168;B
20240410;135150;165.28;10;10086982169;B
20240410;135150;165.28;10;10086982170;B
20240410;135150;165.28;10;10086982171;B
20240410;135150;165.28;20;10086982172;B
20240410;135150;165.28;220;10086982173;B
20240410;135150;165.18;10;10086982220;S
20240410;135151;165.2;10;10086982230;B
20240410;135151;165.22;10;10086982234;B
20240410;135151;165.22;70;10086982248;B
20240410;135151;165.22;10;10086982255;B
20240410;135151;165.22;10;10086982274;B
20240410;135151;165.22;300;10086982275;B
20240410;135151;165.26;200;10086982276;B
20240410;135151;165.28;3490;10086982277;B
20240410;135151;165.18;10;10086982280;S
20240410;135151;165.28;2000;10086982289;B
20240410;135151;165.28;1500;10086982292;B
20240410;135151;165.2;10;10086982332;S
20240410;135152;165.28;40;10086982358;B
20240410;135152;165.28;300;10086982393;B
20240410;135152;165.28;20;10086982394;B
20240410;135152;165.24;10;10086982417;S
20240410;135152;165.28;70;10086982430;B
20240410;135152;165.26;10;10086982443;S
20240410;135153;165.28;2360;10086982468;B
20240410;135153;165.28;460;10086982469;B
20240410;135153;165.24;10;10086982539;S
20240410;135153;165.24;10;10086982568;S
20240410;135153;165.28;70;10086982576;B
20240410;135154;165.24;20;10086982586;S
20240410;135154;165.26;10;10086982643;B
20240410;135154;165.26;10;10086982654;B
20240410;135155;165.26;10;10086982738;B
20240410;135155;165.26;70;10086982747;B
20240410;135155;165.28;470;10086982748;B
20240410;135155;165.28;10;10086982749;B
20240410;135155;165.28;1800;10086982750;B
20240410;135155;165.28;100;10086982751;B
20240410;135155;165.3;600;10086982752;B
20240410;135155;165.3;10;10086982753;B
20240410;135155;165.3;100;10086982754;B
20240410;135155;165.3;40;10086982755;B
20240410;135155;165.3;150;10086982756;B
20240410;135155;165.3;100;10086982757;B
20240410;135155;165.3;10;10086982758;B
20240410;135155;165.3;1000;10086982759;B
20240410;135155;165.3;20;10086982760;B
20240410;135155;165.3;160;10086982761;B
20240410;135155;165.3;10;10086982795;B
20240410;135155;165.3;10;10086982797;B
20240410;135155;165.24;50;10086982808;S
20240410;135155;165.3;100;10086982816;B
20240410;135156;165.3;720;10086982848;B
20240410;135156;165.3;280;10086982849;B
20240410;135156;165.28;200;10086982902;S
20240410;135156;165.24;100;10086982903;S
20240410;135156;165.3;30;10086982925;B
20240410;135156;165.24;10;10086982928;S
20240410;135156;165.3;600;10086982966;B
20240410;135157;165.3;90;10086982982;B
20240410;135157;165.32;10;10086982983;B
20240410;135157;165.32;10;10086982984;B
20240410;135157;165.32;10;10086982985;B
20240410;135157;165.32;10;10086982986;B
20240410;135157;165.32;100;10086982987;B
20240410;135157;165.32;100;10086982988;B
20240410;135157;165.32;200;10086982989;B
20240410;135157;165.32;650;10086982990;B
20240410;135157;165.32;500;10086982997;B
20240410;135157;165.24;60;10086983046;S
20240410;135157;165.24;10;10086983076;S
20240410;135157;165.26;140;10086983085;S
20240410;135157;165.26;20;10086983090;S
20240410;135158;165.26;40;10086983201;S
20240410;135158;165.3;50;10086983205;B
20240410;135158;165.32;100;10086983206;B
20240410;135158;165.32;20;10086983207;B
20240410;135158;165.34;10;10086983208;B
20240410;135158;165.34;10;10086983209;B
20240410;135158;165.26;20;10086983251;S
20240410;135158;165.24;40;10086983252;S
20240410;135158;165.36;100;10086983271;B
20240410;135158;165.34;10;10086983277;S
20240410;135158;165.24;20;10086983297;S
20240410;135159;165.36;10;10086983306;B
20240410;135159;165.26;20;10086983367;S
20240410;135159;165.32;10;10086983381;B
20240410;135159;165.32;100;10086983382;B
20240410;135159;165.34;10;10086983383;B
20240410;135159;165.34;10;10086983384;B
20240410;135159;165.34;160;10086983385;B
20240410;135200;165.3;10;10086983511;S
20240410;135200;165.32;50;10086983544;B
20240410;135200;165.34;2950;10086983545;B
20240410;135200;165.3;60;10086983582;S
20240410;135200;165.32;60;10086983602;B
20240410;135200;165.32;20;10086983606;B
20240410;135200;165.3;1000;10086983608;S
20240410;135202;165.3;700;10086983827;S
20240410;135202;165.3;200;10086983828;S
20240410;135202;165.3;100;10086983829;S
20240410;135202;165.3;500;10086983894;S
20240410;135202;165.3;10;10086983895;S
20240410;135203;165.28;400;10086983934;S
20240410;135203;165.3;50;10086983970;B
20240410;135203;165.3;100;10086983971;B
20240410;135203;165.3;250;10086983972;B
20240410;135203;165.32;480;10086983973;B
20240410;135203;165.28;100;10086984012;S
20240410;135203;165.28;100;10086984039;B
20240410;135203;165.3;10;10086984040;B
20240410;135203;165.32;40;10086984041;B
20240410;135204;165.26;100;10086984077;S
20240410;135205;165.28;30;10086984223;B
20240410;135205;165.26;20;10086984244;S
20240410;135205;165.28;500;10086984255;B
20240410;135205;165.26;10;10086984323;S
20240410;135205;165.26;50;10086984349;S
20240410;135206;165.26;10;10086984379;S
20240410;135206;165.26;10;10086984380;S
20240410;135206;165.24;100;10086984433;S
20240410;135206;165.26;90;10086984441;B
20240410;135206;165.28;470;10086984442;B
20240410;135206;165.28;10;10086984443;B
20240410;135206;165.28;10;10086984444;B
20240410;135206;165.28;100;10086984445;B
20240410;135206;165.28;320;10086984446;B
20240410;135207;165.26;10;10086984490;B
20240410;135207;165.28;580;10086984491;B
20240410;135207;165.28;100;10086984508;B
20240410;135207;165.28;50;10086984509;B
20240410;135207;165.28;100;10086984510;B
20240410;135207;165.28;200;10086984511;B
20240410;135207;165.28;250;10086984512;B
20240410;135207;165.28;50;10086984513;B
20240410;135207;165.3;250;10086984514;B
20240410;135208;165.3;160;10086984574;B
20240410;135208;165.3;10;10086984587;B
20240410;135208;165.3;20;10086984648;B
20240410;135209;165.28;1000;10086984685;S
20240410;135209;165.26;150;10086984686;S
20240410;135210;165.28;150;10086984832;B
20240410;135210;165.28;50;10086984833;B
20240410;135212;165.26;50;10086984991;S
20240410;135213;165.26;20;10086985141;S
20240410;135213;165.24;10;10086985142;S
20240410;135213;165.26;100;10086985172;B
20240410;135213;165.28;100;10086985173;B
20240410;135213;165.28;180;10086985174;B
20240410;135213;165.26;100;10086985191;B
20240410;135213;165.28;120;10086985192;B
20240410;135213;165.28;100;10086985193;B
20240410;135213;165.28;100;10086985194;B
20240410;135213;165.28;80;10086985195;B
20240410;135214;165.26;40;10086985204;B
20240410;135214;165.26;50;10086985284;B
20240410;135214;165.26;60;10086985305;B
20240410;135215;165.24;50;10086985340;S
20240410;135215;165.24;50;10086985341;S
20240410;135215;165.26;10;10086985364;B
20240410;135217;165.26;90;10086985507;B
20240410;135217;165.26;20;10086985508;B
20240410;135217;165.26;100;10086985509;B
20240410;135217;165.26;100;10086985510;B
20240410;135217;165.26;20;10086985511;B
20240410;135217;165.26;170;10086985512;B
20240410;135217;165.24;450;10086985559;S
20240410;135217;165.24;1730;10086985560;S
20240410;135217;165.24;20;10086985561;S
20240410;135217;165.22;200;10086985562;S
20240410;135217;165.22;10;10086985563;S
20240410;135217;165.2;10;10086985564;S
20240410;135217;165.2;10;10086985565;S
20240410;135217;165.2;20;10086985566;S
20240410;135217;165.16;130;10086985567;S
20240410;135217;165.16;70;10086985568;S
20240410;135217;165.16;500;10086985569;S
20240410;135217;165.16;890;10086985570;S
20240410;135217;165.16;20;10086985571;S
20240410;135217;165.14;4000;10086985572;S
20240410;135217;165.12;10;10086985573;S
20240410;135217;165.12;30;10086985574;S
20240410;135217;165.12;10;10086985575;S
20240410;135217;165.12;1990;10086985576;S
20240410;135217;165.14;200;10086985596;S
20240410;135217;165.22;200;10086985622;B
20240410;135217;165.24;1330;10086985623;B
20240410;135217;165.24;70;10086985624;B
20240410;135217;165.24;400;10086985651;B
20240410;135217;165.16;500;10086985655;S
20240410;135218;165.2;10;10086985749;B
20240410;135218;165.22;10;10086985750;B
20240410;135218;165.24;20;10086985751;B
20240410;135218;165.2;100;10086985779;B
20240410;135218;165.2;700;10086985780;B
20240410;135218;165.24;200;10086985781;B
20240410;135218;165.24;20;10086985794;B
20240410;135218;165.22;10;10086985814;B
20240410;135218;165.24;1290;10086985815;B
20240410;135218;165.24;200;10086985816;B
20240410;135218;165.24;1000;10086985817;B
20240410;135218;165.26;640;10086985818;B
20240410;135218;165.26;10;10086985819;B
20240410;135218;165.26;100;10086985820;B
20240410;135218;165.26;50;10086985821;B
20240410;135218;165.26;500;10086985822;B
20240410;135218;165.26;50;10086985823;B
20240410;135218;165.28;1400;10086985824;B
20240410;135218;165.26;20;10086985834;B
20240410;135218;165.24;10;10086985844;B
20240410;135219;165.26;180;10086985847;B
20240410;135219;165.28;20;10086985848;B
20240410;135219;165.24;30;10086985856;S
20240410;135219;165.2;40;10086985869;S
20240410;135219;165.2;60;10086985870;S
20240410;135219;165.22;70;10086985951;B
20240410;135219;165.26;60;10086985952;B
20240410;135219;165.28;500;10086985953;B
20240410;135219;165.28;370;10086985954;B
20240410;135220;165.28;10;10086985966;B
20240410;135220;165.26;100;10086986007;S
20240410;135220;165.26;60;10086986009;S
20240410;135220;165.22;40;10086986010;S
20240410;135220;165.22;300;10086986039;S
20240410;135221;165.26;10;10086986078;B
20240410;135221;165.26;20;10086986084;B
20240410;135221;165.26;100;10086986085;B
20240410;135221;165.26;2000;10086986086;B
20240410;135221;165.28;620;10086986087;B
20240410;135221;165.28;50;10086986088;B
20240410;135221;165.28;1860;10086986089;B
20240410;135221;165.28;400;10086986105;B
20240410;135221;165.28;700;10086986114;B
20240410;135221;165.22;100;10086986124;S
20240410;135222;165.26;10;10086986226;B
20240410;135222;165.26;460;10086986230;B
20240410;135222;165.26;1530;10086986233;B
20240410;135222;165.28;14100;10086986234;B
20240410;135222;165.3;9560;10086986235;B
20240410;135222;165.3;10;10086986236;B
20240410;135222;165.3;1000;10086986237;B
20240410;135222;165.3;100;10086986238;B
20240410;135222;165.3;1800;10086986239;B
20240410;135222;165.3;200;10086986240;B
20240410;135222;165.3;50;10086986241;B
20240410;135222;165.32;400;10086986242;B
20240410;135222;165.32;10;10086986243;B
20240410;135222;165.32;2000;10086986244;B
20240410;135222;165.32;30;10086986245;B
20240410;135222;165.32;50;10086986246;B
20240410;135222;165.32;50;10086986247;B
20240410;135223;165.24;100;10086986259;S
20240410;135224;165.24;200;10086986394;S
20240410;135224;165.26;10;10086986411;B
20240410;135224;165.26;100;10086986412;B
20240410;135224;165.26;20;10086986449;S
20240410;135224;165.22;460;10086986450;S
20240410;135224;165.22;120;10086986451;S
20240410;135225;165.28;20;10086986543;B
20240410;135226;165.26;10;10086986611;B
20240410;135226;165.26;20;10086986612;B
20240410;135226;165.26;10;10086986668;B
20240410;135226;165.24;50;10086986716;S
20240410;135226;165.26;50;10086986719;B
20240410;135226;165.24;10;10086986722;S
20240410;135227;165.26;220;10086986739;B
20240410;135227;165.28;10;10086986740;B
20240410;135227;165.3;200;10086986819;B
20240410;135227;165.3;200;10086986820;B
20240410;135227;165.32;100;10086986821;B
20240410;135227;165.28;1580;10086986822;S
20240410;135227;165.28;40;10086986864;B
20240410;135227;165.28;100;10086986866;B
20240410;135227;165.28;800;10086986868;B
20240410;135228;165.28;200;10086986898;B
20240410;135229;165.28;20;10086987017;B
20240410;135229;165.26;50;10086987068;S
20240410;135229;165.28;10;10086987086;B
20240410;135230;165.28;120;10086987135;B
20240410;135230;165.28;2220;10086987153;B
20240410;135230;165.28;4230;10086987154;B
20240410;135230;165.26;150;10086987190;S
20240410;135231;165.28;240;10086987219;B
20240410;135231;165.28;300;10086987225;B
20240410;135231;165.28;10;10086987227;B
20240410;135231;165.28;10;10086987250;B
20240410;135231;165.26;10;10086987252;S
20240410;135232;165.26;190;10086987315;S
20240410;135232;165.28;20;10086987350;B
20240410;135232;165.28;190;10086987382;B
20240410;135232;165.28;10;10086987383;B
20240410;135233;165.26;1300;10086987411;S
20240410;135233;165.24;940;10086987412;S
20240410;135233;165.22;90;10086987413;S
20240410;135233;165.22;250;10086987414;S
20240410;135233;165.22;10;10086987415;S
20240410;135233;165.22;200;10086987416;S
20240410;135233;165.2;50;10086987417;S
20240410;135233;165.2;120;10086987418;S
20240410;135233;165.2;100;10086987419;S
20240410;135233;165.2;200;10086987420;S
20240410;135233;165.2;20;10086987421;S
20240410;135233;165.2;1110;10086987422;S
20240410;135233;165.2;50;10086987423;S
20240410;135233;165.2;20;10086987424;S
20240410;135233;165.18;50;10086987425;S
20240410;135233;165.18;300;10086987426;S
20240410;135233;165.18;2500;10086987427;S
20240410;135233;165.16;200;10086987428;S
20240410;135233;165.16;300;10086987429;S
20240410;135233;165.16;500;10086987430;S
20240410;135233;165.16;70;10086987431;S
20240410;135233;165.16;620;10086987432;S
20240410;135233;165.28;30;10086987456;B
20240410;135233;165.28;10;10086987479;B
20240410;135233;165.28;20;10086987480;B
20240410;135233;165.26;50;10086987521;S
20240410;135233;165.18;200;10086987522;S
20240410;135233;165.16;10;10086987523;S
20240410;135233;165.16;1040;10086987524;S
20240410;135234;165.26;200;10086987590;B
20240410;135234;165.28;80;10086987591;B
20240410;135234;165.28;40;10086987592;B
20240410;135234;165.24;290;10086987618;S
20240410;135234;165.24;10;10086987619;B
20240410;135234;165.26;20;10086987637;B
20240410;135234;165.26;180;10086987656;B
20240410;135234;165.28;60;10086987657;B
20240410;135234;165.28;300;10086987658;B
20240410;135234;165.28;100;10086987659;B
20240410;135234;165.28;20;10086987660;B
20240410;135234;165.28;10;10086987661;B
20240410;135234;165.3;220;10086987662;B
20240410;135234;165.3;1040;10086987663;B
20240410;135234;165.3;10;10086987664;B
20240410;135234;165.3;250;10086987665;B
20240410;135234;165.3;1000;10086987666;B
20240410;135234;165.3;250;10086987667;B
20240410;135234;165.32;50;10086987668;B
20240410;135234;165.32;2200;10086987669;B
20240410;135234;165.32;250;10086987670;B
20240410;135234;165.32;250;10086987671;B
20240410;135234;165.32;4000;10086987672;B
20240410;135234;165.34;6890;10086987673;B
20240410;135234;165.34;10;10086987674;B
20240410;135234;165.34;6000;10086987675;B
20240410;135234;165.36;90;10086987676;B
20240410;135234;165.36;10;10086987677;B
20240410;135234;165.36;170;10086987678;B
20240410;135234;165.36;200;10086987679;B
20240410;135234;165.36;50;10086987680;B
20240410;135234;165.36;6000;10086987681;B
20240410;135234;165.36;1890;10086987682;B
20240410;135234;165.38;10;10086987683;B
20240410;135234;165.38;100;10086987684;B
20240410;135234;165.38;10;10086987685;B
20240410;135234;165.38;10;10086987686;B
20240410;135234;165.38;10;10086987687;B
20240410;135234;165.38;40;10086987688;B
20240410;135234;165.38;2000;10086987689;B
20240410;135234;165.38;500;10086987690;B
20240410;135234;165.38;10;10086987691;B
20240410;135234;165.38;100;10086987692;B
20240410;135234;165.38;50;10086987693;B
20240410;135234;165.38;2700;10086987694;B
20240410;135234;165.38;1000;10086987695;B
20240410;135234;165.4;30;10086987696;B
20240410;135234;165.4;10;10086987697;B
20240410;135234;165.4;50;10086987698;B
20240410;135234;165.4;100;10086987699;B
20240410;135234;165.4;10;10086987700;B
20240410;135234;165.4;10;10086987701;B
20240410;135234;165.4;500;10086987702;B
20240410;135234;165.4;100;10086987703;B
20240410;135234;165.4;1000;10086987704;B
20240410;135234;165.4;300;10086987705;B
20240410;135234;165.4;100;10086987706;B
20240410;135234;165.4;300;10086987707;B
20240410;135234;165.4;5000;10086987708;B
20240410;135234;165.4;1000;10086987709;B
20240410;135234;165.42;200;10086987710;B
20240410;135234;165.42;200;10086987711;B
20240410;135234;165.42;5000;10086987712;B
20240410;135234;165.42;110;10086987713;B
20240410;135234;165.42;10;10086987714;B
20240410;135234;165.42;10000;10086987715;B
20240410;135234;165.42;10000;10086987716;B
20240410;135234;165.42;6480;10086987717;B
20240410;135234;165.4;200;10086987718;B
20240410;135234;165.42;1000;10086987719;S
20240410;135234;165.38;100;10086987738;S
20240410;135234;165.38;50;10086987745;S
20240410;135235;165.42;1000;10086987753;S
20240410;135235;165.4;100;10086987755;S
20240410;135235;165.38;50;10086987756;S
20240410;135235;165.36;250;10086987757;S
20240410;135235;165.38;50;10086987768;S
20240410;135235;165.4;10;10086987778;S
20240410;135235;165.42;10;10086987789;B
20240410;135235;165.44;100;10086987790;B
20240410;135235;165.44;10;10086987791;B
20240410;135235;165.44;100;10086987792;B
20240410;135235;165.4;10;10086987796;B
20240410;135235;165.44;430;10086987797;B
20240410;135235;165.44;100;10086987798;B
20240410;135235;165.44;2500;10086987799;B
20240410;135235;165.44;70;10086987800;B
20240410;135235;165.44;1890;10086987801;B
20240410;135235;165.4;10;10086987804;S
20240410;135235;165.44;110;10086987807;B
20240410;135235;165.44;10;10086987808;B
20240410;135235;165.44;20;10086987809;B
20240410;135235;165.44;10;10086987810;B
20240410;135235;165.44;20;10086987811;B
20240410;135235;165.44;20;10086987812;B
20240410;135235;165.46;50;10086987813;B
20240410;135235;165.46;470;10086987814;B
20240410;135235;165.42;10;10086987816;S
20240410;135235;165.4;70;10086987821;S
20240410;135235;165.4;10;10086987828;S
20240410;135235;165.4;50;10086987829;S
20240410;135235;165.4;210;10086987852;S
20240410;135235;165.38;200;10086987864;S
20240410;135235;165.38;30;10086987865;S
20240410;135236;165.4;200;10086987935;B
20240410;135236;165.42;590;10086987936;B
20240410;135236;165.46;430;10086987937;B
20240410;135236;165.46;10;10086987938;B
20240410;135236;165.48;10;10086987939;B
20240410;135236;165.48;130;10086987940;B
20240410;135236;165.48;50;10086987941;B
20240410;135236;165.48;50;10086987942;B
20240410;135236;165.48;10;10086987943;B
20240410;135236;165.48;10;10086987944;B
20240410;135236;165.48;10;10086987945;B
20240410;135236;165.48;10;10086987946;B
20240410;135236;165.48;10;10086987947;B
20240410;135236;165.48;500;10086987948;B
20240410;135236;165.48;990;10086987949;B
20240410;135237;165.42;1000;10086988001;S
20240410;135237;165.42;4000;10086988002;S
20240410;135237;165.4;10;10086988021;S
20240410;135237;165.4;10;10086988026;S
20240410;135237;165.4;530;10086988042;S
20240410;135237;165.44;40;10086988053;B
20240410;135237;165.46;20;10086988054;B
20240410;135237;165.4;10;10086988057;S
20240410;135237;165.42;100;10086988060;B
20240410;135237;165.42;300;10086988061;B
20240410;135237;165.46;130;10086988062;B
20240410;135237;165.46;50;10086988063;B
20240410;135237;165.46;4870;10086988064;S
20240410;135238;165.44;200;10086988074;S
20240410;135238;165.38;150;10086988090;S
20240410;135238;165.42;50;10086988109;B
20240410;135238;165.46;200;10086988110;B
20240410;135238;165.48;50;10086988111;B
20240410;135238;165.46;50;10086988161;S
20240410;135238;165.44;450;10086988162;S
20240410;135239;165.48;20;10086988174;B
20240410;135239;165.48;940;10086988234;B
20240410;135239;165.48;1220;10086988235;B
20240410;135239;165.48;50;10086988236;B
20240410;135239;165.48;500;10086988237;B
20240410;135239;165.5;50;10086988238;B
20240410;135239;165.5;10;10086988239;B
20240410;135239;165.5;1280;10086988240;B
20240410;135239;165.5;20;10086988271;B
20240410;135239;165.46;10;10086988275;S
20240410;135239;165.48;10;10086988276;B
20240410;135239;165.48;10;10086988291;B
20240410;135240;165.5;2000;10086988311;B
20240410;135240;165.5;1000;10086988312;B
20240410;135240;165.5;10;10086988378;B
20240410;135240;165.5;10;10086988402;B
20240410;135241;165.5;10;10086988419;B
20240410;135241;165.46;10;10086988432;S
20240410;135241;165.48;10;10086988433;B
20240410;135241;165.5;20;10086988436;B
20240410;135241;165.5;10;10086988438;B
20240410;135241;165.5;10;10086988451;B
20240410;135241;165.5;10;10086988464;B
20240410;135241;165.46;70;10086988466;S
20240410;135241;165.5;10;10086988468;B
20240410;135241;165.5;10;10086988480;B
20240410;135241;165.46;110;10086988483;S
20240410;135241;165.46;40;10086988484;S
20240410;135241;165.5;10;10086988500;B
20240410;135242;165.5;10;10086988505;B
20240410;135242;165.5;10;10086988521;B
20240410;135242;165.5;20;10086988538;B
20240410;135242;165.5;10;10086988540;B
20240410;135242;165.46;680;10086988549;S
20240410;135242;165.46;250;10086988550;S
20240410;135242;165.46;250;10086988551;S
20240410;135242;165.44;30;10086988552;S
20240410;135242;165.44;790;10086988553;S
20240410;135243;165.5;9140;10086988657;B
20240410;135243;165.44;250;10086988662;S
20240410;135243;165.44;50;10086988663;S
20240410;135243;165.46;10;10086988691;B
20240410;135244;165.42;200;10086988799;S
20240410;135244;165.42;20;10086988800;S
20240410;135244;165.4;730;10086988801;S
20240410;135244;165.4;1050;10086988802;S
20240410;135244;165.48;100;10086988816;B
20240410;135244;165.48;200;10086988817;B
20240410;135244;165.48;300;10086988830;B
20240410;135244;165.48;10;10086988831;B
20240410;135244;165.48;390;10086988832;B
20240410;135244;165.5;900;10086988833;B
20240410;135244;165.5;500;10086988840;B
20240410;135244;165.44;100;10086988845;S
20240410;135245;165.42;300;10086988873;S
20240410;135245;165.48;20;10086988899;B
20240410;135245;165.48;10;10086988900;B
20240410;135245;165.48;200;10086988904;B
20240410;135245;165.48;40;10086988907;B
20240410;135245;165.42;260;10086988925;S
20240410;135245;165.4;3660;10086988926;S
20240410;135245;165.38;1000;10086988927;S
20240410;135245;165.38;200;10086988928;S
20240410;135245;165.38;880;10086988929;S
20240410;135245;165.46;100;10086988945;B
20240410;135245;165.48;750;10086988990;B
20240410;135245;165.48;250;10086988991;B
20240410;135246;165.48;150;10086989013;B
20240410;135246;165.48;3260;10086989016;B
20240410;135246;165.48;880;10086989017;B
20240410;135246;165.5;270;10086989018;B
20240410;135246;165.5;10;10086989086;B
20240410;135246;165.48;20;10086989092;B
20240410;135247;165.46;200;10086989153;S
20240410;135247;165.46;300;10086989163;S
20240410;135247;165.46;150;10086989164;S
20240410;135247;165.44;50;10086989165;S
20240410;135247;165.5;10;10086989191;B
20240410;135247;165.5;60;10086989214;B
20240410;135248;165.5;10;10086989264;B
20240410;135248;165.48;500;10086989358;B
20240410;135248;165.5;500;10086989359;B
20240410;135248;165.5;330;10086989375;B
20240410;135249;165.5;40;10086989408;B
20240410;135249;165.46;20;10086989450;S
20240410;135249;165.5;70;10086989483;B
20240410;135250;165.46;80;10086989534;S
20240410;135250;165.44;50;10086989535;S
20240410;135250;165.44;50;10086989536;S
20240410;135250;165.44;10;10086989537;S
20240410;135250;165.42;280;10086989538;S
20240410;135250;165.42;30;10086989539;S
20240410;135250;165.42;170;10086989752;S
20240410;135250;165.42;50;10086989753;S
20240410;135250;165.42;20;10086989754;S
20240410;135250;165.4;2760;10086989755;S
20240410;135250;165.48;100;10086989793;B
20240410;135250;165.4;50;10086989817;S
20240410;135250;165.46;50;10086989848;B
20240410;135250;165.48;2660;10086989849;B
20240410;135250;165.48;820;10086989850;B
20240410;135250;165.48;600;10086989851;B
20240410;135250;165.48;200;10086989852;B
20240410;135250;165.48;400;10086989853;B
20240410;135250;165.5;3700;10086989854;B
20240410;135250;165.5;100;10086989855;B
20240410;135250;165.5;50;10086989856;B
20240410;135250;165.5;10;10086989857;B
20240410;135250;165.5;10;10086989858;B
20240410;135250;165.5;10;10086989859;B
20240410;135250;165.5;100;10086989860;B
20240410;135250;165.5;100;10086989861;B
20240410;135250;165.5;4500;10086989862;B
20240410;135250;165.5;50;10086989863;B
20240410;135250;165.5;600;10086989864;B
20240410;135250;165.5;50;10086989865;B
20240410;135250;165.5;200;10086989866;B
20240410;135250;165.5;10;10086989867;B
20240410;135250;165.5;50;10086989868;B
20240410;135250;165.5;300;10086989869;B
20240410;135250;165.5;50;10086989870;B
20240410;135250;165.5;100;10086989871;B
20240410;135250;165.5;100;10086989872;B
20240410;135250;165.5;10;10086989873;B
20240410;135250;165.5;10000;10086989874;B
20240410;135250;165.5;470;10086989875;B
20240410;135251;165.48;100;10086990162;B
20240410;135252;165.46;1000;10086990185;S
20240410;135252;165.48;30;10086990219;B
20240410;135252;165.48;50;10086990222;B
20240410;135252;165.46;310;10086990255;S
20240410;135253;165.48;20;10086990355;B
20240410;135253;165.48;60;10086990356;B
20240410;135254;165.48;10;10086990387;B
20240410;135254;165.48;30;10086990409;B
20240410;135254;165.48;20;10086990410;B
20240410;135254;165.48;10;10086990411;B
20240410;135254;165.48;10;10086990412;B
20240410;135254;165.5;110;10086990413;B
20240410;135254;165.5;30;10086990438;B
20240410;135254;165.48;100;10086990456;S
20240410;135255;165.5;20;10086990536;B
20240410;135255;165.5;4370;10086990559;B
20240410;135255;165.5;100;10086990560;B
20240410;135255;165.5;100;10086990561;B
20240410;135255;165.5;10;10086990562;B
20240410;135255;165.5;10;10086990563;B
20240410;135255;165.5;100;10086990564;B
20240410;135255;165.5;60;10086990565;B
20240410;135255;165.5;340;10086990566;B
20240410;135255;165.48;100;10086990597;S
20240410;135255;165.5;660;10086990600;B
20240410;135255;165.5;290;10086990601;B
20240410;135255;165.5;390;10086990602;B
20240410;135255;165.5;160;10086990603;B
20240410;135256;165.5;20;10086990637;B
20240410;135256;165.5;300;10086990697;B
20240410;135256;165.5;10;10086990710;B
20240410;135256;165.5;10;10086990715;B
20240410;135256;165.48;260;10086990740;S
20240410;135256;165.48;1000;10086990741;S
20240410;135256;165.46;2320;10086990742;S
20240410;135257;165.46;10;10086990797;S
20240410;135258;165.46;1070;10086990858;S
20240410;135258;165.5;100;10086990867;B
20240410;135258;165.46;350;10086990881;S
20240410;135258;165.48;50;10086990927;S
20240410;135259;165.48;500;10086990944;B
20240410;135259;165.46;200;10086990981;S
20240410;135259;165.48;10;10086991008;B
20240410;135259;165.46;10;10086991011;S
20240410;135301;165.48;2050;10086991198;B
20240410;135301;165.48;740;10086991218;B
20240410;135301;165.48;1500;10086991219;B
20240410;135301;165.48;100;10086991220;B
20240410;135301;165.48;2660;10086991221;B
20240410;135301;165.48;800;10086991225;B
20240410;135301;165.48;1540;10086991263;B
20240410;135301;165.48;300;10086991264;B
20240410;135301;165.48;50;10086991265;B
20240410;135301;165.5;480;10086991266;B
20240410;135301;165.5;920;10086991269;B
20240410;135301;165.5;100;10086991270;B
20240410;135301;165.5;400;10086991271;B
20240410;135301;165.5;1000;10086991272;B
20240410;135301;165.5;10;10086991273;B
20240410;135301;165.5;20;10086991274;B
20240410;135301;165.5;20;10086991275;B
20240410;135301;165.5;20;10086991276;B
20240410;135301;165.5;100;10086991277;B
20240410;135301;165.5;30;10086991278;B
20240410;135301;165.5;150;10086991279;B
20240410;135301;165.5;250;10086991280;B
20240410;135301;165.5;50;10086991281;B
20240410;135301;165.5;500;10086991282;B
20240410;135301;165.5;50;10086991283;B
20240410;135301;165.5;20;10086991284;B
20240410;135301;165.5;250;10086991285;B
20240410;135301;165.5;100;10086991286;B
20240410;135301;165.5;210;10086991287;B
20240410;135301;165.5;1000;10086991288;B
20240410;135301;165.5;10;10086991289;B
20240410;135301;165.5;190;10086991290;B
20240410;135301;165.5;500;10086991291;B
20240410;135301;165.5;70;10086991292;B
20240410;135301;165.5;180;10086991293;B
20240410;135301;165.5;10;10086991294;B
20240410;135301;165.5;100;10086991295;B
20240410;135301;165.5;40;10086991296;B
20240410;135301;165.5;50;10086991297;B
20240410;135301;165.5;30;10086991298;B
20240410;135301;165.5;400;10086991299;B
20240410;135301;165.5;50;10086991300;B
20240410;135301;165.5;300;10086991301;B
20240410;135301;165.5;70;10086991302;B
20240410;135301;165.5;10;10086991303;B
20240410;135301;165.5;10;10086991304;B
20240410;135301;165.5;1600;10086991305;B
20240410;135301;165.5;150;10086991306;B
20240410;135301;165.5;4990;10086991307;B
20240410;135301;165.5;100;10086991308;B
20240410;135301;165.5;300;10086991309;B
20240410;135301;165.5;100;10086991310;B
20240410;135301;165.5;10;10086991311;B
20240410;135301;165.52;100;10086991312;B
20240410;135301;165.52;10;10086991313;B
20240410;135301;165.52;10;10086991314;B
20240410;135301;165.52;400;10086991315;B
20240410;135301;165.54;10;10086991316;B
20240410;135301;165.54;10000;10086991317;B
20240410;135301;165.54;20;10086991318;B
20240410;135301;165.54;10;10086991319;B
20240410;135301;165.54;1000;10086991320;B
20240410;135301;165.54;1600;10086991321;B
20240410;135301;165.56;30;10086991322;B
20240410;135301;165.56;7000;10086991323;B
20240410;135301;165.58;10;10086991324;B
20240410;135301;165.58;10;10086991325;B
20240410;135301;165.58;10;10086991326;B
20240410;135301;165.58;30;10086991327;B
20240410;135301;165.58;440;10086991328;B
20240410;135301;165.58;6000;10086991329;B
20240410;135301;165.58;30;10086991330;B
20240410;135301;165.58;10;10086991331;B
20240410;135301;165.6;30;10086991332;B
20240410;135301;165.6;50;10086991333;B
20240410;135301;165.6;200;10086991334;B
20240410;135301;165.6;100;10086991335;B
20240410;135301;165.6;10;10086991336;B
20240410;135301;165.6;30;10086991337;B
20240410;135301;165.6;10;10086991338;B
20240410;135301;165.6;10;10086991339;B
20240410;135301;165.6;200;10086991340;B
20240410;135301;165.6;50;10086991341;B
20240410;135301;165.6;10;10086991342;B
20240410;135301;165.6;100;10086991343;B
20240410;135301;165.6;500;10086991344;B
20240410;135301;165.6;20;10086991345;B
20240410;135301;165.6;30;10086991346;B
20240410;135301;165.6;30;10086991347;B
20240410;135301;165.6;20;10086991348;B
20240410;135301;165.6;10;10086991349;B
20240410;135301;165.6;2500;10086991350;B
20240410;135301;165.62;100;10086991367;B
20240410;135301;165.62;10;10086991368;B
20240410;135301;165.62;50;10086991369;B
20240410;135301;165.64;10;10086991370;B
20240410;135301;165.64;100;10086991371;B
20240410;135301;165.64;10;10086991372;B
20240410;135301;165.64;20;10086991373;B
20240410;135301;165.64;10;10086991374;B
20240410;135301;165.64;100;10086991375;B
20240410;135301;165.64;200;10086991376;B
20240410;135301;165.68;10;10086991377;B
20240410;135301;165.64;100;10086991383;S
20240410;135302;165.6;200;10086991403;S
20240410;135302;165.66;40;10086991416;B
20240410;135302;165.66;160;10086991418;B
20240410;135302;165.68;10;10086991419;B
20240410;135302;165.68;10;10086991420;B
20240410;135302;165.68;50;10086991421;B
20240410;135302;165.68;50;10086991422;B
20240410;135302;165.68;80;10086991423;B
20240410;135302;165.6;100;10086991447;S
20240410;135302;165.68;50;10086991449;B
20240410;135302;165.68;120;10086991457;B
20240410;135302;165.68;40;10086991458;B
20240410;135302;165.68;10;10086991470;B
20240410;135302;165.6;10;10086991486;S
20240410;135302;165.6;110;10086991487;S
20240410;135302;165.6;100;10086991492;S
20240410;135303;165.62;10;10086991526;B
20240410;135303;165.62;1000;10086991527;B
20240410;135303;165.64;100;10086991528;B
20240410;135303;165.66;500;10086991529;B
20240410;135303;165.66;40;10086991530;B
20240410;135303;165.68;30;10086991531;B
20240410;135303;165.6;10;10086991564;S
20240410;135303;165.62;100;10086991568;B
20240410;135303;165.66;50;10086991569;B
20240410;135303;165.68;100;10086991570;B
20240410;135303;165.68;10;10086991587;B
20240410;135303;165.62;10;10086991609;B
20240410;135303;165.68;20;10086991614;B
20240410;135304;165.6;10;10086991640;S
20240410;135304;165.6;50;10086991737;S
20240410;135305;165.6;14690;10086991760;S
20240410;135305;165.6;200;10086991761;S
20240410;135305;165.6;10;10086991762;S
20240410;135305;165.58;4900;10086991763;S
20240410;135305;165.62;100;10086991789;B
20240410;135305;165.56;320;10086991803;S
20240410;135305;165.54;20;10086991804;S
20240410;135305;165.54;660;10086991805;S
20240410;135305;165.62;10;10086991833;B
20240410;135305;165.62;10;10086991834;B
20240410;135305;165.66;210;10086991835;B
20240410;135305;165.58;10;10086991878;S
20240410;135306;165.62;200;10086991916;B
20240410;135306;165.64;400;10086991917;B
20240410;135306;165.64;10;10086991939;B
20240410;135306;165.64;500;10086991968;B
20240410;135306;165.64;290;10086991971;B
20240410;135306;165.64;10;10086991972;B
20240410;135306;165.64;10;10086992003;B
20240410;135306;165.62;100;10086992010;S
20240410;135306;165.6;10;10086992011;B
20240410;135307;165.56;50;10086992040;S
20240410;135307;165.56;10;10086992045;S
20240410;135308;165.6;390;10086992145;B
20240410;135308;165.64;480;10086992146;B
20240410;135308;165.64;110;10086992147;B
20240410;135308;165.64;250;10086992148;B
20240410;135308;165.64;1000;10086992149;B
20240410;135308;165.64;10;10086992150;B
20240410;135308;165.66;990;10086992151;B
20240410;135308;165.66;800;10086992152;B
20240410;135308;165.66;10;10086992153;B
20240410;135308;165.68;1790;10086992154;B
20240410;135308;165.68;1620;10086992155;B
20240410;135308;165.7;100;10086992156;B
20240410;135308;165.7;50;10086992157;B
20240410;135308;165.7;730;10086992158;B
20240410;135308;165.66;200;10086992167;S
20240410;135308;165.64;800;10086992168;S
20240410;135308;165.68;200;10086992169;B
20240410;135308;165.7;270;10086992170;B
20240410;135308;165.7;330;10086992171;B
20240410;135308;165.64;60;10086992178;S
20240410;135308;165.6;10;10086992241;S
20240410;135309;165.62;50;10086992264;B
20240410;135309;165.62;10;10086992265;B
20240410;135309;165.7;440;10086992266;B
20240410;135309;165.7;10;10086992285;B
20240410;135309;165.62;600;10086992315;B
20240410;135309;165.6;10;10086992343;S
20240410;135310;165.62;50;10086992367;B
20240410;135310;165.62;350;10086992379;B
20240410;135310;165.68;10;10086992380;B
20240410;135310;165.68;10;10086992381;B
20240410;135310;165.7;70;10086992386;B
20240410;135310;165.68;10;10086992409;B
20240410;135311;165.6;180;10086992477;S
20240410;135311;165.6;200;10086992478;S
20240410;135311;165.6;120;10086992479;S
20240410;135311;165.64;20;10086992524;B
20240410;135311;165.64;30;10086992548;B
20240410;135311;165.66;50;10086992549;B
20240410;135311;165.66;30;10086992550;B
20240410;135312;165.66;170;10086992595;B
20240410;135312;165.68;10;10086992596;B
20240410;135312;165.68;20;10086992597;B
20240410;135312;165.68;330;10086992635;B
20240410;135312;165.62;100;10086992651;S
20240410;135313;165.68;850;10086992684;B
20240410;135313;165.68;980;10086992685;B
20240410;135313;165.68;20;10086992717;B
20240410;135313;165.68;60;10086992718;B
20240410;135313;165.7;40;10086992719;B
20240410;135313;165.7;10;10086992720;B
20240410;135313;165.7;40;10086992721;B
20240410;135313;165.7;20;10086992722;B
20240410;135313;165.7;100;10086992723;B
20240410;135313;165.7;280;10086992724;B
20240410;135313;165.68;10;10086992749;B
20240410;135313;165.7;10;10086992750;B
20240410;135313;165.7;20;10086992751;B
20240410;135314;165.64;10;10086992808;S
20240410;135314;165.64;190;10086992845;S
20240410;135314;165.64;10;10086992846;S
20240410;135314;165.64;200;10086992847;S
20240410;135314;165.62;110;10086992848;S
20240410;135314;165.66;200;10086992860;B
20240410;135314;165.68;1010;10086992894;B
20240410;135314;165.68;70;10086992898;B
20240410;135315;165.66;200;10086992918;S
20240410;135315;165.68;2320;10086992935;B
20240410;135315;165.66;10;10086993001;S
20240410;135315;165.68;210;10086993024;B
20240410;135316;165.68;100;10086993092;B
20240410;135316;165.68;10;10086993093;B
20240410;135316;165.68;1280;10086993104;B
20240410;135316;165.7;20;10086993139;B
20240410;135316;165.68;10;10086993205;S
20240410;135316;165.68;50;10086993206;S
20240410;135316;165.7;240;10086993213;B
20240410;135317;165.7;500;10086993248;B
20240410;135318;165.7;60;10086993373;B
20240410;135318;165.68;20;10086993387;S
20240410;135319;165.7;300;10086993445;B
20240410;135319;165.68;100;10086993458;S
20240410;135319;165.68;50;10086993459;S
20240410;135319;165.66;90;10086993460;S
20240410;135319;165.66;1800;10086993461;S
20240410;135319;165.66;50;10086993462;S
20240410;135319;165.64;200;10086993463;S
20240410;135319;165.64;970;10086993464;S
20240410;135319;165.64;20;10086993465;S
20240410;135319;165.62;1790;10086993466;S
20240410;135319;165.62;1000;10086993467;S
20240410;135319;165.62;230;10086993468;S
20240410;135319;165.68;200;10086993493;B
20240410;135319;165.7;70;10086993494;B
20240410;135319;165.7;100;10086993495;B
20240410;135319;165.7;10;10086993496;B
20240410;135319;165.7;300;10086993497;B
20240410;135319;165.7;10;10086993498;B
20240410;135319;165.7;20;10086993499;B
20240410;135319;165.7;620;10086993500;B
20240410;135319;165.7;100;10086993501;B
20240410;135319;165.7;200;10086993502;B
20240410;135319;165.7;1030;10086993503;B
20240410;135320;165.64;200;10086993565;S
20240410;135320;165.7;100;10086993573;B
20240410;135320;165.7;220;10086993578;B
20240410;135320;165.64;200;10086993596;S
20240410;135320;165.68;600;10086993636;B
20240410;135320;165.7;400;10086993637;B
20240410;135321;165.68;10;10086993672;S
20240410;135321;165.7;250;10086993694;B
20240410;135321;165.7;50;10086993695;B
20240410;135321;165.68;20;10086993712;S
20240410;135321;165.7;20;10086993733;B
20240410;135321;165.7;130;10086993736;B
20240410;135321;165.7;300;10086993737;B
20240410;135321;165.7;600;10086993738;B
20240410;135321;165.7;10;10086993739;B
20240410;135321;165.7;200;10086993740;B
20240410;135321;165.7;400;10086993741;B
20240410;135321;165.72;20;10086993742;B
20240410;135321;165.72;50;10086993743;B
20240410;135321;165.72;100;10086993744;B
20240410;135321;165.72;630;10086993745;B
20240410;135321;165.72;1000;10086993746;B
20240410;135321;165.72;110;10086993747;B
20240410;135321;165.74;50;10086993748;B
20240410;135321;165.74;10;10086993749;B
20240410;135321;165.74;200;10086993750;B
20240410;135321;165.74;10;10086993751;B
20240410;135321;165.74;3000;10086993752;B
20240410;135321;165.74;20;10086993753;B
20240410;135321;165.74;100;10086993754;B
20240410;135321;165.74;100;10086993755;B
20240410;135321;165.74;100;10086993756;B
20240410;135321;165.74;100;10086993757;B
20240410;135321;165.74;10;10086993758;B
20240410;135321;165.74;100;10086993759;B
20240410;135321;165.74;100;10086993760;B
20240410;135321;165.74;20;10086993761;B
20240410;135321;165.76;200;10086993762;B
20240410;135321;165.76;10;10086993763;B
20240410;135321;165.76;500;10086993764;B
20240410;135321;165.76;100;10086993765;B
20240410;135321;165.76;20;10086993766;B
20240410;135321;165.76;50;10086993767;B
20240410;135321;165.76;100;10086993768;B
20240410;135321;165.76;20;10086993769;B
20240410;135321;165.76;500;10086993770;B
20240410;135321;165.76;100;10086993771;B
20240410;135321;165.76;100;10086993772;B
20240410;135321;165.76;30;10086993773;B
20240410;135321;165.78;10;10086993774;B
20240410;135321;165.78;300;10086993775;B
20240410;135321;165.78;500;10086993776;B
20240410;135321;165.78;50;10086993777;B
20240410;135321;165.78;640;10086993778;B
20240410;135321;165.7;1500;10086993789;S
20240410;135322;165.78;20;10086993877;B
20240410;135322;165.68;10;10086993920;S
20240410;135322;165.7;200;10086993923;S
20240410;135322;165.74;2460;10086993985;B
20240410;135322;165.7;20;10086993988;S
20240410;135323;165.74;300;10086993998;B
20240410;135323;165.7;10;10086994057;S
20240410;135324;165.74;1000;10086994160;B
20240410;135324;165.7;10;10086994170;S
20240410;135325;165.7;20;10086994196;S
20240410;135325;165.7;4740;10086994222;S
20240410;135325;165.68;160;10086994223;S
20240410;135325;165.68;200;10086994224;S
20240410;135325;165.68;300;10086994225;S
20240410;135325;165.68;1000;10086994226;S
20240410;135325;165.66;20;10086994227;S
20240410;135325;165.64;3500;10086994228;S
20240410;135325;165.62;20;10086994229;S
20240410;135325;165.62;11960;10086994230;S
20240410;135325;165.66;10;10086994266;S
20240410;135325;165.66;100;10086994267;S
20240410;135325;165.64;200;10086994268;S
20240410;135325;165.62;2690;10086994269;S
20240410;135325;165.72;150;10086994284;B
20240410;135326;165.66;150;10086994302;B
20240410;135326;165.64;10;10086994322;B
20240410;135326;165.64;10;10086994333;B
20240410;135326;165.64;60;10086994334;B
20240410;135326;165.64;130;10086994375;B
20240410;135326;165.64;10;10086994376;B
20240410;135326;165.66;50;10086994377;B
20240410;135326;165.68;2510;10086994378;B
20240410;135326;165.62;300;10086994389;S
20240410;135326;165.66;50;10086994390;B
20240410;135326;165.68;120;10086994391;B
20240410;135326;165.68;100;10086994396;B
20240410;135327;165.68;100;10086994426;B
20240410;135327;165.68;10;10086994471;B
20240410;135327;165.62;500;10086994484;S
20240410;135327;165.68;10;10086994504;B
20240410;135328;165.68;2150;10086994562;B
20240410;135328;165.68;3750;10086994563;B
20240410;135328;165.7;100;10086994564;B
20240410;135328;165.7;30;10086994565;B
20240410;135328;165.7;70;10086994575;B
20240410;135328;165.72;260;10086994576;B
20240410;135329;165.66;10;10086994688;B
20240410;135329;165.64;120;10086994695;S
20240410;135329;165.7;100;10086994703;B
20240410;135329;165.68;10;10086994763;B
20240410;135329;165.7;20;10086994764;B
20240410;135329;165.72;70;10086994765;B
20240410;135330;165.72;10;10086994805;B
20240410;135330;165.72;10;10086994825;B
20240410;135330;165.72;1910;10086994831;B
20240410;135330;165.72;50;10086994832;B
20240410;135330;165.72;100;10086994833;B
20240410;135330;165.72;400;10086994834;B
20240410;135330;165.7;60;10086994837;S
20240410;135330;165.66;40;10086994838;S
20240410;135331;165.72;200;10086994916;B
20240410;135331;165.72;10;10086994925;B
20240410;135331;165.72;140;10086994957;B
20240410;135331;165.72;30;10086994967;B
20240410;135331;165.68;10;10086994976;B
20240410;135331;165.7;10;10086994977;B
20240410;135331;165.68;190;10086994979;S
20240410;135331;165.68;50;10086994987;B
20240410;135331;165.68;30;10086995054;B
20240410;135331;165.66;10;10086995058;S
20240410;135331;165.64;130;10086995059;S
20240410;135331;165.64;50;10086995060;S
20240410;135331;165.64;50;10086995061;S
20240410;135331;165.62;200;10086995062;S
20240410;135331;165.62;200;10086995063;S
20240410;135331;165.6;50;10086995064;S
20240410;135331;165.6;500;10086995065;S
20240410;135331;165.6;10;10086995066;S
20240410;135332;165.6;280;10086995124;S
20240410;135332;165.6;200;10086995125;S
20240410;135332;165.58;50;10086995126;S
20240410;135332;165.58;170;10086995127;S
20240410;135333;165.58;100;10086995214;S
20240410;135333;165.64;150;10086995232;B
20240410;135334;165.58;100;10086995289;S
20240410;135334;165.58;10;10086995357;S
20240410;135335;165.62;200;10086995490;B
20240410;135335;165.64;50;10086995491;B
20240410;135335;165.64;100;10086995492;B
20240410;135335;165.64;100;10086995493;B
20240410;135335;165.64;140;10086995494;B
20240410;135335;165.6;10;10086995495;S
20240410;135335;165.6;100;10086995505;S
20240410;135336;165.64;1000;10086995514;B
20240410;135336;165.64;10;10086995603;B
20240410;135337;165.6;50;10086995636;S
20240410;135337;165.64;60;10086995662;B
20240410;135337;165.64;10;10086995681;B
20240410;135337;165.64;200;10086995696;B
20240410;135338;165.64;10;10086995813;B
20240410;135338;165.6;840;10086995838;S
20240410;135338;165.6;10;10086995839;S
20240410;135338;165.58;620;10086995840;S
20240410;135338;165.58;10;10086995841;S
20240410;135338;165.56;100;10086995842;S
20240410;135338;165.56;200;10086995843;S
20240410;135338;165.56;10;10086995844;S
20240410;135338;165.54;1000;10086995845;S
20240410;135338;165.54;140;10086995846;S
20240410;135338;165.54;100;10086995847;S
20240410;135338;165.54;50;10086995848;S
20240410;135338;165.52;920;10086995849;S
20240410;135338;165.64;1070;10086995853;B
20240410;135338;165.64;200;10086995854;B
20240410;135338;165.64;920;10086995855;B
20240410;135338;165.66;250;10086995856;B
20240410;135338;165.66;250;10086995857;B
20240410;135338;165.66;1000;10086995858;B
20240410;135338;165.66;100;10086995859;B
20240410;135338;165.66;2240;10086995860;B
20240410;135338;165.66;10;10086995864;B
20240410;135338;165.66;100;10086995874;B
20240410;135339;165.66;30;10086995921;B
20240410;135340;165.62;100;10086996018;B
20240410;135340;165.66;60;10086996019;B
20240410;135340;165.66;220;10086996020;B
20240410;135340;165.68;30;10086996021;B
20240410;135340;165.68;10;10086996022;B
20240410;135340;165.68;300;10086996023;B
20240410;135340;165.66;20;10086996075;B
20240410;135340;165.66;50;10086996076;B
20240410;135340;165.66;100;10086996077;B
20240410;135340;165.66;10;10086996078;B
20240410;135340;165.66;50;10086996079;B
20240410;135340;165.68;700;10086996080;B
20240410;135340;165.68;1710;10086996081;B
20240410;135340;165.68;50;10086996082;B
20240410;135340;165.68;50;10086996083;B
20240410;135340;165.7;20;10086996087;B
20240410;135340;165.7;280;10086996088;B
20240410;135340;165.7;10;10086996111;B
20240410;135340;165.68;10;10086996135;S
20240410;135342;165.68;50;10086996251;S
20240410;135342;165.7;510;10086996257;B
20240410;135342;165.7;50;10086996258;B
20240410;135342;165.7;50;10086996259;B
20240410;135342;165.7;10;10086996260;B
20240410;135342;165.7;10;10086996261;B
20240410;135342;165.7;870;10086996262;B
20240410;135342;165.7;10;10086996263;B
20240410;135342;165.68;200;10086996267;S
20240410;135342;165.68;50;10086996268;S
20240410;135343;165.7;10;10086996360;B
20240410;135343;165.68;200;10086996373;S
20240410;135343;165.7;110;10086996413;B
20240410;135343;165.7;100;10086996414;B
20240410;135343;165.7;50;10086996415;B
20240410;135343;165.7;10;10086996416;B
20240410;135343;165.7;10;10086996417;B
20240410;135343;165.7;220;10086996418;B
20240410;135344;165.7;40;10086996443;B
20240410;135344;165.68;1000;10086996503;S
20240410;135345;165.7;50;10086996603;B
20240410;135345;165.68;1120;10086996610;S
20240410;135345;165.66;200;10086996611;S
20240410;135345;165.64;310;10086996612;S
20240410;135345;165.64;50;10086996613;S
20240410;135345;165.62;50;10086996614;S
20240410;135345;165.62;50;10086996615;S
20240410;135345;165.62;200;10086996616;S
20240410;135345;165.62;20;10086996617;S
20240410;135346;165.62;200;10086996646;S
20240410;135346;165.68;200;10086996666;B
20240410;135348;165.7;10;10086997005;B
20240410;135348;165.7;10;10086997039;B
20240410;135348;165.7;80;10086997053;B
20240410;135349;165.7;20;10086997108;B
20240410;135349;165.7;20;10086997122;B
20240410;135349;165.68;150;10086997147;S
20240410;135349;165.68;850;10086997148;S
20240410;135349;165.7;10;10086997153;B
20240410;135349;165.68;100;10086997190;S
20240410;135350;165.68;50;10086997237;S
20240410;135350;165.66;100;10086997261;S
20240410;135350;165.68;10;10086997282;B
20240410;135351;165.68;30;10086997303;B
20240410;135351;165.68;10;10086997314;B
20240410;135351;165.68;20;10086997325;B
20240410;135351;165.66;240;10086997349;S
20240410;135351;165.64;2500;10086997374;S
20240410;135351;165.66;760;10086997375;B
20240410;135351;165.68;40;10086997376;B
20240410;135351;165.68;1040;10086997381;B
20240410;135351;165.68;1000;10086997382;B
20240410;135351;165.68;500;10086997383;B
20240410;135351;165.7;540;10086997384;B
20240410;135351;165.7;1000;10086997385;B
20240410;135351;165.7;300;10086997386;B
20240410;135351;165.7;10;10086997387;B
20240410;135351;165.7;10;10086997388;B
20240410;135351;165.7;50;10086997389;B
20240410;135351;165.7;1000;10086997390;B
20240410;135351;165.72;250;10086997391;B
20240410;135351;165.72;400;10086997392;B
20240410;135351;165.72;1280;10086997393;B
20240410;135353;165.68;40;10086997526;B
20240410;135353;165.64;200;10086997622;S
20240410;135354;165.68;200;10086997641;B
20240410;135354;165.64;300;10086997645;S
20240410;135354;165.68;100;10086997650;B
20240410;135355;165.66;10;10086997831;B
20240410;135355;165.68;160;10086997902;B
20240410;135355;165.68;190;10086997903;B
20240410;135355;165.72;220;10086997904;B
20240410;135355;165.64;70;10086997915;S
20240410;135355;165.62;50;10086997916;S
20240410;135355;165.62;200;10086997917;S
20240410;135355;165.62;30;10086997918;S
20240410;135355;165.72;50;10086997923;B
20240410;135355;165.72;100;10086997924;B
20240410;135356;165.7;50;10086998007;S
20240410;135356;165.7;40;10086998054;S
20240410;135356;165.62;10;10086998055;S
20240410;135356;165.62;10;10086998060;S
20240410;135357;165.7;130;10086998094;S
20240410;135357;165.68;300;10086998118;B
20240410;135357;165.7;120;10086998119;B
20240410;135357;165.7;2180;10086998120;B
20240410;135359;165.68;10;10086998253;B
20240410;135359;165.68;10;10086998284;B
20240410;135400;165.68;30;10086998375;B
20240410;135400;165.68;130;10086998383;S
20240410;135400;165.64;200;10086998384;S
20240410;135400;165.64;10;10086998385;S
20240410;135400;165.64;100;10086998386;S
20240410;135400;165.64;60;10086998387;S
20240410;135400;165.7;10;10086998389;B
20240410;135400;165.7;10;10086998432;B
20240410;135401;165.7;160;10086998506;B
20240410;135401;165.7;100;10086998525;B
20240410;135401;165.7;20;10086998551;B
20240410;135401;165.7;220;10086998581;B
20240410;135401;165.7;10;10086998582;B
20240410;135401;165.7;80;10086998583;B
20240410;135401;165.7;40;10086998618;B
20240410;135402;165.7;200;10086998662;B
20240410;135403;165.68;10;10086998755;B
20240410;135404;165.66;10;10086998857;B
20240410;135404;165.66;10;10086998884;B
20240410;135404;165.66;280;10086998927;B
20240410;135404;165.66;720;10086998928;B
20240410;135406;165.64;10;10086999086;S
20240410;135406;165.62;200;10086999087;S
20240410;135406;165.62;10;10086999088;S
20240410;135406;165.62;50;10086999089;S
20240410;135406;165.62;10;10086999090;S
20240410;135406;165.62;720;10086999091;S
20240410;135406;165.66;70;10086999103;B
20240410;135407;165.64;10;10086999186;B
20240410;135407;165.62;70;10086999193;S
20240410;135407;165.62;130;10086999194;S
20240410;135407;165.62;870;10086999243;S
20240410;135407;165.6;50;10086999244;S
20240410;135407;165.6;10;10086999245;S
20240410;135407;165.6;250;10086999246;S
20240410;135407;165.6;120;10086999247;S
20240410;135407;165.6;10;10086999248;S
20240410;135407;165.58;10;10086999249;S
20240410;135407;165.56;1680;10086999250;S
20240410;135408;165.64;10;10086999278;B
20240410;135408;165.64;10;10086999306;B
20240410;135408;165.64;170;10086999361;B
20240410;135408;165.64;430;10086999362;B
20240410;135409;165.56;10;10086999376;S
20240410;135409;165.6;10;10086999398;B
20240410;135409;165.6;10;10086999399;B
20240410;135410;165.58;100;10086999560;B
20240410;135410;165.6;180;10086999561;B
20240410;135410;165.6;370;10086999562;B
20240410;135410;165.6;630;10086999568;B
20240410;135410;165.62;200;10086999569;B
20240410;135410;165.62;200;10086999570;B
20240410;135410;165.64;570;10086999571;B
20240410;135410;165.64;100;10086999572;B
20240410;135410;165.64;10;10086999573;B
20240410;135410;165.64;20;10086999574;B
20240410;135410;165.66;20;10086999575;B
20240410;135411;165.66;10;10086999662;B
20240410;135412;165.64;50;10086999750;S
20240410;135412;165.6;300;10086999751;S
20240410;135412;165.58;200;10086999752;S
20240410;135412;165.58;390;10086999753;S
20240410;135412;165.58;2000;10086999754;S
20240410;135412;165.56;10;10086999755;S
20240410;135412;165.56;10;10086999756;S
20240410;135412;165.56;240;10086999757;S
20240410;135413;165.64;1000;10086999829;S
20240410;135413;165.64;1000;10086999830;B
20240410;135413;165.66;180;10086999831;B
20240410;135413;165.66;10;10086999851;B
20240410;135413;165.6;20;10086999852;S
20240410;135413;165.54;30;10086999952;S
20240410;135413;165.54;30;10086999953;S
20240410;135413;165.54;20;10086999954;S
20240410;135413;165.54;200;10086999955;S
20240410;135413;165.52;100;10086999956;S
20240410;135413;165.52;10;10086999957;S
20240410;135413;165.52;610;10086999958;S
20240410;135414;165.64;300;10087000001;B
20240410;135414;165.58;200;10087000119;S
20240410;135414;165.58;50;10087000120;S
20240410;135415;165.58;50;10087000238;B
20240410;135415;165.58;50;10087000266;B
20240410;135415;165.56;50;10087000272;S
20240410;135415;165.54;50;10087000273;S
20240410;135415;165.52;3660;10087000274;S
20240410;135415;165.5;10;10087000275;S
20240410;135415;165.5;100;10087000276;S
20240410;135415;165.5;50;10087000277;S
20240410;135415;165.5;60;10087000278;S
20240410;135415;165.5;1000;10087000279;S
20240410;135415;165.5;1000;10087000280;S
20240410;135415;165.5;30;10087000281;S
20240410;135415;165.5;100;10087000282;S
20240410;135415;165.5;250;10087000283;S
20240410;135415;165.58;20;10087000337;B
20240410;135416;165.48;100;10087000390;S
20240410;135416;165.48;150;10087000415;S
20240410;135416;165.48;10;10087000416;S
20240410;135416;165.46;410;10087000417;S
20240410;135416;165.46;50;10087000418;S
20240410;135416;165.46;80;10087000419;S
20240410;135416;165.44;9300;10087000420;S
20240410;135416;165.5;50;10087000444;B
20240410;135416;165.54;10;10087000467;B
20240410;135416;165.54;40;10087000481;B
20240410;135417;165.52;50;10087000605;B
20240410;135417;165.52;50;10087000615;B
20240410;135417;165.54;150;10087000616;B
20240410;135417;165.54;490;10087000617;B
20240410;135417;165.56;100;10087000618;B
20240410;135417;165.56;50;10087000619;B
20240410;135417;165.58;130;10087000620;B
20240410;135417;165.58;1580;10087000621;B
20240410;135417;165.58;190;10087000622;B
20240410;135417;165.58;200;10087000623;B
20240410;135417;165.58;50;10087000624;B
20240410;135417;165.6;3660;10087000625;B
20240410;135417;165.6;50;10087000626;B
20240410;135417;165.62;50;10087000635;B
20240410;135417;165.62;10;10087000636;B
20240410;135417;165.64;20;10087000637;B
20240410;135417;165.64;200;10087000638;B
20240410;135417;165.64;140;10087000639;B
20240410;135418;165.62;20;10087000884;B
20240410;135419;165.62;310;10087000949;B
20240410;135419;165.6;100;10087000955;S
20240410;135419;165.6;1000;10087000992;S
20240410;135420;165.6;350;10087001038;S
20240410;135420;165.6;100;10087001041;S
20240410;135420;165.62;670;10087001053;B
20240410;135420;165.62;10;10087001054;B
20240410;135420;165.62;100;10087001055;B
20240410;135420;165.62;20;10087001056;B
20240410;135420;165.6;400;10087001090;S
20240410;135420;165.6;200;10087001124;S
20240410;135421;165.6;120;10087001129;S
20240410;135421;165.62;480;10087001176;B
20240410;135421;165.62;500;10087001177;B
20240410;135421;165.62;50;10087001178;B
20240410;135421;165.62;100;10087001179;B
20240410;135421;165.6;1000;10087001190;S
20240410;135422;165.62;500;10087001216;B
20240410;135422;165.6;30;10087001302;S
20240410;135422;165.52;200;10087001303;S
20240410;135422;165.52;200;10087001304;S
20240410;135422;165.52;170;10087001305;S
20240410;135422;165.52;370;10087001306;S
20240410;135424;165.56;180;10087001490;S
20240410;135424;165.52;100;10087001528;S
20240410;135424;165.54;210;10087001532;B
20240410;135424;165.52;10;10087001539;S
20240410;135425;165.54;110;10087001575;B
20240410;135425;165.58;70;10087001576;B
20240410;135426;165.56;100;10087001714;B
20240410;135426;165.58;30;10087001715;B
20240410;135426;165.6;200;10087001716;B
20240410;135426;165.6;310;10087001717;B
20240410;135426;165.6;790;10087001718;B
20240410;135426;165.6;50;10087001719;B
20240410;135426;165.6;1000;10087001720;B
20240410;135426;165.6;50;10087001721;B
20240410;135426;165.6;6000;10087001722;B
20240410;135426;165.6;100;10087001723;B
20240410;135426;165.6;20;10087001724;B
20240410;135426;165.62;1350;10087001725;B
20240410;135427;165.52;100;10087001807;S
20240410;135428;165.6;10;10087001893;B
20240410;135428;165.6;10;10087001946;B
20240410;135429;165.6;180;10087002006;B
20240410;135429;165.6;10;10087002007;B
20240410;135429;165.62;410;10087002008;B
20240410;135429;165.58;20;10087002030;S
20240410;135429;165.52;80;10087002031;S
20240410;135429;165.6;10;10087002082;S
20240410;135430;165.56;20;10087002117;S
20240410;135430;165.52;200;10087002118;S
20240410;135430;165.52;250;10087002119;S
20240410;135430;165.52;50;10087002120;S
20240410;135430;165.52;480;10087002121;S
20240410;135431;165.56;200;10087002219;B
20240410;135431;165.5;20;10087002227;S
20240410;135431;165.5;30;10087002228;S
20240410;135431;165.5;590;10087002229;S
20240410;135431;165.5;50;10087002230;S
20240410;135431;165.5;100;10087002231;S
20240410;135431;165.5;30;10087002232;S
20240410;135431;165.5;180;10087002233;S
20240410;135431;165.52;50;10087002284;S
20240410;135432;165.52;10;10087002345;B
20240410;135432;165.48;50;10087002346;S
20240410;135432;165.48;50;10087002347;S
20240410;135432;165.52;40;10087002366;B
20240410;135432;165.56;100;10087002367;B
20240410;135432;165.56;200;10087002368;B
20240410;135432;165.58;200;10087002369;B
20240410;135432;165.58;810;10087002370;B
20240410;135432;165.5;100;10087002400;S
20240410;135432;165.5;100;10087002406;S
20240410;135433;165.58;10;10087002466;B
20240410;135433;165.52;100;10087002498;S
20240410;135435;165.58;40;10087002714;B
20240410;135435;165.58;450;10087002715;B
20240410;135435;165.58;90;10087002716;B
20240410;135435;165.58;490;10087002717;B
20240410;135437;165.56;10;10087002857;B
20240410;135437;165.52;10;10087002949;S
20240410;135437;165.56;170;10087002976;B
20240410;135437;165.56;1000;10087002977;B
20240410;135437;165.56;3830;10087002978;B
20240410;135437;165.54;20;10087003042;S
20240410;135438;165.56;10;10087003065;B
20240410;135438;165.56;30;10087003070;B
20240410;135438;165.56;10;10087003135;B
20240410;135438;165.54;30;10087003171;S
20240410;135439;165.56;80;10087003198;B
20240410;135439;165.56;100;10087003208;B
20240410;135439;165.54;850;10087003224;S
20240410;135439;165.54;150;10087003225;S
20240410;135439;165.56;890;10087003249;B
20240410;135439;165.54;800;10087003250;S
20240410;135440;165.56;50;10087003401;B
20240410;135440;165.56;20;10087003402;B
20240410;135440;165.58;10;10087003403;B
20240410;135441;165.58;10;10087003537;B
20240410;135442;165.58;180;10087003588;B
20240410;135442;165.58;200;10087003609;B
20240410;135443;165.54;100;10087003755;S
20240410;135443;165.54;250;10087003756;S
20240410;135443;165.52;5000;10087003757;S
20240410;135443;165.5;200;10087003758;S
20240410;135443;165.5;20;10087003759;S
20240410;135443;165.5;1000;10087003760;S
20240410;135443;165.5;10;10087003761;S
20240410;135443;165.48;20;10087003762;S
20240410;135443;165.46;2700;10087003763;S
20240410;135444;165.56;40;10087003832;B
20240410;135444;165.56;10;10087003857;B
20240410;135444;165.56;130;10087003878;B
20240410;135444;165.56;790;10087003879;B
20240410;135444;165.56;480;10087003880;B
20240410;135444;165.56;800;10087003881;B
20240410;135444;165.58;110;10087003882;B
20240410;135444;165.58;1000;10087003883;B
20240410;135444;165.58;10;10087003884;B
20240410;135444;165.58;780;10087003885;B
20240410;135445;165.56;20;10087003955;B
20240410;135445;165.56;10;10087003956;B
20240410;135445;165.54;10;10087003981;B
20240410;135445;165.56;490;10087003982;B
20240410;135445;165.58;520;10087003983;B
20240410;135445;165.58;50;10087003984;B
20240410;135445;165.58;730;10087003985;B
20240410;135445;165.5;180;10087004024;S
20240410;135445;165.48;220;10087004025;S
20240410;135445;165.58;30;10087004028;B
20240410;135447;165.56;10;10087004192;B
20240410;135448;165.54;10;10087004310;B
20240410;135448;165.54;150;10087004325;B
20240410;135448;165.54;50;10087004328;B
20240410;135448;165.54;20;10087004344;B
20240410;135449;165.54;30;10087004395;B
20240410;135449;165.54;500;10087004482;B
20240410;135450;165.54;240;10087004498;B
20240410;135450;165.54;180;10087004499;B
20240410;135450;165.54;10;10087004500;B
20240410;135450;165.56;390;10087004501;B
20240410;135450;165.56;610;10087004526;B
20240410;135450;165.56;10;10087004527;B
20240410;135450;165.58;4030;10087004528;B
20240410;135450;165.58;20;10087004529;B
20240410;135450;165.58;330;10087004530;B
20240410;135451;165.56;100;10087004632;S
20240410;135451;165.52;180;10087004633;S
20240410;135451;165.52;250;10087004634;S
20240410;135451;165.5;1470;10087004635;S
20240410;135452;165.5;530;10087004734;S
20240410;135452;165.5;30;10087004735;S
20240410;135452;165.5;20;10087004736;S
20240410;135452;165.48;1380;10087004737;S
20240410;135452;165.48;50;10087004738;S
20240410;135452;165.48;170;10087004739;S
20240410;135452;165.46;2820;10087004740;S
20240410;135452;165.48;10;10087004775;S
20240410;135452;165.56;10;10087004787;B
20240410;135452;165.58;190;10087004788;B
20240410;135453;165.56;50;10087004886;B
20240410;135453;165.56;20;10087004887;B
20240410;135453;165.58;20;10087004888;B
20240410;135453;165.58;170;10087004889;B
20240410;135453;165.58;650;10087004890;B
20240410;135454;165.48;170;10087004923;S
20240410;135454;165.48;690;10087004924;S
20240410;135454;165.46;3660;10087004925;S
20240410;135454;165.46;380;10087004926;S
20240410;135456;165.54;10;10087005100;B
20240410;135456;165.48;30;10087005125;S
20240410;135456;165.48;150;10087005132;S
20240410;135456;165.46;250;10087005133;S
20240410;135456;165.54;490;10087005151;B
20240410;135456;165.56;180;10087005152;B
20240410;135456;165.56;330;10087005153;B
20240410;135456;165.54;100;10087005161;B
20240410;135456;165.54;80;10087005181;B
20240410;135456;165.56;20;10087005182;B
20240410;135456;165.54;180;10087005186;B
20240410;135457;165.54;1000;10087005222;S
20240410;135457;165.56;30;10087005240;B
20240410;135457;165.56;30;10087005262;B
20240410;135457;165.56;20;10087005278;B
20240410;135458;165.56;50;10087005286;B
20240410;135458;165.54;10;10087005425;S
20240410;135459;165.54;1610;10087005450;S
20240410;135459;165.54;10;10087005451;S
20240410;135459;165.52;180;10087005452;S
20240410;135459;165.5;430;10087005453;S
20240410;135459;165.48;590;10087005454;S
20240410;135459;165.48;20;10087005455;S
20240410;135459;165.46;370;10087005456;S
20240410;135459;165.46;1490;10087005457;S
20240410;135459;165.46;300;10087005458;S
20240410;135459;165.44;660;10087005459;S
20240410;135459;165.44;1000;10087005460;S
20240410;135459;165.44;3340;10087005461;S
20240410;135459;165.54;10;10087005526;B
20240410;135501;165.52;10;10087005716;S
20240410;135501;165.52;100;10087005766;B
20240410;135501;165.54;170;10087005767;B
20240410;135501;165.54;130;10087005768;B
20240410;135501;165.54;20;10087005779;B
20240410;135501;165.54;10;10087005786;B
20240410;135501;165.54;130;10087005796;B
20240410;135502;165.46;110;10087005808;S
20240410;135502;165.54;100;10087005810;B
20240410;135502;165.54;20;10087005814;B
20240410;135502;165.54;50;10087005883;B
20240410;135503;165.5;30;10087005909;B
20240410;135503;165.5;20;10087005972;B
20240410;135504;165.5;60;10087006006;B
20240410;135504;165.5;100;10087006007;B
20240410;135504;165.54;1030;10087006008;B
20240410;135504;165.54;300;10087006009;B
20240410;135504;165.54;800;10087006010;B
20240410;135504;165.54;20;10087006011;B
20240410;135504;165.56;100;10087006012;B
20240410;135504;165.56;90;10087006013;B
20240410;135504;165.54;60;10087006030;B
20240410;135504;165.56;10;10087006042;B
20240410;135504;165.56;50;10087006043;B
20240410;135504;165.56;10;10087006044;B
20240410;135504;165.56;500;10087006045;B
20240410;135504;165.56;3090;10087006046;B
20240410;135504;165.56;100;10087006047;B
20240410;135504;165.56;40;10087006048;B
20240410;135504;165.52;10;10087006067;S
20240410;135504;165.46;90;10087006084;S
20240410;135504;165.46;50;10087006085;S
20240410;135504;165.46;10;10087006086;S
20240410;135504;165.46;350;10087006087;S
20240410;135505;165.5;20;10087006116;B
20240410;135506;165.48;10;10087006206;B
20240410;135506;165.48;80;10087006235;B
20240410;135506;165.5;320;10087006236;B
20240410;135506;165.46;100;10087006237;S
20240410;135506;165.48;10;10087006255;B
20240410;135508;165.46;550;10087006363;S
20240410;135508;165.46;10;10087006364;S
20240410;135508;165.46;10;10087006365;S
20240410;135508;165.44;180;10087006366;S
20240410;135508;165.44;450;10087006367;S
20240410;135508;165.48;60;10087006370;B
20240410;135508;165.46;100;10087006422;S
20240410;135508;165.44;400;10087006423;S
20240410;135508;165.48;70;10087006426;B
20240410;135509;165.48;80;10087006509;B
20240410;135509;165.48;30;10087006514;B
20240410;135509;165.44;30;10087006571;S
20240410;135510;165.48;20;10087006598;B
20240410;135510;165.48;150;10087006599;B
20240410;135510;165.48;50;10087006639;B
20240410;135510;165.48;30;10087006640;B
20240410;135510;165.48;1000;10087006641;B
20240410;135510;165.5;900;10087006642;B
20240410;135510;165.46;30;10087006693;S
20240410;135510;165.46;50;10087006694;S
20240410;135510;165.44;20;10087006695;S
20240410;135511;165.5;300;10087006723;B
20240410;135512;165.46;10;10087006887;B
20240410;135512;165.5;30;10087006892;B
20240410;135513;165.5;10;10087006934;B
20240410;135513;165.46;20;10087006992;S
20240410;135513;165.5;30;10087007049;B
20240410;135514;165.46;1280;10087007153;S
20240410;135514;165.46;400;10087007235;S
20240410;135515;165.46;10;10087007309;S
20240410;135516;165.48;10;10087007440;B
20240410;135517;165.48;10;10087007469;B
20240410;135517;165.48;30;10087007473;B
20240410;135517;165.48;30;10087007527;B
20240410;135518;165.46;20;10087007593;S
20240410;135518;165.46;100;10087007630;S
20240410;135518;165.46;100;10087007712;S
20240410;135519;165.48;30;10087007757;B
20240410;135519;165.48;10;10087007762;B
20240410;135519;165.46;500;10087007805;S
20240410;135521;165.46;570;10087008080;S
20240410;135521;165.46;150;10087008081;S
20240410;135521;165.44;100;10087008082;S
20240410;135521;165.44;200;10087008083;S
20240410;135521;165.44;150;10087008084;S
20240410;135521;165.42;500;10087008085;S
20240410;135521;165.42;600;10087008086;S
20240410;135521;165.42;2170;10087008087;S
20240410;135521;165.42;70;10087008088;S
20240410;135521;165.4;10;10087008089;S
20240410;135521;165.4;50;10087008090;S
20240410;135521;165.4;70;10087008091;S
20240410;135521;165.4;1000;10087008092;S
20240410;135521;165.38;20;10087008093;S
20240410;135521;165.38;200;10087008094;S
20240410;135521;165.38;1040;10087008095;S
20240410;135521;165.38;200;10087008096;S
20240410;135521;165.36;10;10087008097;S
20240410;135521;165.36;10;10087008098;S
20240410;135521;165.36;10000;10087008099;S
20240410;135521;165.34;10;10087008100;S
20240410;135521;165.34;2670;10087008101;S
20240410;135521;165.36;160;10087008160;S
20240410;135521;165.34;1340;10087008161;S
20240410;135521;165.34;990;10087008165;S
20240410;135521;165.32;1000;10087008166;S
20240410;135521;165.32;520;10087008167;S
20240410;135521;165.3;50;10087008168;S
20240410;135521;165.28;100;10087008169;S
20240410;135521;165.28;150;10087008170;S
20240410;135521;165.26;60;10087008171;S
20240410;135521;165.26;130;10087008172;S
20240410;135522;165.24;600;10087008273;S
20240410;135522;165.24;50;10087008274;S
20240410;135523;165.3;10;10087008391;B
20240410;135524;165.3;10;10087008498;B
20240410;135524;165.32;200;10087008499;B
20240410;135524;165.34;150;10087008500;B
20240410;135524;165.34;1000;10087008501;B
20240410;135524;165.34;1000;10087008502;B
20240410;135524;165.34;910;10087008503;B
20240410;135524;165.36;3660;10087008504;B
20240410;135524;165.36;170;10087008505;B
20240410;135524;165.38;890;10087008506;B
20240410;135525;165.28;150;10087008588;S
20240410;135526;165.28;30;10087008727;S
20240410;135527;165.32;10;10087008796;B
20240410;135527;165.32;150;10087008869;B
20240410;135527;165.34;360;10087008870;B
20240410;135528;165.34;80;10087008925;B
20240410;135528;165.34;180;10087008941;B
20240410;135528;165.34;110;10087008942;B
20240410;135528;165.36;150;10087008943;B
20240410;135528;165.38;520;10087008944;B
20240410;135528;165.38;200;10087008945;B
20240410;135528;165.4;200;10087008946;B
20240410;135528;165.4;3660;10087008947;B
20240410;135528;165.42;2500;10087008948;B
20240410;135528;165.42;2480;10087008949;B
20240410;135529;165.38;10;10087009059;B
20240410;135529;165.4;50;10087009075;B
20240410;135530;165.4;450;10087009219;B
20240410;135530;165.44;100;10087009220;B
20240410;135530;165.46;200;10087009221;B
20240410;135530;165.48;30;10087009222;B
20240410;135530;165.48;900;10087009223;B
20240410;135530;165.36;150;10087009226;S
20240410;135530;165.34;780;10087009227;S
20240410;135530;165.34;1550;10087009228;S
20240410;135530;165.34;120;10087009262;S
20240410;135531;165.46;10;10087009292;B
20240410;135531;165.34;20;10087009310;S
20240410;135531;165.46;140;10087009311;B
20240410;135531;165.48;10;10087009312;B
20240410;135531;165.48;30;10087009313;B
20240410;135531;165.48;10;10087009358;B
20240410;135532;165.48;130;10087009378;B
20240410;135532;165.5;100;10087009379;B
20240410;135532;165.5;10;10087009380;B
20240410;135532;165.5;50;10087009381;B
20240410;135532;165.5;740;10087009382;B
20240410;135532;165.5;500;10087009383;B
20240410;135532;165.5;20;10087009384;B
20240410;135532;165.52;50;10087009385;B
20240410;135532;165.54;30;10087009386;B
20240410;135532;165.54;1070;10087009387;B
20240410;135532;165.54;320;10087009409;B
20240410;135532;165.56;10;10087009422;B
20240410;135532;165.56;10;10087009423;B
20240410;135532;165.56;10;10087009424;B
20240410;135532;165.56;100;10087009425;B
20240410;135532;165.58;10;10087009428;B
20240410;135532;165.58;80;10087009429;B
20240410;135532;165.46;150;10087009438;S
20240410;135532;165.46;350;10087009439;S
20240410;135532;165.56;150;10087009466;B
20240410;135532;165.58;400;10087009481;B
20240410;135533;165.46;150;10087009527;S
20240410;135533;165.46;350;10087009528;S
20240410;135534;165.56;10;10087009633;B
20240410;135534;165.56;20;10087009657;B
20240410;135535;165.56;10;10087009719;B
20240410;135535;165.56;10;10087009755;B
20240410;135537;165.56;80;10087009908;B
20240410;135537;165.52;10;10087009914;S
20240410;135537;165.52;10;10087009915;S
20240410;135537;165.5;1220;10087009916;S
20240410;135537;165.48;50;10087009917;S
20240410;135537;165.48;1080;10087009918;S
20240410;135537;165.48;30;10087009919;S
20240410;135537;165.46;40;10087009920;S
20240410;135537;165.46;20;10087009935;S
20240410;135537;165.56;20;10087009966;B
20240410;135537;165.56;50;10087009967;B
20240410;135537;165.56;80;10087009979;B
20240410;135538;165.46;10;10087010061;S
20240410;135538;165.54;10;10087010093;B
20240410;135538;165.54;10;10087010094;B
20240410;135539;165.54;10;10087010142;B
20240410;135539;165.54;20;10087010160;B
20240410;135539;165.54;300;10087010161;B
20240410;135539;165.54;610;10087010179;B
20240410;135539;165.54;200;10087010180;B
20240410;135539;165.56;70;10087010181;B
20240410;135539;165.56;60;10087010182;B
20240410;135539;165.56;60;10087010183;B
20240410;135541;165.54;10;10087010309;B
20240410;135542;165.56;310;10087010404;B
20240410;135542;165.48;20;10087010444;S
20240410;135543;165.48;10;10087010542;S
20240410;135543;165.48;500;10087010584;S
20240410;135545;165.48;690;10087010732;S
20240410;135545;165.48;1530;10087010733;S
20240410;135545;165.46;80;10087010734;S
20240410;135545;165.46;50;10087010735;S
20240410;135545;165.46;520;10087010736;S
20240410;135545;165.46;370;10087010737;S
20240410;135546;165.52;20;10087010867;B
20240410;135548;165.52;20;10087011091;B
20240410;135549;165.48;150;10087011155;S
20240410;135549;165.46;1000;10087011156;S
20240410;135549;165.46;60;10087011157;S
20240410;135549;165.46;20;10087011238;B
20240410;135550;165.44;10;10087011289;B
20240410;135551;165.38;80;10087011395;S
20240410;135551;165.38;920;10087011403;S
20240410;135551;165.38;10;10087011404;S
20240410;135551;165.38;150;10087011405;S
20240410;135551;165.36;500;10087011406;S
20240410;135551;165.36;10;10087011407;S
20240410;135551;165.34;760;10087011408;S
20240410;135551;165.34;600;10087011409;S
20240410;135551;165.34;1040;10087011410;S
20240410;135551;165.32;6240;10087011411;S
20240410;135551;165.32;3070;10087011412;S
20240410;135551;165.4;10;10087011471;B
20240410;135551;165.42;10;10087011472;B
20240410;135552;165.34;160;10087011636;S
20240410;135552;165.32;340;10087011637;S
20240410;135552;165.38;160;10087011660;B
20240410;135553;165.38;150;10087011748;B
20240410;135553;165.38;10;10087011762;B
20240410;135553;165.4;90;10087011763;B
20240410;135554;165.34;30;10087011844;S
20240410;135555;165.38;160;10087011878;B
20240410;135555;165.38;40;10087011911;S
20240410;135557;165.34;10;10087012099;S
20240410;135557;165.36;20;10087012136;B
20240410;135557;165.34;280;10087012171;S
20240410;135557;165.3;200;10087012172;S
20240410;135557;165.3;520;10087012173;S
20240410;135558;165.3;20;10087012259;S
20240410;135558;165.3;160;10087012260;S
20240410;135558;165.3;430;10087012261;S
20240410;135558;165.28;5810;10087012262;S
20240410;135558;165.26;10;10087012263;S
20240410;135558;165.26;20;10087012264;S
20240410;135558;165.24;350;10087012265;S
20240410;135558;165.24;1850;10087012266;S
20240410;135558;165.24;3320;10087012267;S
20240410;135558;165.22;10;10087012268;S
20240410;135558;165.22;10;10087012269;S
20240410;135558;165.22;70;10087012270;S
20240410;135558;165.22;2940;10087012271;S
20240410;135559;165.2;500;10087012364;S
20240410;135559;165.2;20;10087012365;S
20240410;135559;165.2;70;10087012366;S
20240410;135559;165.3;30;10087012380;B
20240410;135600;165.2;20;10087012435;S
20240410;135600;165.2;480;10087012436;S
20240410;135600;165.3;10;10087012448;B
20240410;135602;165.26;10;10087012744;B
20240410;135603;165.22;220;10087012791;S
20240410;135603;165.22;280;10087012792;S
20240410;135603;165.24;30;10087012853;S
20240410;135604;165.24;30;10087012928;S
20240410;135605;165.32;170;10087013086;B
20240410;135605;165.32;1520;10087013087;B
20240410;135605;165.32;1220;10087013088;B
20240410;135605;165.32;200;10087013089;B
20240410;135605;165.34;1560;10087013090;B
20240410;135605;165.34;1000;10087013091;B
20240410;135605;165.36;3660;10087013092;B
20240410;135605;165.36;3660;10087013093;B
20240410;135605;165.36;10;10087013094;B
20240410;135605;165.38;2690;10087013095;B
20240410;135605;165.26;130;10087013121;S
20240410;135606;165.36;10;10087013141;B
20240410;135606;165.26;870;10087013166;S
20240410;135606;165.26;200;10087013167;S
20240410;135606;165.24;760;10087013168;S
20240410;135606;165.26;30;10087013217;S
20240410;135606;165.26;270;10087013218;S
20240410;135607;165.36;20;10087013240;B
20240410;135607;165.36;10;10087013279;B
20240410;135608;165.36;200;10087013306;B
20240410;135608;165.36;100;10087013307;B
20240410;135608;165.36;20;10087013367;B
20240410;135608;165.28;10;10087013381;S
20240410;135610;165.28;60;10087013475;S
20240410;135610;165.28;50;10087013622;S
20240410;135610;165.28;200;10087013623;S
20240410;135610;165.28;10;10087013624;S
20240410;135610;165.26;390;10087013625;S
20240410;135610;165.26;500;10087013626;S
20240410;135610;165.24;180;10087013627;S
20240410;135610;165.24;190;10087013628;S
20240410;135610;165.24;480;10087013629;S
20240410;135611;165.34;10;10087013744;B
20240410;135611;165.34;90;10087013745;B
20240410;135612;165.28;10;10087013947;S
20240410;135613;165.32;30;10087014225;B
20240410;135615;165.28;20;10087014480;S
20240410;135616;165.32;20;10087014603;B
20240410;135616;165.32;10;10087014638;B
20240410;135616;165.3;10;10087014654;S
20240410;135617;165.3;10;10087014699;S
20240410;135617;165.28;20;10087014700;S
20240410;135617;165.28;20;10087014701;S
20240410;135617;165.28;10;10087014709;S
20240410;135617;165.32;10;10087014803;B
20240410;135620;165.28;200;10087015084;S
20240410;135620;165.28;40;10087015103;S
20240410;135621;165.28;10;10087015135;S
20240410;135621;165.28;10;10087015201;S
20240410;135621;165.28;50;10087015232;S
20240410;135622;165.28;10;10087015265;S
20240410;135622;165.3;200;10087015286;B
20240410;135622;165.3;50;10087015287;B
20240410;135622;165.32;40;10087015288;B
20240410;135622;165.34;110;10087015289;B
20240410;135622;165.34;180;10087015290;B
20240410;135622;165.28;10;10087015291;S
20240410;135624;165.34;10;10087015537;B
20240410;135624;165.36;360;10087015538;B
20240410;135624;165.36;400;10087015539;B
20240410;135624;165.38;1590;10087015540;B
20240410;135625;165.38;70;10087015688;B
20240410;135627;165.38;160;10087015832;B
20240410;135628;165.34;70;10087015924;S
20240410;135628;165.34;90;10087015966;S
20240410;135628;165.38;10;10087015984;B
20240410;135628;165.34;100;10087016021;S
20240410;135629;165.34;400;10087016090;S
20240410;135630;165.34;110;10087016118;S
20240410;135630;165.34;10;10087016140;S
20240410;135631;165.38;10;10087016209;B
20240410;135632;165.34;100;10087016370;S
20240410;135633;165.38;10;10087016497;B
20240410;135634;165.38;420;10087016508;B
20240410;135634;165.38;70;10087016509;B
20240410;135635;165.38;10;10087016674;B
20240410;135636;165.38;30;10087016889;B
20240410;135636;165.4;20;10087016890;B
20240410;135637;165.4;80;10087017019;B
20240410;135637;165.4;30;10087017020;B
20240410;135637;165.4;100;10087017021;B
20240410;135637;165.4;10;10087017022;B
20240410;135637;165.42;100;10087017023;B
20240410;135637;165.42;430;10087017024;B
20240410;135638;165.34;100;10087017109;S
20240410;135638;165.34;80;10087017118;S
20240410;135638;165.34;50;10087017119;S
20240410;135638;165.34;20;10087017120;S
20240410;135643;165.4;50;10087017620;B
20240410;135643;165.42;600;10087017621;B
20240410;135643;165.42;300;10087017622;B
20240410;135643;165.44;30;10087017623;B
20240410;135643;165.44;130;10087017624;B
20240410;135644;165.44;190;10087017660;B
20240410;135644;165.44;20;10087017716;B
20240410;135645;165.38;110;10087017812;S
20240410;135645;165.44;390;10087017828;B
20240410;135646;165.44;1000;10087017904;B
20240410;135646;165.38;30;10087017929;S
20240410;135646;165.38;10;10087017930;S
20240410;135646;165.36;10;10087017931;S
20240410;135649;165.42;10;10087018149;B
20240410;135649;165.42;30;10087018150;B
20240410;135649;165.44;20;10087018244;B
20240410;135650;165.38;160;10087018293;S
20240410;135650;165.44;450;10087018315;B
20240410;135650;165.42;20;10087018349;B
20240410;135650;165.44;30;10087018350;B
20240410;135652;165.44;10;10087018493;B
20240410;135652;165.4;10;10087018542;S
20240410;135652;165.38;80;10087018543;S
20240410;135653;165.44;10;10087018609;B
20240410;135654;165.38;100;10087018700;S
20240410;135654;165.38;1000;10087018808;S
20240410;135655;165.38;20;10087018857;S
20240410;135656;165.42;20;10087018910;B
20240410;135658;165.42;980;10087019092;B
20240410;135658;165.42;270;10087019093;B
20240410;135658;165.44;750;10087019094;B
20240410;135658;165.4;10;10087019223;B
20240410;135659;165.38;10;10087019288;S
20240410;135659;165.44;150;10087019366;B
20240410;135703;165.44;4380;10087019910;B
20240410;135704;165.4;600;10087020001;S
20240410;135705;165.44;20;10087020085;B
20240410;135705;165.44;10;10087020086;B
20240410;135706;165.4;10;10087020192;S
20240410;135707;165.44;10;10087020287;B
20240410;135709;165.44;10;10087020488;B
20240410;135709;165.44;40;10087020489;B
20240410;135709;165.44;70;10087020504;B
20240410;135709;165.44;1190;10087020505;B
20240410;135709;165.44;100;10087020506;B
20240410;135709;165.44;100;10087020507;B
20240410;135709;165.44;100;10087020508;B
20240410;135709;165.44;50;10087020509;B
20240410;135709;165.46;5770;10087020510;B
20240410;135709;165.46;3820;10087020511;B
20240410;135709;165.46;180;10087020512;B
20240410;135709;165.46;280;10087020513;B
20240410;135709;165.48;20;10087020515;B
20240410;135710;165.46;550;10087020550;S
20240410;135710;165.44;1220;10087020551;S
20240410;135710;165.44;500;10087020552;S
20240410;135710;165.44;50;10087020553;S
20240410;135710;165.42;4000;10087020554;S
20240410;135710;165.42;160;10087020555;S
20240410;135710;165.4;50;10087020556;S
20240410;135710;165.4;10;10087020557;B
20240410;135710;165.4;10;10087020609;B
20240410;135711;165.38;20;10087020653;S
20240410;135711;165.38;50;10087020654;S
20240410;135711;165.38;30;10087020655;S
20240410;135711;165.38;100;10087020720;S
20240410;135711;165.38;770;10087020750;S
20240410;135711;165.38;10;10087020751;S
20240410;135711;165.36;50;10087020752;S
20240410;135711;165.36;10;10087020753;S
20240410;135712;165.4;10;10087020779;B
20240410;135713;165.42;160;10087020925;B
20240410;135713;165.48;190;10087020926;B
20240410;135713;165.42;70;10087020980;B
20240410;135713;165.48;40;10087020981;B
20240410;135713;165.48;250;10087020982;B
20240410;135713;165.48;50;10087020983;B
20240410;135713;165.48;20;10087020984;B
20240410;135713;165.48;570;10087020985;B
20240410;135714;165.4;270;10087021025;S
20240410;135714;165.38;530;10087021026;S
20240410;135714;165.38;30;10087021027;S
20240410;135714;165.38;160;10087021028;S
20240410;135714;165.36;1210;10087021029;S
20240410;135714;165.36;300;10087021030;S
20240410;135718;165.44;10;10087021391;S
20240410;135718;165.38;10;10087021392;S
20240410;135719;165.46;30;10087021489;B
20240410;135720;165.46;80;10087021680;B
20240410;135720;165.46;10;10087021683;B
20240410;135722;165.38;10;10087021914;S
20240410;135723;165.38;50;10087022042;S
20240410;135725;165.46;10;10087022196;B
20240410;135725;165.46;10;10087022209;B
20240410;135725;165.38;100;10087022210;S
20240410;135725;165.38;420;10087022211;S
20240410;135725;165.38;20;10087022212;S
20240410;135725;165.38;50;10087022213;S
20240410;135725;165.38;50;10087022214;S
20240410;135725;165.36;1530;10087022215;S
20240410;135725;165.36;3180;10087022216;S
20240410;135725;165.36;1650;10087022217;S
20240410;135725;165.38;50;10087022225;S
20240410;135725;165.46;20;10087022293;B
20240410;135725;165.46;20;10087022294;B
20240410;135725;165.48;100;10087022295;B
20240410;135725;165.48;150;10087022296;B
20240410;135726;165.38;100;10087022351;S
20240410;135727;165.4;20;10087022543;B
20240410;135727;165.4;10;10087022557;B
20240410;135729;165.4;10;10087022727;B
20240410;135729;165.38;20;10087022765;S
20240410;135731;165.38;80;10087022902;S
20240410;135731;165.36;20;10087022903;S
20240410;135731;165.4;80;10087022929;B
20240410;135731;165.46;100;10087022930;B
20240410;135733;165.36;20;10087023230;S
20240410;135734;165.46;20;10087023266;B
20240410;135734;165.38;240;10087023342;S
20240410;135734;165.36;10;10087023343;S
20240410;135734;165.36;750;10087023344;S
20240410;135736;165.44;550;10087023496;B
20240410;135737;165.38;10;10087023612;S
20240410;135737;165.36;150;10087023613;S
20240410;135737;165.36;240;10087023614;S
20240410;135738;165.44;10;10087023667;B
20240410;135739;165.36;200;10087023768;S
20240410;135741;165.38;10;10087024062;B
20240410;135741;165.38;10;10087024139;B
20240410;135742;165.34;10;10087024152;S
20240410;135742;165.34;90;10087024153;S
20240410;135742;165.38;40;10087024214;B
20240410;135742;165.38;550;10087024215;B
20240410;135743;165.38;120;10087024294;B
20240410;135743;165.34;10;10087024304;S
20240410;135743;165.34;150;10087024305;S
20240410;135744;165.34;100;10087024345;S
20240410;135744;165.38;220;10087024372;B
20240410;135745;165.38;10;10087024512;B
20240410;135746;165.4;150;10087024559;B
20240410;135746;165.4;300;10087024560;B
20240410;135746;165.4;50;10087024561;B
20240410;135746;165.4;20;10087024607;B
20240410;135747;165.38;300;10087024684;B
20240410;135748;165.4;10;10087024764;B
20240410;135750;165.38;400;10087024948;S
20240410;135750;165.4;220;10087024952;B
20240410;135750;165.4;80;10087024953;B
20240410;135751;165.4;20;10087025001;B
20240410;135751;165.4;30;10087025002;B
20240410;135751;165.4;7700;10087025003;B
20240410;135754;165.4;150;10087025332;B
20240410;135754;165.38;70;10087025367;S
20240410;135754;165.38;30;10087025402;S
20240410;135754;165.38;210;10087025403;S
20240410;135754;165.36;60;10087025404;S
20240410;135755;165.4;100;10087025503;B
20240410;135755;165.36;60;10087025563;S
20240410;135755;165.34;2440;10087025564;S
20240410;135756;165.4;800;10087025694;B
20240410;135757;165.4;40;10087025802;B
20240410;135759;165.38;50;10087026189;B
20240410;135759;165.38;10;10087026227;B
20240410;135800;165.38;10;10087026264;B
20240410;135800;165.38;30;10087026280;B
20240410;135800;165.4;920;10087026281;B
20240410;135801;165.36;100;10087026418;S
20240410;135801;165.36;20;10087026452;S
20240410;135802;165.4;20;10087026659;B
20240410;135804;165.4;680;10087026946;B
20240410;135804;165.4;320;10087026947;B
20240410;135804;165.4;1300;10087026982;B
20240410;135804;165.38;10;10087027000;S
20240410;135805;165.4;20;10087027037;B
20240410;135805;165.4;60;10087027077;B
20240410;135807;165.38;30;10087027256;S
20240410;135807;165.38;60;10087027257;S
20240410;135807;165.38;10;10087027258;S
20240410;135807;165.38;100;10087027259;S
20240410;135807;165.4;50;10087027326;B
20240410;135809;165.4;850;10087027562;B
20240410;135809;165.4;100;10087027563;B
20240410;135809;165.4;10;10087027564;B
20240410;135809;165.4;500;10087027565;B
20240410;135809;165.4;500;10087027566;B
20240410;135809;165.42;300;10087027567;B
20240410;135809;165.42;10;10087027568;B
20240410;135809;165.42;70;10087027569;B
20240410;135809;165.42;20;10087027570;B
20240410;135809;165.44;640;10087027571;B
20240410;135809;165.38;200;10087027603;S
20240410;135809;165.38;230;10087027605;S
20240410;135809;165.38;30;10087027606;S
20240410;135809;165.36;40;10087027607;S
20240410;135810;165.44;100;10087027718;B
20240410;135811;165.38;20;10087027837;S
20240410;135811;165.38;80;10087027838;S
20240410;135811;165.44;10;10087027855;B
20240410;135811;165.44;10;10087027878;B
20240410;135812;165.38;120;10087028062;S
20240410;135812;165.44;40;10087028066;B
20240410;135813;165.44;10;10087028193;B
20240410;135814;165.44;90;10087028302;B
20240410;135814;165.38;80;10087028369;S
20240410;135814;165.44;130;10087028407;B
20240410;135815;165.44;50;10087028542;B
20240410;135815;165.44;390;10087028578;B
20240410;135815;165.44;130;10087028603;B
20240410;135815;165.44;40;10087028604;B
20240410;135815;165.44;160;10087028626;B
20240410;135816;165.44;70;10087028640;B
20240410;135816;165.44;1130;10087028641;B
20240410;135816;165.44;300;10087028642;B
20240410;135816;165.44;90;10087028643;B
20240410;135816;165.44;70;10087028644;B
20240410;135816;165.44;30;10087028649;B
20240410;135816;165.46;30;10087028650;B
20240410;135816;165.46;150;10087028673;B
20240410;135816;165.46;400;10087028755;B
20240410;135816;165.46;50;10087028781;B
20240410;135816;165.46;130;10087028790;B
20240410;135816;165.4;30;10087028796;S
20240410;135816;165.46;50;10087028802;B
20240410;135816;165.46;50;10087028803;B
20240410;135817;165.46;50;10087028821;B
20240410;135817;165.46;100;10087028841;B
20240410;135817;165.46;100;10087028842;B
20240410;135817;165.46;50;10087028879;B
20240410;135817;165.46;70;10087028880;B
20240410;135817;165.46;270;10087028899;B
20240410;135817;165.46;60;10087028922;B
20240410;135817;165.46;310;10087028928;B
20240410;135817;165.46;830;10087028930;B
20240410;135818;165.46;740;10087028975;B
20240410;135818;165.46;20;10087028976;B
20240410;135818;165.46;80;10087028987;B
20240410;135818;165.46;100;10087028988;B
20240410;135818;165.48;20;10087028989;B
20240410;135818;165.5;10;10087029023;B
20240410;135818;165.5;140;10087029024;B
20240410;135818;165.5;10;10087029034;B
20240410;135818;165.5;50;10087029037;B
20240410;135818;165.5;30;10087029044;B
20240410;135818;165.5;40;10087029045;B
20240410;135818;165.5;130;10087029046;B
20240410;135819;165.5;130;10087029108;B
20240410;135819;165.5;50;10087029109;B
20240410;135819;165.5;40;10087029110;B
20240410;135819;165.5;60;10087029116;B
20240410;135819;165.5;500;10087029120;B
20240410;135819;165.5;100;10087029142;B
20240410;135819;165.5;180;10087029150;B
20240410;135819;165.5;120;10087029153;B
20240410;135819;165.5;60;10087029159;B
20240410;135819;165.5;40;10087029165;B
20240410;135819;165.5;240;10087029166;B
20240410;135819;165.5;380;10087029193;B
20240410;135819;165.5;80;10087029197;B
20240410;135819;165.5;220;10087029199;B
20240410;135819;165.5;80;10087029204;B
20240410;135819;165.5;50;10087029205;B
20240410;135819;165.5;80;10087029206;B
20240410;135820;165.5;120;10087029235;B
20240410;135820;165.5;500;10087029236;B
20240410;135820;165.5;10;10087029237;B
20240410;135820;165.5;20;10087029238;B
20240410;135820;165.5;60;10087029243;B
20240410;135820;165.5;20;10087029245;B
20240410;135820;165.5;20;10087029246;B
20240410;135820;165.5;500;10087029247;B
20240410;135820;165.5;10;10087029248;B
20240410;135820;165.5;40;10087029249;B
20240410;135820;165.5;60;10087029258;B
20240410;135820;165.5;300;10087029262;B
20240410;135820;165.5;130;10087029264;B
20240410;135820;165.5;180;10087029283;B
20240410;135820;165.5;190;10087029312;B
20240410;135820;165.5;100;10087029333;B
20240410;135820;165.5;240;10087029334;B
20240410;135820;165.5;470;10087029360;B
20240410;135821;165.5;360;10087029387;B
20240410;135821;165.5;310;10087029390;B
20240410;135821;165.5;10;10087029398;B
20240410;135821;165.5;1110;10087029399;B
20240410;135821;165.5;90;10087029400;B
20240410;135821;165.5;110;10087029425;B
20240410;135821;165.5;90;10087029435;B
20240410;135821;165.5;120;10087029437;B
20240410;135821;165.5;110;10087029450;B
20240410;135821;165.44;30;10087029462;S
20240410;135821;165.42;70;10087029463;S
20240410;135821;165.5;480;10087029541;B
20240410;135821;165.5;180;10087029542;B
20240410;135821;165.5;590;10087029562;B
20240410;135822;165.5;590;10087029666;B
20240410;135822;165.5;1000;10087029667;B
20240410;135822;165.5;310;10087029719;B
20240410;135822;165.44;20;10087029733;S
20240410;135822;165.5;200;10087029734;B
20240410;135822;165.5;130;10087029750;B
20240410;135822;165.5;980;10087029751;B
20240410;135822;165.48;100;10087029770;B
20240410;135822;165.5;1020;10087029771;B
20240410;135822;165.5;1000;10087029772;B
20240410;135822;165.52;10;10087029773;B
20240410;135822;165.52;100;10087029774;B
20240410;135822;165.52;100;10087029775;B
20240410;135822;165.52;10;10087029776;B
20240410;135822;165.52;1000;10087029777;B
20240410;135823;165.52;110;10087029816;B
20240410;135823;165.52;10;10087029821;B
20240410;135823;165.52;70;10087029879;B
20240410;135823;165.52;330;10087029897;B
20240410;135824;165.52;120;10087029931;B
20240410;135824;165.52;90;10087029949;B
20240410;135824;165.54;590;10087029992;B
20240410;135824;165.54;120;10087030047;B
20240410;135825;165.54;310;10087030071;B
20240410;135825;165.54;50;10087030072;B
20240410;135825;165.5;320;10087030085;S
20240410;135825;165.48;10;10087030086;S
20240410;135825;165.48;150;10087030087;S
20240410;135825;165.46;710;10087030088;S
20240410;135825;165.52;20;10087030096;B
20240410;135825;165.52;130;10087030127;B
20240410;135825;165.54;230;10087030128;B
20240410;135825;165.54;510;10087030134;B
20240410;135825;165.54;180;10087030157;B
20240410;135825;165.54;10;10087030163;B
20240410;135826;165.44;10;10087030180;S
20240410;135826;165.5;10;10087030192;B
20240410;135826;165.5;60;10087030249;B
20240410;135826;165.46;20;10087030260;S
20240410;135827;165.5;80;10087030306;B
20240410;135827;165.46;10;10087030380;S
20240410;135827;165.46;90;10087030381;S
20240410;135828;165.5;850;10087030413;B
20240410;135828;165.5;150;10087030414;B
20240410;135828;165.46;100;10087030435;S
20240410;135829;165.5;560;10087030548;B
20240410;135829;165.52;1240;10087030549;B
20240410;135829;165.52;420;10087030573;B
20240410;135831;165.54;50;10087030701;B
20240410;135831;165.5;50;10087030762;B
20240410;135832;165.5;110;10087030817;B
20240410;135832;165.5;160;10087030836;B
20240410;135832;165.54;1770;10087030837;B
20240410;135832;165.54;240;10087030841;B
20240410;135832;165.54;300;10087030939;B
20240410;135832;165.54;70;10087030999;B
20240410;135832;165.54;620;10087031030;B
20240410;135832;165.56;100;10087031031;B
20240410;135832;165.56;10;10087031032;B
20240410;135832;165.56;970;10087031033;B
20240410;135832;165.56;110;10087031034;B
20240410;135832;165.56;10;10087031035;B
20240410;135832;165.56;410;10087031036;B
20240410;135832;165.56;10;10087031038;B
20240410;135832;165.56;120;10087031039;B
20240410;135833;165.56;440;10087031066;B
20240410;135833;165.56;130;10087031069;B
20240410;135833;165.56;110;10087031074;B
20240410;135833;165.56;40;10087031116;B
20240410;135833;165.56;410;10087031143;B
20240410;135833;165.58;520;10087031144;B
20240410;135833;165.58;70;10087031145;B
20240410;135834;165.58;100;10087031157;B
20240410;135834;165.58;330;10087031159;B
20240410;135834;165.58;40;10087031162;B
20240410;135834;165.58;160;10087031170;B
20240410;135834;165.58;300;10087031172;B
20240410;135834;165.58;200;10087031173;B
20240410;135834;165.5;30;10087031189;S
20240410;135834;165.56;30;10087031226;B
20240410;135834;165.58;300;10087031227;B
20240410;135834;165.58;100;10087031228;B
20240410;135834;165.58;760;10087031229;B
20240410;135834;165.58;240;10087031252;B
20240410;135834;165.58;70;10087031253;B
20240410;135834;165.58;1930;10087031257;B
20240410;135834;165.58;1070;10087031258;B
20240410;135834;165.58;750;10087031262;B
20240410;135834;165.58;110;10087031263;B
20240410;135835;165.58;70;10087031273;B
20240410;135835;165.58;370;10087031274;B
20240410;135835;165.58;400;10087031276;B
20240410;135835;165.58;70;10087031286;B
20240410;135835;165.58;160;10087031291;B
20240410;135835;165.58;140;10087031292;B
20240410;135835;165.58;40;10087031296;B
20240410;135835;165.58;660;10087031302;B
20240410;135835;165.58;90;10087031320;B
20240410;135835;165.56;20;10087031346;B
20240410;135835;165.58;70;10087031380;B
20240410;135835;165.58;30;10087031381;B
20240410;135835;165.58;230;10087031391;B
20240410;135836;165.58;90;10087031397;B
20240410;135836;165.58;460;10087031415;B
20240410;135836;165.58;190;10087031416;B
20240410;135836;165.6;100;10087031417;B
20240410;135836;165.6;10;10087031418;B
20240410;135836;165.6;30;10087031419;B
20240410;135836;165.6;70;10087031427;B
20240410;135836;165.6;100;10087031428;B
20240410;135836;165.6;100;10087031429;B
20240410;135836;165.6;50;10087031430;B
20240410;135836;165.6;50;10087031431;B
20240410;135836;165.6;90;10087031432;B
20240410;135836;165.6;100;10087031433;B
20240410;135836;165.6;10;10087031434;B
20240410;135836;165.62;100;10087031435;B
20240410;135836;165.62;10;10087031436;B
20240410;135836;165.62;320;10087031437;B
20240410;135836;165.62;160;10087031472;B
20240410;135836;165.62;100;10087031478;B
20240410;135836;165.62;90;10087031480;B
20240410;135836;165.62;40;10087031506;B
20240410;135837;165.62;50;10087031524;B
20240410;135837;165.62;100;10087031551;B
20240410;135837;165.6;250;10087031581;S
20240410;135837;165.6;160;10087031582;B
20240410;135837;165.58;290;10087031601;S
20240410;135837;165.6;500;10087031607;B
20240410;135837;165.6;250;10087031610;B
20240410;135837;165.6;620;10087031613;B
20240410;135837;165.6;100;10087031619;B
20240410;135837;165.6;100;10087031621;B
20240410;135837;165.58;370;10087031630;S
20240410;135837;165.6;340;10087031640;B
20240410;135837;165.6;1000;10087031641;B
20240410;135837;165.58;700;10087031643;S
20240410;135838;165.6;110;10087031650;B
20240410;135838;165.6;40;10087031720;B
20240410;135838;165.6;210;10087031723;B
20240410;135838;165.6;200;10087031724;B
20240410;135838;165.64;100;10087031725;B
20240410;135838;165.64;200;10087031726;B
20240410;135838;165.64;980;10087031727;B
20240410;135838;165.58;150;10087031747;S
20240410;135838;165.6;170;10087031764;B
20240410;135838;165.6;30;10087031771;B
20240410;135838;165.64;100;10087031772;B
20240410;135838;165.64;110;10087031799;B
20240410;135838;165.64;10;10087031805;B
20240410;135838;165.64;100;10087031806;B
20240410;135838;165.66;460;10087031807;B
20240410;135838;165.66;40;10087031811;B
20240410;135838;165.66;50;10087031812;B
20240410;135838;165.66;50;10087031836;B
20240410;135838;165.66;150;10087031840;B
20240410;135838;165.66;100;10087031841;B
20240410;135838;165.66;10;10087031842;B
20240410;135838;165.66;80;10087031843;B
20240410;135839;165.66;10;10087031856;B
20240410;135839;165.66;10;10087031884;B
20240410;135839;165.66;100;10087031885;B
20240410;135839;165.66;20;10087031923;B
20240410;135839;165.66;30;10087031928;B
20240410;135839;165.66;60;10087031929;B
20240410;135839;165.66;50;10087031946;B
20240410;135839;165.66;10;10087031948;B
20240410;135839;165.66;10;10087031966;B
20240410;135839;165.66;20;10087031999;B
20240410;135839;165.66;10;10087032008;B
20240410;135840;165.66;200;10087032065;B
20240410;135840;165.66;40;10087032083;B
20240410;135840;165.66;10;10087032092;B
20240410;135840;165.66;30;10087032119;B
20240410;135840;165.66;40;10087032130;B
20240410;135840;165.66;20;10087032143;B
20240410;135840;165.66;490;10087032144;B
20240410;135840;165.66;300;10087032155;B
20240410;135840;165.66;60;10087032172;B
20240410;135840;165.66;110;10087032175;B
20240410;135840;165.66;10;10087032183;B
20240410;135841;165.66;100;10087032207;B
20240410;135841;165.68;100;10087032234;B
20240410;135841;165.68;10;10087032235;B
20240410;135841;165.68;130;10087032236;B
20240410;135841;165.68;170;10087032313;B
20240410;135841;165.68;40;10087032314;B
20240410;135842;165.68;170;10087032393;B
20240410;135842;165.68;190;10087032419;B
20240410;135842;165.68;150;10087032420;B
20240410;135842;165.68;50;10087032434;B
20240410;135842;165.68;200;10087032458;B
20240410;135842;165.7;680;10087032459;B
20240410;135842;165.7;150;10087032460;B
20240410;135842;165.7;30;10087032461;B
20240410;135842;165.7;100;10087032462;B
20240410;135842;165.7;10;10087032463;B
20240410;135842;165.7;100;10087032464;B
20240410;135842;165.7;100;10087032465;B
20240410;135842;165.7;40;10087032466;B
20240410;135842;165.7;10;10087032497;B
20240410;135842;165.7;90;10087032498;B
20240410;135842;165.7;10;10087032502;B
20240410;135842;165.7;220;10087032505;B
20240410;135842;165.7;210;10087032525;B
20240410;135842;165.7;2000;10087032528;B
20240410;135843;165.7;310;10087032542;B
20240410;135843;165.7;160;10087032559;B
20240410;135843;165.7;130;10087032560;B
20240410;135843;165.7;50;10087032577;B
20240410;135843;165.7;20;10087032579;B
20240410;135843;165.7;60;10087032580;B
20240410;135843;165.7;250;10087032581;B
20240410;135843;165.7;160;10087032612;B
20240410;135843;165.68;10;10087032675;S
20240410;135843;165.68;10;10087032676;S
20240410;135843;165.68;10;10087032677;S
20240410;135843;165.68;10;10087032678;S
20240410;135843;165.68;250;10087032679;S
20240410;135843;165.66;10;10087032680;S
20240410;135843;165.64;150;10087032681;S
20240410;135843;165.64;410;10087032682;S
20240410;135843;165.62;330;10087032683;S
20240410;135843;165.6;40;10087032684;S
20240410;135843;165.6;50;10087032685;S
20240410;135843;165.6;20;10087032686;S
20240410;135843;165.6;100;10087032687;S
20240410;135843;165.6;200;10087032688;S
20240410;135843;165.58;1220;10087032689;S
20240410;135843;165.58;970;10087032690;S
20240410;135843;165.58;10;10087032691;S
20240410;135843;165.56;200;10087032692;S
20240410;135843;165.56;1530;10087032693;S
20240410;135843;165.56;3530;10087032694;S
20240410;135843;165.56;50;10087032695;S
20240410;135843;165.54;3000;10087032696;S
20240410;135843;165.54;3660;10087032697;S
20240410;135843;165.54;10000;10087032698;S
20240410;135843;165.54;10000;10087032699;S
20240410;135843;165.52;250;10087032700;S
20240410;135843;165.52;50;10087032701;S
20240410;135843;165.52;50;10087032702;S
20240410;135843;165.52;10000;10087032703;S
20240410;135843;165.5;110;10087032704;S
20240410;135843;165.5;500;10087032705;S
20240410;135843;165.5;50;10087032706;S
20240410;135843;165.5;1520;10087032707;S
20240410;135843;165.62;150;10087032737;B
20240410;135843;165.62;200;10087032738;B
20240410;135844;165.62;980;10087032763;B
20240410;135844;165.62;40;10087032777;B
20240410;135844;165.62;10;10087032796;B
20240410;135844;165.62;60;10087032848;B
20240410;135844;165.66;290;10087032849;B
20240410;135844;165.66;40;10087032878;B
20240410;135844;165.66;240;10087032904;B
20240410;135844;165.66;10;10087032908;B
20240410;135844;165.64;150;10087032934;B
20240410;135845;165.64;40;10087032967;B
20240410;135845;165.64;10;10087032992;B
20240410;135845;165.64;100;10087033119;B
20240410;135845;165.66;250;10087033120;B
20240410;135845;165.66;250;10087033121;B
20240410;135845;165.66;300;10087033122;B
20240410;135845;165.62;10;10087033253;S
20240410;135845;165.62;10;10087033254;S
20240410;135845;165.66;140;10087033402;B
20240410;135845;165.66;60;10087033415;B
20240410;135846;165.66;50;10087033489;B
20240410;135846;165.68;130;10087033490;B
20240410;135846;165.68;30;10087033539;B
20240410;135846;165.68;10;10087033554;B
20240410;135846;165.68;40;10087033583;B
20240410;135846;165.66;10;10087033588;B
20240410;135846;165.66;10;10087033604;B
20240410;135846;165.66;10;10087033607;B
20240410;135847;165.66;10;10087033702;B
20240410;135847;165.66;10;10087033752;B
20240410;135847;165.66;100;10087033753;B
20240410;135847;165.66;210;10087033754;B
20240410;135847;165.66;20;10087033791;B
20240410;135848;165.66;20;10087033848;B
20240410;135848;165.66;10;10087033916;B
20240410;135850;165.66;40;10087034181;B
20240410;135850;165.66;10;10087034289;B
20240410;135850;165.66;690;10087034295;B
20240410;135850;165.66;10;10087034296;B
20240410;135850;165.66;250;10087034297;B
20240410;135850;165.68;50;10087034298;B
20240410;135850;165.68;640;10087034299;B
20240410;135850;165.68;410;10087034300;B
20240410;135850;165.68;50;10087034301;B
20240410;135850;165.68;650;10087034302;B
20240410;135850;165.68;50;10087034303;B
20240410;135850;165.68;1000;10087034304;B
20240410;135850;165.7;380;10087034305;B
20240410;135851;165.7;710;10087034446;B
20240410;135851;165.7;10;10087034447;B
20240410;135852;165.64;350;10087034534;S
20240410;135852;165.68;320;10087034559;B
20240410;135852;165.7;10;10087034571;B
20240410;135852;165.7;10;10087034572;B
20240410;135852;165.7;190;10087034573;B
20240410;135852;165.7;20;10087034574;B
20240410;135852;165.64;30;10087034591;S
20240410;135852;165.64;10;10087034592;S
20240410;135852;165.64;10;10087034593;S
20240410;135852;165.64;10;10087034594;S
20240410;135852;165.64;10;10087034595;S
20240410;135852;165.64;10;10087034596;S
20240410;135853;165.7;1800;10087034769;B
20240410;135853;165.7;10;10087034794;B
20240410;135853;165.7;7880;10087034808;B
20240410;135853;165.7;50;10087034809;B
20240410;135853;165.7;10000;10087034810;B
20240410;135853;165.7;3660;10087034811;B
20240410;135853;165.7;3370;10087034812;B
20240410;135853;165.72;380;10087034813;B
20240410;135853;165.72;8260;10087034814;B
20240410;135854;165.64;100;10087034871;S
20240410;135854;165.64;230;10087034896;S
20240410;135854;165.64;50;10087034897;S
20240410;135854;165.62;20;10087034898;S
20240410;135855;165.7;500;10087035027;B
20240410;135855;165.72;1050;10087035028;B
20240410;135856;165.7;10;10087035336;B
20240410;135856;165.72;5130;10087035337;B
20240410;135857;165.72;60;10087035491;B
20240410;135857;165.72;140;10087035492;B
20240410;135857;165.72;1200;10087035567;B
20240410;135857;165.72;80;10087035568;B
20240410;135858;165.66;10;10087035626;S
20240410;135858;165.72;10;10087035673;B
20240410;135859;165.72;70;10087035771;B
20240410;135859;165.72;20;10087035774;B
20240410;135859;165.7;10;10087035810;S
20240410;135859;165.7;600;10087035858;S
20240410;135900;165.72;2490;10087035952;B
20240410;135900;165.72;10;10087035955;B
20240410;135900;165.72;60;10087035987;B
20240410;135900;165.7;20;10087036026;S
20240410;135901;165.72;300;10087036074;B
20240410;135901;165.72;190;10087036081;B
20240410;135901;165.72;930;10087036085;B
20240410;135901;165.72;10;10087036086;B
20240410;135901;165.72;110;10087036087;B
20240410;135901;165.72;1000;10087036088;B
20240410;135901;165.72;100;10087036089;B
20240410;135901;165.72;1250;10087036090;B
20240410;135901;165.74;2050;10087036091;B
20240410;135901;165.74;640;10087036147;B
20240410;135901;165.74;80;10087036160;B
20240410;135901;165.74;600;10087036181;B
20240410;135902;165.74;250;10087036251;B
20240410;135902;165.74;240;10087036269;B
20240410;135902;165.74;240;10087036335;B
20240410;135902;165.74;40;10087036354;B
20240410;135902;165.7;1440;10087036368;S
20240410;135902;165.7;770;10087036369;S
20240410;135902;165.7;150;10087036370;S
20240410;135903;165.7;100;10087036391;B
20240410;135903;165.7;700;10087036495;B
20240410;135903;165.7;250;10087036525;B
20240410;135904;165.7;250;10087036554;B
20240410;135904;165.7;1340;10087036592;B
20240410;135904;165.7;10;10087036593;B
20240410;135904;165.72;150;10087036594;B
20240410;135904;165.72;250;10087036595;B
20240410;135904;165.72;250;10087036596;B
20240410;135904;165.74;2100;10087036597;B
20240410;135904;165.74;50;10087036598;B
20240410;135904;165.74;100;10087036599;B
20240410;135904;165.74;1000;10087036600;B
20240410;135904;165.74;250;10087036601;B
20240410;135904;165.74;250;10087036602;B
20240410;135904;165.74;250;10087036603;B
20240410;135904;165.76;20;10087036604;B
20240410;135904;165.76;20;10087036605;B
20240410;135904;165.76;100;10087036606;B
20240410;135904;165.76;100;10087036607;B
20240410;135904;165.76;500;10087036608;B
20240410;135904;165.76;1260;10087036609;B
20240410;135904;165.72;10;10087036653;B
20240410;135904;165.72;10;10087036676;B
20240410;135904;165.72;10;10087036689;B
20240410;135904;165.72;220;10087036697;B
20240410;135904;165.76;1440;10087036698;B
20240410;135904;165.76;10;10087036699;B
20240410;135904;165.76;330;10087036700;B
20240410;135905;165.72;30;10087036826;B
20240410;135905;165.76;170;10087036827;B
20240410;135905;165.76;10;10087036828;B
20240410;135905;165.76;100;10087036829;B
20240410;135905;165.76;10;10087036830;B
20240410;135905;165.76;460;10087036831;B
20240410;135906;165.76;420;10087036875;B
20240410;135906;165.76;10;10087036930;B
20240410;135906;165.76;20;10087036954;B
20240410;135907;165.76;90;10087037022;B
20240410;135907;165.76;50;10087037023;B
20240410;135907;165.78;10;10087037024;B
20240410;135907;165.78;10;10087037025;B
20240410;135907;165.78;10;10087037026;B
20240410;135907;165.78;220;10087037027;B
20240410;135907;165.78;10;10087037028;B
20240410;135907;165.78;100;10087037029;B
20240410;135907;165.78;100;10087037030;B
20240410;135907;165.78;10;10087037031;B
20240410;135907;165.78;590;10087037032;B
20240410;135907;165.78;50;10087037035;B
20240410;135907;165.76;50;10087037101;B
20240410;135907;165.76;30;10087037106;B
20240410;135907;165.76;40;10087037152;B
20240410;135908;165.76;10;10087037181;B
20240410;135908;165.76;10;10087037213;B
20240410;135908;165.76;10;10087037272;B
20240410;135908;165.76;10;10087037284;B
20240410;135908;165.7;40;10087037296;S
20240410;135908;165.76;340;10087037318;B
20240410;135908;165.78;360;10087037319;B
20240410;135908;165.78;100;10087037320;B
20240410;135908;165.78;60;10087037321;B
20240410;135908;165.78;500;10087037322;B
20240410;135908;165.78;320;10087037323;B
20240410;135908;165.78;50;10087037324;B
20240410;135908;165.78;50;10087037325;B
20240410;135908;165.78;160;10087037326;B
20240410;135908;165.8;10;10087037327;B
20240410;135908;165.8;10;10087037328;B
20240410;135908;165.8;10;10087037329;B
20240410;135908;165.8;80;10087037330;B
20240410;135908;165.8;50;10087037331;B
20240410;135908;165.8;2000;10087037332;B
20240410;135908;165.8;10;10087037333;B
20240410;135908;165.8;50;10087037334;B
20240410;135908;165.8;200;10087037335;B
20240410;135908;165.8;2000;10087037336;B
20240410;135908;165.8;7000;10087037337;B
20240410;135908;165.8;50;10087037338;B
20240410;135908;165.8;10;10087037339;B
20240410;135908;165.8;100;10087037340;B
20240410;135908;165.8;100;10087037341;B
20240410;135908;165.8;10;10087037342;B
20240410;135908;165.8;20;10087037343;B
20240410;135908;165.8;250;10087037344;B
20240410;135908;165.8;500;10087037345;B
20240410;135908;165.8;30;10087037346;B
20240410;135908;165.8;3340;10087037347;B
20240410;135909;165.8;10;10087037366;B
20240410;135909;165.8;10;10087037370;B
20240410;135909;165.72;10;10087037398;B
20240410;135909;165.72;10;10087037402;B
20240410;135909;165.72;30;10087037415;B
20240410;135909;165.78;970;10087037416;B
20240410;135909;165.8;1000;10087037419;B
20240410;135909;165.8;10;10087037430;B
20240410;135909;165.72;50;10087037458;S
20240410;135909;165.7;10;10087037459;S
20240410;135909;165.7;10;10087037460;S
20240410;135909;165.7;30;10087037461;S
20240410;135909;165.68;10;10087037462;S
20240410;135909;165.68;20;10087037463;S
20240410;135909;165.68;100;10087037464;S
20240410;135909;165.68;150;10087037465;S
20240410;135909;165.68;100;10087037466;S
20240410;135909;165.68;1450;10087037467;S
20240410;135910;165.7;50;10087037529;S
20240410;135910;165.78;30;10087037550;B
20240410;135910;165.76;20;10087037632;B
20240410;135911;165.76;10;10087037694;B
20240410;135912;165.76;20;10087037878;B
20240410;135912;165.72;100;10087038016;S
20240410;135912;165.72;10;10087038018;S
20240410;135912;165.76;20;10087038062;B
20240410;135912;165.76;30;10087038076;B
20240410;135912;165.76;50;10087038077;B
20240410;135913;165.72;180;10087038094;S
20240410;135913;165.72;640;10087038095;S
20240410;135913;165.72;100;10087038096;S
20240410;135913;165.7;950;10087038097;S
20240410;135913;165.7;410;10087038098;S
20240410;135913;165.68;10;10087038099;S
20240410;135913;165.66;50;10087038100;S
20240410;135913;165.66;150;10087038101;S
20240410;135913;165.66;1220;10087038102;S
20240410;135913;165.66;100;10087038103;S
20240410;135913;165.64;80;10087038104;S
20240410;135913;165.64;400;10087038105;S
20240410;135913;165.64;1000;10087038106;S
20240410;135913;165.64;970;10087038107;S
20240410;135913;165.64;20;10087038108;S
20240410;135913;165.62;3660;10087038109;S
20240410;135913;165.62;10;10087038110;S
20240410;135913;165.62;3660;10087038111;S
20240410;135913;165.62;10;10087038112;S
20240410;135913;165.62;50;10087038113;S
20240410;135913;165.62;1530;10087038114;S
20240410;135913;165.6;1000;10087038115;S
20240410;135913;165.6;5000;10087038116;S
20240410;135913;165.6;20;10087038117;S
20240410;135913;165.6;120;10087038118;S
20240410;135913;165.6;50;10087038119;S
20240410;135913;165.6;250;10087038120;S
20240410;135913;165.6;300;10087038121;S
20240410;135913;165.6;10;10087038122;S
20240410;135913;165.6;10000;10087038123;S
20240410;135913;165.6;10000;10087038124;S
20240410;135913;165.58;1500;10087038125;S
20240410;135913;165.58;200;10087038126;S
20240410;135913;165.58;1000;10087038127;S
20240410;135913;165.58;9870;10087038128;S
20240410;135913;165.56;10000;10087038129;S
20240410;135913;165.56;1000;10087038130;S
20240410;135913;165.56;250;10087038131;S
20240410;135913;165.56;480;10087038132;S
20240410;135913;165.56;50;10087038133;S
20240410;135913;165.54;9520;10087038134;S
20240410;135913;165.54;10000;10087038135;S
20240410;135913;165.52;10000;10087038136;S
20240410;135913;165.52;250;10087038137;S
20240410;135913;165.5;1000;10087038138;S
20240410;135913;165.5;2420;10087038139;S
20240410;135913;165.5;510;10087038140;S
20240410;135913;165.52;1220;10087038142;S
20240410;135913;165.52;10;10087038182;B
20240410;135913;165.58;10;10087038202;B
20240410;135913;165.52;1220;10087038206;S
20240410;135913;165.54;30;10087038227;B
20240410;135913;165.52;1000;10087038250;B
20240410;135913;165.56;180;10087038257;B
20240410;135913;165.58;1220;10087038258;B
20240410;135913;165.56;80;10087038267;B
20240410;135913;165.58;180;10087038268;B
20240410;135913;165.52;20;10087038322;S
20240410;135914;165.56;3620;10087038328;B
20240410;135914;165.6;40;10087038368;B
20240410;135914;165.6;20;10087038379;B
20240410;135914;165.56;10;10087038390;S
20240410;135914;165.52;340;10087038391;S
20240410;135914;165.58;8780;10087038416;B
20240410;135914;165.58;3660;10087038417;B
20240410;135914;165.58;3660;10087038418;B
20240410;135914;165.6;40;10087038419;B
20240410;135914;165.6;10000;10087038420;B
20240410;135914;165.6;3860;10087038421;B
20240410;135915;165.6;1790;10087038459;B
20240410;135915;165.6;10;10087038499;B
20240410;135915;165.6;40;10087038520;B
20240410;135915;165.56;500;10087038538;S
20240410;135915;165.54;500;10087038539;S
20240410;135916;165.6;40;10087038565;B
20240410;135916;165.6;500;10087038582;B
20240410;135918;165.62;390;10087038822;B
20240410;135920;165.6;50;10087039118;B
20240410;135920;165.6;640;10087039119;B
20240410;135920;165.6;200;10087039120;B
20240410;135920;165.62;1110;10087039121;B
20240410;135920;165.62;3570;10087039132;B
20240410;135921;165.62;20;10087039153;B
20240410;135922;165.62;2020;10087039411;B
20240410;135923;165.62;40;10087039457;B
20240410;135923;165.62;20;10087039478;B
20240410;135923;165.62;20;10087039483;B
20240410;135923;165.62;40;10087039491;B
20240410;135923;165.62;20;10087039499;B
20240410;135923;165.62;20;10087039509;B
20240410;135923;165.62;30;10087039534;B
20240410;135923;165.62;20;10087039551;B
20240410;135923;165.62;10;10087039552;B
20240410;135923;165.62;40;10087039554;B
20240410;135923;165.62;30;10087039556;B
20240410;135923;165.62;20;10087039568;B
20240410;135923;165.62;40;10087039590;B
20240410;135923;165.62;10;10087039593;B
20240410;135923;165.6;100;10087039601;S
20240410;135924;165.62;10;10087039620;B
20240410;135924;165.62;10;10087039647;B
20240410;135924;165.62;10;10087039656;B
20240410;135924;165.62;10;10087039657;B
20240410;135924;165.62;10;10087039666;B
20240410;135924;165.62;10;10087039669;B
20240410;135924;165.62;18000;10087039671;B
20240410;135924;165.62;200;10087039672;B
20240410;135924;165.62;40;10087039677;B
20240410;135924;165.62;10;10087039680;B
20240410;135924;165.62;30;10087039681;B
20240410;135924;165.6;500;10087039689;S
20240410;135924;165.62;10;10087039690;B
20240410;135924;165.62;10;10087039709;B
20240410;135924;165.62;10;10087039711;B
20240410;135924;165.62;10;10087039718;B
20240410;135924;165.62;10;10087039736;B
20240410;135924;165.62;9000;10087039741;B
20240410;135924;165.62;400;10087039742;B
20240410;135925;165.62;350;10087039760;B
20240410;135925;165.62;10;10087039766;B
20240410;135925;165.62;20;10087039775;B
20240410;135925;165.62;10;10087039782;B
20240410;135925;165.62;1400;10087039788;B
20240410;135925;165.62;20;10087039795;B
20240410;135925;165.62;350;10087039797;B
20240410;135925;165.62;10;10087039811;B
20240410;135925;165.62;10;10087039820;B
20240410;135925;165.62;10;10087039827;B
20240410;135925;165.62;10;10087039829;B
20240410;135925;165.62;10;10087039832;B
20240410;135925;165.62;10;10087039838;B
20240410;135925;165.62;10;10087039839;B
20240410;135925;165.62;20;10087039843;B
20240410;135926;165.62;10;10087039846;B
20240410;135926;165.62;30;10087039883;B
20240410;135926;165.62;10;10087039901;B
20240410;135927;165.62;10;10087039980;B
20240410;135927;165.62;640;10087040035;B
20240410;135927;165.62;200;10087040053;B
20240410;135928;165.62;1000;10087040093;B
20240410;135928;165.62;260;10087040132;B
20240410;135929;165.62;330;10087040228;B
20240410;135929;165.62;330;10087040229;B
20240410;135930;165.62;50;10087040328;B
20240410;135930;165.62;120;10087040340;B
20240410;135931;165.64;10;10087040444;B
20240410;135931;165.64;10;10087040470;B
20240410;135931;165.64;30;10087040486;B
20240410;135932;165.64;40;10087040533;B
20240410;135933;165.62;20;10087040652;S
20240410;135933;165.62;60;10087040653;S
20240410;135933;165.62;750;10087040672;S
20240410;135933;165.62;1360;10087040673;S
20240410;135933;165.62;30;10087040674;S
20240410;135933;165.6;1530;10087040675;S
20240410;135933;165.6;840;10087040676;S
20240410;135933;165.6;60;10087040677;S
20240410;135933;165.58;100;10087040678;S
20240410;135933;165.58;90;10087040679;S
20240410;135933;165.58;530;10087040680;S
20240410;135933;165.62;30;10087040732;B
20240410;135934;165.6;1530;10087040757;S
20240410;135935;165.6;30;10087040907;B
20240410;135935;165.58;600;10087040917;S
20240410;135935;165.58;350;10087040961;S
20240410;135936;165.58;1210;10087040992;S
20240410;135936;165.6;120;10087041012;B
20240410;135937;165.6;20;10087041126;B
20240410;135938;165.6;10;10087041284;B
20240410;135939;165.6;100;10087041345;B
20240410;135940;165.6;100;10087041412;B
20240410;135940;165.6;200;10087041455;B
20240410;135940;165.58;60;10087041487;S
20240410;135941;165.6;10;10087041495;B
20240410;135942;165.58;6010;10087041587;S
20240410;135942;165.58;180;10087041588;S
20240410;135942;165.58;500;10087041589;S
20240410;135942;165.54;10;10087041590;S
20240410;135942;165.54;10;10087041591;S
20240410;135942;165.54;130;10087041592;S
20240410;135942;165.54;10000;10087041593;S
20240410;135942;165.54;1000;10087041594;S
20240410;135942;165.54;270;10087041595;S
20240410;135942;165.52;250;10087041596;S
20240410;135942;165.52;50;10087041597;S
20240410;135942;165.5;490;10087041598;S
20240410;135942;165.5;50000;10087041599;S
20240410;135942;165.46;1100;10087041600;S
20240410;135942;165.46;1790;10087041601;S
20240410;135942;165.44;130;10087041602;S
20240410;135942;165.44;100;10087041603;S
20240410;135942;165.44;10000;10087041604;S
20240410;135942;165.44;10000;10087041605;S
20240410;135942;165.44;7980;10087041606;S
20240410;135942;165.48;40;10087041616;B
20240410;135942;165.5;180;10087041617;B
20240410;135942;165.5;780;10087041618;B
20240410;135942;165.52;70;10087041640;B
20240410;135943;165.42;250;10087041775;S
20240410;135943;165.42;50;10087041810;B
20240410;135943;165.48;200;10087041827;B
20240410;135943;165.5;170;10087041828;B
20240410;135943;165.5;40;10087041829;B
20240410;135944;165.52;1990;10087041864;B
20240410;135944;165.48;10;10087041949;B
20240410;135945;165.48;130;10087041979;B
20240410;135945;165.48;20;10087041990;B
20240410;135945;165.48;10;10087042029;B
20240410;135946;165.48;10;10087042060;B
20240410;135947;165.4;270;10087042151;S
20240410;135947;165.4;1360;10087042188;S
20240410;135947;165.4;300;10087042192;S
20240410;135948;165.4;200;10087042210;S
20240410;135948;165.44;1220;10087042218;B
20240410;135948;165.44;1530;10087042219;B
20240410;135948;165.46;1320;10087042220;B
20240410;135948;165.46;250;10087042221;B
20240410;135948;165.46;3030;10087042222;B
20240410;135948;165.48;1250;10087042223;B
20240410;135948;165.48;1400;10087042224;B
20240410;135948;165.48;300;10087042256;B
20240410;135948;165.4;1860;10087042317;S
20240410;135948;165.4;20;10087042318;S
20240410;135948;165.4;10;10087042319;S
20240410;135948;165.4;20;10087042320;S
20240410;135948;165.4;200;10087042321;S
20240410;135948;165.4;1450;10087042322;S
20240410;135948;165.38;120;10087042323;S
20240410;135948;165.38;2000;10087042324;S
20240410;135948;165.38;1050;10087042325;S
20240410;135948;165.36;50;10087042326;S
20240410;135948;165.34;1400;10087042327;S
20240410;135948;165.34;200;10087042328;S
20240410;135948;165.34;1060;10087042329;S
20240410;135948;165.32;1000;10087042330;S
20240410;135948;165.32;250;10087042331;S
20240410;135948;165.32;160;10087042332;S
20240410;135948;165.32;3660;10087042333;S
20240410;135948;165.32;10000;10087042334;S
20240410;135948;165.32;10000;10087042335;S
20240410;135948;165.3;1000;10087042336;S
20240410;135948;165.3;880;10087042337;S
20240410;135948;165.3;1000;10087042338;S
20240410;135948;165.3;10;10087042339;S
20240410;135948;165.28;400;10087042340;S
20240410;135948;165.28;50;10087042341;S
20240410;135948;165.28;500;10087042342;S
20240410;135948;165.26;350;10087042343;S
20240410;135948;165.24;50;10087042344;S
20240410;135948;165.24;10;10087042345;S
20240410;135948;165.24;100;10087042346;S
20240410;135948;165.24;10;10087042347;S
20240410;135948;165.24;250;10087042348;S
20240410;135948;165.24;500;10087042349;S
20240410;135948;165.24;500;10087042350;S
20240410;135948;165.24;3660;10087042351;S
20240410;135948;165.24;200;10087042352;S
20240410;135948;165.24;1000;10087042353;S
20240410;135948;165.24;1000;10087042354;S
20240410;135948;165.22;440;10087042355;S
20240410;135948;165.22;120;10087042356;S
20240410;135948;165.22;1000;10087042357;S
20240410;135948;165.22;960;10087042358;S
20240410;135948;165.22;10000;10087042359;S
20240410;135948;165.2;520;10087042360;S
20240410;135948;165.2;1000;10087042361;S
20240410;135948;165.2;1000;10087042362;S
20240410;135948;165.2;600;10087042363;S
20240410;135948;165.2;30;10087042364;S
20240410;135948;165.2;180;10087042365;S
20240410;135948;165.2;100;10087042366;S
20240410;135948;165.2;400;10087042367;S
20240410;135948;165.2;10000;10087042368;S
20240410;135948;165.16;10;10087042369;S
20240410;135948;165.16;250;10087042370;S
20240410;135948;165.14;10000;10087042371;S
20240410;135948;165.14;70;10087042372;S
20240410;135948;165.14;10;10087042373;S
20240410;135948;165.14;500;10087042374;S
20240410;135948;165.12;1000;10087042375;S
20240410;135948;165.12;5000;10087042376;S
20240410;135948;165.12;1000;10087042377;S
20240410;135948;165.1;100;10087042378;S
20240410;135948;165.1;50;10087042379;S
20240410;135948;165.1;1000;10087042380;S
20240410;135948;165.1;20;10087042381;S
20240410;135948;165.1;200;10087042382;S
20240410;135948;165.08;50;10087042383;S
20240410;135948;165.08;10;10087042384;S
20240410;135948;165.08;100;10087042385;S
20240410;135948;165.06;10;10087042386;S
20240410;135948;165.06;10;10087042387;S
20240410;135948;165.06;100;10087042388;S
20240410;135948;165.06;50;10087042389;S
20240410;135948;165.04;10;10087042390;S
20240410;135948;165.04;100;10087042391;S
20240410;135948;165.04;30;10087042392;S
20240410;135948;165.04;100;10087042393;S
20240410;135948;165.04;2000;10087042394;S
20240410;135948;165.04;100;10087042395;S
20240410;135948;165.02;60;10087042396;S
20240410;135948;165.02;20;10087042397;S
20240410;135948;165.02;150;10087042398;S
20240410;135948;165.02;100;10087042399;S
20240410;135948;165.02;1000;10087042400;S
20240410;135948;165.02;1530;10087042401;S
20240410;135948;165.02;1250;10087042402;S
20240410;135948;165;20;10087042403;S
20240410;135948;165;30;10087042404;S
20240410;135948;165;1000;10087042405;S
20240410;135948;165;20;10087042406;S
20240410;135948;165;10;10087042407;S
20240410;135948;165;40;10087042408;S
20240410;135948;165;200;10087042409;S
20240410;135948;165;60;10087042410;S
20240410;135948;165;50;10087042411;S
20240410;135948;165;250;10087042412;S
20240410;135948;165.02;1060;10087042414;S
20240410;135948;165.02;1530;10087042415;S
20240410;135948;165;2750;10087042416;S
20240410;135948;165;10;10087042417;S
20240410;135948;165;10;10087042418;S
20240410;135948;165;10;10087042419;S
20240410;135948;165;250;10087042420;S
20240410;135948;165;10;10087042421;S
20240410;135948;165;2000;10087042422;S
20240410;135948;165;20;10087042423;S
20240410;135948;165;60;10087042424;S
20240410;135948;165;30;10087042425;S
20240410;135948;165;100;10087042426;S
20240410;135948;165;800;10087042427;S
20240410;135948;165;1360;10087042428;S
20240410;135948;165;140;10087042429;S
20240410;135948;165;150;10087042430;S
20240410;135948;165;100;10087042431;S
20240410;135948;165;50;10087042432;S
20240410;135948;165;10;10087042433;S
20240410;135948;165;100;10087042434;S
20240410;135948;165;50;10087042435;S
20240410;135948;165;100;10087042436;S
20240410;135948;165;100;10087042437;S
20240410;135948;165;200;10087042438;S
20240410;135948;165.04;200;10087042439;B
20240410;135948;165.06;200;10087042440;B
20240410;135949;165.06;80;10087042443;S
20240410;135949;165.06;120;10087042449;S
20240410;135949;165.02;1160;10087042450;S
20240410;135949;165.02;60;10087042454;S
20240410;135949;165.1;250;10087042455;B
20240410;135949;165.02;400;10087042458;S
20240410;135949;165;100;10087042459;S
20240410;135949;165;40;10087042460;S
20240410;135949;165;1000;10087042461;S
20240410;135949;165;300;10087042462;S
20240410;135949;165;50;10087042463;S
20240410;135949;165;200;10087042464;S
20240410;135949;164.98;300;10087042465;S
20240410;135949;164.96;1000;10087042466;S
20240410;135949;164.96;10;10087042467;S
20240410;135949;164.94;200;10087042468;S
20240410;135949;164.94;500;10087042469;S
20240410;135949;164.94;2900;10087042470;S
20240410;135949;164.96;200;10087042473;S
20240410;135949;164.92;200;10087042474;S
20240410;135949;164.96;10;10087042511;B
20240410;135949;164.96;190;10087042522;B
20240410;135949;164.98;310;10087042523;B
20240410;135949;164.98;70;10087042532;B
20240410;135949;164.98;130;10087042557;B
20240410;135949;165;1370;10087042558;B
20240410;135949;164.96;140;10087042561;S
20240410;135949;164.96;700;10087042562;S
20240410;135949;164.94;310;10087042563;S
20240410;135949;164.94;200;10087042564;S
20240410;135949;164.94;710;10087042565;S
20240410;135949;164.92;9800;10087042566;S
20240410;135949;164.92;1000;10087042567;S
20240410;135949;164.92;90;10087042568;S
20240410;135949;164.92;20;10087042569;S
20240410;135949;164.98;200;10087042570;B
20240410;135949;164.92;90;10087042576;S
20240410;135949;164.92;10;10087042577;S
20240410;135949;164.9;20;10087042578;S
20240410;135949;164.9;800;10087042579;S
20240410;135949;164.9;10;10087042580;S
20240410;135949;164.9;50;10087042581;S
20240410;135949;164.9;1000;10087042582;S
20240410;135949;164.9;200;10087042583;S
20240410;135949;164.88;200;10087042584;S
20240410;135949;164.88;2620;10087042585;S
20240410;135949;164.94;250;10087042587;B
20240410;135949;164.96;200;10087042590;B
20240410;135949;164.96;500;10087042591;B
20240410;135950;164.98;2000;10087042599;B
20240410;135950;165;250;10087042606;B
20240410;135950;165;700;10087042609;B
20240410;135950;165;250;10087042623;B
20240410;135950;164.96;1000;10087042629;S
20240410;135950;164.94;200;10087042630;S
20240410;135950;164.9;800;10087042631;S
20240410;135950;165;430;10087042635;B
20240410;135950;165;110;10087042636;B
20240410;135950;165.02;160;10087042637;B
20240410;135950;165.08;100;10087042639;B
20240410;135950;165.08;1000;10087042640;B
20240410;135950;165.08;150;10087042641;B
20240410;135950;165.08;250;10087042643;B
20240410;135950;165;1220;10087042650;S
20240410;135950;164.98;400;10087042651;S
20240410;135950;164.98;390;10087042652;S
20240410;135950;165.1;1250;10087042664;B
20240410;135950;165.04;80;10087042666;S
20240410;135950;165.04;1140;10087042668;S
20240410;135950;165.04;250;10087042669;S
20240410;135950;165.02;10;10087042670;S
20240410;135950;165.1;250;10087042671;B
20240410;135950;165.1;100;10087042678;B
20240410;135950;165.06;100;10087042679;S
20240410;135950;165.06;50;10087042680;S
20240410;135950;165.04;850;10087042681;S
20240410;135950;165.1;150;10087042694;B
20240410;135950;165.12;350;10087042695;B
20240410;135950;165.12;250;10087042700;B
20240410;135951;165.12;250;10087042713;B
20240410;135951;165.12;2500;10087042715;B
20240410;135951;165.12;2980;10087042725;B
20240410;135951;165.12;100;10087042730;B
20240410;135951;165.08;30;10087042738;S
20240410;135951;165.16;500;10087042743;B
20240410;135951;165.08;670;10087042744;S
20240410;135951;165.08;250;10087042745;S
20240410;135951;165.08;50;10087042746;S
20240410;135951;165.06;200;10087042747;S
20240410;135951;165.04;630;10087042748;S
20240410;135952;165.18;150;10087042791;B
20240410;135952;165.18;850;10087042792;B
20240410;135952;165.14;30;10087042796;S
20240410;135954;165.16;10;10087043001;S
20240410;135954;165.14;1190;10087043002;S
20240410;135954;165.14;200;10087043003;S
20240410;135954;165.12;1360;10087043004;S
20240410;135954;165.1;1470;10087043005;S
20240410;135954;165.1;200;10087043006;S
20240410;135954;165.08;2000;10087043007;S
20240410;135954;165.06;500;10087043008;S
20240410;135954;165.04;500;10087043009;S
20240410;135954;165.04;500;10087043010;S
20240410;135954;165.04;1530;10087043011;S
20240410;135954;165.04;240;10087043012;S
20240410;135954;165.08;200;10087043053;S
20240410;135954;165.08;500;10087043054;S
20240410;135954;165.04;260;10087043055;S
20240410;135954;165.04;1530;10087043056;S
20240410;135954;165.04;1220;10087043057;S
20240410;135954;165.02;990;10087043058;S
20240410;135954;165.02;500;10087043059;S
20240410;135954;165.02;500;10087043060;S
20240410;135954;165.02;500;10087043061;S
20240410;135954;165;500;10087043062;S
20240410;135954;165;200;10087043063;S
20240410;135954;165;200;10087043064;S
20240410;135954;165;50;10087043065;S
20240410;135954;165;50;10087043066;S
20240410;135955;165.12;10;10087043075;B
20240410;135955;165.06;190;10087043118;B
20240410;135955;165.08;2000;10087043119;B
20240410;135955;165.08;250;10087043120;B
20240410;135955;165.08;50;10087043121;B
20240410;135955;165.1;200;10087043122;B
20240410;135955;165.1;50;10087043123;B
20240410;135955;165.1;200;10087043124;B
20240410;135955;165.14;860;10087043125;B
20240410;135955;165.04;500;10087043167;S
20240410;135955;164.98;230;10087043168;S
20240410;135956;165.06;20;10087043180;B
20240410;135956;165.06;20;10087043187;S
20240410;135956;165.08;500;10087043209;S
20240410;135956;165.1;20;10087043210;B
20240410;135956;165.06;460;10087043236;S
20240410;135956;165.06;500;10087043237;S
20240410;135956;165.06;500;10087043238;S
20240410;135956;165.04;500;10087043239;S
20240410;135956;165.04;500;10087043240;S
20240410;135956;165;50;10087043241;S
20240410;135956;165;500;10087043246;B
20240410;135957;164.98;270;10087043287;S
20240410;135957;164.98;250;10087043288;S
20240410;135957;164.96;500;10087043289;S
20240410;135957;164.94;500;10087043290;S
20240410;135957;164.92;270;10087043291;S
20240410;135957;164.98;10;10087043319;B
20240410;135957;164.98;90;10087043324;B
20240410;135957;165;410;10087043325;B
20240410;135958;164.98;50;10087043424;B
20240410;135958;165;80;10087043425;B
20240410;135958;165;200;10087043426;B
20240410;135958;165.04;670;10087043427;B
20240410;135958;165;20;10087043444;B
20240410;135958;165.04;10;10087043455;B
20240410;135958;165.04;50;10087043483;B
20240410;135959;165.04;10;10087043491;B
20240410;135959;165;10;10087043544;B
20240410;135959;165.04;6070;10087043545;B
20240410;135959;164.98;100;10087043587;B
20240410;135959;165.04;400;10087043588;B
20240410;135959;165.06;500;10087043589;B
20240410;135959;164.96;20;10087043611;S
20240410;135959;164.94;200;10087043612;S
20240410;135959;164.92;10;10087043613;S
20240410;135959;164.92;130;10087043614;S
20240410;140000;165.04;260;10087043684;B
20240410;140000;165.02;20;10087043694;B
20240410;140000;165.04;980;10087043695;B
20240410;140000;165.02;20;10087043745;B
20240410;140000;165.02;620;10087043746;B
20240410;140000;165.06;100;10087043747;B
20240410;140000;165.06;260;10087043748;B
20240410;140000;164.94;50;10087043777;S
20240410;140000;164.94;10;10087043778;S
20240410;140000;164.92;40;10087043779;S
20240410;140001;165.04;10;10087043839;B
20240410;140001;165;20;10087043847;S
20240410;140001;164.96;20;10087043848;S
20240410;140001;164.94;200;10087043849;S
20240410;140001;164.94;760;10087043850;S
20240410;140002;165;110;10087043896;S
20240410;140002;164.96;50;10087043897;S
20240410;140002;164.96;840;10087043898;S
20240410;140002;164.96;10;10087043948;S
20240410;140002;165.02;50;10087044000;B
20240410;140002;165.04;90;10087044001;B
20240410;140002;165.04;130;10087044002;B
20240410;140002;165.04;20;10087044003;B
20240410;140002;165.06;710;10087044004;B
20240410;140003;165.02;340;10087044058;B
20240410;140004;165.02;280;10087044169;B
20240410;140004;165.06;250;10087044170;B
20240410;140004;165.1;470;10087044171;B
20240410;140004;165;20;10087044174;S
20240410;140005;165.1;700;10087044246;B
20240410;140005;165.12;300;10087044247;B
20240410;140005;165.14;50;10087044351;B
20240410;140005;165.14;1730;10087044352;B
20240410;140005;165.16;1250;10087044353;B
20240410;140005;165.16;1000;10087044354;B
20240410;140005;165.16;10000;10087044355;B
20240410;140005;165.18;140;10087044356;B
20240410;140005;165.18;100;10087044357;B
20240410;140005;165.18;350;10087044358;B
20240410;140005;165.2;1000;10087044359;B
20240410;140005;165.24;2000;10087044360;B
20240410;140005;165.26;310;10087044361;B
20240410;140005;165.26;5000;10087044362;B
20240410;140005;165.28;10000;10087044363;B
20240410;140005;165.28;10000;10087044364;B
20240410;140005;165.28;10000;10087044365;B
20240410;140005;165.32;1500;10087044366;B
20240410;140005;165.36;500;10087044367;B
20240410;140005;165.36;50;10087044368;B
20240410;140005;165.36;570;10087044369;B
20240410;140006;165.34;110;10087044376;S
20240410;140006;165.34;620;10087044410;S
20240410;140006;165.36;370;10087044477;B
20240410;140007;165.36;1000;10087044486;B
20240410;140007;165.36;20;10087044495;B
20240410;140007;165.34;10;10087044506;S
20240410;140007;165.34;1530;10087044533;S
20240410;140007;165.34;1220;10087044534;S
20240410;140007;165.32;250;10087044541;S
20240410;140007;165.34;10;10087044566;B
20240410;140008;165.26;50;10087044620;S
20240410;140008;165.26;10;10087044627;S
20240410;140008;165.26;20;10087044667;S
20240410;140008;165.22;180;10087044668;S
20240410;140008;165.22;1350;10087044684;S
20240410;140008;165.2;1000;10087044685;S
20240410;140008;165.2;200;10087044686;S
20240410;140008;165.2;4050;10087044687;S
20240410;140009;165.24;20;10087044785;B
20240410;140009;165.26;110;10087044786;B
20240410;140009;165.18;1000;10087044790;S
20240410;140011;165.16;400;10087044984;S
20240410;140011;165.16;90;10087045037;B
20240410;140011;165.18;20;10087045038;B
20240410;140012;165.14;10;10087045118;B
20240410;140014;165.1;100;10087045282;S
20240410;140014;165.1;20;10087045283;S
20240410;140014;165.1;4950;10087045284;S
20240410;140014;165.08;50;10087045285;S
20240410;140014;165.08;10000;10087045286;S
20240410;140014;165.06;100;10087045287;S
20240410;140014;165.06;200;10087045288;S
20240410;140014;165.06;1000;10087045289;S
20240410;140014;165.02;6000;10087045290;S
20240410;140014;165;100;10087045291;S
20240410;140014;165;1000;10087045292;S
20240410;140014;165;100;10087045293;S
20240410;140014;165;1000;10087045294;S
20240410;140014;165;2000;10087045295;S
20240410;140014;164.98;1000;10087045296;S
20240410;140014;164.98;50;10087045297;S
20240410;140014;164.98;200;10087045298;S
20240410;140014;164.98;20;10087045299;S
20240410;140014;164.98;350;10087045300;S
20240410;140014;164.98;10000;10087045301;S
20240410;140014;164.98;10000;10087045302;S
20240410;140014;164.98;3250;10087045303;S
20240410;140014;164.94;1000;10087045304;S
20240410;140014;164.94;10000;10087045305;S
20240410;140014;164.92;300;10087045306;S
20240410;140014;164.92;40;10087045307;S
20240410;140014;164.92;1810;10087045308;S
20240410;140014;164.92;600;10087045309;S
20240410;140014;164.92;7760;10087045310;S
20240410;140014;165.06;200;10087045333;B
20240410;140014;165.06;10;10087045334;B
20240410;140015;165.06;30;10087045407;B
20240410;140016;165;150;10087045534;S
20240410;140016;165;100;10087045570;S
20240410;140016;165.02;20;10087045580;B
20240410;140017;165.02;80;10087045632;B
20240410;140017;165.04;200;10087045633;B
20240410;140017;165.06;1250;10087045634;B
20240410;140017;165.06;3100;10087045635;B
20240410;140018;164.96;200;10087045680;S
20240410;140018;164.94;200;10087045681;S
20240410;140018;164.94;1530;10087045682;S
20240410;140018;164.92;20;10087045683;S
20240410;140018;164.92;50;10087045684;S
20240410;140018;164.92;1950;10087045689;S
20240410;140018;164.9;10;10087045690;S
20240410;140018;164.9;440;10087045691;S
20240410;140018;165;50;10087045741;B
20240410;140018;165;100;10087045742;B
20240410;140018;165.02;250;10087045743;B
20240410;140018;165.02;750;10087045744;B
20240410;140018;164.92;100;10087045753;S
20240410;140018;164.9;400;10087045754;S
20240410;140019;164.94;20;10087045799;S
20240410;140019;164.9;3160;10087045800;S
20240410;140019;164.9;200;10087045801;S
20240410;140019;164.9;500;10087045802;S
20240410;140019;164.9;100;10087045803;S
20240410;140019;164.88;3440;10087045804;S
20240410;140019;164.88;1400;10087045805;S
20240410;140019;164.88;1180;10087045806;S
20240410;140019;164.96;20;10087045808;B
20240410;140019;164.94;10;10087045812;S
20240410;140019;164.88;100;10087045872;S
20240410;140019;164.86;100;10087045873;S
20240410;140019;164.86;10;10087045874;S
20240410;140019;164.86;910;10087045875;S
20240410;140019;164.84;10;10087045876;S
20240410;140019;164.84;20;10087045877;S
20240410;140019;164.84;1000;10087045878;S
20240410;140019;164.84;10;10087045879;S
20240410;140019;164.82;500;10087045880;S
20240410;140019;164.82;340;10087045881;S
20240410;140020;164.82;660;10087045923;S
20240410;140020;164.82;200;10087045924;S
20240410;140020;164.82;50;10087045925;S
20240410;140020;164.8;20;10087045926;S
20240410;140020;164.8;100;10087045927;S
20240410;140020;164.8;1000;10087045928;S
20240410;140020;164.8;40;10087045929;S
20240410;140020;164.8;520;10087045930;S
20240410;140020;164.8;410;10087045931;S
20240410;140020;164.8;90;10087045956;S
20240410;140020;164.8;40;10087045957;S
20240410;140020;164.8;400;10087045958;S
20240410;140020;164.8;400;10087045959;S
20240410;140020;164.78;10;10087045960;S
20240410;140020;164.78;1200;10087045961;S
20240410;140020;164.78;2000;10087045962;S
20240410;140020;164.76;30;10087045963;S
20240410;140020;164.76;600;10087045964;S
20240410;140020;164.74;100;10087045965;S
20240410;140020;164.72;50;10087045966;S
20240410;140020;164.72;1220;10087045967;S
20240410;140020;164.7;1100;10087045968;S
20240410;140020;164.7;160;10087045969;S
20240410;140020;164.8;740;10087045984;S
20240410;140020;164.76;1000;10087045997;B
20240410;140020;164.76;50;10087045998;B
20240410;140021;164.7;230;10087046011;S
20240410;140021;164.7;200;10087046012;S
20240410;140021;164.7;500;10087046013;S
20240410;140021;164.68;70;10087046014;S
20240410;140021;164.7;160;10087046042;S
20240410;140021;164.7;140;10087046043;S
20240410;140021;164.68;320;10087046044;S
20240410;140021;164.68;30;10087046045;S
20240410;140021;164.68;10;10087046046;S
20240410;140021;164.68;500;10087046047;S
20240410;140021;164.68;100;10087046067;S
20240410;140021;164.68;760;10087046077;S
20240410;140021;164.68;1220;10087046078;S
20240410;140021;164.66;20;10087046079;S
20240410;140021;164.74;10;10087046086;B
20240410;140022;164.7;500;10087046133;B
20240410;140022;164.74;90;10087046134;B
20240410;140022;164.76;10;10087046135;B
20240410;140022;164.76;200;10087046136;B
20240410;140022;164.78;220;10087046137;B
20240410;140022;164.68;910;10087046146;S
20240410;140022;164.72;1000;10087046176;B
20240410;140023;164.72;140;10087046269;S
20240410;140023;164.7;10;10087046270;S
20240410;140023;164.7;350;10087046271;S
20240410;140023;164.78;10;10087046291;B
20240410;140024;164.78;80;10087046314;B
20240410;140024;164.78;10;10087046316;B
20240410;140024;164.78;100;10087046318;B
20240410;140024;164.68;10;10087046343;S
20240410;140024;164.76;100;10087046390;B
20240410;140024;164.76;50;10087046391;B
20240410;140024;164.76;10;10087046392;B
20240410;140024;164.78;90;10087046393;B
20240410;140024;164.78;110;10087046394;B
20240410;140025;164.7;40;10087046412;S
20240410;140025;164.78;20;10087046430;B
20240410;140025;164.8;280;10087046431;B
20240410;140025;164.8;250;10087046458;B
20240410;140026;164.82;30;10087046536;B
20240410;140026;164.8;100;10087046555;B
20240410;140026;164.84;400;10087046556;B
20240410;140026;164.92;500;10087046566;B
20240410;140026;164.8;10;10087046595;S
20240410;140027;164.9;10;10087046643;B
20240410;140027;164.9;1000;10087046651;B
20240410;140029;164.84;100;10087046811;S
20240410;140029;164.84;50;10087046816;B
20240410;140030;164.8;40;10087046892;S
20240410;140030;164.8;10;10087046893;S
20240410;140030;164.8;450;10087046894;S
20240410;140030;164.84;2000;10087046922;B
20240410;140030;164.84;10;10087046932;B
20240410;140030;164.8;550;10087046965;S
20240410;140030;164.78;500;10087046966;S
20240410;140030;164.76;100;10087046967;S
20240410;140030;164.76;50;10087046968;S
20240410;140030;164.74;100;10087046969;S
20240410;140030;164.72;200;10087046970;S
20240410;140030;164.72;20;10087046971;S
20240410;140030;164.72;480;10087046972;S
20240410;140030;164.82;10;10087046973;B
20240410;140031;164.72;60;10087047019;S
20240410;140032;164.76;20;10087047111;B
20240410;140032;164.78;20;10087047112;B
20240410;140032;164.8;10;10087047113;B
20240410;140032;164.8;190;10087047116;B
20240410;140032;164.8;210;10087047117;B
20240410;140032;164.78;10;10087047171;B
20240410;140033;164.72;150;10087047280;S
20240410;140034;164.78;10;10087047336;B
20240410;140034;164.8;20;10087047337;B
20240410;140034;164.72;10;10087047365;S
20240410;140035;164.78;200;10087047486;B
20240410;140035;164.8;180;10087047487;B
20240410;140035;164.76;10;10087047494;S
20240410;140035;164.76;10;10087047495;S
20240410;140035;164.76;10;10087047496;S
20240410;140035;164.76;10;10087047497;S
20240410;140035;164.76;10;10087047498;S
20240410;140035;164.74;20;10087047499;S
20240410;140035;164.74;30;10087047500;S
20240410;140036;164.76;10;10087047516;S
20240410;140036;164.76;10;10087047517;S
20240410;140036;164.76;10;10087047518;S
20240410;140036;164.76;10;10087047519;S
20240410;140036;164.76;10;10087047520;S
20240410;140036;164.76;10;10087047521;S
20240410;140036;164.74;80;10087047522;S
20240410;140036;164.72;1060;10087047523;S
20240410;140036;164.8;190;10087047525;B
20240410;140036;164.8;500;10087047544;B
20240410;140036;164.78;10;10087047655;S
20240410;140036;164.76;10;10087047656;S
20240410;140036;164.76;10;10087047657;S
20240410;140037;164.76;10;10087047697;S
20240410;140037;164.76;10;10087047698;S
20240410;140037;164.76;10;10087047699;S
20240410;140037;164.76;10;10087047700;S
20240410;140037;164.76;10;10087047701;S
20240410;140037;164.76;10;10087047702;S
20240410;140037;164.74;240;10087047703;S
20240410;140037;164.8;20;10087047731;B
20240410;140037;164.8;100;10087047742;B
20240410;140038;164.76;10;10087047796;S
20240410;140038;164.76;10;10087047797;S
20240410;140038;164.76;10;10087047798;S
20240410;140038;164.76;10;10087047799;S
20240410;140038;164.76;10;10087047800;S
20240410;140038;164.74;50;10087047801;S
20240410;140038;164.8;10;10087047846;B
20240410;140038;164.8;10;10087047915;B
20240410;140039;164.8;40;10087047922;B
20240410;140039;164.8;60;10087047923;B
20240410;140039;164.8;10;10087047957;B
20240410;140039;164.8;60;10087047968;B
20240410;140039;164.8;220;10087047969;B
20240410;140039;164.8;100;10087047970;B
20240410;140039;164.8;20;10087047971;B
20240410;140039;164.82;200;10087047972;B
20240410;140039;164.82;30;10087047973;B
20240410;140039;164.84;7840;10087047974;B
20240410;140039;164.84;10;10087047975;B
20240410;140039;164.84;1000;10087047976;B
20240410;140039;164.88;6510;10087047977;B
20240410;140040;164.88;10;10087048068;B
20240410;140040;164.88;10;10087048071;B
20240410;140040;164.88;10;10087048100;B
20240410;140040;164.88;10;10087048102;B
20240410;140041;164.88;980;10087048171;B
20240410;140041;164.9;2620;10087048172;B
20240410;140041;164.82;10;10087048177;S
20240410;140041;164.9;10;10087048182;B
20240410;140042;164.88;20;10087048304;B
20240410;140042;164.92;980;10087048305;B
20240410;140042;164.86;40;10087048328;S
20240410;140042;164.92;10;10087048339;B
20240410;140043;164.92;10;10087048481;B
20240410;140044;164.86;60;10087048524;S
20240410;140044;164.86;40;10087048525;S
20240410;140044;164.86;10;10087048538;S
20240410;140044;164.84;20;10087048539;S
20240410;140045;164.88;1000;10087048668;B
20240410;140047;164.84;50;10087048894;S
20240410;140048;164.86;550;10087049033;B
20240410;140048;164.86;10;10087049039;B
20240410;140049;164.86;200;10087049091;B
20240410;140049;164.86;40;10087049092;B
20240410;140049;164.82;10;10087049095;S
20240410;140049;164.82;70;10087049155;S
20240410;140049;164.82;60;10087049156;S
20240410;140049;164.8;100;10087049157;S
20240410;140049;164.8;100;10087049158;S
20240410;140049;164.86;200;10087049172;B
20240410;140049;164.88;200;10087049173;B
20240410;140049;164.88;100;10087049174;B
20240410;140049;164.88;100;10087049175;B
20240410;140049;164.88;50;10087049176;B
20240410;140049;164.88;2510;10087049177;B
20240410;140049;164.9;50;10087049178;B
20240410;140049;164.9;4000;10087049179;B
20240410;140049;164.92;3570;10087049180;B
20240410;140050;164.82;10;10087049228;S
20240410;140050;164.9;10;10087049271;B
20240410;140051;164.9;30;10087049355;S
20240410;140051;164.84;170;10087049356;S
20240410;140052;164.84;30;10087049488;S
20240410;140052;164.84;30;10087049489;S
20240410;140054;164.9;10;10087049682;B
20240410;140054;164.92;10;10087049683;B
20240410;140054;164.96;40;10087049684;B
20240410;140055;164.96;20;10087049723;B
20240410;140055;164.96;10;10087049768;B
20240410;140057;164.9;200;10087049919;S
20240410;140057;164.88;30;10087049920;S
20240410;140057;164.88;10;10087049921;S
20240410;140057;164.86;1530;10087049922;S
20240410;140057;164.86;200;10087049923;S
20240410;140057;164.84;530;10087049924;S
20240410;140057;164.86;90;10087049961;S
20240410;140058;164.86;200;10087050042;S
20240410;140059;164.92;50;10087050136;B
20240410;140059;164.9;30;10087050162;B
20240410;140100;164.9;10;10087050278;S
20240410;140101;164.92;10;10087050320;B
20240410;140101;164.92;100;10087050336;B
20240410;140101;164.92;100;10087050427;B
20240410;140101;164.94;250;10087050428;B
20240410;140101;164.94;200;10087050429;B
20240410;140101;164.96;450;10087050430;B
20240410;140102;164.96;50;10087050461;B
20240410;140102;164.96;50;10087050462;B
20240410;140102;164.92;1530;10087050479;S
20240410;140102;164.92;200;10087050480;S
20240410;140102;164.9;3270;10087050481;S
20240410;140102;164.94;40;10087050511;S
20240410;140105;164.94;20;10087050974;S
20240410;140105;164.92;680;10087050975;S
20240410;140105;164.96;50;10087050979;B
20240410;140105;164.96;50;10087050980;B
20240410;140106;164.96;90;10087051081;B
20240410;140106;164.96;10;10087051083;B
20240410;140107;164.94;1000;10087051121;S
20240410;140107;164.96;50;10087051227;B
20240410;140107;164.96;10;10087051228;B
20240410;140107;164.98;500;10087051229;B
20240410;140107;164.98;500;10087051230;B
20240410;140107;164.98;1540;10087051231;B
20240410;140108;164.96;5000;10087051275;S
20240410;140108;164.98;10;10087051294;B
20240410;140109;164.98;200;10087051378;B
20240410;140109;164.94;10;10087051395;S
20240410;140110;164.98;30;10087051528;B
20240410;140110;164.94;10;10087051554;S
20240410;140110;164.92;90;10087051555;S
20240410;140111;164.92;200;10087051580;S
20240410;140111;164.92;250;10087051581;S
20240410;140111;164.92;50;10087051582;S
20240410;140111;164.92;50;10087051586;S
20240410;140111;164.98;10;10087051626;B
20240410;140114;164.92;1430;10087051963;S
20240410;140114;164.92;10;10087051964;S
20240410;140114;164.9;560;10087051965;S
20240410;140115;164.96;20;10087052087;B
20240410;140115;164.96;10;10087052111;S
20240410;140116;164.96;200;10087052130;S
20240410;140116;164.96;200;10087052159;S
20240410;140116;164.96;30;10087052191;B
20240410;140117;164.96;100;10087052209;B
20240410;140117;164.94;10;10087052227;S
20240410;140117;164.96;20;10087052258;B
20240410;140117;164.96;170;10087052260;B
20240410;140117;164.94;990;10087052271;S
20240410;140117;164.94;100;10087052272;S
20240410;140117;164.92;10;10087052273;S
20240410;140117;164.9;130;10087052274;S
20240410;140117;164.9;10000;10087052275;S
20240410;140117;164.9;3500;10087052276;S
20240410;140117;164.9;100;10087052277;S
20240410;140117;164.9;40;10087052278;S
20240410;140117;164.9;130;10087052279;S
20240410;140118;164.92;1000;10087052349;S
20240410;140118;164.9;100;10087052397;S
20240410;140118;164.88;400;10087052418;S
20240410;140118;164.88;70;10087052419;S
20240410;140118;164.86;10;10087052420;S
20240410;140118;164.86;100;10087052421;S
20240410;140119;164.86;50;10087052466;S
20240410;140119;164.84;350;10087052549;S
20240410;140120;164.84;350;10087052643;S
20240410;140120;164.84;740;10087052644;S
20240410;140120;164.84;10;10087052645;S
20240410;140120;164.82;10;10087052666;S
20240410;140120;164.82;320;10087052667;S
20240410;140120;164.8;10;10087052668;S
20240410;140120;164.8;40;10087052669;S
20240410;140120;164.8;4620;10087052670;S
20240410;140120;164.8;530;10087052673;S
20240410;140120;164.8;480;10087052674;S
20240410;140120;164.8;30;10087052675;S
20240410;140120;164.8;1000;10087052676;S
20240410;140120;164.84;10;10087052702;B
20240410;140120;164.86;10;10087052732;B
20240410;140120;164.86;400;10087052733;B
20240410;140120;164.88;90;10087052734;B
20240410;140121;164.84;10;10087052803;B
20240410;140122;164.8;10;10087053063;S
20240410;140122;164.78;10;10087053064;S
20240410;140122;164.78;1000;10087053065;S
20240410;140122;164.78;50;10087053066;S
20240410;140122;164.78;2120;10087053067;S
20240410;140122;164.78;200;10087053068;S
20240410;140122;164.78;3470;10087053069;S
20240410;140122;164.76;10;10087053070;S
20240410;140122;164.76;10;10087053071;S
20240410;140122;164.76;10;10087053072;S
20240410;140122;164.76;10;10087053073;S
20240410;140122;164.76;10;10087053074;S
20240410;140122;164.76;330;10087053075;S
20240410;140122;164.76;2500;10087053076;S
20240410;140122;164.76;1000;10087053077;S
20240410;140122;164.76;1000;10087053078;S
20240410;140122;164.76;320;10087053079;S
20240410;140123;164.76;20;10087053175;S
20240410;140123;164.76;10;10087053176;S
20240410;140123;164.76;10;10087053177;S
20240410;140123;164.76;10;10087053201;S
20240410;140123;164.76;10;10087053208;S
20240410;140123;164.76;10;10087053212;S
20240410;140123;164.76;40;10087053276;B
20240410;140123;164.74;250;10087053282;S
20240410;140123;164.76;10;10087053299;B
20240410;140124;164.76;10;10087053326;B
20240410;140124;164.76;40;10087053386;B
20240410;140124;164.78;140;10087053387;B
20240410;140124;164.8;30;10087053388;B
20240410;140124;164.82;200;10087053389;B
20240410;140124;164.82;90;10087053390;B
20240410;140124;164.76;240;10087053408;B
20240410;140124;164.78;260;10087053409;S
20240410;140125;164.8;20;10087053507;B
20240410;140128;164.74;390;10087053963;S
20240410;140128;164.74;100;10087053985;S
20240410;140129;164.76;1000;10087054131;S
20240410;140129;164.78;110;10087054163;B
20240410;140130;164.76;1000;10087054270;S
20240410;140130;164.78;20;10087054324;B
20240410;140131;164.78;120;10087054395;B
20240410;140131;164.8;180;10087054396;B
20240410;140131;164.8;200;10087054397;B
20240410;140132;164.78;10;10087054519;S
20240410;140132;164.78;4990;10087054628;S
20240410;140133;164.76;200;10087054717;S
20240410;140133;164.76;200;10087054718;S
20240410;140133;164.76;10;10087054749;S
20240410;140133;164.76;10;10087054754;S
20240410;140133;164.76;10;10087054756;S
20240410;140133;164.76;10;10087054764;S
20240410;140133;164.74;120;10087054807;S
20240410;140134;164.76;500;10087054892;S
20240410;140134;164.74;2200;10087054921;S
20240410;140135;164.74;300;10087055004;S
20240410;140135;164.72;40;10087055098;S
20240410;140136;164.74;70;10087055166;B
20240410;140136;164.72;10;10087055190;S
20240410;140136;164.74;130;10087055211;B
20240410;140136;164.74;10;10087055212;B
20240410;140136;164.76;60;10087055213;B
20240410;140138;164.72;30;10087055490;S
20240410;140139;164.74;250;10087055599;B
20240410;140139;164.76;70;10087055600;B
20240410;140141;164.76;200;10087055792;B
20240410;140143;164.76;200;10087056068;B
20240410;140144;164.72;920;10087056151;S
20240410;140144;164.72;50;10087056152;S
20240410;140144;164.72;30;10087056153;S
20240410;140144;164.76;10;10087056159;B
20240410;140145;164.76;60;10087056226;B
20240410;140146;164.76;10;10087056368;B
20240410;140146;164.76;390;10087056370;B
20240410;140146;164.76;200;10087056371;B
20240410;140146;164.76;500;10087056372;B
20240410;140146;164.76;200;10087056373;B
20240410;140147;164.8;50;10087056455;B
20240410;140147;164.76;40;10087056505;S
20240410;140148;164.8;10;10087056588;B
20240410;140148;164.8;550;10087056665;B
20240410;140149;164.8;1000;10087056698;B
20240410;140149;164.8;1000;10087056712;B
20240410;140149;164.8;2000;10087056717;B
20240410;140149;164.78;50;10087056725;S
20240410;140149;164.8;10;10087056726;B
20240410;140149;164.8;40;10087056727;B
20240410;140149;164.84;100;10087056728;B
20240410;140149;164.84;850;10087056730;S
20240410;140151;164.88;10;10087056869;B
20240410;140151;164.92;100;10087056870;B
20240410;140151;164.94;390;10087056871;B
20240410;140151;164.84;50;10087056935;S
20240410;140151;164.84;50;10087056936;S
20240410;140152;164.86;10;10087057028;S
20240410;140153;164.92;50;10087057141;S
20240410;140153;164.9;30;10087057156;S
20240410;140153;164.86;20;10087057157;S
20240410;140156;164.94;20;10087057553;B
20240410;140156;164.94;10;10087057554;B
20240410;140156;164.96;70;10087057555;B
20240410;140156;164.88;90;10087057602;S
20240410;140157;164.92;100;10087057656;S
20240410;140157;164.96;10;10087057712;B
20240410;140158;164.92;1000;10087057751;S
20240410;140158;164.96;100;10087057838;B
20240410;140158;164.96;400;10087057839;B
20240410;140159;164.96;10;10087057933;B
20240410;140201;164.92;50;10087058182;S
20240410;140201;164.92;390;10087058237;S
20240410;140202;164.96;10;10087058305;B
20240410;140202;164.96;110;10087058346;B
20240410;140203;164.96;100;10087058506;B
20240410;140203;164.96;1000;10087058524;B
20240410;140203;164.94;500;10087058576;S
20240410;140204;164.96;10;10087058656;B
20240410;140204;164.96;10;10087058682;B
20240410;140204;164.96;10;10087058689;B
20240410;140205;164.94;100;10087058782;S
20240410;140205;164.92;460;10087058783;S
20240410;140205;164.92;1810;10087058784;S
20240410;140205;164.92;200;10087058785;S
20240410;140205;164.92;10;10087058786;S
20240410;140205;164.88;110;10087058787;S
20240410;140205;164.88;100;10087058788;S
20240410;140205;164.88;10;10087058796;B
20240410;140205;164.88;10;10087058797;B
20240410;140205;164.88;10;10087058806;B
20240410;140205;164.88;10;10087058813;B
20240410;140207;164.88;70;10087059037;B
20240410;140208;164.88;30;10087059146;B
20240410;140208;164.88;10;10087059172;B
20240410;140208;164.88;1810;10087059174;B
20240410;140209;164.88;60;10087059251;B
20240410;140209;164.88;90;10087059252;B
20240410;140209;164.88;40;10087059253;B
20240410;140209;164.88;60;10087059254;B
20240410;140209;164.9;70;10087059256;B
20240410;140209;164.9;90;10087059257;B
20240410;140209;164.9;40;10087059258;B
20240410;140209;164.9;10;10087059259;B
20240410;140209;164.9;40;10087059261;B
20240410;140209;164.9;40;10087059263;B
20240410;140209;164.9;70;10087059264;B
20240410;140209;164.9;80;10087059265;B
20240410;140209;164.9;130;10087059266;B
20240410;140209;164.9;40;10087059267;B
20240410;140209;164.9;40;10087059268;B
20240410;140209;164.9;140;10087059269;B
20240410;140209;164.9;30;10087059270;B
20240410;140209;164.9;40;10087059273;B
20240410;140209;164.9;120;10087059274;B
20240410;140209;164.9;40;10087059275;B
20240410;140209;164.9;200;10087059276;B
20240410;140209;164.9;30;10087059281;B
20240410;140209;164.9;410;10087059285;B
20240410;140209;164.9;20;10087059286;B
20240410;140209;164.9;150;10087059287;B
20240410;140209;164.9;80;10087059289;B
20240410;140209;164.9;120;10087059310;B
20240410;140209;164.9;40;10087059315;B
20240410;140209;164.9;30;10087059316;B
20240410;140209;164.9;130;10087059318;B
20240410;140209;164.9;60;10087059319;B
20240410;140209;164.9;40;10087059322;B
20240410;140209;164.9;120;10087059329;B
20240410;140209;164.9;180;10087059330;B
20240410;140209;164.9;120;10087059336;B
20240410;140209;164.9;40;10087059337;B
20240410;140209;164.9;300;10087059338;B
20240410;140209;164.9;40;10087059340;B
20240410;140209;164.9;60;10087059341;B
20240410;140209;164.9;30;10087059342;B
20240410;140209;164.9;90;10087059355;B
20240410;140210;164.9;50;10087059369;B
20240410;140210;164.9;70;10087059371;B
20240410;140210;164.9;50;10087059372;B
20240410;140210;164.9;30;10087059373;B
20240410;140210;164.9;30;10087059374;B
20240410;140210;164.9;60;10087059375;B
20240410;140210;164.9;30;10087059376;B
20240410;140210;164.9;390;10087059379;B
20240410;140210;164.9;10;10087059382;B
20240410;140210;164.9;110;10087059386;B
20240410;140210;164.9;60;10087059403;B
20240410;140210;164.9;480;10087059408;B
20240410;140210;164.9;100;10087059409;B
20240410;140210;164.9;30;10087059411;B
20240410;140210;164.9;50;10087059418;B
20240410;140210;164.9;10;10087059435;B
20240410;140210;164.9;30;10087059438;B
20240410;140210;164.9;220;10087059450;B
20240410;140211;164.9;200;10087059470;B
20240410;140211;164.9;80;10087059471;B
20240410;140211;164.9;150;10087059485;B
20240410;140211;164.9;80;10087059487;B
20240410;140211;164.9;30;10087059491;B
20240410;140211;164.9;480;10087059513;B
20240410;140211;164.9;50;10087059538;B
20240410;140211;164.9;100;10087059539;B
20240410;140211;164.9;30;10087059542;B
20240410;140211;164.9;770;10087059544;B
20240410;140211;164.9;70;10087059556;B
20240410;140211;164.9;40;10087059580;B
20240410;140211;164.9;480;10087059581;B
20240410;140212;164.9;220;10087059598;B
20240410;140212;164.9;50;10087059605;B
20240410;140212;164.9;40;10087059614;B
20240410;140212;164.9;70;10087059618;B
20240410;140212;164.9;160;10087059619;B
20240410;140212;164.9;110;10087059624;B
20240410;140212;164.9;250;10087059627;B
20240410;140212;164.9;70;10087059630;B
20240410;140212;164.9;130;10087059633;B
20240410;140212;164.9;50;10087059634;B
20240410;140212;164.9;160;10087059639;B
20240410;140212;164.9;130;10087059646;B
20240410;140212;164.9;80;10087059652;B
20240410;140212;164.9;190;10087059653;B
20240410;140212;164.9;380;10087059659;B
20240410;140212;164.9;40;10087059669;B
20240410;140212;164.9;90;10087059671;B
20240410;140212;164.9;30;10087059678;B
20240410;140212;164.9;20;10087059687;B
20240410;140212;164.9;390;10087059690;B
20240410;140213;164.88;260;10087059727;B
20240410;140213;164.88;30;10087059738;B
20240410;140213;164.88;60;10087059741;B
20240410;140213;164.9;60;10087059742;B
20240410;140213;164.9;80;10087059765;B
20240410;140213;164.88;40;10087059775;B
20240410;140213;164.88;130;10087059789;B
20240410;140213;164.88;510;10087059791;B
20240410;140213;164.88;200;10087059792;B
20240410;140213;164.88;30;10087059803;B
20240410;140214;164.88;80;10087059834;B
20240410;140214;164.88;10;10087059838;B
20240410;140214;164.88;40;10087059839;B
20240410;140214;164.88;130;10087059857;B
20240410;140214;164.88;100;10087059860;B
20240410;140214;164.88;30;10087059868;B
20240410;140214;164.88;1700;10087059875;B
20240410;140214;164.9;1960;10087059876;B
20240410;140214;164.86;50;10087059878;S
20240410;140214;164.86;300;10087059879;B
20240410;140214;164.9;130;10087059898;B
20240410;140214;164.9;10;10087059899;B
20240410;140214;164.88;40;10087059900;B
20240410;140215;164.88;10;10087059933;B
20240410;140215;164.9;150;10087059944;B
20240410;140215;164.9;380;10087059978;B
20240410;140216;164.9;190;10087060018;B
20240410;140216;164.9;50;10087060019;B
20240410;140216;164.9;240;10087060021;B
20240410;140216;164.9;30;10087060039;B
20240410;140216;164.9;20;10087060043;B
20240410;140216;164.9;70;10087060063;B
20240410;140216;164.9;20;10087060082;B
20240410;140216;164.9;30;10087060113;B
20240410;140217;164.9;700;10087060118;B
20240410;140217;164.9;540;10087060127;B
20240410;140217;164.88;880;10087060130;S
20240410;140217;164.9;60;10087060208;B
20240410;140217;164.9;120;10087060289;B
20240410;140218;164.9;30;10087060333;B
20240410;140218;164.9;50;10087060386;B
20240410;140219;164.9;90;10087060402;B
20240410;140219;164.9;30;10087060433;B
20240410;140219;164.9;380;10087060445;B
20240410;140219;164.9;60;10087060447;B
20240410;140219;164.9;260;10087060453;B
20240410;140219;164.88;250;10087060454;S
20240410;140219;164.9;40;10087060486;B
20240410;140219;164.9;30;10087060494;B
20240410;140219;164.9;100;10087060498;B
20240410;140219;164.9;140;10087060499;B
20240410;140220;164.9;110;10087060542;B
20240410;140220;164.9;110;10087060544;B
20240410;140220;164.9;390;10087060552;B
20240410;140220;164.9;410;10087060553;B
20240410;140221;164.9;10;10087060623;B
20240410;140221;164.9;580;10087060642;B
20240410;140221;164.9;600;10087060643;B
20240410;140222;164.9;50;10087060713;B
20240410;140222;164.9;150;10087060722;B
20240410;140222;164.9;10;10087060776;B
20240410;140222;164.9;30;10087060801;B
20240410;140222;164.9;20;10087060802;B
20240410;140222;164.9;140;10087060934;B
20240410;140222;164.9;200;10087060935;B
20240410;140222;164.9;10;10087060944;B
20240410;140222;164.9;40;10087060945;B
20240410;140222;164.92;30;10087060946;B
20240410;140222;164.92;140;10087060967;B
20240410;140223;164.92;80;10087060991;B
20240410;140223;164.92;170;10087060992;B
20240410;140223;164.92;30;10087061039;B
20240410;140223;164.92;250;10087061040;B
20240410;140223;164.94;10;10087061041;B
20240410;140223;164.96;70;10087061042;B
20240410;140223;164.94;10;10087061062;B
20240410;140223;164.96;190;10087061063;B
20240410;140223;164.94;10;10087061105;B
20240410;140223;164.96;80;10087061106;B
20240410;140223;164.96;50;10087061107;B
20240410;140223;164.96;10;10087061108;B
20240410;140223;164.96;470;10087061109;B
20240410;140224;164.96;220;10087061128;B
20240410;140224;164.92;10;10087061149;S
20240410;140224;164.94;10;10087061163;B
20240410;140224;164.96;120;10087061164;B
20240410;140224;164.96;30;10087061173;B
20240410;140224;164.96;50;10087061229;B
20240410;140224;164.96;10;10087061230;B
20240410;140224;164.98;100;10087061231;B
20240410;140224;165;960;10087061232;B
20240410;140224;165;150;10087061278;B
20240410;140225;164.94;10;10087061286;B
20240410;140225;165;1890;10087061287;B
20240410;140225;165;50;10087061288;B
20240410;140225;165;50;10087061289;B
20240410;140225;165;950;10087061311;B
20240410;140225;165;1050;10087061312;B
20240410;140225;164.98;10;10087061344;B
20240410;140225;165;1750;10087061345;B
20240410;140225;165;30;10087061346;B
20240410;140225;165;20;10087061347;B
20240410;140225;165;80;10087061348;B
20240410;140225;165;200;10087061349;B
20240410;140225;165;560;10087061350;B
20240410;140225;165;350;10087061351;B
20240410;140225;164.96;30;10087061368;S
20240410;140225;164.94;200;10087061369;S
20240410;140225;164.92;190;10087061370;S
20240410;140225;164.92;200;10087061371;S
20240410;140225;164.92;150;10087061372;S
20240410;140225;164.92;10;10087061373;S
20240410;140225;164.9;200;10087061374;S
20240410;140225;164.9;1530;10087061375;S
20240410;140225;164.88;870;10087061376;S
20240410;140225;164.88;300;10087061377;S
20240410;140225;164.88;500;10087061378;S
20240410;140225;164.86;10;10087061379;S
20240410;140225;164.86;3500;10087061380;S
20240410;140225;164.86;500;10087061381;S
20240410;140225;164.84;100;10087061382;S
20240410;140225;164.84;10;10087061383;S
20240410;140225;164.84;50;10087061384;S
20240410;140225;164.84;1650;10087061385;S
20240410;140225;164.84;300;10087061403;S
20240410;140225;164.96;170;10087061408;B
20240410;140225;164.98;150;10087061410;B
20240410;140226;165;2000;10087061440;B
20240410;140226;164.94;10;10087061519;B
20240410;140227;164.96;10;10087061529;B
20240410;140227;164.92;10;10087061595;B
20240410;140228;164.94;10;10087061692;B
20240410;140228;164.94;50;10087061693;B
20240410;140228;164.96;90;10087061694;B
20240410;140228;164.96;10;10087061695;B
20240410;140228;164.96;200;10087061696;B
20240410;140228;164.98;10;10087061697;B
20240410;140228;164.98;630;10087061698;B
20240410;140228;164.98;10;10087061702;B
20240410;140229;164.94;10;10087061953;S
20240410;140229;164.98;140;10087061967;B
20240410;140229;164.98;10;10087062084;B
20240410;140229;165;20;10087062085;B
20240410;140230;164.98;10;10087062160;B
20240410;140230;165;150;10087062161;B
20240410;140231;165;130;10087062218;B
20240410;140231;165;140;10087062291;B
20240410;140232;164.98;10;10087062345;B
20240410;140232;165;40;10087062346;B
20240410;140232;165;20;10087062386;B
20240410;140232;164.98;10;10087062412;B
20240410;140232;165;330;10087062413;B
20240410;140232;165;200;10087062414;B
20240410;140235;164.96;130;10087063117;S
20240410;140236;165;100;10087063262;B
20240410;140236;165;190;10087063292;B
20240410;140237;165;50;10087063338;B
20240410;140237;164.96;40;10087063427;S
20240410;140237;164.96;10;10087063428;S
20240410;140239;164.98;10;10087063610;B
20240410;140239;164.98;200;10087063620;B
20240410;140239;164.96;2620;10087063644;S
20240410;140239;164.94;140;10087063645;S
20240410;140239;164.94;10;10087063646;S
20240410;140239;164.94;10;10087063647;S
20240410;140239;164.92;10;10087063648;S
20240410;140239;164.92;20;10087063649;S
20240410;140239;164.9;1250;10087063650;S
20240410;140239;164.9;50;10087063651;S
20240410;140239;164.9;20;10087063652;S
20240410;140240;164.9;200;10087063768;B
20240410;140240;164.9;1000;10087063769;B
20240410;140241;164.9;200;10087063796;B
20240410;140241;164.88;100;10087063824;S
20240410;140241;164.9;40;10087063831;B
20240410;140242;164.88;10;10087063894;S
20240410;140243;164.9;730;10087063980;B
20240410;140243;164.9;100;10087063981;B
20240410;140243;164.9;10;10087063982;B
20240410;140243;164.9;10;10087063983;B
20240410;140243;164.9;10;10087064058;B
20240410;140243;164.88;70;10087064061;S
20240410;140243;164.9;10;10087064084;B
20240410;140243;164.9;100;10087064087;B
20240410;140244;164.88;20;10087064171;S
20240410;140244;164.86;20;10087064172;S
20240410;140244;164.86;60;10087064173;S
20240410;140245;164.9;13580;10087064313;B
20240410;140245;164.92;140;10087064314;B
20240410;140245;164.94;200;10087064315;B
20240410;140245;164.94;30;10087064316;B
20240410;140245;164.94;50;10087064317;B
20240410;140245;164.94;850;10087064318;B
20240410;140245;164.96;2000;10087064319;B
20240410;140245;164.96;100;10087064320;B
20240410;140245;164.96;1780;10087064321;B
20240410;140245;164.98;290;10087064322;B
20240410;140245;164.98;400;10087064323;B
20240410;140245;164.98;20;10087064324;B
20240410;140245;164.98;10;10087064325;B
20240410;140245;164.98;4000;10087064326;B
20240410;140245;165;30890;10087064327;B
20240410;140245;165;300;10087064328;B
20240410;140245;165;3260;10087064329;B
20240410;140245;165;100;10087064330;B
20240410;140245;165;2000;10087064331;B
20240410;140245;164.88;100;10087064365;S
20240410;140245;164.86;20;10087064366;S
20240410;140245;164.86;20;10087064432;S
20240410;140245;165;100;10087064434;B
20240410;140246;164.86;100;10087064444;S
20240410;140246;165;490;10087064540;B
20240410;140246;165;10;10087064541;B
20240410;140248;165;990;10087064656;B
20240410;140248;164.94;50;10087064729;S
20240410;140250;164.98;170;10087064973;B
20240410;140251;164.92;150;10087065147;S
20240410;140251;164.9;10;10087065148;S
20240410;140251;164.88;20;10087065149;S
20240410;140251;164.88;100;10087065150;S
20240410;140251;164.88;20;10087065151;S
20240410;140251;164.88;1000;10087065152;S
20240410;140251;164.98;30;10087065173;B
20240410;140251;164.98;150;10087065174;B
20240410;140251;164.98;380;10087065175;B
20240410;140252;164.88;20;10087065344;S
20240410;140252;164.88;340;10087065345;S
20240410;140252;164.96;20;10087065413;B
20240410;140252;164.96;100;10087065414;B
20240410;140252;164.96;260;10087065415;B
20240410;140255;164.88;10;10087065707;B
20240410;140257;164.88;10;10087065945;B
20240410;140257;164.88;10;10087066006;B
20240410;140258;164.88;10;10087066055;B
20240410;140259;164.88;10;10087066215;B
20240410;140259;164.82;300;10087066217;S
20240410;140259;164.82;150;10087066218;S
20240410;140259;164.8;550;10087066219;S
20240410;140300;164.84;150;10087066287;B
20240410;140300;164.84;50;10087066334;B
20240410;140300;164.84;10;10087066462;B
20240410;140300;164.84;70;10087066471;B
20240410;140300;164.86;150;10087066472;B
20240410;140300;164.86;1220;10087066473;B
20240410;140300;164.88;950;10087066474;B
20240410;140300;164.88;1000;10087066475;B
20240410;140300;164.88;1240;10087066476;B
20240410;140300;164.92;10;10087066477;B
20240410;140300;164.92;3660;10087066478;B
20240410;140300;164.92;27000;10087066479;B
20240410;140300;164.94;20;10087066480;B
20240410;140300;164.94;1530;10087066481;B
20240410;140300;164.94;740;10087066482;B
20240410;140300;164.94;3660;10087066483;B
20240410;140300;164.94;10000;10087066484;B
20240410;140300;164.94;1240;10087066485;B
20240410;140300;164.96;20;10087066486;B
20240410;140300;164.96;1000;10087066487;B
20240410;140300;164.96;6000;10087066488;B
20240410;140300;164.96;6190;10087066489;B
20240410;140301;164.94;80;10087066526;B
20240410;140301;164.9;100;10087066620;S
20240410;140302;164.96;10;10087066682;B
20240410;140302;164.88;20;10087066762;S
20240410;140302;164.88;100;10087066764;S
20240410;140302;164.88;20;10087066783;S
20240410;140302;164.88;30;10087066785;S
20240410;140302;164.88;20;10087066786;S
20240410;140302;164.88;60;10087066787;S
20240410;140302;164.86;150;10087066788;S
20240410;140302;164.84;20;10087066789;S
20240410;140302;164.84;70;10087066792;S
20240410;140302;164.84;20;10087066793;S
20240410;140303;164.84;20;10087066794;S
20240410;140303;164.84;70;10087066795;S
20240410;140303;164.84;10;10087066796;S
20240410;140303;164.84;60;10087066797;S
20240410;140303;164.84;30;10087066798;S
20240410;140303;164.84;50;10087066799;S
20240410;140303;164.82;10;10087066800;S
20240410;140303;164.82;100;10087066801;S
20240410;140303;164.82;20;10087066805;S
20240410;140303;164.82;20;10087066807;S
20240410;140303;164.82;20;10087066808;S
20240410;140303;164.82;40;10087066809;S
20240410;140303;164.82;20;10087066810;S
20240410;140303;164.82;760;10087066811;S
20240410;140303;164.82;60;10087066812;S
20240410;140303;164.82;150;10087066813;S
20240410;140303;164.8;20;10087066814;S
20240410;140303;164.8;100;10087066825;S
20240410;140303;164.8;40;10087066826;S
20240410;140303;164.8;40;10087066827;S
20240410;140303;164.8;20;10087066828;S
20240410;140303;164.8;20;10087066829;S
20240410;140303;164.8;50;10087066833;S
20240410;140303;164.8;30;10087066834;S
20240410;140303;164.8;40;10087066835;S
20240410;140303;164.8;20;10087066839;S
20240410;140303;164.88;10;10087066860;S
20240410;140303;164.88;20;10087066862;S
20240410;140303;164.88;50;10087066864;S
20240410;140303;164.88;100;10087066867;S
20240410;140303;164.88;120;10087066875;S
20240410;140303;164.88;40;10087066877;S
20240410;140303;164.88;40;10087066885;S
20240410;140303;164.88;280;10087066888;S
20240410;140303;164.88;50;10087066889;S
20240410;140303;164.88;20;10087066890;S
20240410;140303;164.88;20;10087066892;S
20240410;140303;164.88;30;10087066895;S
20240410;140303;164.88;50;10087066896;S
20240410;140303;164.88;10;10087066898;S
20240410;140303;164.82;10;10087066899;S
20240410;140303;164.8;40;10087066902;S
20240410;140303;164.8;100;10087066903;S
20240410;140303;164.8;100;10087066922;S
20240410;140303;164.8;20;10087066924;S
20240410;140303;164.8;300;10087066925;S
20240410;140303;164.8;20;10087066928;S
20240410;140303;164.8;30;10087066929;S
20240410;140303;164.8;70;10087066943;S
20240410;140303;164.8;20;10087066945;S
20240410;140303;164.8;20;10087066949;S
20240410;140303;164.8;90;10087066952;S
20240410;140303;164.8;50;10087066953;S
20240410;140303;164.8;70;10087066955;S
20240410;140303;164.8;430;10087066956;S
20240410;140303;164.8;220;10087066957;S
20240410;140303;164.8;20;10087066959;S
20240410;140303;164.8;20;10087066960;S
20240410;140303;164.8;40;10087066961;S
20240410;140303;164.8;40;10087066962;S
20240410;140303;164.8;20;10087066963;S
20240410;140303;164.8;20;10087066966;S
20240410;140303;164.8;20;10087066968;S
20240410;140303;164.8;300;10087066970;S
20240410;140303;164.8;20;10087066971;S
20240410;140303;164.8;50;10087066974;S
20240410;140303;164.8;60;10087066978;S
20240410;140303;164.8;30;10087066984;S
20240410;140303;164.8;70;10087067001;S
20240410;140303;164.8;20;10087067003;S
20240410;140304;164.8;80;10087067012;S
20240410;140304;164.8;30;10087067013;S
20240410;140304;164.8;30;10087067021;S
20240410;140304;164.8;10;10087067026;S
20240410;140304;164.8;140;10087067035;S
20240410;140304;164.8;40;10087067040;S
20240410;140304;164.8;20;10087067042;S
20240410;140304;164.8;110;10087067050;S
20240410;140304;164.8;100;10087067051;S
20240410;140304;164.8;20;10087067052;S
20240410;140304;164.8;20;10087067053;S
20240410;140304;164.8;90;10087067059;S
20240410;140304;164.8;80;10087067072;S
20240410;140304;164.8;100;10087067074;S
20240410;140304;164.8;40;10087067085;S
20240410;140304;164.8;20;10087067086;S
20240410;140304;164.8;20;10087067087;S
20240410;140304;164.8;30;10087067090;S
20240410;140304;164.8;20;10087067093;S
20240410;140304;164.8;20;10087067095;S
20240410;140304;164.8;10;10087067096;S
20240410;140304;164.8;50;10087067097;S
20240410;140304;164.8;90;10087067102;S
20240410;140304;164.8;20;10087067104;S
20240410;140304;164.8;20;10087067114;S
20240410;140304;164.8;130;10087067120;S
20240410;140304;164.8;90;10087067122;S
20240410;140304;164.8;10;10087067127;S
20240410;140304;164.8;40;10087067130;S
20240410;140304;164.8;40;10087067131;S
20240410;140304;164.8;40;10087067132;S
20240410;140304;164.8;20;10087067147;S
20240410;140304;164.8;30;10087067150;S
20240410;140304;164.8;20;10087067151;S
20240410;140304;164.8;50;10087067152;S
20240410;140304;164.8;70;10087067153;S
20240410;140304;164.8;20;10087067155;S
20240410;140304;164.8;100;10087067157;S
20240410;140304;164.8;30;10087067158;S
20240410;140304;164.8;20;10087067168;S
20240410;140304;164.8;10;10087067169;S
20240410;140304;164.8;120;10087067172;S
20240410;140304;164.8;30;10087067190;S
20240410;140305;164.86;200;10087067194;B
20240410;140305;164.82;10;10087067217;S
20240410;140305;164.78;10;10087067218;S
20240410;140305;164.78;10;10087067219;S
20240410;140305;164.78;60;10087067220;S
20240410;140305;164.78;40;10087067223;S
20240410;140305;164.78;20;10087067225;S
20240410;140305;164.78;200;10087067226;S
20240410;140305;164.78;20;10087067228;S
20240410;140305;164.78;30;10087067229;S
20240410;140305;164.78;50;10087067235;S
20240410;140305;164.78;580;10087067236;S
20240410;140305;164.78;30;10087067237;S
20240410;140305;164.78;20;10087067240;S
20240410;140305;164.78;10;10087067241;S
20240410;140305;164.78;140;10087067242;S
20240410;140305;164.78;50;10087067252;S
20240410;140305;164.78;20;10087067270;S
20240410;140305;164.78;270;10087067278;S
20240410;140305;164.78;20;10087067317;S
20240410;140305;164.78;50;10087067321;S
20240410;140305;164.78;20;10087067323;S
20240410;140305;164.78;20;10087067330;S
20240410;140305;164.78;90;10087067332;S
20240410;140305;164.78;80;10087067342;S
20240410;140305;164.76;10;10087067351;S
20240410;140305;164.76;10;10087067352;S
20240410;140305;164.76;20;10087067382;S
20240410;140305;164.76;100;10087067386;S
20240410;140305;164.76;30;10087067387;S
20240410;140305;164.76;40;10087067389;S
20240410;140305;164.76;20;10087067390;S
20240410;140305;164.76;80;10087067393;S
20240410;140305;164.76;80;10087067394;S
20240410;140305;164.76;110;10087067397;S
20240410;140305;164.76;150;10087067410;S
20240410;140306;164.76;10;10087067415;S
20240410;140306;164.76;20;10087067418;S
20240410;140306;164.76;20;10087067435;S
20240410;140306;164.76;30;10087067436;S
20240410;140306;164.76;50;10087067447;S
20240410;140306;164.76;30;10087067452;S
20240410;140306;164.76;20;10087067453;S
20240410;140306;164.76;20;10087067471;S
20240410;140306;164.76;100;10087067479;S
20240410;140306;164.76;90;10087067483;S
20240410;140306;164.76;20;10087067485;S
20240410;140306;164.76;50;10087067486;S
20240410;140306;164.76;80;10087067491;S
20240410;140306;164.76;100;10087067493;S
20240410;140306;164.74;120;10087067503;S
20240410;140306;164.74;20;10087067505;S
20240410;140306;164.74;20;10087067508;S
20240410;140306;164.74;90;10087067523;S
20240410;140306;164.74;10;10087067524;S
20240410;140306;164.74;50;10087067540;S
20240410;140307;164.74;60;10087067548;S
20240410;140307;164.74;30;10087067549;S
20240410;140307;164.74;50;10087067550;S
20240410;140307;164.74;20;10087067551;S
20240410;140307;164.74;20;10087067552;S
20240410;140307;164.74;190;10087067557;S
20240410;140307;164.74;250;10087067562;S
20240410;140307;164.74;20;10087067563;S
20240410;140307;164.74;80;10087067564;S
20240410;140307;164.74;70;10087067566;S
20240410;140307;164.74;20;10087067578;S
20240410;140307;164.74;100;10087067597;S
20240410;140307;164.74;20;10087067607;S
20240410;140307;164.74;20;10087067609;S
20240410;140307;164.74;140;10087067611;S
20240410;140307;164.74;20;10087067612;S
20240410;140307;164.74;10;10087067647;S
20240410;140307;164.72;20;10087067652;S
20240410;140307;164.72;170;10087067653;S
20240410;140307;164.72;70;10087067654;S
20240410;140307;164.72;10;10087067656;S
20240410;140307;164.72;10;10087067657;S
20240410;140307;164.72;100;10087067658;S
20240410;140307;164.72;120;10087067659;S
20240410;140307;164.72;120;10087067661;S
20240410;140307;164.72;10;10087067662;S
20240410;140307;164.72;40;10087067665;S
20240410;140307;164.72;50;10087067666;S
20240410;140307;164.72;20;10087067667;S
20240410;140307;164.72;180;10087067669;S
20240410;140307;164.72;40;10087067671;S
20240410;140307;164.72;20;10087067672;S
20240410;140307;164.72;20;10087067673;S
20240410;140307;164.72;30;10087067676;S
20240410;140307;164.72;10;10087067677;S
20240410;140307;164.72;90;10087067680;S
20240410;140307;164.72;60;10087067683;S
20240410;140307;164.72;90;10087067684;S
20240410;140307;164.72;90;10087067685;S
20240410;140307;164.72;30;10087067687;S
20240410;140307;164.72;30;10087067692;S
20240410;140307;164.72;150;10087067695;S
20240410;140307;164.72;910;10087067704;S
20240410;140307;164.7;10;10087067705;S
20240410;140307;164.7;1000;10087067706;S
20240410;140307;164.7;10;10087067707;S
20240410;140307;164.7;10;10087067708;S
20240410;140307;164.7;2000;10087067709;S
20240410;140307;164.7;10;10087067710;S
20240410;140307;164.7;30;10087067711;S
20240410;140307;164.7;1000;10087067712;S
20240410;140307;164.7;530;10087067713;S
20240410;140307;164.7;2350;10087067714;S
20240410;140307;164.7;3020;10087067715;S
20240410;140307;164.68;150;10087067716;S
20240410;140307;164.66;6970;10087067717;S
20240410;140307;164.68;130;10087067723;S
20240410;140307;164.68;270;10087067724;S
20240410;140307;164.68;60;10087067726;S
20240410;140307;164.68;70;10087067730;S
20240410;140307;164.68;280;10087067732;S
20240410;140307;164.68;30;10087067733;S
20240410;140308;164.68;30;10087067738;S
20240410;140308;164.68;20;10087067739;S
20240410;140308;164.68;20;10087067740;S
20240410;140308;164.68;150;10087067745;S
20240410;140308;164.68;20;10087067750;S
20240410;140308;164.68;30;10087067751;S
20240410;140308;164.68;40;10087067777;S
20240410;140308;164.68;60;10087067779;S
20240410;140308;164.68;30;10087067781;S
20240410;140308;164.68;40;10087067782;S
20240410;140308;164.68;60;10087067784;S
20240410;140308;164.68;10;10087067787;S
20240410;140308;164.68;20;10087067788;S
20240410;140308;164.68;20;10087067791;S
20240410;140308;164.68;110;10087067792;S
20240410;140308;164.66;3010;10087067793;S
20240410;140308;164.66;150;10087067794;S
20240410;140308;164.64;10;10087067795;S
20240410;140308;164.64;400;10087067796;S
20240410;140308;164.64;100;10087067797;S
20240410;140308;164.64;50;10087067798;S
20240410;140308;164.64;600;10087067799;S
20240410;140308;164.64;3570;10087067800;S
20240410;140308;164.64;160;10087067801;S
20240410;140308;164.64;110;10087067803;S
20240410;140308;164.64;80;10087067806;S
20240410;140308;164.64;30;10087067808;S
20240410;140308;164.64;80;10087067813;S
20240410;140308;164.64;110;10087067818;S
20240410;140308;164.64;50;10087067827;S
20240410;140308;164.64;190;10087067830;S
20240410;140308;164.72;20;10087067842;B
20240410;140308;164.74;590;10087067843;S
20240410;140308;164.66;40;10087067853;S
20240410;140308;164.66;470;10087067857;S
20240410;140308;164.64;530;10087067858;S
20240410;140308;164.64;20;10087067859;S
20240410;140308;164.64;20;10087067863;S
20240410;140308;164.64;20;10087067864;S
20240410;140308;164.66;10;10087067866;B
20240410;140308;164.64;20;10087067868;S
20240410;140308;164.64;20;10087067869;S
20240410;140308;164.64;20;10087067870;S
20240410;140308;164.64;20;10087067871;S
20240410;140308;164.64;30;10087067873;S
20240410;140308;164.64;50;10087067879;S
20240410;140308;164.64;30;10087067881;S
20240410;140308;164.64;110;10087067895;S
20240410;140308;164.64;20;10087067903;S
20240410;140308;164.64;20;10087067904;S
20240410;140308;164.64;20;10087067905;S
20240410;140308;164.64;60;10087067908;S
20240410;140309;164.64;50;10087067920;S
20240410;140309;164.64;150;10087067921;S
20240410;140309;164.64;40;10087067924;S
20240410;140309;164.64;20;10087067928;S
20240410;140309;164.64;70;10087067937;S
20240410;140309;164.64;60;10087067945;S
20240410;140309;164.64;30;10087067948;S
20240410;140309;164.66;200;10087067950;B
20240410;140309;164.64;30;10087067955;S
20240410;140309;164.64;70;10087067973;S
20240410;140309;164.64;20;10087067976;S
20240410;140309;164.64;10;10087067977;S
20240410;140309;164.64;80;10087067979;S
20240410;140309;164.64;20;10087067983;S
20240410;140309;164.64;20;10087067984;S
20240410;140309;164.64;30;10087067990;S
20240410;140309;164.64;30;10087067991;S
20240410;140309;164.66;90;10087067992;B
20240410;140309;164.66;410;10087067993;B
20240410;140309;164.66;10;10087068019;B
20240410;140309;164.64;1250;10087068020;S
20240410;140309;164.64;30;10087068023;S
20240410;140309;164.66;40;10087068024;B
20240410;140309;164.64;50;10087068025;S
20240410;140309;164.64;20;10087068032;S
20240410;140309;164.64;40;10087068040;S
20240410;140309;164.64;30;10087068043;S
20240410;140309;164.64;300;10087068047;S
20240410;140309;164.64;30;10087068051;S
20240410;140309;164.64;50;10087068055;S
20240410;140309;164.64;60;10087068059;S
20240410;140309;164.64;20;10087068062;S
20240410;140309;164.64;20;10087068063;S
20240410;140310;164.64;40;10087068068;S
20240410;140310;164.64;100;10087068103;S
20240410;140310;164.64;20;10087068105;S
20240410;140310;164.64;20;10087068109;S
20240410;140310;164.64;30;10087068110;S
20240410;140310;164.64;110;10087068113;S
20240410;140310;164.64;250;10087068117;S
20240410;140310;164.64;30;10087068118;S
20240410;140310;164.64;1380;10087068119;S
20240410;140310;164.64;200;10087068120;S
20240410;140310;164.62;10;10087068121;S
20240410;140310;164.62;10;10087068122;S
20240410;140310;164.62;250;10087068123;S
20240410;140310;164.62;10;10087068124;S
20240410;140310;164.62;20;10087068161;S
20240410;140310;164.66;50;10087068165;B
20240410;140310;164.62;10;10087068187;S
20240410;140310;164.62;140;10087068189;S
20240410;140310;164.62;20;10087068191;S
20240410;140310;164.62;40;10087068195;S
20240410;140311;164.62;100;10087068201;S
20240410;140311;164.62;10;10087068206;S
20240410;140311;164.66;580;10087068207;B
20240410;140311;164.68;150;10087068208;B
20240410;140311;164.68;1200;10087068209;B
20240410;140311;164.72;60;10087068210;B
20240410;140311;164.72;1070;10087068211;B
20240410;140311;164.74;1530;10087068212;B
20240410;140311;164.78;20;10087068213;B
20240410;140311;164.78;500;10087068214;B
20240410;140311;164.78;2890;10087068215;B
20240410;140311;164.64;30;10087068237;S
20240410;140311;164.64;50;10087068238;S
20240410;140311;164.64;80;10087068240;S
20240410;140311;164.64;200;10087068242;S
20240410;140311;164.64;80;10087068260;S
20240410;140311;164.64;20;10087068269;S
20240410;140311;164.64;40;10087068273;S
20240410;140311;164.64;20;10087068277;S
20240410;140311;164.64;100;10087068282;S
20240410;140311;164.64;30;10087068285;S
20240410;140311;164.64;40;10087068297;S
20240410;140311;164.64;100;10087068298;S
20240410;140311;164.64;20;10087068305;S
20240410;140311;164.68;20;10087068336;S
20240410;140311;164.66;30;10087068337;S
20240410;140312;164.68;30;10087068351;S
20240410;140312;164.7;200;10087068359;S
20240410;140312;164.7;30;10087068362;S
20240410;140312;164.8;10;10087068364;B
20240410;140312;164.7;20;10087068365;S
20240410;140313;164.76;500;10087068856;S
20240410;140314;164.74;550;10087069037;S
20240410;140314;164.72;890;10087069038;S
20240410;140314;164.76;10;10087069084;S
20240410;140314;164.72;60;10087069085;S
20240410;140315;164.72;50;10087069231;S
20240410;140315;164.7;50;10087069232;S
20240410;140316;164.76;200;10087069298;B
20240410;140316;164.78;30;10087069299;B
20240410;140316;164.8;70;10087069300;B
20240410;140316;164.74;100;10087069358;S
20240410;140316;164.74;50;10087069359;S
20240410;140316;164.7;10;10087069360;S
20240410;140316;164.7;210;10087069385;S
20240410;140317;164.8;10;10087069483;B
20240410;140317;164.8;50;10087069507;B
20240410;140318;164.76;10;10087069537;S
20240410;140318;164.74;110;10087069538;S
20240410;140318;164.74;40;10087069566;S
20240410;140318;164.72;130;10087069567;S
20240410;140318;164.72;150;10087069573;S
20240410;140318;164.72;90;10087069604;S
20240410;140318;164.72;50;10087069611;S
20240410;140318;164.72;130;10087069615;S
20240410;140319;164.72;20;10087069647;S
20240410;140319;164.8;10;10087069660;B
20240410;140319;164.8;400;10087069661;B
20240410;140319;164.82;400;10087069662;B
20240410;140319;164.82;750;10087069663;S
20240410;140319;164.84;10;10087069672;B
20240410;140319;164.84;40;10087069673;B
20240410;140319;164.82;40;10087069676;S
20240410;140319;164.82;40;10087069683;S
20240410;140319;164.82;20;10087069693;S
20240410;140319;164.82;120;10087069702;S
20240410;140320;164.82;50;10087069734;S
20240410;140320;164.82;20;10087069747;S
20240410;140320;164.82;20;10087069749;S
20240410;140320;164.82;40;10087069753;S
20240410;140320;164.82;60;10087069778;S
20240410;140320;164.82;260;10087069805;S
20240410;140320;164.82;20;10087069813;S
20240410;140320;164.84;30;10087069816;S
20240410;140321;164.84;30;10087069838;S
20240410;140321;164.84;20;10087069852;S
20240410;140321;164.84;20;10087069864;S
20240410;140321;164.82;260;10087069865;S
20240410;140321;164.82;20;10087069872;S
20240410;140321;164.82;40;10087069893;S
20240410;140321;164.82;30;10087069897;S
20240410;140321;164.82;80;10087069938;S
20240410;140322;164.82;110;10087070002;S
20240410;140322;164.82;30;10087070007;S
20240410;140322;164.82;70;10087070030;S
20240410;140322;164.82;1250;10087070039;S
20240410;140322;164.74;600;10087070040;S
20240410;140322;164.72;150;10087070041;S
20240410;140322;164.72;2080;10087070042;S
20240410;140322;164.72;20;10087070043;S
20240410;140322;164.7;20;10087070044;S
20240410;140322;164.7;1000;10087070045;S
20240410;140322;164.7;2000;10087070046;S
20240410;140322;164.7;1530;10087070047;S
20240410;140322;164.7;700;10087070048;S
20240410;140322;164.68;270;10087070049;S
20240410;140322;164.68;5500;10087070050;S
20240410;140322;164.66;5000;10087070051;S
20240410;140322;164.66;4880;10087070052;S
20240410;140322;164.68;20;10087070059;S
20240410;140323;164.68;30;10087070075;S
20240410;140323;164.66;120;10087070159;S
20240410;140323;164.66;20;10087070163;S
20240410;140323;164.66;30;10087070171;S
20240410;140324;164.68;30;10087070211;S
20240410;140324;164.68;20;10087070241;S
20240410;140324;164.74;20;10087070242;B
20240410;140324;164.74;80;10087070243;B
20240410;140324;164.68;20;10087070244;S
20240410;140325;164.68;20;10087070305;S
20240410;140326;164.68;110;10087070469;S
20240410;140326;164.68;50;10087070470;S
20240410;140326;164.68;10;10087070471;S
20240410;140326;164.66;2450;10087070472;S
20240410;140326;164.66;100;10087070493;S
20240410;140327;164.66;290;10087070536;S
20240410;140327;164.66;20;10087070572;S
20240410;140327;164.66;40;10087070577;S
20240410;140328;164.7;20;10087070613;B
20240410;140328;164.66;30;10087070648;S
20240410;140328;164.66;80;10087070649;S
20240410;140328;164.66;20;10087070662;S
20240410;140328;164.66;30;10087070664;S
20240410;140329;164.66;20;10087070730;S
20240410;140329;164.66;30;10087070769;S
20240410;140330;164.68;500;10087070806;B
20240410;140330;164.66;1510;10087070856;S
20240410;140331;164.66;30;10087070875;S
20240410;140331;164.66;180;10087070876;S
20240410;140331;164.66;50;10087070877;S
20240410;140331;164.66;10;10087070878;S
20240410;140331;164.64;10;10087070879;S
20240410;140331;164.64;50;10087070880;S
20240410;140331;164.64;250;10087070881;S
20240410;140331;164.62;400;10087070882;S
20240410;140331;164.62;200;10087070883;S
20240410;140331;164.62;10;10087070884;S
20240410;140331;164.62;50;10087070885;S
20240410;140331;164.62;20;10087070886;S
20240410;140331;164.6;10;10087070887;S
20240410;140331;164.6;20;10087070888;S
20240410;140331;164.6;80;10087070889;S
20240410;140331;164.6;170;10087070890;S
20240410;140331;164.7;130;10087070911;B
20240410;140331;164.7;620;10087070912;B
20240410;140331;164.72;880;10087070913;B
20240410;140331;164.74;370;10087070914;B
20240410;140331;164.66;10;10087070919;S
20240410;140331;164.62;20;10087070920;S
20240410;140331;164.66;10;10087070949;S
20240410;140331;164.64;10;10087070950;S
20240410;140331;164.66;10;10087070993;S
20240410;140331;164.64;6390;10087070994;S
20240410;140332;164.64;500;10087071015;S
20240410;140332;164.72;20;10087071032;B
20240410;140332;164.64;80;10087071048;S
20240410;140333;164.64;50;10087071075;S
20240410;140334;164.72;130;10087071221;B
20240410;140334;164.72;70;10087071222;B
20240410;140334;164.66;10;10087071225;S
20240410;140335;164.7;50;10087071314;B
20240410;140336;164.7;100;10087071378;B
20240410;140336;164.72;100;10087071379;B
20240410;140336;164.66;90;10087071388;S
20240410;140336;164.64;2810;10087071389;S
20240410;140338;164.7;30;10087071898;B
20240410;140340;164.7;10;10087072013;B
20240410;140340;164.66;30;10087072027;S
20240410;140340;164.64;670;10087072028;S
20240410;140340;164.7;110;10087072089;B
20240410;140340;164.7;10;10087072090;B
20240410;140340;164.7;80;10087072091;B
20240410;140341;164.64;670;10087072116;S
20240410;140341;164.68;50;10087072179;B
20240410;140341;164.7;550;10087072180;B
20240410;140342;164.7;200;10087072292;B
20240410;140343;164.64;320;10087072319;S
20240410;140343;164.64;50;10087072320;S
20240410;140343;164.64;70;10087072321;S
20240410;140343;164.64;150;10087072322;S
20240410;140343;164.64;500;10087072323;S
20240410;140343;164.62;50;10087072324;S
20240410;140343;164.62;50;10087072325;S
20240410;140343;164.62;230;10087072326;S
20240410;140343;164.62;10;10087072327;S
20240410;140343;164.6;360;10087072328;S
20240410;140344;164.62;150;10087072518;S
20240410;140344;164.62;50;10087072519;S
20240410;140344;164.6;470;10087072520;S
20240410;140344;164.6;630;10087072521;S
20240410;140344;164.68;10;10087072545;B
20240410;140344;164.68;140;10087072570;B
20240410;140344;164.7;60;10087072571;B
20240410;140344;164.68;10;10087072627;B
20240410;140345;164.66;100;10087072734;B
20240410;140346;164.62;170;10087073128;S
20240410;140346;164.62;1220;10087073129;S
20240410;140347;164.66;50;10087073196;B
20240410;140347;164.66;2370;10087073205;B
20240410;140347;164.66;2000;10087073206;B
20240410;140347;164.68;140;10087073207;B
20240410;140347;164.68;490;10087073208;B
20240410;140348;164.68;20;10087073243;B
20240410;140348;164.68;200;10087073282;B
20240410;140348;164.68;190;10087073307;B
20240410;140349;164.7;50;10087073397;B
20240410;140349;164.76;150;10087073398;B
20240410;140349;164.78;10;10087073404;B
20240410;140350;164.68;70;10087073455;S
20240410;140350;164.66;500;10087073456;S
20240410;140350;164.66;120;10087073457;S
20240410;140350;164.64;40;10087073458;S
20240410;140351;164.7;150;10087073616;B
20240410;140351;164.74;850;10087073617;B
20240410;140352;164.76;40;10087073781;B
20240410;140352;164.76;160;10087073782;B
20240410;140352;164.68;100;10087073841;S
20240410;140352;164.68;10;10087073842;S
20240410;140352;164.68;80;10087073843;B
20240410;140355;164.68;10;10087074033;B
20240410;140355;164.68;40;10087074067;B
20240410;140355;164.72;60;10087074068;B
20240410;140356;164.74;200;10087074622;B
20240410;140357;164.66;200;10087074661;S
20240410;140357;164.66;50;10087074662;S
20240410;140357;164.64;110;10087074663;S
20240410;140357;164.64;50;10087074664;S
20240410;140357;164.64;20;10087074665;S
20240410;140357;164.64;60;10087074666;S
20240410;140357;164.64;150;10087074667;S
20240410;140357;164.64;850;10087074668;S
20240410;140357;164.62;2340;10087074669;S
20240410;140357;164.64;10;10087074698;S
20240410;140359;164.64;40;10087074905;S
20240410;140359;164.7;250;10087074909;B
20240410;140359;164.7;70;10087074910;S
20240410;140401;164.72;30;10087075053;B
20240410;140401;164.72;80;10087075119;B
20240410;140401;164.72;10;10087075135;B
20240410;140401;164.7;600;10087075138;S
20240410;140403;164.72;1000;10087075275;B
20240410;140403;164.7;80;10087075303;S
20240410;140403;164.7;100;10087075319;S
20240410;140404;164.7;20;10087075473;S
20240410;140404;164.74;50;10087075474;B
20240410;140404;164.76;1000;10087075475;B
20240410;140404;164.76;540;10087075476;B
20240410;140404;164.78;1000;10087075477;B
20240410;140404;164.78;10;10087075478;B
20240410;140404;164.78;400;10087075479;B
20240410;140407;164.76;840;10087075920;B
20240410;140407;164.78;1160;10087075921;B
20240410;140409;164.74;10;10087076164;S
20240410;140409;164.74;90;10087076191;S
20240410;140409;164.7;910;10087076192;S
20240410;140410;164.7;10;10087076299;S
20240410;140415;164.76;20;10087076886;B
20240410;140415;164.7;1000;10087076891;S
20240410;140416;164.7;300;10087076987;S
20240410;140416;164.76;10;10087077034;B
20240410;140416;164.7;100;10087077045;S
20240410;140417;164.76;70;10087077093;B
20240410;140417;164.76;10;10087077094;B
20240410;140417;164.76;90;10087077095;B
20240410;140417;164.7;200;10087077114;S
20240410;140419;164.76;40;10087077276;B
20240410;140421;164.72;20;10087077469;S
20240410;140421;164.78;100;10087077566;S
20240410;140422;164.76;10;10087077612;S
20240410;140422;164.76;140;10087077617;S
20240410;140422;164.74;360;10087077618;S
20240410;140422;164.8;20;10087077686;B
20240410;140423;164.8;1480;10087078082;B
20240410;140423;164.8;50;10087078083;B
20240410;140423;164.8;10;10087078084;B
20240410;140423;164.82;10;10087078085;B
20240410;140423;164.82;1450;10087078086;B
20240410;140424;164.8;140;10087078166;B
20240410;140424;164.82;840;10087078167;B
20240410;140424;164.74;150;10087078199;S
20240410;140425;164.82;500;10087078271;B
20240410;140427;164.76;50;10087078390;S
20240410;140428;164.8;10;10087078508;B
20240410;140428;164.82;90;10087078509;B
20240410;140430;164.82;10;10087078840;B
20240410;140430;164.82;20;10087078876;B
20240410;140431;164.78;50;10087078965;S
20240410;140434;164.78;50;10087079221;S
20240410;140434;164.82;50;10087079235;B
20240410;140435;164.74;50;10087079283;S
20240410;140435;164.82;20;10087079370;B
20240410;140438;164.74;250;10087079656;S
20240410;140438;164.74;50;10087079679;S
20240410;140438;164.72;250;10087079680;S
20240410;140439;164.82;10;10087079720;B
20240410;140439;164.82;10;10087079723;B
20240410;140439;164.78;30;10087079761;B
20240410;140440;164.76;10;10087079825;B
20240410;140440;164.76;10;10087079835;B
20240410;140440;164.76;10;10087079847;B
20240410;140440;164.76;10;10087079883;B
20240410;140440;164.76;10;10087079885;B
20240410;140440;164.76;10;10087079897;B
20240410;140441;164.76;10;10087079908;B
20240410;140441;164.76;10;10087079917;B
20240410;140441;164.76;10;10087079940;B
20240410;140441;164.76;10;10087079963;B
20240410;140441;164.76;10;10087079979;B
20240410;140442;164.76;10;10087080006;B
20240410;140442;164.76;10;10087080007;B
20240410;140442;164.72;160;10087080012;S
20240410;140442;164.76;10;10087080029;B
20240410;140442;164.76;10;10087080046;B
20240410;140442;164.76;10;10087080047;B
20240410;140442;164.76;10;10087080074;B
20240410;140442;164.76;10;10087080082;B
20240410;140443;164.76;10;10087080114;B
20240410;140443;164.76;10;10087080121;B
20240410;140443;164.78;10;10087080127;B
20240410;140443;164.78;10;10087080135;B
20240410;140443;164.72;30;10087080153;S
20240410;140443;164.8;10;10087080176;B
20240410;140443;164.8;20;10087080177;B
20240410;140443;164.8;10;10087080191;B
20240410;140444;164.8;20;10087080229;B
20240410;140444;164.8;10;10087080237;B
20240410;140444;164.8;10;10087080241;B
20240410;140444;164.8;20;10087080328;B
20240410;140444;164.8;10;10087080356;B
20240410;140444;164.8;20;10087080359;B
20240410;140444;164.82;10;10087080360;B
20240410;140445;164.84;10;10087080392;B
20240410;140445;164.84;10;10087080439;B
20240410;140445;164.84;10;10087080443;B
20240410;140445;164.84;10;10087080444;B
20240410;140445;164.84;20;10087080446;B
20240410;140445;164.84;10;10087080456;B
20240410;140445;164.84;10;10087080483;B
20240410;140446;164.84;10;10087080545;B
20240410;140446;164.86;10;10087080551;B
20240410;140446;164.88;10;10087080560;B
20240410;140446;164.88;10;10087080564;B
20240410;140446;164.88;80;10087080571;B
20240410;140446;164.9;10;10087080572;B
20240410;140446;164.92;10;10087080573;B
20240410;140446;164.92;400;10087080574;B
20240410;140446;164.92;10;10087080577;B
20240410;140446;164.9;10;10087080622;B
20240410;140447;164.9;10;10087081167;B
20240410;140447;164.9;10;10087081183;B
20240410;140447;164.9;10;10087081196;B
20240410;140448;164.9;10;10087081248;B
20240410;140448;164.92;10;10087081281;B
20240410;140449;164.84;60;10087081365;S
20240410;140449;164.9;60;10087081366;B
20240410;140449;164.9;90;10087081367;B
20240410;140452;164.84;90;10087081558;S
20240410;140452;164.8;110;10087081559;S
20240410;140452;164.88;10;10087081586;B
20240410;140452;164.88;80;10087081592;B
20240410;140452;164.88;150;10087081593;B
20240410;140453;164.9;150;10087081691;B
20240410;140454;164.9;10;10087081780;B
20240410;140455;164.82;100;10087081932;S
20240410;140455;164.9;100;10087081963;B
20240410;140458;164.82;10;10087082225;S
20240410;140458;164.9;120;10087082265;B
20240410;140458;164.82;40;10087082272;S
20240410;140458;164.82;60;10087082273;S
20240410;140459;164.9;10;10087082294;B
20240410;140459;164.9;10;10087082295;B
20240410;140459;164.9;10;10087082299;B
20240410;140459;164.9;10;10087082300;B
20240410;140459;164.9;10;10087082301;B
20240410;140459;164.9;10;10087082302;B
20240410;140459;164.9;10;10087082304;B
20240410;140459;164.9;10;10087082311;B
20240410;140459;164.9;10;10087082319;B
20240410;140459;164.9;10;10087082322;B
20240410;140459;164.9;10;10087082323;B
20240410;140459;164.9;30;10087082324;B
20240410;140459;164.9;10;10087082325;B
20240410;140459;164.9;10;10087082329;B
20240410;140459;164.9;10;10087082332;B
20240410;140459;164.9;10;10087082333;B
20240410;140459;164.9;10;10087082336;B
20240410;140459;164.9;10;10087082339;B
20240410;140459;164.9;10;10087082340;B
20240410;140459;164.9;10;10087082342;B
20240410;140459;164.9;10;10087082343;B
20240410;140459;164.9;10;10087082344;B
20240410;140459;164.9;20;10087082346;B
20240410;140459;164.9;20;10087082347;B
20240410;140459;164.9;10;10087082354;B
20240410;140459;164.9;10;10087082357;B
20240410;140459;164.9;10;10087082359;B
20240410;140459;164.9;10;10087082361;B
20240410;140459;164.9;10;10087082365;B
20240410;140459;164.9;10;10087082366;B
20240410;140459;164.9;20;10087082372;B
20240410;140459;164.9;10;10087082375;B
20240410;140459;164.9;10;10087082377;B
20240410;140459;164.9;10;10087082379;B
20240410;140459;164.9;10;10087082380;B
20240410;140459;164.9;60;10087082383;B
20240410;140459;164.9;10;10087082392;B
20240410;140459;164.9;10;10087082393;B
20240410;140459;164.9;10;10087082402;B
20240410;140459;164.9;10;10087082405;B
20240410;140459;164.9;10;10087082416;B
20240410;140500;164.9;10;10087082446;B
20240410;140500;164.9;10;10087082452;B
20240410;140500;164.9;10;10087082454;B
20240410;140500;164.9;10;10087082456;B
20240410;140500;164.9;10;10087082458;B
20240410;140500;164.9;10;10087082470;B
20240410;140500;164.9;10;10087082477;B
20240410;140500;164.9;10;10087082479;B
20240410;140500;164.9;10;10087082482;B
20240410;140500;164.9;10;10087082483;B
20240410;140500;164.9;10;10087082484;B
20240410;140500;164.9;10;10087082494;B
20240410;140500;164.9;80;10087082502;B
20240410;140500;164.9;10;10087082508;B
20240410;140500;164.9;10;10087082512;B
20240410;140500;164.9;20;10087082522;B
20240410;140500;164.9;10;10087082523;B
20240410;140500;164.9;10;10087082529;B
20240410;140500;164.9;10;10087082534;B
20240410;140500;164.9;10;10087082535;B
20240410;140500;164.9;10;10087082536;B
20240410;140500;164.9;10;10087082539;B
20240410;140500;164.9;10;10087082541;B
20240410;140500;164.9;10;10087082545;B
20240410;140500;164.9;10;10087082546;B
20240410;140500;164.9;10;10087082552;B
20240410;140500;164.9;10;10087082554;B
20240410;140500;164.9;10;10087082555;B
20240410;140500;164.9;10;10087082563;B
20240410;140500;164.9;40;10087082565;B
20240410;140501;164.9;10;10087082605;B
20240410;140501;164.9;10;10087082608;B
20240410;140501;164.9;10;10087082609;B
20240410;140501;164.9;10;10087082614;B
20240410;140501;164.9;10;10087082621;B
20240410;140501;164.9;10;10087082709;B
20240410;140501;164.9;60;10087082718;B
20240410;140501;164.9;10;10087082720;B
20240410;140501;164.9;10;10087082722;B
20240410;140501;164.9;10;10087082724;B
20240410;140501;164.9;40;10087082726;B
20240410;140501;164.9;10;10087082727;B
20240410;140501;164.9;10;10087082733;B
20240410;140501;164.9;10;10087082739;B
20240410;140501;164.9;10;10087082740;B
20240410;140501;164.9;10;10087082742;B
20240410;140501;164.9;10;10087082748;B
20240410;140501;164.9;10;10087082756;B
20240410;140501;164.9;10;10087082758;B
20240410;140501;164.9;10;10087082772;B
20240410;140501;164.9;10;10087082781;B
20240410;140501;164.9;10;10087082796;B
20240410;140501;164.9;10;10087082799;B
20240410;140501;164.9;10;10087082802;B
20240410;140501;164.9;20;10087082805;B
20240410;140501;164.9;10;10087082807;B
20240410;140502;164.9;10;10087082817;B
20240410;140502;164.9;10;10087082819;B
20240410;140502;164.92;10;10087082820;B
20240410;140502;164.88;10;10087082824;B
20240410;140502;164.88;10;10087082828;B
20240410;140502;164.9;10;10087082830;B
20240410;140502;164.9;10;10087082833;B
20240410;140502;164.9;10;10087082834;B
20240410;140502;164.9;10;10087082838;B
20240410;140502;164.9;10;10087082840;B
20240410;140502;164.9;10;10087082841;B
20240410;140502;164.9;10;10087082843;B
20240410;140502;164.9;10;10087082849;B
20240410;140502;164.9;20;10087082850;B
20240410;140502;164.9;10;10087082851;B
20240410;140502;164.9;10;10087082858;B
20240410;140502;164.9;10;10087082859;B
20240410;140502;164.9;10;10087082861;B
20240410;140502;164.9;10;10087082875;B
20240410;140502;164.9;10;10087082876;B
20240410;140502;164.9;20;10087082879;B
20240410;140502;164.9;10;10087082894;B
20240410;140502;164.9;10;10087082895;B
20240410;140502;164.9;10;10087082898;B
20240410;140502;164.9;10;10087082901;B
20240410;140502;164.9;10;10087082905;B
20240410;140502;164.9;10;10087082912;B
20240410;140502;164.9;10;10087082922;B
20240410;140502;164.9;10;10087082925;B
20240410;140502;164.9;20;10087082934;B
20240410;140503;164.9;10;10087082938;B
20240410;140503;164.9;10;10087082941;B
20240410;140503;164.9;10;10087082943;B
20240410;140503;164.9;10;10087082956;B
20240410;140503;164.9;10;10087082957;B
20240410;140503;164.9;10;10087082960;B
20240410;140503;164.9;10;10087082963;B
20240410;140503;164.9;10;10087082971;B
20240410;140503;164.9;10;10087082976;B
20240410;140503;164.9;20;10087082981;B
20240410;140503;164.9;10;10087082985;B
20240410;140503;164.9;10;10087082986;B
20240410;140503;164.9;10;10087082987;B
20240410;140503;164.9;10;10087082988;B
20240410;140503;164.9;10;10087082995;B
20240410;140503;164.9;10;10087082996;B
20240410;140503;164.9;10;10087083003;B
20240410;140503;164.92;10;10087083005;B
20240410;140503;164.92;10;10087083006;B
20240410;140503;164.94;10;10087083036;B
20240410;140503;164.94;10;10087083048;B
20240410;140503;164.94;20;10087083053;B
20240410;140503;164.94;20;10087083056;B
20240410;140503;164.94;10;10087083058;B
20240410;140503;164.94;10;10087083059;B
20240410;140503;164.94;10;10087083061;B
20240410;140503;164.94;600;10087083075;B
20240410;140503;164.94;10;10087083085;B
20240410;140503;164.94;10;10087083098;B
20240410;140504;164.94;10;10087083100;B
20240410;140504;164.94;10;10087083104;B
20240410;140504;164.94;10;10087083105;B
20240410;140504;164.94;10;10087083106;B
20240410;140504;164.94;20;10087083107;B
20240410;140504;164.94;10;10087083108;B
20240410;140504;164.94;10;10087083109;B
20240410;140504;164.94;10;10087083112;B
20240410;140504;164.94;10;10087083116;B
20240410;140504;164.94;10;10087083143;B
20240410;140504;164.94;10;10087083149;B
20240410;140504;164.94;60;10087083150;B
20240410;140504;164.94;10;10087083160;B
20240410;140504;164.94;10;10087083162;B
20240410;140504;164.94;10;10087083165;B
20240410;140504;164.94;10;10087083166;B
20240410;140504;164.94;10;10087083167;B
20240410;140504;164.94;10;10087083173;B
20240410;140504;164.94;10;10087083182;B
20240410;140504;164.96;10;10087083187;B
20240410;140504;164.96;10;10087083190;B
20240410;140504;164.96;10;10087083200;B
20240410;140504;164.96;10;10087083201;B
20240410;140504;164.96;10;10087083202;B
20240410;140504;164.96;10;10087083204;B
20240410;140504;164.96;10;10087083205;B
20240410;140504;164.96;10;10087083206;B
20240410;140504;164.96;10;10087083208;B
20240410;140505;164.96;10;10087083214;B
20240410;140505;164.96;10;10087083219;B
20240410;140505;164.96;10;10087083221;B
20240410;140505;164.96;10;10087083226;B
20240410;140505;164.96;10;10087083235;B
20240410;140505;164.96;10;10087083237;B
20240410;140505;164.96;10;10087083250;B
20240410;140505;164.96;10;10087083276;B
20240410;140505;164.96;1630;10087083278;B
20240410;140505;164.96;370;10087083279;B
20240410;140505;164.96;40;10087083291;B
20240410;140505;164.96;10;10087083294;B
20240410;140505;164.96;10;10087083295;B
20240410;140505;164.96;10;10087083296;B
20240410;140505;164.96;30;10087083297;B
20240410;140505;164.96;1000;10087083299;B
20240410;140505;164.96;10;10087083300;B
20240410;140505;164.96;10;10087083303;B
20240410;140505;164.96;10;10087083305;B
20240410;140505;164.96;300;10087083315;B
20240410;140505;164.98;10;10087083316;B
20240410;140505;164.98;10;10087083317;B
20240410;140505;164.98;1680;10087083318;B
20240410;140505;164.98;10;10087083319;B
20240410;140505;165;10;10087083320;B
20240410;140505;165;20;10087083321;B
20240410;140505;165;20;10087083325;B
20240410;140505;165;10;10087083326;B
20240410;140505;165;10;10087083333;B
20240410;140505;165;10;10087083335;B
20240410;140505;165;10;10087083340;B
20240410;140505;165;10;10087083346;B
20240410;140505;165;10;10087083349;B
20240410;140505;164.92;150;10087083351;S
20240410;140505;164.98;10;10087083354;B
20240410;140505;164.98;10;10087083355;B
20240410;140505;164.98;10;10087083356;B
20240410;140505;164.98;10;10087083357;B
20240410;140506;164.98;10;10087083367;B
20240410;140506;164.98;20;10087083369;B
20240410;140506;164.98;10;10087083373;B
20240410;140506;164.98;10;10087083377;B
20240410;140506;164.98;50;10087083378;B
20240410;140506;164.98;10;10087083386;B
20240410;140506;165;10;10087083390;B
20240410;140506;165;10;10087083391;B
20240410;140506;165;10;10087083399;B
20240410;140506;165;10;10087083403;B
20240410;140506;165;10;10087083404;B
20240410;140506;165;10;10087083406;B
20240410;140506;165;10;10087083414;B
20240410;140506;165;10;10087083421;B
20240410;140506;165;90;10087083432;B
20240410;140506;165;10;10087083438;B
20240410;140506;165;10;10087083439;B
20240410;140506;165;10;10087083445;B
20240410;140506;165;10;10087083446;B
20240410;140506;165;10;10087083447;B
20240410;140506;165;10;10087083452;B
20240410;140506;165;10;10087083454;B
20240410;140506;165;10;10087083463;B
20240410;140506;165;10;10087083464;B
20240410;140506;165;10;10087083468;B
20240410;140506;165;10;10087083473;B
20240410;140507;165;10;10087083477;B
20240410;140507;165;10;10087083478;B
20240410;140507;165;10;10087083480;B
20240410;140507;165;10;10087083483;B
20240410;140507;165;10;10087083484;B
20240410;140507;165;10;10087083485;B
20240410;140507;165;10;10087083486;B
20240410;140507;164.96;10;10087083492;S
20240410;140507;165;10;10087083533;B
20240410;140507;164.98;10;10087083554;B
20240410;140507;164.98;10;10087083555;B
20240410;140507;164.98;10;10087083556;B
20240410;140507;164.98;10;10087083566;B
20240410;140507;164.98;10;10087083567;B
20240410;140508;164.98;10;10087083672;B
20240410;140508;164.98;10;10087083674;B
20240410;140509;164.98;20;10087083716;B
20240410;140510;164.98;20;10087083815;B
20240410;140510;164.96;990;10087083895;S
20240410;140510;164.96;100;10087083896;S
20240410;140510;164.92;150;10087083897;S
20240410;140510;164.92;10;10087083898;S
20240410;140510;164.9;490;10087083899;S
20240410;140510;164.9;1530;10087083900;S
20240410;140510;164.9;470;10087083901;S
20240410;140510;164.88;3500;10087083902;S
20240410;140510;164.84;250;10087083903;S
20240410;140510;164.84;1530;10087083904;S
20240410;140510;164.82;3980;10087083905;S
20240410;140510;164.9;150;10087083918;B
20240410;140510;164.92;250;10087083919;B
20240410;140510;164.94;600;10087083920;B
20240410;140511;164.94;10;10087083962;B
20240410;140511;164.84;100;10087083995;S
20240410;140511;164.9;10;10087084034;B
20240410;140512;164.9;10;10087084097;B
20240410;140515;164.86;10;10087084434;B
20240410;140516;164.86;90;10087084531;B
20240410;140516;164.86;140;10087084534;B
20240410;140516;164.86;70;10087084535;B
20240410;140516;164.88;1070;10087084536;B
20240410;140516;164.84;50;10087084556;S
20240410;140516;164.84;50;10087084557;S
20240410;140516;164.82;10;10087084558;S
20240410;140516;164.82;50;10087084559;S
20240410;140516;164.82;50;10087084560;S
20240410;140516;164.8;20;10087084561;S
20240410;140516;164.8;360;10087084562;S
20240410;140516;164.8;220;10087084563;S
20240410;140516;164.8;260;10087084564;S
20240410;140516;164.8;70;10087084565;S
20240410;140520;164.8;70;10087084935;S
20240410;140520;164.8;120;10087084936;S
20240410;140520;164.8;220;10087084937;S
20240410;140520;164.8;110;10087084938;S
20240410;140520;164.8;350;10087084939;S
20240410;140520;164.8;30;10087084940;S
20240410;140520;164.8;100;10087084941;S
20240410;140520;164.76;10;10087084942;S
20240410;140520;164.76;80;10087084943;S
20240410;140520;164.76;70;10087084944;S
20240410;140520;164.72;150;10087084945;S
20240410;140520;164.74;50;10087085056;B
20240410;140520;164.72;2000;10087085060;S
20240410;140521;164.74;50;10087085080;B
20240410;140521;164.72;300;10087085203;S
20240410;140521;164.72;90;10087085204;S
20240410;140521;164.72;230;10087085205;S
20240410;140521;164.72;210;10087085206;S
20240410;140521;164.72;50;10087085207;S
20240410;140521;164.72;130;10087085208;S
20240410;140522;164.74;10;10087085296;B
20240410;140522;164.74;10;10087085302;B
20240410;140523;164.72;200;10087085330;S
20240410;140524;164.74;50;10087085465;B
20240410;140524;164.74;10;10087085542;B
20240410;140525;164.72;170;10087085638;S
20240410;140525;164.72;400;10087085639;S
20240410;140525;164.72;180;10087085640;S
20240410;140525;164.72;90;10087085641;S
20240410;140525;164.72;230;10087085642;S
20240410;140525;164.74;10;10087085644;B
20240410;140526;164.72;260;10087085892;S
20240410;140526;164.72;220;10087085902;S
20240410;140526;164.72;100;10087085904;S
20240410;140526;164.72;30;10087085905;S
20240410;140526;164.7;290;10087085906;S
20240410;140526;164.7;50;10087085908;S
20240410;140526;164.7;90;10087085909;S
20240410;140526;164.7;140;10087085910;S
20240410;140527;164.72;50;10087086547;B
20240410;140528;164.7;210;10087086628;S
20240410;140528;164.7;10;10087086629;S
20240410;140528;164.7;10;10087086630;S
20240410;140528;164.7;10;10087086631;S
20240410;140528;164.7;110;10087086632;S
20240410;140528;164.68;100;10087086633;S
20240410;140528;164.66;20;10087086634;S
20240410;140528;164.66;240;10087086636;S
20240410;140528;164.66;240;10087086637;S
20240410;140529;164.7;10;10087086722;B
20240410;140529;164.7;140;10087086745;B
20240410;140529;164.72;1170;10087086746;B
20240410;140529;164.72;250;10087086747;B
20240410;140529;164.72;340;10087086748;B
20240410;140530;164.64;80;10087086840;S
20240410;140530;164.7;10;10087086844;B
20240410;140531;164.7;10;10087086965;B
20240410;140531;164.7;110;10087086967;B
20240410;140531;164.72;40;10087086968;B
20240410;140535;164.7;10;10087087498;S
20240410;140535;164.66;100;10087087499;S
20240410;140535;164.66;40;10087087500;S
20240410;140538;164.68;100;10087087735;S
20240410;140538;164.66;10;10087087736;S
20240410;140538;164.66;550;10087087737;S
20240410;140538;164.64;450;10087087738;S
20240410;140539;164.64;470;10087087825;S
20240410;140539;164.64;10;10087087826;S
20240410;140539;164.64;150;10087087827;S
20240410;140539;164.64;820;10087087828;S
20240410;140539;164.62;250;10087087829;S
20240410;140540;164.62;720;10087087903;S
20240410;140540;164.62;10;10087087904;S
20240410;140540;164.6;280;10087087905;S
20240410;140540;164.6;1250;10087087988;S
20240410;140541;164.6;200;10087088071;S
20240410;140541;164.6;2000;10087088085;S
20240410;140542;164.6;210;10087088177;S
20240410;140543;164.66;150;10087088252;B
20240410;140543;164.68;1170;10087088253;B
20240410;140543;164.68;150;10087088263;B
20240410;140545;164.68;10;10087088561;B
20240410;140545;164.68;10;10087088609;B
20240410;140546;164.68;10;10087088732;B
20240410;140548;164.7;1500;10087088913;B
20240410;140548;164.72;10;10087088914;B
20240410;140548;164.72;500;10087088915;B
20240410;140549;164.72;980;10087088947;S
20240410;140549;164.7;150;10087088948;S
20240410;140549;164.66;20;10087088949;S
20240410;140549;164.66;50;10087088950;S
20240410;140549;164.66;50;10087088951;S
20240410;140549;164.66;1080;10087088952;S
20240410;140549;164.62;10;10087088953;S
20240410;140549;164.62;1220;10087088954;S
20240410;140549;164.62;380;10087088955;S
20240410;140551;164.66;10;10087089251;B
20240410;140553;164.66;10;10087089423;B
20240410;140554;164.64;10;10087089519;B
20240410;140557;164.66;10;10087090443;B
20240410;140557;164.66;10;10087090491;B
20240410;140558;164.62;1070;10087090615;S
20240410;140558;164.62;540;10087090616;S
20240410;140558;164.62;150;10087090617;S
20240410;140558;164.6;740;10087090618;S
20240410;140559;164.64;10;10087090712;B
20240410;140600;164.62;130;10087090736;B
20240410;140600;164.64;10;10087090740;B
20240410;140600;164.6;2890;10087090776;S
20240410;140600;164.6;100;10087090777;S
20240410;140600;164.6;100;10087090778;S
20240410;140600;164.6;10;10087090779;S
20240410;140600;164.6;100;10087090780;S
20240410;140600;164.6;500;10087090781;S
20240410;140600;164.6;2000;10087090782;S
20240410;140600;164.6;70;10087090783;B
20240410;140600;164.6;30;10087090798;B
20240410;140602;164.58;10;10087091034;S
20240410;140602;164.58;200;10087091035;S
20240410;140602;164.58;150;10087091036;S
20240410;140602;164.6;10;10087091051;B
20240410;140603;164.58;100;10087091169;S
20240410;140603;164.56;100;10087091170;S
20240410;140603;164.56;3660;10087091171;S
20240410;140603;164.56;270;10087091172;S
20240410;140603;164.54;100;10087091173;S
20240410;140603;164.54;770;10087091174;S
20240410;140603;164.58;10;10087091177;B
20240410;140604;164.58;10;10087091287;B
20240410;140605;164.54;290;10087091411;S
20240410;140605;164.54;200;10087091412;S
20240410;140605;164.54;10;10087091413;S
20240410;140605;164.54;150;10087091414;S
20240410;140605;164.54;510;10087091415;S
20240410;140606;164.56;100;10087091485;S
20240410;140606;164.54;1400;10087091486;S
20240410;140609;164.54;1000;10087091736;S
20240410;140609;164.56;80;10087091761;B
20240410;140609;164.58;20;10087091762;B
20240410;140610;164.58;10;10087091908;B
20240410;140613;164.56;100;10087092150;S
20240410;140613;164.54;100;10087092151;S
20240410;140615;164.58;100;10087092303;B
20240410;140615;164.58;200;10087092304;B
20240410;140615;164.6;610;10087092305;B
20240410;140616;164.56;120;10087092340;S
20240410;140617;164.56;10;10087092440;S
20240410;140617;164.6;10;10087092472;B
20240410;140618;164.56;270;10087092693;S
20240410;140618;164.54;10;10087092694;S
20240410;140619;164.58;100;10087092989;S
20240410;140619;164.54;900;10087092990;S
20240410;140622;164.6;10;10087093327;B
20240410;140622;164.6;10;10087093328;B
20240410;140622;164.6;30;10087093329;B
20240410;140622;164.56;250;10087093388;S
20240410;140622;164.6;10;10087093397;B
20240410;140623;164.6;10;10087093398;B
20240410;140623;164.6;10;10087093400;B
20240410;140623;164.6;10;10087093402;B
20240410;140623;164.6;10;10087093403;B
20240410;140623;164.6;10;10087093406;B
20240410;140623;164.6;10;10087093419;B
20240410;140623;164.6;10;10087093422;B
20240410;140623;164.6;10;10087093431;B
20240410;140623;164.6;10;10087093445;B
20240410;140623;164.6;10;10087093446;B
20240410;140623;164.6;10;10087093449;B
20240410;140623;164.6;10;10087093452;B
20240410;140623;164.6;10;10087093460;B
20240410;140623;164.6;10;10087093467;B
20240410;140623;164.6;10;10087093469;B
20240410;140623;164.6;10;10087093470;B
20240410;140623;164.6;10;10087093471;B
20240410;140623;164.6;10;10087093472;B
20240410;140623;164.6;10;10087093474;B
20240410;140623;164.6;10;10087093475;B
20240410;140623;164.6;10;10087093502;B
20240410;140623;164.6;10;10087093504;B
20240410;140623;164.6;10;10087093505;B
20240410;140623;164.6;10;10087093511;B
20240410;140623;164.6;10;10087093513;B
20240410;140623;164.6;10;10087093514;B
20240410;140623;164.6;10;10087093515;B
20240410;140623;164.6;10;10087093516;B
20240410;140623;164.6;10;10087093517;B
20240410;140623;164.6;10;10087093518;B
20240410;140623;164.6;10;10087093522;B
20240410;140623;164.6;20;10087093533;B
20240410;140624;164.6;10;10087093536;B
20240410;140624;164.6;10;10087093537;B
20240410;140624;164.6;10;10087093538;B
20240410;140624;164.56;500;10087093547;S
20240410;140624;164.6;10;10087093560;B
20240410;140624;164.6;10;10087093562;B
20240410;140624;164.6;10;10087093564;B
20240410;140624;164.58;10;10087093566;S
20240410;140624;164.6;10;10087093568;B
20240410;140624;164.6;10;10087093569;B
20240410;140624;164.58;10;10087093575;S
20240410;140624;164.6;10;10087093577;B
20240410;140624;164.6;10;10087093579;B
20240410;140624;164.56;400;10087093580;S
20240410;140624;164.56;100;10087093581;S
20240410;140624;164.54;1080;10087093582;S
20240410;140624;164.54;10;10087093583;S
20240410;140624;164.54;100;10087093584;S
20240410;140624;164.54;140;10087093585;S
20240410;140624;164.54;170;10087093586;S
20240410;140624;164.6;200;10087093587;B
20240410;140624;164.6;10;10087093593;B
20240410;140624;164.6;10;10087093596;B
20240410;140624;164.6;10;10087093599;B
20240410;140624;164.6;10;10087093612;B
20240410;140624;164.6;10;10087093613;B
20240410;140624;164.6;10;10087093620;B
20240410;140624;164.6;10;10087093621;B
20240410;140624;164.6;10;10087093622;B
20240410;140624;164.6;10;10087093628;B
20240410;140624;164.6;10;10087093633;B
20240410;140625;164.6;10;10087093652;B
20240410;140625;164.6;10;10087093656;B
20240410;140625;164.6;10;10087093660;B
20240410;140625;164.6;10;10087093661;B
20240410;140625;164.6;10;10087093675;B
20240410;140625;164.6;10;10087093680;B
20240410;140625;164.6;10;10087093681;B
20240410;140625;164.6;10;10087093682;B
20240410;140625;164.6;10;10087093684;B
20240410;140625;164.6;10;10087093686;B
20240410;140625;164.6;10;10087093695;B
20240410;140625;164.6;10;10087093696;B
20240410;140625;164.6;10;10087093703;B
20240410;140625;164.6;10;10087093716;B
20240410;140625;164.6;10;10087093720;B
20240410;140625;164.6;10;10087093725;B
20240410;140625;164.6;10;10087093726;B
20240410;140625;164.6;20;10087093727;B
20240410;140625;164.6;10;10087093728;B
20240410;140625;164.6;10;10087093730;B
20240410;140625;164.6;10;10087093731;B
20240410;140625;164.6;10;10087093732;B
20240410;140625;164.6;10;10087093733;B
20240410;140625;164.6;10;10087093742;B
20240410;140625;164.6;10;10087093743;B
20240410;140625;164.6;10;10087093745;B
20240410;140625;164.6;10;10087093746;B
20240410;140625;164.6;10;10087093748;B
20240410;140625;164.6;10;10087093752;B
20240410;140625;164.6;10;10087093758;B
20240410;140625;164.6;10;10087093759;B
20240410;140625;164.6;10;10087093761;B
20240410;140625;164.6;10;10087093776;B
20240410;140625;164.6;10;10087093778;B
20240410;140625;164.6;10;10087093780;B
20240410;140625;164.6;10;10087093781;B
20240410;140626;164.6;10;10087093784;B
20240410;140626;164.6;10;10087093787;B
20240410;140626;164.6;10;10087093790;B
20240410;140626;164.6;10;10087093791;B
20240410;140626;164.6;10;10087093806;B
20240410;140626;164.6;10;10087093809;B
20240410;140626;164.6;10;10087093817;B
20240410;140626;164.6;10;10087093820;B
20240410;140626;164.6;10;10087093824;B
20240410;140626;164.6;10;10087093847;B
20240410;140626;164.6;10;10087093849;B
20240410;140626;164.6;10;10087093850;B
20240410;140626;164.6;10;10087093852;B
20240410;140626;164.6;10;10087093856;B
20240410;140626;164.6;10;10087093859;B
20240410;140626;164.6;10;10087093861;B
20240410;140626;164.6;10;10087093863;B
20240410;140626;164.6;10;10087093866;B
20240410;140626;164.6;10;10087093867;B
20240410;140626;164.6;10;10087093871;B
20240410;140626;164.6;10;10087093872;B
20240410;140626;164.6;10;10087093873;B
20240410;140626;164.6;10;10087093888;B
20240410;140626;164.6;10;10087093895;B
20240410;140627;164.6;10;10087093923;B
20240410;140627;164.6;10;10087093927;B
20240410;140627;164.6;10;10087093955;B
20240410;140627;164.6;10;10087094025;B
20240410;140627;164.6;10;10087094027;B
20240410;140627;164.6;10;10087094028;B
20240410;140627;164.6;10;10087094030;B
20240410;140627;164.6;10;10087094038;B
20240410;140627;164.6;10;10087094064;B
20240410;140627;164.6;10;10087094065;B
20240410;140627;164.6;10;10087094067;B
20240410;140627;164.56;200;10087094069;S
20240410;140627;164.6;10;10087094079;B
20240410;140627;164.6;10;10087094080;B
20240410;140627;164.6;10;10087094089;B
20240410;140627;164.6;10;10087094092;B
20240410;140627;164.6;20;10087094094;B
20240410;140627;164.6;10;10087094096;B
20240410;140627;164.6;10;10087094097;B
20240410;140627;164.6;10;10087094106;B
20240410;140627;164.6;10;10087094123;B
20240410;140627;164.6;10;10087094124;B
20240410;140627;164.6;10;10087094125;B
20240410;140627;164.6;10;10087094129;B
20240410;140628;164.6;10;10087094135;B
20240410;140628;164.6;10;10087094138;B
20240410;140628;164.6;10;10087094139;B
20240410;140628;164.6;10;10087094142;B
20240410;140628;164.6;10;10087094152;B
20240410;140628;164.6;10;10087094156;B
20240410;140628;164.6;10;10087094158;B
20240410;140628;164.6;10;10087094163;B
20240410;140628;164.6;10;10087094164;B
20240410;140628;164.6;10;10087094165;B
20240410;140628;164.6;10;10087094167;B
20240410;140628;164.6;10;10087094169;B
20240410;140628;164.6;30;10087094171;B
20240410;140628;164.6;10;10087094172;B
20240410;140628;164.6;10;10087094173;B
20240410;140628;164.6;10;10087094176;B
20240410;140628;164.6;10;10087094181;B
20240410;140628;164.6;10;10087094189;B
20240410;140628;164.6;10;10087094190;B
20240410;140628;164.6;10;10087094194;B
20240410;140628;164.6;10;10087094196;B
20240410;140628;164.6;10;10087094198;B
20240410;140628;164.6;10;10087094199;B
20240410;140628;164.6;10;10087094204;B
20240410;140628;164.6;10;10087094205;B
20240410;140628;164.6;10;10087094213;B
20240410;140628;164.6;10;10087094216;B
20240410;140628;164.6;10;10087094245;B
20240410;140629;164.6;10;10087094267;B
20240410;140629;164.6;10;10087094268;B
20240410;140629;164.6;20;10087094277;B
20240410;140629;164.6;10;10087094289;B
20240410;140629;164.6;10;10087094297;B
20240410;140629;164.6;10;10087094306;B
20240410;140629;164.6;560;10087094309;B
20240410;140629;164.6;110;10087094310;B
20240410;140629;164.6;100;10087094311;B
20240410;140629;164.6;520;10087094312;B
20240410;140629;164.6;40;10087094313;S
20240410;140629;164.62;10;10087094314;B
20240410;140629;164.62;10;10087094316;B
20240410;140629;164.6;2240;10087094327;S
20240410;140629;164.62;10;10087094332;B
20240410;140629;164.62;10;10087094340;B
20240410;140629;164.62;10;10087094343;B
20240410;140629;164.62;10;10087094344;B
20240410;140629;164.62;10;10087094347;B
20240410;140629;164.62;10;10087094348;B
20240410;140630;164.62;40;10087094371;S
20240410;140630;164.64;10;10087094372;B
20240410;140630;164.62;110;10087094376;S
20240410;140630;164.64;10;10087094380;B
20240410;140630;164.62;20;10087094381;S
20240410;140630;164.62;100;10087094382;S
20240410;140630;164.66;10;10087094385;B
20240410;140630;164.66;10;10087094390;B
20240410;140630;164.66;10;10087094394;B
20240410;140630;164.66;220;10087094430;B
20240410;140630;164.62;40;10087094431;S
20240410;140630;164.66;10;10087094434;B
20240410;140630;164.66;10;10087094451;B
20240410;140630;164.66;10;10087094454;B
20240410;140630;164.66;10;10087094457;B
20240410;140630;164.66;10;10087094458;B
20240410;140631;164.62;100;10087094498;S
20240410;140631;164.66;10;10087094500;B
20240410;140631;164.66;10;10087094505;B
20240410;140631;164.64;100;10087094556;S
20240410;140632;164.66;3000;10087094567;B
20240410;140633;164.66;80;10087094723;B
20240410;140634;164.64;100;10087094742;S
20240410;140634;164.62;150;10087094743;S
20240410;140634;164.62;750;10087094744;S
20240410;140639;164.64;20;10087095372;B
20240410;140639;164.64;50;10087095373;B
20240410;140639;164.66;380;10087095374;B
20240410;140641;164.64;10;10087095750;B
20240410;140644;164.64;40;10087096055;B
20240410;140644;164.64;3000;10087096125;B
20240410;140644;164.64;1000;10087096151;B
20240410;140645;164.62;250;10087096370;S
20240410;140645;164.62;200;10087096371;S
20240410;140645;164.6;1430;10087096372;S
20240410;140645;164.6;30;10087096373;S
20240410;140645;164.6;1200;10087096374;S
20240410;140645;164.6;100;10087096375;S
20240410;140645;164.6;20;10087096376;S
20240410;140645;164.58;100;10087096377;S
20240410;140645;164.58;150;10087096378;S
20240410;140645;164.58;1000;10087096379;S
20240410;140645;164.56;1000;10087096380;S
20240410;140645;164.56;100;10087096381;S
20240410;140645;164.56;100;10087096382;S
20240410;140645;164.56;500;10087096383;S
20240410;140645;164.56;70;10087096384;S
20240410;140645;164.54;1360;10087096385;S
20240410;140645;164.54;100;10087096386;S
20240410;140645;164.54;50;10087096387;S
20240410;140645;164.54;1000;10087096388;S
20240410;140645;164.54;20;10087096389;S
20240410;140645;164.54;50;10087096390;S
20240410;140645;164.52;100;10087096391;S
20240410;140645;164.52;50;10087096392;S
20240410;140645;164.52;70;10087096393;S
20240410;140645;164.52;40;10087096394;S
20240410;140645;164.52;100;10087096395;S
20240410;140645;164.52;50;10087096396;S
20240410;140645;164.52;20;10087096397;S
20240410;140645;164.52;10;10087096398;S
20240410;140645;164.52;10;10087096399;S
20240410;140645;164.52;320;10087096400;S
20240410;140650;164.58;150;10087097068;B
20240410;140650;164.58;70;10087097069;B
20240410;140650;164.62;30;10087097184;B
20240410;140650;164.54;730;10087097306;S
20240410;140650;164.54;800;10087097318;S
20240410;140650;164.54;150;10087097319;S
20240410;140650;164.54;30;10087097320;S
20240410;140650;164.54;10;10087097321;S
20240410;140651;164.52;730;10087097330;S
20240410;140651;164.54;20;10087097340;B
20240410;140651;164.52;10;10087097526;S
20240410;140651;164.52;20;10087097564;S
20240410;140651;164.52;80;10087097565;S
20240410;140651;164.52;9740;10087097589;S
20240410;140651;164.52;10;10087097590;S
20240410;140651;164.52;1530;10087097591;S
20240410;140651;164.52;10;10087097592;S
20240410;140651;164.5;10;10087097593;S
20240410;140651;164.5;10000;10087097594;S
20240410;140651;164.5;600;10087097595;S
20240410;140651;164.52;80;10087097596;S
20240410;140651;164.5;730;10087097626;S
20240410;140651;164.5;500;10087097627;S
20240410;140651;164.5;1000;10087097628;S
20240410;140651;164.5;3100;10087097629;S
20240410;140651;164.5;670;10087097630;S
20240410;140652;164.5;80;10087097645;S
20240410;140652;164.5;250;10087097663;S
20240410;140652;164.5;10;10087097664;S
20240410;140652;164.5;600;10087097665;S
20240410;140652;164.5;100;10087097666;S
20240410;140652;164.5;240;10087097667;S
20240410;140652;164.5;1600;10087097668;S
20240410;140652;164.5;70;10087097669;S
20240410;140652;164.5;1980;10087097670;S
20240410;140652;164.5;100;10087097671;S
20240410;140652;164.5;30;10087097672;S
20240410;140652;164.5;20;10087097673;S
20240410;140652;164.5;10;10087097674;S
20240410;140652;164.5;10;10087097675;S
20240410;140652;164.5;10;10087097676;S
20240410;140652;164.5;10;10087097677;S
20240410;140652;164.5;1000;10087097678;S
20240410;140652;164.5;500;10087097679;S
20240410;140652;164.5;5000;10087097680;S
20240410;140652;164.5;10;10087097681;S
20240410;140652;164.5;10;10087097682;S
20240410;140652;164.48;30;10087097713;S
20240410;140652;164.46;70;10087097745;S
20240410;140652;164.46;480;10087097746;S
20240410;140652;164.46;120;10087097765;S
20240410;140652;164.44;10;10087097766;S
20240410;140652;164.44;800;10087097767;S
20240410;140652;164.44;20;10087097768;S
20240410;140652;164.44;100;10087097769;S
20240410;140652;164.44;150;10087097770;S
20240410;140652;164.42;10;10087097771;S
20240410;140652;164.42;10;10087097772;S
20240410;140652;164.42;2610;10087097773;S
20240410;140652;164.4;10;10087097774;S
20240410;140652;164.4;300;10087097775;S
20240410;140652;164.4;500;10087097776;S
20240410;140652;164.4;2860;10087097777;S
20240410;140652;164.4;400;10087097787;S
20240410;140652;164.4;1350;10087097792;S
20240410;140652;164.44;30;10087097813;B
20240410;140652;164.4;250;10087097823;S
20240410;140652;164.4;140;10087097856;S
20240410;140652;164.4;500;10087097857;S
20240410;140652;164.38;1000;10087097858;S
20240410;140652;164.38;860;10087097859;S
20240410;140652;164.44;70;10087097893;B
20240410;140652;164.4;100;10087097895;S
20240410;140652;164.38;140;10087097896;S
20240410;140652;164.38;10;10087097897;S
20240410;140652;164.36;20;10087097898;S
20240410;140652;164.36;7920;10087097899;S
20240410;140652;164.32;10;10087097900;S
20240410;140652;164.32;10;10087097901;S
20240410;140652;164.32;20;10087097902;S
20240410;140652;164.32;500;10087097903;S
20240410;140652;164.32;100;10087097904;S
20240410;140652;164.32;10;10087097905;S
20240410;140652;164.32;100;10087097906;S
20240410;140652;164.32;1000;10087097907;S
20240410;140652;164.32;1600;10087097908;S
20240410;140652;164.32;150;10087097909;S
20240410;140652;164.3;20;10087097910;S
20240410;140652;164.3;500;10087097911;S
20240410;140652;164.3;200;10087097912;S
20240410;140652;164.3;10;10087097913;S
20240410;140652;164.3;100;10087097914;S
20240410;140652;164.28;120;10087097915;S
20240410;140652;164.28;10;10087097916;S
20240410;140652;164.28;1000;10087097917;S
20240410;140652;164.28;50;10087097918;S
20240410;140652;164.28;1000;10087097919;S
20240410;140652;164.28;4900;10087097920;S
20240410;140652;164.28;40;10087097957;B
20240410;140652;164.32;80;10087097958;B
20240410;140652;164.36;50;10087097971;B
20240410;140652;164.3;400;10087097972;S
20240410;140652;164.26;10;10087097973;S
20240410;140652;164.26;30;10087097974;S
20240410;140653;164.26;40;10087097995;S
20240410;140653;164.26;500;10087098006;S
20240410;140653;164.3;10;10087098032;B
20240410;140653;164.26;400;10087098034;S
20240410;140653;164.26;30;10087098059;S
20240410;140653;164.26;110;10087098060;S
20240410;140653;164.26;140;10087098086;S
20240410;140653;164.26;50;10087098087;S
20240410;140653;164.26;30;10087098088;S
20240410;140653;164.26;440;10087098089;S
20240410;140653;164.26;100;10087098121;S
20240410;140653;164.28;10;10087098139;B
20240410;140654;164.26;990;10087098232;S
20240410;140654;164.28;1000;10087098256;B
20240410;140655;164.28;300;10087098353;B
20240410;140655;164.28;1000;10087098358;B
20240410;140655;164.28;1000;10087098457;B
20240410;140655;164.28;10;10087098485;B
20240410;140655;164.28;20;10087098492;B
20240410;140655;164.28;1000;10087098558;B
20240410;140656;164.28;670;10087098564;B
20240410;140656;164.3;140;10087098565;B
20240410;140656;164.32;4190;10087098566;B
20240410;140656;164.34;100;10087098604;B
20240410;140656;164.34;50;10087098676;B
20240410;140657;164.36;340;10087098876;B
20240410;140657;164.36;70;10087098877;B
20240410;140657;164.36;590;10087098878;B
20240410;140658;164.36;150;10087098916;S
20240410;140658;164.36;1000;10087099005;B
20240410;140658;164.36;260;10087099006;B
20240410;140658;164.38;150;10087099007;B
20240410;140659;164.44;4900;10087099049;B
20240410;140659;164.46;10000;10087099050;B
20240410;140659;164.5;60;10087099051;B
20240410;140659;164.5;3040;10087099052;B
20240410;140701;164.42;500;10087099612;S
20240410;140701;164.42;200;10087099644;S
20240410;140702;164.48;1000;10087099832;B
20240410;140702;164.48;600;10087099833;B
20240410;140702;164.48;20;10087099869;B
20240410;140703;164.48;10;10087099889;B
20240410;140703;164.44;10;10087099904;S
20240410;140703;164.4;40;10087099905;S
20240410;140703;164.4;110;10087099930;S
20240410;140703;164.4;20;10087099931;S
20240410;140703;164.38;90;10087099932;S
20240410;140703;164.38;10;10087099933;S
20240410;140703;164.38;200;10087099934;S
20240410;140703;164.38;570;10087099935;S
20240410;140703;164.46;10;10087099958;B
20240410;140703;164.46;30;10087100052;B
20240410;140703;164.48;50;10087100053;B
20240410;140703;164.46;10;10087100067;B
20240410;140704;164.44;10;10087100208;B
20240410;140706;164.44;120;10087100501;B
20240410;140706;164.46;100;10087100565;B
20240410;140706;164.46;20;10087100566;B
20240410;140706;164.46;10;10087100567;B
20240410;140707;164.48;320;10087100617;B
20240410;140707;164.5;100;10087100618;B
20240410;140707;164.52;580;10087100619;B
20240410;140707;164.44;100;10087100660;S
20240410;140707;164.42;50;10087100661;S
20240410;140707;164.52;10;10087100767;B
20240410;140708;164.42;150;10087100791;S
20240410;140708;164.42;10;10087100792;S
20240410;140708;164.42;40;10087100793;S
20240410;140708;164.52;240;10087100955;B
20240410;140710;164.58;20;10087101141;B
20240410;140711;164.58;10;10087101348;B
20240410;140711;164.52;180;10087101388;S
20240410;140712;164.58;140;10087101456;B
20240410;140714;164.52;100;10087101815;S
20240410;140715;164.58;50;10087102020;B
20240410;140715;164.58;100;10087102069;B
20240410;140715;164.58;50;10087102070;B
20240410;140715;164.6;1570;10087102071;B
20240410;140715;164.62;3280;10087102072;B
20240410;140716;164.64;10;10087102278;B
20240410;140717;164.64;20;10087102332;B
20240410;140717;164.62;200;10087102415;B
20240410;140718;164.54;100;10087102472;S
20240410;140719;164.6;10;10087102579;B
20240410;140720;164.54;10;10087102788;S
20240410;140721;164.6;240;10087102948;B
20240410;140721;164.6;140;10087102949;B
20240410;140721;164.6;850;10087102950;B
20240410;140721;164.6;180;10087102969;B
20240410;140723;164.6;2890;10087103143;B
20240410;140723;164.6;50;10087103222;S
20240410;140724;164.6;60;10087103323;S
20240410;140724;164.54;10;10087103324;S
20240410;140724;164.54;10;10087103325;S
20240410;140724;164.52;220;10087103326;S
20240410;140724;164.5;50;10087103327;S
20240410;140724;164.5;100;10087103328;S
20240410;140724;164.5;10;10087103329;S
20240410;140724;164.5;220;10087103330;S
20240410;140724;164.5;4320;10087103331;B
20240410;140725;164.58;10;10087103539;B
20240410;140726;164.48;10;10087103597;S
20240410;140726;164.48;50;10087103610;S
20240410;140726;164.58;30;10087103661;B
20240410;140727;164.56;10;10087103911;B
20240410;140727;164.58;90;10087103912;B
20240410;140727;164.58;20;10087103931;B
20240410;140728;164.58;80;10087103989;B
20240410;140731;164.52;100;10087104370;S
20240410;140733;164.54;10;10087104664;S
20240410;140733;164.52;160;10087104665;S
20240410;140734;164.52;740;10087104831;S
20240410;140734;164.52;10;10087104832;S
20240410;140734;164.48;40;10087104833;S
20240410;140734;164.48;150;10087104834;S
20240410;140734;164.48;10;10087104835;S
20240410;140734;164.48;500;10087104836;S
20240410;140734;164.46;100;10087104837;S
20240410;140734;164.46;790;10087104838;S
20240410;140734;164.46;500;10087104839;S
20240410;140734;164.46;50;10087104840;S
20240410;140734;164.44;30;10087104841;S
20240410;140734;164.54;80;10087104850;B
20240410;140736;164.52;30;10087105115;B
20240410;140736;164.52;10;10087105146;B
20240410;140738;164.52;10;10087105382;B
20240410;140738;164.52;10;10087105383;B
20240410;140738;164.52;50;10087105384;B
20240410;140738;164.52;200;10087105385;B
20240410;140738;164.54;70;10087105386;B
20240410;140738;164.54;240;10087105387;B
20240410;140738;164.54;410;10087105388;B
20240410;140739;164.44;70;10087105496;S
20240410;140739;164.44;50;10087105497;S
20240410;140739;164.42;20;10087105498;S
20240410;140739;164.42;60;10087105499;S
20240410;140739;164.54;740;10087105555;B
20240410;140739;164.54;10;10087105556;B
20240410;140739;164.54;200;10087105557;B
20240410;140739;164.56;10;10087105558;B
20240410;140739;164.56;3080;10087105559;B
20240410;140739;164.58;4500;10087105560;B
20240410;140739;164.58;10000;10087105561;B
20240410;140739;164.58;10000;10087105562;B
20240410;140739;164.58;1460;10087105563;B
20240410;140740;164.46;10;10087105602;S
20240410;140741;164.56;10;10087105682;B
20240410;140741;164.56;10;10087105760;B
20240410;140743;164.5;50;10087105934;S
20240410;140744;164.48;50;10087106160;S
20240410;140744;164.48;570;10087106161;S
20240410;140745;164.54;10;10087106203;B
20240410;140745;164.58;10;10087106204;B
20240410;140745;164.48;50;10087106257;S
20240410;140745;164.5;1070;10087106316;B
20240410;140746;164.58;40;10087106328;B
20240410;140746;164.52;1000;10087106340;S
20240410;140746;164.5;5520;10087106341;B
20240410;140746;164.48;200;10087106362;S
20240410;140746;164.5;100;10087106434;B
20240410;140747;164.5;10;10087106449;B
20240410;140747;164.5;910;10087106459;B
20240410;140749;164.5;10;10087106653;B
20240410;140749;164.48;90;10087106705;S
20240410;140749;164.5;600;10087106707;B
20240410;140751;164.5;50;10087106851;B
20240410;140752;164.48;500;10087107034;S
20240410;140755;164.5;50;10087107378;B
20240410;140755;164.5;600;10087107379;B
20240410;140755;164.54;290;10087107380;B
20240410;140755;164.56;1000;10087107381;B
20240410;140755;164.58;350;10087107382;B
20240410;140755;164.58;50;10087107383;B
20240410;140755;164.58;500;10087107384;B
20240410;140755;164.6;200;10087107385;B
20240410;140755;164.6;1960;10087107386;B
20240410;140756;164.6;10;10087107467;B
20240410;140758;164.6;70;10087107653;B
20240410;140758;164.52;150;10087107685;S
20240410;140758;164.52;10;10087107686;S
20240410;140758;164.52;130;10087107687;S
20240410;140758;164.54;100;10087107740;S
20240410;140758;164.52;100;10087107741;S
20240410;140803;164.58;150;10087108280;B
20240410;140803;164.58;100;10087108281;B
20240410;140803;164.58;10;10087108282;B
20240410;140803;164.6;510;10087108283;B
20240410;140804;164.6;140;10087108419;B
20240410;140804;164.6;20;10087108447;B
20240410;140805;164.56;370;10087108605;B
20240410;140805;164.6;1040;10087108606;B
20240410;140806;164.54;1000;10087108670;S
20240410;140806;164.6;50;10087108781;B
20240410;140807;164.6;10;10087108853;B
20240410;140810;164.6;10;10087109249;B
20240410;140810;164.6;50;10087109348;B
20240410;140810;164.6;10;10087109350;B
20240410;140811;164.54;70;10087109444;S
20240410;140811;164.54;30;10087109445;S
20240410;140816;164.6;1160;10087109904;B
20240410;140818;164.58;30;10087110095;S
20240410;140818;164.56;20;10087110096;S
20240410;140818;164.56;50;10087110097;S
20240410;140820;164.6;10;10087110279;B
20240410;140821;164.58;10;10087110344;B
20240410;140825;164.54;20;10087111677;S
20240410;140825;164.52;350;10087111684;S
20240410;140827;164.52;1650;10087114216;S
20240410;140827;164.52;150;10087114217;S
20240410;140827;164.52;100;10087114218;S
20240410;140827;164.52;10;10087114219;S
20240410;140827;164.52;300;10087114220;S
20240410;140827;164.5;30;10087114221;S
20240410;140827;164.5;1590;10087114222;S
20240410;140829;164.52;10;10087116266;B
20240410;140830;164.52;100;10087116311;B
20240410;140830;164.5;200;10087116431;S
20240410;140831;164.52;20;10087116872;B
20240410;140832;164.52;60;10087118803;B
20240410;140834;164.52;20;10087120906;B
20240410;140834;164.52;140;10087121191;B
20240410;140835;164.52;510;10087121984;B
20240410;140835;164.5;210;10087122299;S
20240410;140835;164.5;20;10087122300;S
20240410;140835;164.5;40;10087122301;S
20240410;140835;164.5;10;10087122302;S
20240410;140835;164.5;270;10087122303;S
20240410;140835;164.52;40;10087123039;B
20240410;140836;164.52;10;10087124136;B
20240410;140837;164.52;10;10087124390;B
20240410;140837;164.52;10;10087124394;B
20240410;140837;164.52;10;10087124404;B
20240410;140837;164.52;10;10087124438;B
20240410;140837;164.52;10;10087124451;B
20240410;140837;164.52;10;10087124455;B
20240410;140837;164.52;10;10087124469;B
20240410;140837;164.52;20;10087124488;B
20240410;140837;164.52;20;10087124586;B
20240410;140837;164.52;10;10087124596;B
20240410;140837;164.52;10;10087124606;B
20240410;140837;164.52;10;10087124610;B
20240410;140837;164.52;20;10087124620;B
20240410;140837;164.52;10;10087124639;B
20240410;140837;164.52;10;10087124664;B
20240410;140837;164.52;10;10087124668;B
20240410;140837;164.52;10;10087124680;B
20240410;140837;164.52;10;10087124690;B
20240410;140837;164.52;10;10087124803;B
20240410;140837;164.52;10;10087124807;B
20240410;140837;164.52;10;10087124811;B
20240410;140837;164.52;10;10087124818;B
20240410;140837;164.52;10;10087124868;B
20240410;140837;164.52;10;10087124944;B
20240410;140837;164.52;10;10087124966;B
20240410;140837;164.52;10;10087124984;B
20240410;140837;164.52;10;10087125015;B
20240410;140837;164.52;10;10087125040;B
20240410;140837;164.52;10;10087125063;B
20240410;140837;164.52;10;10087125112;B
20240410;140837;164.52;10;10087125132;B
20240410;140837;164.52;10;10087125136;B
20240410;140837;164.52;10;10087125138;B
20240410;140837;164.52;10;10087125140;B
20240410;140837;164.52;10;10087125141;B
20240410;140837;164.52;10;10087125142;B
20240410;140837;164.52;10;10087125143;B
20240410;140837;164.54;10;10087125149;B
20240410;140837;164.54;10;10087125152;B
20240410;140837;164.54;10;10087125153;B
20240410;140837;164.54;10;10087125154;B
20240410;140837;164.54;10;10087125155;B
20240410;140837;164.54;10;10087125156;B
20240410;140837;164.54;10;10087125157;B
20240410;140837;164.54;10;10087125159;B
20240410;140837;164.54;10;10087125160;B
20240410;140837;164.54;10;10087125161;B
20240410;140837;164.54;10;10087125162;B
20240410;140837;164.54;20;10087125163;B
20240410;140837;164.54;10;10087125164;B
20240410;140837;164.54;10;10087125165;B
20240410;140837;164.54;10;10087125166;B
20240410;140837;164.54;10;10087125167;B
20240410;140837;164.54;10;10087125168;B
20240410;140837;164.54;10;10087125173;B
20240410;140837;164.54;20;10087125174;B
20240410;140837;164.54;10;10087125175;B
20240410;140837;164.54;10;10087125176;B
20240410;140837;164.54;10;10087125178;B
20240410;140837;164.54;10;10087125179;B
20240410;140837;164.54;10;10087125180;B
20240410;140837;164.54;10;10087125183;B
20240410;140837;164.54;10;10087125189;B
20240410;140837;164.54;10;10087125204;B
20240410;140837;164.54;170;10087125205;B
20240410;140837;164.54;10;10087125206;B
20240410;140837;164.54;10;10087125209;B
20240410;140837;164.52;50;10087125211;S
20240410;140837;164.54;10;10087125212;B
20240410;140837;164.54;10;10087125214;B
20240410;140838;164.54;10;10087125215;B
20240410;140838;164.54;10;10087125217;B
20240410;140838;164.54;10;10087125221;B
20240410;140838;164.54;10;10087125222;B
20240410;140838;164.54;10;10087125223;B
20240410;140838;164.54;10;10087125224;B
20240410;140838;164.54;10;10087125225;B
20240410;140838;164.54;10;10087125226;B
20240410;140838;164.54;10;10087125231;B
20240410;140838;164.54;10;10087125232;B
20240410;140838;164.54;10;10087125233;B
20240410;140838;164.54;10;10087125236;B
20240410;140838;164.54;10;10087125237;B
20240410;140838;164.54;10;10087125238;B
20240410;140838;164.54;10;10087125240;B
20240410;140838;164.54;10;10087125246;B
20240410;140838;164.54;10;10087125248;B
20240410;140838;164.54;20;10087125301;B
20240410;140838;164.54;10;10087125370;B
20240410;140838;164.54;10;10087125374;B
20240410;140838;164.54;10;10087125443;B
20240410;140838;164.54;10;10087125447;B
20240410;140838;164.54;10;10087125508;B
20240410;140838;164.54;10;10087125556;B
20240410;140838;164.54;10;10087125569;B
20240410;140838;164.54;10;10087125654;B
20240410;140838;164.54;10;10087125679;B
20240410;140838;164.54;10;10087125696;B
20240410;140838;164.54;10;10087125928;B
20240410;140838;164.54;10;10087125967;B
20240410;140838;164.54;10;10087126018;B
20240410;140838;164.54;10;10087126022;B
20240410;140838;164.54;10;10087126041;B
20240410;140838;164.54;10;10087126045;B
20240410;140838;164.54;10;10087126058;B
20240410;140838;164.54;10;10087126080;B
20240410;140838;164.54;10;10087126098;B
20240410;140838;164.54;10;10087126166;B
20240410;140838;164.54;10;10087126180;B
20240410;140838;164.54;10;10087126217;B
20240410;140838;164.54;10;10087126254;B
20240410;140838;164.54;10;10087126268;B
20240410;140838;164.54;10;10087126272;B
20240410;140838;164.54;10;10087126276;B
20240410;140838;164.54;10;10087126295;B
20240410;140838;164.54;10;10087126308;B
20240410;140838;164.54;10;10087126369;B
20240410;140838;164.54;10;10087126392;B
20240410;140838;164.54;250;10087126421;B
20240410;140838;164.54;10;10087126428;B
20240410;140838;164.54;10;10087126429;B
20240410;140838;164.54;10;10087126442;B
20240410;140838;164.54;10;10087126458;B
20240410;140838;164.54;10;10087126477;B
20240410;140838;164.54;10;10087126478;B
20240410;140838;164.54;10;10087126498;B
20240410;140838;164.54;10;10087126499;B
20240410;140838;164.54;10;10087126518;B
20240410;140838;164.54;10;10087126573;B
20240410;140838;164.54;10;10087126605;B
20240410;140838;164.54;10;10087126618;B
20240410;140838;164.54;10;10087126684;B
20240410;140838;164.54;10;10087126769;B
20240410;140838;164.54;60;10087126792;B
20240410;140838;164.54;10;10087126808;B
20240410;140838;164.54;10;10087126824;B
20240410;140838;164.54;10;10087126854;B
20240410;140838;164.54;10;10087126861;B
20240410;140839;164.54;10;10087127071;B
20240410;140839;164.54;10;10087127097;B
20240410;140839;164.54;10;10087127123;B
20240410;140839;164.54;10;10087127124;B
20240410;140839;164.54;10;10087127128;B
20240410;140839;164.54;10;10087127147;B
20240410;140839;164.54;10;10087127151;B
20240410;140839;164.54;10;10087127286;B
20240410;140839;164.54;10;10087127293;B
20240410;140839;164.54;10;10087127303;B
20240410;140839;164.54;20;10087127307;B
20240410;140839;164.54;10;10087127345;B
20240410;140839;164.54;40;10087127407;B
20240410;140839;164.54;10;10087127447;B
20240410;140839;164.54;10;10087127449;B
20240410;140839;164.54;10;10087127454;B
20240410;140839;164.54;10;10087127456;B
20240410;140839;164.54;10;10087127457;B
20240410;140839;164.54;10;10087127459;B
20240410;140839;164.54;40;10087127463;B
20240410;140839;164.54;10;10087127464;B
20240410;140839;164.54;10;10087127467;B
20240410;140839;164.54;10;10087127469;B
20240410;140839;164.54;10;10087127474;B
20240410;140839;164.54;10;10087127477;B
20240410;140839;164.54;10;10087127478;B
20240410;140839;164.54;10;10087127479;B
20240410;140839;164.54;10;10087127484;B
20240410;140839;164.54;10;10087127485;B
20240410;140839;164.54;10;10087127486;B
20240410;140839;164.54;10;10087127488;B
20240410;140839;164.54;10;10087127492;B
20240410;140839;164.54;10;10087127498;B
20240410;140839;164.54;10;10087127499;B
20240410;140839;164.54;10;10087127506;B
20240410;140839;164.54;10;10087127508;B
20240410;140839;164.54;10;10087127510;B
20240410;140839;164.54;10;10087127514;B
20240410;140839;164.54;10;10087127516;B
20240410;140839;164.54;10;10087127520;B
20240410;140839;164.54;10;10087127522;B
20240410;140839;164.54;10;10087127531;B
20240410;140840;164.54;10;10087127533;B
20240410;140840;164.54;10;10087127537;B
20240410;140840;164.54;10;10087127541;B
20240410;140840;164.54;10;10087127543;B
20240410;140840;164.54;20;10087127545;B
20240410;140840;164.54;10;10087127546;B
20240410;140840;164.54;10;10087127550;B
20240410;140840;164.54;10;10087127552;B
20240410;140840;164.54;10;10087127553;B
20240410;140840;164.54;10;10087127555;B
20240410;140840;164.54;10;10087127556;B
20240410;140840;164.54;10;10087127558;B
20240410;140840;164.54;10;10087127571;B
20240410;140840;164.54;10;10087127575;B
20240410;140840;164.54;10;10087127584;B
20240410;140840;164.54;10;10087127585;B
20240410;140840;164.54;10;10087127587;B
20240410;140840;164.54;10;10087127588;B
20240410;140840;164.54;10;10087127589;B
20240410;140840;164.54;10;10087127590;B
20240410;140840;164.54;20;10087127595;B
20240410;140840;164.54;10;10087127596;B
20240410;140840;164.54;10;10087127597;B
20240410;140840;164.54;10;10087127598;B
20240410;140840;164.54;10;10087127599;B
20240410;140840;164.54;10;10087127600;B
20240410;140840;164.54;10;10087127601;B
20240410;140840;164.54;10;10087127603;B
20240410;140840;164.52;100;10087127605;S
20240410;140840;164.54;10;10087127606;B
20240410;140840;164.54;20;10087127611;B
20240410;140840;164.54;10;10087127612;B
20240410;140840;164.54;10;10087127614;B
20240410;140840;164.54;10;10087127619;B
20240410;140840;164.54;10;10087127625;B
20240410;140840;164.54;10;10087127628;B
20240410;140840;164.54;10;10087127631;B
20240410;140840;164.54;10;10087127633;B
20240410;140840;164.54;10;10087127636;B
20240410;140840;164.54;10;10087127649;B
20240410;140840;164.54;10;10087127671;B
20240410;140840;164.54;10;10087127722;B
20240410;140840;164.54;10;10087127727;B
20240410;140840;164.54;10;10087127752;B
20240410;140840;164.54;10;10087127760;B
20240410;140841;164.54;10;10087127911;B
20240410;140841;164.54;20;10087127944;B
20240410;140841;164.54;10;10087128242;B
20240410;140841;164.54;10;10087128246;B
20240410;140841;164.54;10;10087128307;B
20240410;140841;164.54;10;10087128335;B
20240410;140841;164.54;10;10087128550;B
20240410;140841;164.54;10;10087128611;B
20240410;140841;164.54;10;10087128892;B
20240410;140841;164.54;10;10087129045;B
20240410;140841;164.54;10;10087129063;B
20240410;140841;164.54;10;10087129067;B
20240410;140841;164.54;10;10087129101;B
20240410;140841;164.54;10;10087129145;B
20240410;140841;164.54;10;10087129149;B
20240410;140841;164.54;40;10087129195;B
20240410;140841;164.54;10;10087129214;B
20240410;140841;164.54;10;10087129237;B
20240410;140841;164.54;10;10087129325;B
20240410;140841;164.54;10;10087129335;B
20240410;140841;164.54;10;10087129375;B
20240410;140841;164.54;10;10087129583;B
20240410;140841;164.54;10;10087129679;B
20240410;140841;164.54;10;10087129689;B
20240410;140841;164.54;10;10087129690;B
20240410;140841;164.54;10;10087129716;B
20240410;140841;164.54;10;10087129728;B
20240410;140841;164.54;10;10087129729;B
20240410;140841;164.54;10;10087129732;B
20240410;140841;164.54;10;10087129733;B
20240410;140841;164.54;10;10087129737;B
20240410;140841;164.54;10;10087129739;B
20240410;140841;164.54;10;10087129740;B
20240410;140841;164.54;10;10087129743;B
20240410;140841;164.54;10;10087129744;B
20240410;140841;164.52;200;10087129745;S
20240410;140842;164.54;10;10087129752;B
20240410;140842;164.54;10;10087129755;B
20240410;140842;164.54;10;10087129756;B
20240410;140842;164.54;10;10087129757;B
20240410;140842;164.54;10;10087129759;B
20240410;140842;164.54;10;10087129760;B
20240410;140842;164.54;10;10087129762;B
20240410;140842;164.54;10;10087129763;B
20240410;140842;164.54;20;10087129770;B
20240410;140842;164.54;20;10087129778;B
20240410;140842;164.54;10;10087129783;B
20240410;140842;164.54;10;10087129784;B
20240410;140842;164.54;10;10087129790;B
20240410;140842;164.54;10;10087129795;B
20240410;140842;164.54;10;10087129796;B
20240410;140842;164.54;10;10087129798;B
20240410;140842;164.54;10;10087129800;B
20240410;140842;164.54;10;10087129801;B
20240410;140842;164.54;10;10087129805;B
20240410;140842;164.54;30;10087129810;B
20240410;140842;164.54;10;10087129811;B
20240410;140842;164.54;10;10087129812;B
20240410;140842;164.54;10;10087129819;B
20240410;140842;164.54;10;10087129820;B
20240410;140842;164.54;10;10087129825;B
20240410;140842;164.52;560;10087129827;S
20240410;140842;164.52;10;10087129868;B
20240410;140842;164.52;10;10087129885;B
20240410;140842;164.52;10;10087129892;B
20240410;140842;164.52;10;10087129902;B
20240410;140842;164.52;10;10087129921;B
20240410;140842;164.52;10;10087129970;B
20240410;140842;164.52;10;10087130051;B
20240410;140842;164.52;10;10087130055;B
20240410;140842;164.52;20;10087130084;B
20240410;140842;164.52;10;10087130085;B
20240410;140842;164.52;10;10087130143;B
20240410;140842;164.52;10;10087130160;B
20240410;140842;164.52;10;10087130215;B
20240410;140842;164.52;10;10087130219;B
20240410;140842;164.52;10;10087130254;B
20240410;140842;164.52;10;10087130297;B
20240410;140842;164.52;10;10087130307;B
20240410;140842;164.52;10;10087130311;B
20240410;140842;164.52;10;10087130395;B
20240410;140843;164.52;10;10087130760;B
20240410;140843;164.52;10;10087130776;B
20240410;140843;164.52;10;10087130934;B
20240410;140843;164.52;10;10087131012;B
20240410;140843;164.52;10;10087131016;B
20240410;140843;164.52;10;10087131041;B
20240410;140843;164.52;10;10087131051;B
20240410;140843;164.52;10;10087131078;B
20240410;140843;164.52;10;10087131082;B
20240410;140843;164.52;10;10087131086;B
20240410;140843;164.52;10;10087131096;B
20240410;140843;164.52;10;10087131115;B
20240410;140843;164.52;10;10087131144;B
20240410;140843;164.52;10;10087131201;B
20240410;140843;164.52;10;10087131227;B
20240410;140843;164.52;10;10087131262;B
20240410;140843;164.52;10;10087131293;B
20240410;140843;164.52;30;10087131354;B
20240410;140843;164.52;10;10087131361;B
20240410;140843;164.52;10;10087131368;B
20240410;140843;164.52;10;10087131372;B
20240410;140843;164.52;10;10087131376;B
20240410;140843;164.52;10;10087131381;B
20240410;140843;164.52;10;10087131421;B
20240410;140843;164.54;10;10087131435;B
20240410;140843;164.54;10;10087131456;B
20240410;140843;164.54;10;10087131488;B
20240410;140843;164.54;30;10087131516;B
20240410;140843;164.54;10;10087131526;B
20240410;140843;164.54;10;10087131537;B
20240410;140843;164.54;10;10087131563;B
20240410;140843;164.54;10;10087131610;B
20240410;140843;164.54;10;10087131703;B
20240410;140843;164.54;10;10087131754;B
20240410;140843;164.54;10;10087131955;B
20240410;140843;164.54;10;10087131956;B
20240410;140843;164.54;10;10087131959;B
20240410;140843;164.54;10;10087131962;B
20240410;140843;164.54;10;10087131963;B
20240410;140843;164.54;10;10087131972;B
20240410;140843;164.54;10;10087131973;B
20240410;140843;164.54;10;10087131974;B
20240410;140843;164.54;10;10087131976;B
20240410;140843;164.54;10;10087131977;B
20240410;140843;164.54;10;10087131978;B
20240410;140843;164.54;10;10087131979;B
20240410;140843;164.54;10;10087131980;B
20240410;140843;164.54;10;10087131984;B
20240410;140843;164.54;10;10087131986;B
20240410;140843;164.54;10;10087131989;B
20240410;140843;164.54;20;10087131998;B
20240410;140844;164.54;10;10087132000;B
20240410;140844;164.54;10;10087132003;B
20240410;140844;164.54;10;10087132004;B
20240410;140844;164.54;10;10087132005;B
20240410;140844;164.54;10;10087132009;B
20240410;140844;164.54;10;10087132011;B
20240410;140844;164.54;10;10087132013;B
20240410;140844;164.54;10;10087132029;B
20240410;140844;164.54;10;10087132034;B
20240410;140844;164.54;10;10087132040;B
20240410;140844;164.54;10;10087132044;B
20240410;140844;164.54;10;10087132048;B
20240410;140844;164.54;10;10087132056;B
20240410;140844;164.54;10;10087132058;B
20240410;140844;164.54;10;10087132065;B
20240410;140844;164.54;10;10087132162;B
20240410;140844;164.54;20;10087132299;B
20240410;140844;164.54;10;10087132386;B
20240410;140844;164.54;10;10087132415;B
20240410;140844;164.54;10;10087132513;B
20240410;140844;164.54;10;10087132541;B
20240410;140844;164.54;10;10087132546;B
20240410;140844;164.54;10;10087132566;B
20240410;140844;164.54;10;10087132582;B
20240410;140844;164.54;10;10087132695;B
20240410;140844;164.54;10;10087132752;B
20240410;140844;164.54;10;10087132833;B
20240410;140844;164.54;10;10087132900;B
20240410;140844;164.54;10;10087132916;B
20240410;140845;164.54;10;10087133184;B
20240410;140845;164.54;10;10087133271;B
20240410;140845;164.54;10;10087133275;B
20240410;140845;164.54;10;10087133316;B
20240410;140845;164.54;10;10087133342;B
20240410;140845;164.54;10;10087133419;B
20240410;140845;164.54;10;10087133465;B
20240410;140845;164.54;10;10087133534;B
20240410;140845;164.54;10;10087133816;B
20240410;140845;164.54;10;10087133826;B
20240410;140845;164.54;10;10087133930;B
20240410;140845;164.54;10;10087133959;B
20240410;140845;164.54;10;10087133963;B
20240410;140845;164.54;10;10087134108;B
20240410;140845;164.54;1000;10087134239;B
20240410;140845;164.54;10;10087134250;B
20240410;140845;164.54;10;10087134253;B
20240410;140845;164.54;10;10087134274;B
20240410;140845;164.54;10;10087134283;B
20240410;140845;164.54;10;10087134286;B
20240410;140845;164.54;10;10087134294;B
20240410;140845;164.54;10;10087134301;B
20240410;140845;164.54;10;10087134303;B
20240410;140845;164.54;10;10087134304;B
20240410;140845;164.54;10;10087134306;B
20240410;140845;164.54;10;10087134312;B
20240410;140846;164.54;10;10087134329;B
20240410;140846;164.54;10;10087134330;B
20240410;140846;164.54;10;10087134332;B
20240410;140846;164.54;10;10087134365;B
20240410;140846;164.54;10;10087134377;B
20240410;140846;164.54;10;10087134378;B
20240410;140846;164.54;10;10087134739;B
20240410;140846;164.54;10;10087134767;B
20240410;140846;164.54;10;10087134768;B
20240410;140846;164.54;10;10087134787;B
20240410;140846;164.54;10;10087134876;B
20240410;140846;164.54;10;10087134889;B
20240410;140846;164.54;10;10087134925;B
20240410;140846;164.54;10;10087134987;B
20240410;140846;164.54;10;10087134991;B
20240410;140846;164.54;10;10087135074;B
20240410;140846;164.54;10;10087135090;B
20240410;140846;164.54;10;10087135187;B
20240410;140846;164.54;10;10087135203;B
20240410;140846;164.54;10;10087135213;B
20240410;140846;164.54;10;10087135320;B
20240410;140846;164.54;10;10087135389;B
20240410;140846;164.54;10;10087135423;B
20240410;140847;164.54;10;10087136058;B
20240410;140847;164.54;10;10087136535;B
20240410;140847;164.54;400;10087136537;B
20240410;140847;164.54;10;10087136539;B
20240410;140847;164.54;10;10087136545;B
20240410;140847;164.54;10;10087136548;B
20240410;140847;164.54;10;10087136551;B
20240410;140848;164.54;10;10087136592;B
20240410;140848;164.54;10;10087136721;B
20240410;140848;164.54;10;10087136725;B
20240410;140848;164.54;10;10087137208;B
20240410;140848;164.54;10;10087137692;B
20240410;140848;164.54;10;10087137729;B
20240410;140848;164.54;10;10087137739;B
20240410;140848;164.54;10;10087137957;B
20240410;140849;164.54;10;10087138638;B
20240410;140849;164.54;10;10087138685;B
20240410;140849;164.54;10;10087138734;B
20240410;140849;164.54;10;10087138752;B
20240410;140849;164.54;10;10087138767;B
20240410;140849;164.54;10;10087138771;B
20240410;140849;164.54;10;10087138777;B
20240410;140849;164.54;10;10087138788;B
20240410;140849;164.54;10;10087138800;B
20240410;140849;164.54;10;10087138801;B
20240410;140849;164.54;10;10087138802;B
20240410;140850;164.54;10;10087138804;B
20240410;140850;164.54;10;10087138813;B
20240410;140850;164.54;10;10087138814;B
20240410;140850;164.54;10;10087138817;B
20240410;140850;164.54;10;10087138818;B
20240410;140850;164.54;10;10087138819;B
20240410;140850;164.54;10;10087138820;B
20240410;140850;164.54;10;10087138829;B
20240410;140850;164.54;10;10087138831;B
20240410;140850;164.54;10;10087138832;B
20240410;140850;164.54;10;10087138834;B
20240410;140850;164.54;10;10087138835;B
20240410;140850;164.54;10;10087138838;B
20240410;140850;164.54;10;10087138840;B
20240410;140850;164.54;20;10087138842;B
20240410;140850;164.54;10;10087138843;B
20240410;140850;164.54;10;10087138845;B
20240410;140850;164.54;10;10087138861;B
20240410;140851;164.54;10;10087139130;B
20240410;140851;164.54;10;10087139197;B
20240410;140851;164.54;10;10087139213;B
20240410;140851;164.54;10;10087139346;B
20240410;140851;164.54;10;10087139356;B
20240410;140851;164.54;10;10087139384;B
20240410;140851;164.54;10;10087139670;B
20240410;140851;164.54;10;10087140023;B
20240410;140851;164.54;10;10087140259;B
20240410;140851;164.54;10;10087140368;B
20240410;140851;164.52;500;10087140381;S
20240410;140851;164.52;100;10087140382;S
20240410;140851;164.52;100;10087140383;S
20240410;140851;164.5;300;10087140384;S
20240410;140851;164.54;10;10087140432;B
20240410;140851;164.54;10;10087140513;B
20240410;140851;164.54;10;10087140744;B
20240410;140851;164.54;10;10087140847;B
20240410;140851;164.54;10;10087141024;B
20240410;140851;164.54;10;10087141026;B
20240410;140852;164.54;10;10087141039;B
20240410;140852;164.54;10;10087141054;B
20240410;140852;164.54;10;10087141055;B
20240410;140852;164.54;10;10087141056;B
20240410;140852;164.54;10;10087141058;B
20240410;140852;164.54;10;10087141065;B
20240410;140852;164.54;20;10087141066;B
20240410;140852;164.54;10;10087141080;B
20240410;140852;164.54;10;10087141083;B
20240410;140852;164.54;10;10087141084;B
20240410;140852;164.54;10;10087141088;B
20240410;140852;164.54;10;10087141090;B
20240410;140852;164.54;10;10087141091;B
20240410;140852;164.54;10;10087141094;B
20240410;140852;164.54;10;10087141096;B
20240410;140852;164.54;10;10087141098;B
20240410;140852;164.54;10;10087141100;B
20240410;140852;164.54;10;10087141102;B
20240410;140852;164.54;10;10087141104;B
20240410;140852;164.54;10;10087141137;B
20240410;140852;164.54;10;10087141139;B
20240410;140852;164.54;10;10087141143;B
20240410;140852;164.54;10;10087141144;B
20240410;140852;164.54;10;10087141166;B
20240410;140852;164.54;10;10087141182;B
20240410;140852;164.54;10;10087141195;B
20240410;140852;164.54;10;10087141221;B
20240410;140852;164.54;10;10087141243;B
20240410;140852;164.54;10;10087141263;B
20240410;140852;164.54;10;10087141315;B
20240410;140852;164.54;10;10087141338;B
20240410;140852;164.54;10;10087141394;B
20240410;140852;164.54;10;10087141416;B
20240410;140852;164.54;10;10087141516;B
20240410;140852;164.54;10;10087141523;B
20240410;140852;164.54;10;10087141574;B
20240410;140853;164.54;10;10087141705;B
20240410;140853;164.54;10;10087141739;B
20240410;140853;164.54;10;10087141787;B
20240410;140853;164.54;10;10087141804;B
20240410;140853;164.54;10;10087142058;B
20240410;140853;164.54;10;10087142473;B
20240410;140853;164.54;10;10087142629;B
20240410;140853;164.54;20;10087142727;B
20240410;140853;164.54;10;10087142816;B
20240410;140853;164.54;10;10087142854;B
20240410;140853;164.54;10;10087142885;B
20240410;140853;164.54;10;10087143012;B
20240410;140853;164.54;10;10087143020;B
20240410;140853;164.54;10;10087143093;B
20240410;140853;164.54;10;10087143094;B
20240410;140853;164.54;10;10087143122;B
20240410;140853;164.54;10;10087143144;B
20240410;140853;164.54;10;10087143217;B
20240410;140853;164.54;10;10087143234;B
20240410;140853;164.54;10;10087143241;B
20240410;140853;164.54;10;10087143248;B
20240410;140853;164.54;10;10087143252;B
20240410;140853;164.54;10;10087143254;B
20240410;140853;164.54;10;10087143257;B
20240410;140853;164.54;10;10087143262;B
20240410;140853;164.54;10;10087143265;B
20240410;140853;164.54;10;10087143266;B
20240410;140853;164.54;10;10087143267;B
20240410;140853;164.54;10;10087143268;B
20240410;140854;164.54;10;10087143270;B
20240410;140854;164.54;10;10087143276;B
20240410;140854;164.54;10;10087143278;B
20240410;140854;164.54;10;10087143280;B
20240410;140854;164.54;10;10087143282;B
20240410;140854;164.54;10;10087143283;B
20240410;140854;164.54;30;10087143291;B
20240410;140854;164.54;100;10087143322;B
20240410;140854;164.54;10;10087143324;B
20240410;140854;164.54;10;10087143329;B
20240410;140854;164.54;10;10087143330;B
20240410;140854;164.54;10;10087143333;B
20240410;140854;164.54;10;10087143342;B
20240410;140854;164.54;10;10087143345;B
20240410;140854;164.54;10;10087143400;B
20240410;140854;164.54;10;10087143428;B
20240410;140854;164.54;10;10087143463;B
20240410;140854;164.54;10;10087143603;B
20240410;140854;164.54;10;10087143607;B
20240410;140854;164.54;10;10087143645;B
20240410;140854;164.54;10;10087143668;B
20240410;140854;164.54;10;10087143675;B
20240410;140854;164.54;10;10087143841;B
20240410;140854;164.54;10;10087143843;B
20240410;140854;164.54;10;10087143900;B
20240410;140854;164.54;10;10087144105;B
20240410;140854;164.54;10;10087144125;B
20240410;140854;164.54;10;10087144160;B
20240410;140855;164.54;10;10087144209;B
20240410;140855;164.54;10;10087144237;B
20240410;140855;164.54;10;10087144262;B
20240410;140855;164.54;10;10087144269;B
20240410;140855;164.54;10;10087144285;B
20240410;140855;164.54;10;10087144317;B
20240410;140855;164.54;10;10087144343;B
20240410;140855;164.54;10;10087144426;B
20240410;140855;164.54;10;10087144448;B
20240410;140855;164.54;10;10087144459;B
20240410;140855;164.54;10;10087144481;B
20240410;140855;164.54;10;10087144503;B
20240410;140855;164.54;10;10087144571;B
20240410;140855;164.54;10;10087144606;B
20240410;140855;164.54;10;10087144669;B
20240410;140855;164.54;10;10087144723;B
20240410;140855;164.54;10;10087144847;B
20240410;140855;164.54;10;10087144940;B
20240410;140855;164.54;10;10087145055;B
20240410;140855;164.54;10;10087145062;B
20240410;140855;164.54;10;10087145427;B
20240410;140855;164.54;10;10087145433;B
20240410;140855;164.54;10;10087145435;B
20240410;140855;164.54;10;10087145436;B
20240410;140855;164.54;10;10087145473;B
20240410;140855;164.54;10;10087145476;B
20240410;140855;164.54;10;10087145477;B
20240410;140855;164.54;10;10087145478;B
20240410;140855;164.54;10;10087145479;B
20240410;140855;164.52;100;10087145481;S
20240410;140855;164.52;50;10087145482;S
20240410;140855;164.52;200;10087145483;S
20240410;140855;164.5;2280;10087145484;S
20240410;140855;164.54;10;10087145488;B
20240410;140855;164.54;10;10087145489;B
20240410;140855;164.54;10;10087145492;B
20240410;140855;164.54;10;10087145494;B
20240410;140855;164.54;10;10087145497;B
20240410;140856;164.54;10;10087145501;B
20240410;140856;164.54;100;10087145505;B
20240410;140856;164.54;10;10087145515;B
20240410;140856;164.54;10;10087145516;B
20240410;140856;164.54;10;10087145518;B
20240410;140856;164.54;10;10087145519;B
20240410;140856;164.54;10;10087145521;B
20240410;140856;164.54;10;10087145522;B
20240410;140856;164.54;10;10087145525;B
20240410;140856;164.54;10;10087145529;B
20240410;140856;164.5;30;10087145534;S
20240410;140856;164.54;10;10087145538;B
20240410;140856;164.54;10;10087145541;B
20240410;140856;164.52;10;10087145925;B
20240410;140856;164.52;10;10087146291;B
20240410;140856;164.54;10;10087146351;B
20240410;140856;164.54;10;10087146392;B
20240410;140856;164.54;10;10087146499;B
20240410;140856;164.54;10;10087146525;B
20240410;140856;164.54;10;10087146565;B
20240410;140856;164.54;10;10087146620;B
20240410;140857;164.54;10;10087146883;B
20240410;140857;164.54;10;10087146992;B
20240410;140857;164.54;10;10087147032;B
20240410;140857;164.54;10;10087147045;B
20240410;140857;164.54;10;10087147055;B
20240410;140857;164.54;10;10087147102;B
20240410;140857;164.54;10;10087147125;B
20240410;140857;164.54;10;10087147214;B
20240410;140857;164.54;10;10087147250;B
20240410;140857;164.54;10;10087147254;B
20240410;140857;164.54;10;10087147279;B
20240410;140857;164.54;10;10087147301;B
20240410;140857;164.54;10;10087147438;B
20240410;140857;164.54;10;10087147537;B
20240410;140857;164.54;10;10087147626;B
20240410;140857;164.54;10;10087147649;B
20240410;140857;164.54;10;10087147656;B
20240410;140857;164.54;10;10087147661;B
20240410;140857;164.54;10;10087147667;B
20240410;140857;164.54;10;10087147668;B
20240410;140857;164.54;10;10087147670;B
20240410;140857;164.54;10;10087147680;B
20240410;140857;164.54;20;10087147682;B
20240410;140857;164.54;10;10087147685;B
20240410;140857;164.54;10;10087147689;B
20240410;140857;164.54;10;10087147692;B
20240410;140857;164.54;10;10087147710;B
20240410;140858;164.54;10;10087147713;B
20240410;140858;164.54;10;10087147718;B
20240410;140858;164.54;10;10087147720;B
20240410;140858;164.54;10;10087147721;B
20240410;140858;164.54;10;10087147723;B
20240410;140858;164.54;10;10087147730;B
20240410;140858;164.54;10;10087147731;B
20240410;140858;164.54;10;10087147733;B
20240410;140858;164.54;10;10087147746;B
20240410;140858;164.54;10;10087148365;B
20240410;140858;164.54;10;10087148649;B
20240410;140858;164.54;10;10087148809;B
20240410;140858;164.54;10;10087148822;B
20240410;140858;164.54;10;10087148956;B
20240410;140858;164.54;10;10087148975;B
20240410;140858;164.54;10;10087148989;B
20240410;140858;164.54;10;10087149191;B
20240410;140859;164.54;10;10087149560;B
20240410;140859;164.54;10;10087149587;B
20240410;140859;164.54;10;10087149659;B
20240410;140859;164.54;10;10087149669;B
20240410;140859;164.54;10;10087149800;B
20240410;140859;164.54;10;10087149807;B
20240410;140859;164.54;10;10087149837;B
20240410;140859;164.54;10;10087149869;B
20240410;140859;164.54;10;10087149870;B
20240410;140859;164.54;10;10087149873;B
20240410;140859;164.54;10;10087149881;B
20240410;140859;164.54;10;10087149895;B
20240410;140859;164.54;10;10087149896;B
20240410;140859;164.54;10;10087149897;B
20240410;140859;164.54;10;10087149901;B
20240410;140859;164.52;100;10087149902;S
20240410;140859;164.5;10900;10087149903;S
20240410;140859;164.52;10;10087149912;B
20240410;140859;164.52;10;10087149916;B
20240410;140859;164.52;10;10087149921;B
20240410;140900;164.52;10;10087149945;B
20240410;140900;164.52;10;10087149946;B
20240410;140900;164.52;10;10087149950;B
20240410;140900;164.52;10;10087149967;B
20240410;140900;164.52;10;10087149999;B
20240410;140900;164.52;10;10087150085;B
20240410;140901;164.52;10;10087150200;B
20240410;140901;164.52;10;10087150606;B
20240410;140901;164.52;80;10087150624;B
20240410;140901;164.52;10;10087151608;B
20240410;140901;164.52;10;10087151853;B
20240410;140902;164.52;10;10087152277;B
20240410;140904;164.5;500;10087154484;S
20240410;140905;164.52;580;10087155327;B
20240410;140905;164.52;190;10087155328;B
20240410;140905;164.52;500;10087155329;B
20240410;140905;164.52;150;10087155330;B
20240410;140905;164.54;8580;10087155331;B
20240410;140905;164.5;80;10087155447;S
20240410;140905;164.5;100;10087156124;S
20240410;140905;164.54;20;10087156502;B
20240410;140905;164.54;150;10087156511;B
20240410;140905;164.54;10;10087156516;B
20240410;140906;164.54;18000;10087156533;B
20240410;140906;164.54;1000;10087156540;B
20240410;140906;164.54;60;10087156545;B
20240410;140906;164.54;100;10087156551;B
20240410;140906;164.54;2000;10087156979;B
20240410;140906;164.54;2000;10087157324;B
20240410;140906;164.54;200;10087157442;B
20240410;140907;164.54;2000;10087157622;B
20240410;140907;164.54;2000;10087157901;B
20240410;140907;164.54;1000;10087158365;B
20240410;140907;164.54;2000;10087158375;B
20240410;140907;164.54;200;10087158751;B
20240410;140907;164.54;200;10087158830;B
20240410;140907;164.54;1000;10087158843;B
20240410;140907;164.54;100;10087158857;B
20240410;140907;164.54;30;10087158858;B
20240410;140907;164.54;50;10087158860;B
20240410;140907;164.54;810;10087158861;B
20240410;140907;164.54;150;10087158862;B
20240410;140907;164.54;40;10087158863;B
20240410;140908;164.54;20;10087158883;B
20240410;140908;164.54;140;10087159040;B
20240410;140908;164.56;860;10087159041;B
20240410;140908;164.56;250;10087159081;B
20240410;140908;164.56;3690;10087159268;B
20240410;140908;164.58;250;10087160023;B
20240410;140909;164.58;700;10087160853;B
20240410;140910;164.56;200;10087161132;S
20240410;140910;164.56;400;10087161133;S
20240410;140911;164.6;180;10087161746;B
20240410;140911;164.6;10;10087161747;B
20240410;140911;164.6;50;10087161748;B
20240410;140911;164.6;10;10087161749;B
20240410;140911;164.6;200;10087161750;B
20240410;140911;164.6;100;10087161751;B
20240410;140912;164.62;150;10087163349;B
20240410;140913;164.6;100;10087163933;S
20240410;140913;164.58;10;10087163934;S
20240410;140913;164.58;90;10087163935;S
20240410;140913;164.62;100;10087164721;B
20240410;140913;164.62;200;10087165266;B
20240410;140914;164.58;60;10087165498;S
20240410;140914;164.58;200;10087165499;S
20240410;140914;164.56;740;10087165500;S
20240410;140914;164.62;550;10087165525;B
20240410;140914;164.62;100;10087165526;B
20240410;140914;164.62;40;10087165527;B
20240410;140914;164.62;10;10087165528;B
20240410;140914;164.62;10;10087165529;B
20240410;140914;164.62;90;10087165530;B
20240410;140914;164.64;20;10087165531;B
20240410;140914;164.66;100;10087165532;B
20240410;140914;164.66;1000;10087165533;B
20240410;140914;164.66;20;10087165534;B
20240410;140914;164.68;560;10087165535;B
20240410;140915;164.66;10;10087167014;B
20240410;140916;164.66;10;10087167688;B
20240410;140917;164.66;40;10087169809;B
20240410;140917;164.68;40;10087169811;B
20240410;140921;164.66;160;10087171524;S
20240410;140921;164.66;50;10087171525;S
20240410;140921;164.66;100;10087172068;B
20240410;140921;164.66;10;10087172667;B
20240410;140923;164.6;20;10087173627;S
20240410;140923;164.6;10;10087173628;S
20240410;140923;164.58;70;10087173629;S
20240410;140934;164.64;10;10087184645;B
20240410;140934;164.64;10;10087184716;B
20240410;140934;164.64;10;10087184788;B
20240410;140934;164.64;10;10087184807;B
20240410;140934;164.64;10;10087184814;B
20240410;140934;164.64;10;10087184827;B
20240410;140934;164.64;10;10087184837;B
20240410;140934;164.64;10;10087184847;B
20240410;140934;164.64;10;10087184880;B
20240410;140934;164.64;10;10087184893;B
20240410;140934;164.64;10;10087184961;B
20240410;140934;164.64;10;10087184976;B
20240410;140934;164.64;10;10087185005;B
20240410;140934;164.64;10;10087185030;B
20240410;140934;164.64;10;10087185052;B
20240410;140934;164.64;10;10087185065;B
20240410;140934;164.64;10;10087185066;B
20240410;140934;164.64;10;10087185067;B
20240410;140934;164.64;10;10087185071;B
20240410;140934;164.64;10;10087185072;B
20240410;140934;164.64;10;10087185073;B
20240410;140934;164.64;10;10087185076;B
20240410;140934;164.64;10;10087185078;B
20240410;140934;164.64;10;10087185081;B
20240410;140934;164.64;10;10087185082;B
20240410;140934;164.64;10;10087185083;B
20240410;140934;164.64;10;10087185087;B
20240410;140934;164.64;10;10087185088;B
20240410;140934;164.64;10;10087185089;B
20240410;140934;164.66;10;10087185090;B
20240410;140934;164.66;10;10087185097;B
20240410;140934;164.66;10;10087185098;B
20240410;140934;164.66;10;10087185099;B
20240410;140934;164.66;10;10087185100;B
20240410;140934;164.66;10;10087185101;B
20240410;140934;164.66;10;10087185102;B
20240410;140934;164.66;10;10087185103;B
20240410;140934;164.66;10;10087185105;B
20240410;140934;164.66;10;10087185106;B
20240410;140934;164.66;10;10087185107;B
20240410;140934;164.66;10;10087185109;B
20240410;140934;164.66;10;10087185111;B
20240410;140934;164.66;10;10087185113;B
20240410;140934;164.66;10;10087185114;B
20240410;140934;164.66;10;10087185116;B
20240410;140934;164.66;10;10087185119;B
20240410;140934;164.66;10;10087185122;B
20240410;140934;164.66;10;10087185124;B
20240410;140934;164.66;10;10087185125;B
20240410;140934;164.66;10;10087185128;B
20240410;140934;164.66;10;10087185132;B
20240410;140934;164.66;10;10087185133;B
20240410;140934;164.66;10;10087185134;B
20240410;140934;164.66;10;10087185135;B
20240410;140934;164.66;10;10087185139;B
20240410;140934;164.66;10;10087185140;B
20240410;140934;164.66;10;10087185141;B
20240410;140934;164.66;40;10087185142;B
20240410;140934;164.66;10;10087185143;B
20240410;140934;164.66;10;10087185146;B
20240410;140934;164.66;10;10087185147;B
20240410;140934;164.66;10;10087185148;B
20240410;140934;164.66;10;10087185149;B
20240410;140934;164.66;10;10087185150;B
20240410;140934;164.66;10;10087185151;B
20240410;140934;164.66;10;10087185152;B
20240410;140934;164.66;10;10087185153;B
20240410;140934;164.66;10;10087185156;B
20240410;140934;164.66;10;10087185157;B
20240410;140934;164.66;10;10087185158;B
20240410;140934;164.66;10;10087185159;B
20240410;140934;164.66;10;10087185161;B
20240410;140934;164.66;10;10087185162;B
20240410;140934;164.66;10;10087185163;B
20240410;140934;164.66;10;10087185164;B
20240410;140934;164.66;10;10087185165;B
20240410;140934;164.66;10;10087185167;B
20240410;140934;164.66;10;10087185170;B
20240410;140934;164.66;10;10087185174;B
20240410;140934;164.66;10;10087185175;B
20240410;140934;164.66;10;10087185176;B
20240410;140934;164.66;10;10087185177;B
20240410;140935;164.66;10;10087185181;B
20240410;140935;164.66;10;10087185184;B
20240410;140935;164.66;10;10087185186;B
20240410;140935;164.66;10;10087185189;B
20240410;140935;164.66;10;10087185191;B
20240410;140935;164.66;10;10087185193;B
20240410;140935;164.66;10;10087185194;B
20240410;140935;164.66;10;10087185195;B
20240410;140935;164.66;10;10087185196;B
20240410;140935;164.66;10;10087185199;B
20240410;140935;164.66;10;10087185200;B
20240410;140935;164.66;10;10087185201;B
20240410;140935;164.68;10;10087185202;B
20240410;140935;164.68;10;10087185203;B
20240410;140935;164.68;10;10087185207;B
20240410;140935;164.68;10;10087185208;B
20240410;140935;164.68;10;10087185209;B
20240410;140935;164.68;10;10087185211;B
20240410;140935;164.68;10;10087185212;B
20240410;140935;164.68;10;10087185214;B
20240410;140935;164.68;10;10087185215;B
20240410;140935;164.68;10;10087185216;B
20240410;140935;164.68;10;10087185226;B
20240410;140935;164.68;10;10087185228;B
20240410;140935;164.68;10;10087185239;B
20240410;140935;164.68;10;10087185240;B
20240410;140935;164.68;10;10087185259;B
20240410;140935;164.68;40;10087185260;B
20240410;140935;164.68;10;10087185308;B
20240410;140935;164.68;10;10087185372;B
20240410;140935;164.68;10;10087185399;B
20240410;140935;164.68;10;10087185444;B
20240410;140935;164.68;10;10087185445;B
20240410;140935;164.68;10;10087185449;B
20240410;140935;164.68;10;10087185450;B
20240410;140935;164.68;10;10087185466;B
20240410;140935;164.68;10;10087185467;B
20240410;140935;164.68;10;10087185489;B
20240410;140935;164.68;10;10087185493;B
20240410;140935;164.68;30;10087185503;B
20240410;140935;164.68;10;10087185517;B
20240410;140935;164.68;10;10087185518;B
20240410;140935;164.68;10;10087185668;B
20240410;140935;164.68;10;10087185836;B
20240410;140935;164.68;10;10087185855;B
20240410;140935;164.68;30;10087185912;B
20240410;140935;164.68;10;10087185916;B
20240410;140935;164.68;10;10087185923;B
20240410;140935;164.68;10;10087185955;B
20240410;140935;164.68;10;10087185956;B
20240410;140935;164.68;10;10087186000;B
20240410;140935;164.68;10;10087186001;B
20240410;140935;164.68;10;10087186002;B
20240410;140935;164.68;10;10087186015;B
20240410;140935;164.68;10;10087186019;B
20240410;140935;164.68;10;10087186036;B
20240410;140935;164.68;10;10087186070;B
20240410;140935;164.68;10;10087186092;B
20240410;140935;164.68;10;10087186105;B
20240410;140935;164.68;10;10087186109;B
20240410;140935;164.68;10;10087186137;B
20240410;140935;164.68;10;10087186170;B
20240410;140935;164.68;10;10087186171;B
20240410;140935;164.68;10;10087186191;B
20240410;140935;164.68;10;10087186207;B
20240410;140935;164.68;10;10087186228;B
20240410;140935;164.68;10;10087186235;B
20240410;140935;164.68;10;10087186260;B
20240410;140935;164.68;10;10087186270;B
20240410;140935;164.68;10;10087186271;B
20240410;140935;164.68;10;10087186282;B
20240410;140935;164.68;10;10087186290;B
20240410;140935;164.68;10;10087186356;B
20240410;140935;164.68;10;10087186357;B
20240410;140935;164.68;10;10087186361;B
20240410;140935;164.68;10;10087186398;B
20240410;140935;164.68;10;10087186415;B
20240410;140936;164.68;10;10087186459;B
20240410;140936;164.68;10;10087186462;B
20240410;140936;164.68;10;10087186465;B
20240410;140936;164.68;10;10087186468;B
20240410;140936;164.68;20;10087186474;B
20240410;140936;164.68;10;10087186475;B
20240410;140936;164.68;10;10087186489;B
20240410;140936;164.68;10;10087186491;B
20240410;140936;164.68;10;10087186495;B
20240410;140936;164.68;10;10087186497;B
20240410;140936;164.68;10;10087186498;B
20240410;140936;164.68;10;10087186499;B
20240410;140936;164.68;10;10087186501;B
20240410;140936;164.68;10;10087186502;B
20240410;140936;164.68;10;10087186503;B
20240410;140936;164.68;10;10087186506;B
20240410;140936;164.68;10;10087186507;B
20240410;140936;164.68;10;10087186508;B
20240410;140936;164.68;10;10087186509;B
20240410;140936;164.68;10;10087186510;B
20240410;140936;164.68;20;10087186511;B
20240410;140936;164.68;10;10087186512;B
20240410;140936;164.68;10;10087186515;B
20240410;140936;164.68;10;10087186517;B
20240410;140936;164.68;10;10087186518;B
20240410;140936;164.68;10;10087186520;B
20240410;140936;164.68;10;10087186522;B
20240410;140936;164.68;40;10087186523;B
20240410;140936;164.68;20;10087186524;B
20240410;140936;164.68;10;10087186527;B
20240410;140936;164.68;10;10087186529;B
20240410;140936;164.68;10;10087186531;B
20240410;140936;164.68;10;10087186532;B
20240410;140936;164.66;40;10087186535;S
20240410;140936;164.68;10;10087186536;B
20240410;140936;164.68;10;10087186537;B
20240410;140936;164.68;10;10087186540;B
20240410;140936;164.68;10;10087186542;B
20240410;140936;164.68;10;10087186543;B
20240410;140936;164.68;10;10087186544;B
20240410;140936;164.68;10;10087186545;B
20240410;140936;164.68;10;10087186551;B
20240410;140936;164.68;10;10087186552;B
20240410;140936;164.68;10;10087186553;B
20240410;140936;164.68;10;10087186555;B
20240410;140936;164.68;10;10087186556;B
20240410;140936;164.68;10;10087186558;B
20240410;140936;164.68;10;10087186561;B
20240410;140936;164.68;10;10087186562;B
20240410;140936;164.68;10;10087186563;B
20240410;140936;164.68;10;10087186565;B
20240410;140936;164.68;10;10087186566;B
20240410;140936;164.68;10;10087186567;B
20240410;140936;164.68;10;10087186570;B
20240410;140936;164.68;10;10087186573;B
20240410;140936;164.68;10;10087186577;B
20240410;140936;164.68;10;10087186578;B
20240410;140936;164.68;10;10087186579;B
20240410;140936;164.68;10;10087186581;B
20240410;140936;164.68;10;10087186582;B
20240410;140936;164.68;10;10087186584;B
20240410;140936;164.68;10;10087186586;B
20240410;140936;164.68;10;10087186587;B
20240410;140936;164.68;10;10087186589;B
20240410;140936;164.68;10;10087186590;B
20240410;140936;164.68;10;10087186592;B
20240410;140936;164.68;10;10087186596;B
20240410;140936;164.68;10;10087186597;B
20240410;140936;164.68;10;10087186600;B
20240410;140936;164.68;10;10087186601;B
20240410;140936;164.68;20;10087186602;B
20240410;140936;164.66;50;10087186603;S
20240410;140936;164.68;10;10087186604;B
20240410;140936;164.68;10;10087186605;B
20240410;140936;164.68;10;10087186606;B
20240410;140936;164.68;10;10087186607;B
20240410;140936;164.68;10;10087186608;B
20240410;140936;164.68;30;10087186611;B
20240410;140936;164.68;20;10087186613;B
20240410;140936;164.68;20;10087186615;B
20240410;140936;164.68;10;10087186616;B
20240410;140936;164.68;10;10087186617;B
20240410;140936;164.68;10;10087186618;B
20240410;140936;164.68;10;10087186619;B
20240410;140936;164.68;10;10087186620;B
20240410;140936;164.68;10;10087186621;B
20240410;140936;164.68;10;10087186622;B
20240410;140936;164.68;10;10087186623;B
20240410;140936;164.68;10;10087186624;B
20240410;140936;164.68;10;10087186626;B
20240410;140936;164.68;10;10087186627;B
20240410;140936;164.68;20;10087186628;B
20240410;140936;164.68;10;10087186629;B
20240410;140936;164.68;10;10087186630;B
20240410;140936;164.68;10;10087186631;B
20240410;140936;164.68;10;10087186632;B
20240410;140936;164.68;10;10087186633;B
20240410;140936;164.68;10;10087186638;B
20240410;140936;164.68;10;10087186639;B
20240410;140936;164.68;10;10087186640;B
20240410;140937;164.68;10;10087186644;B
20240410;140937;164.68;10;10087186652;B
20240410;140937;164.68;10;10087186654;B
20240410;140937;164.68;10;10087186655;B
20240410;140937;164.68;10;10087186656;B
20240410;140937;164.68;10;10087186657;B
20240410;140937;164.68;10;10087186659;B
20240410;140937;164.68;10;10087186661;B
20240410;140937;164.68;10;10087186662;B
20240410;140937;164.68;10;10087186712;B
20240410;140937;164.68;10;10087186757;B
20240410;140937;164.68;10;10087186939;B
20240410;140937;164.68;10;10087187103;B
20240410;140937;164.68;10;10087187193;B
20240410;140937;164.68;20;10087187209;B
20240410;140937;164.68;10;10087187234;B
20240410;140937;164.68;10;10087187250;B
20240410;140937;164.68;10;10087187257;B
20240410;140937;164.68;10;10087187293;B
20240410;140937;164.68;10;10087187303;B
20240410;140937;164.68;10;10087187304;B
20240410;140937;164.68;10;10087187321;B
20240410;140937;164.68;10;10087187337;B
20240410;140937;164.68;10;10087187347;B
20240410;140937;164.68;10;10087187366;B
20240410;140937;164.68;10;10087187409;B
20240410;140937;164.68;10;10087187410;B
20240410;140937;164.68;10;10087187411;B
20240410;140937;164.68;10;10087187434;B
20240410;140937;164.68;10;10087187456;B
20240410;140937;164.68;10;10087187457;B
20240410;140937;164.68;10;10087187479;B
20240410;140937;164.68;10;10087187523;B
20240410;140937;164.68;10;10087187545;B
20240410;140937;164.68;10;10087187569;B
20240410;140937;164.68;10;10087187599;B
20240410;140937;164.68;10;10087187621;B
20240410;140937;164.68;10;10087187646;B
20240410;140937;164.68;10;10087187659;B
20240410;140937;164.68;10;10087187696;B
20240410;140937;164.68;10;10087187711;B
20240410;140937;164.68;10;10087187715;B
20240410;140937;164.68;10;10087187728;B
20240410;140937;164.68;10;10087187745;B
20240410;140937;164.68;10;10087187767;B
20240410;140937;164.68;10;10087187771;B
20240410;140937;164.68;10;10087187775;B
20240410;140937;164.68;10;10087187817;B
20240410;140937;164.68;10;10087187847;B
20240410;140937;164.68;10;10087187858;B
20240410;140937;164.68;10;10087187871;B
20240410;140937;164.68;10;10087187893;B
20240410;140937;164.68;10;10087187897;B
20240410;140937;164.68;10;10087187924;B
20240410;140937;164.68;10;10087187976;B
20240410;140937;164.68;10;10087187980;B
20240410;140937;164.68;10;10087187987;B
20240410;140937;164.68;10;10087187997;B
20240410;140937;164.68;10;10087188001;B
20240410;140937;164.68;10;10087188029;B
20240410;140937;164.68;10;10087188030;B
20240410;140937;164.68;10;10087188058;B
20240410;140937;164.68;10;10087188093;B
20240410;140937;164.68;10;10087188112;B
20240410;140937;164.68;10;10087188116;B
20240410;140937;164.68;20;10087188118;B
20240410;140937;164.68;10;10087188121;B
20240410;140937;164.68;10;10087188122;B
20240410;140937;164.68;10;10087188126;B
20240410;140937;164.68;10;10087188127;B
20240410;140937;164.68;10;10087188128;B
20240410;140937;164.68;10;10087188129;B
20240410;140937;164.68;10;10087188135;B
20240410;140938;164.68;10;10087188139;B
20240410;140938;164.68;20;10087188142;B
20240410;140938;164.68;10;10087188143;B
20240410;140938;164.68;10;10087188147;B
20240410;140938;164.68;10;10087188149;B
20240410;140938;164.68;10;10087188151;B
20240410;140938;164.68;10;10087188152;B
20240410;140938;164.68;10;10087188153;B
20240410;140938;164.68;10;10087188154;B
20240410;140938;164.68;10;10087188155;B
20240410;140938;164.68;10;10087188156;B
20240410;140938;164.68;10;10087188157;B
20240410;140938;164.68;10;10087188158;B
20240410;140938;164.68;10;10087188159;B
20240410;140938;164.68;10;10087188160;B
20240410;140938;164.68;10;10087188176;B
20240410;140938;164.68;10;10087188188;B
20240410;140938;164.68;10;10087188198;B
20240410;140938;164.68;10;10087188200;B
20240410;140938;164.68;10;10087188202;B
20240410;140938;164.68;10;10087188205;B
20240410;140938;164.68;10;10087188207;B
20240410;140938;164.68;10;10087188208;B
20240410;140938;164.68;10;10087188210;B
20240410;140938;164.68;10;10087188216;B
20240410;140938;164.68;10;10087188220;B
20240410;140938;164.68;10;10087188221;B
20240410;140938;164.68;10;10087188223;B
20240410;140938;164.68;10;10087188224;B
20240410;140938;164.68;10;10087188226;B
20240410;140938;164.68;10;10087188227;B
20240410;140938;164.68;10;10087188228;B
20240410;140938;164.68;10;10087188229;B
20240410;140938;164.68;10;10087188230;B
20240410;140938;164.68;10;10087188231;B
20240410;140938;164.68;10;10087188233;B
20240410;140938;164.68;10;10087188235;B
20240410;140938;164.68;10;10087188236;B
20240410;140938;164.68;10;10087188239;B
20240410;140938;164.68;10;10087188240;B
20240410;140938;164.68;10;10087188241;B
20240410;140938;164.68;10;10087188242;B
20240410;140938;164.68;10;10087188244;B
20240410;140938;164.68;10;10087188245;B
20240410;140938;164.68;10;10087188246;B
20240410;140938;164.68;10;10087188248;B
20240410;140938;164.68;10;10087188258;B
20240410;140938;164.68;10;10087188259;B
20240410;140938;164.68;10;10087188260;B
20240410;140938;164.68;10;10087188261;B
20240410;140938;164.68;10;10087188262;B
20240410;140938;164.68;10;10087188263;B
20240410;140938;164.68;10;10087188264;B
20240410;140938;164.68;10;10087188266;B
20240410;140938;164.68;10;10087188269;B
20240410;140938;164.68;10;10087188273;B
20240410;140938;164.68;10;10087188276;B
20240410;140938;164.68;10;10087188277;B
20240410;140939;164.68;10;10087188278;B
20240410;140939;164.68;10;10087188279;B
20240410;140939;164.68;20;10087188282;B
20240410;140939;164.68;10;10087188284;B
20240410;140939;164.68;10;10087188286;B
20240410;140939;164.68;100;10087188287;B
20240410;140939;164.68;10;10087188289;B
20240410;140939;164.68;10;10087188291;B
20240410;140939;164.68;10;10087188295;B
20240410;140939;164.68;10;10087188297;B
20240410;140939;164.68;10;10087188298;B
20240410;140939;164.68;10;10087188312;B
20240410;140939;164.68;10;10087188377;B
20240410;140939;164.68;30;10087188378;B
20240410;140939;164.68;10;10087188379;B
20240410;140939;164.68;10;10087188411;B
20240410;140939;164.68;10;10087188421;B
20240410;140939;164.68;10;10087188471;B
20240410;140939;164.68;10;10087188475;B
20240410;140939;164.68;10;10087188482;B
20240410;140939;164.68;10;10087188483;B
20240410;140939;164.68;10;10087188490;B
20240410;140939;164.68;10;10087188491;B
20240410;140939;164.68;10;10087188527;B
20240410;140939;164.68;10;10087188547;B
20240410;140939;164.68;10;10087188566;B
20240410;140939;164.68;10;10087188579;B
20240410;140939;164.68;10;10087188586;B
20240410;140939;164.68;10;10087188599;B
20240410;140939;164.68;10;10087188638;B
20240410;140939;164.68;10;10087188642;B
20240410;140939;164.68;10;10087188646;B
20240410;140939;164.68;10;10087188664;B
20240410;140939;164.68;10;10087188665;B
20240410;140939;164.68;10;10087188672;B
20240410;140939;164.68;10;10087188685;B
20240410;140939;164.68;10;10087188689;B
20240410;140939;164.68;10;10087188730;B
20240410;140939;164.68;10;10087188752;B
20240410;140939;164.68;10;10087188767;B
20240410;140939;164.68;10;10087188786;B
20240410;140939;164.68;10;10087188793;B
20240410;140939;164.68;10;10087188803;B
20240410;140939;164.68;10;10087188815;B
20240410;140939;164.68;10;10087188956;B
20240410;140939;164.68;10;10087188985;B
20240410;140939;164.68;10;10087188992;B
20240410;140939;164.68;10;10087188999;B
20240410;140939;164.68;10;10087189010;B
20240410;140939;164.68;10;10087189014;B
20240410;140939;164.68;10;10087189021;B
20240410;140939;164.68;10;10087189043;B
20240410;140939;164.68;10;10087189071;B
20240410;140939;164.68;10;10087189442;B
20240410;140939;164.68;10;10087189489;B
20240410;140939;164.68;10;10087189574;B
20240410;140939;164.68;10;10087189581;B
20240410;140939;164.68;10;10087189601;B
20240410;140939;164.68;10;10087189638;B
20240410;140939;164.68;10;10087189645;B
20240410;140939;164.68;10;10087189656;B
20240410;140939;164.68;10;10087189697;B
20240410;140939;164.68;10;10087189710;B
20240410;140939;164.68;10;10087189718;B
20240410;140939;164.68;10;10087189740;B
20240410;140939;164.68;10;10087189744;B
20240410;140939;164.68;10;10087189763;B
20240410;140939;164.68;10;10087189764;B
20240410;140939;164.68;10;10087189765;B
20240410;140939;164.68;10;10087189766;B
20240410;140939;164.68;10;10087189767;B
20240410;140939;164.68;10;10087189768;B
20240410;140939;164.68;10;10087189769;B
20240410;140939;164.68;10;10087189770;B
20240410;140939;164.68;10;10087189772;B
20240410;140939;164.68;10;10087189773;B
20240410;140939;164.68;10;10087189775;B
20240410;140939;164.68;10;10087189777;B
20240410;140939;164.68;10;10087189783;B
20240410;140939;164.68;10;10087189785;B
20240410;140939;164.68;10;10087189789;B
20240410;140939;164.68;10;10087189790;B
20240410;140939;164.68;10;10087189791;B
20240410;140939;164.68;10;10087189792;B
20240410;140939;164.68;10;10087189793;B
20240410;140939;164.68;10;10087189794;B
20240410;140939;164.68;10;10087189795;B
20240410;140939;164.68;10;10087189797;B
20240410;140939;164.68;10;10087189799;B
20240410;140939;164.68;10;10087189800;B
20240410;140939;164.68;10;10087189801;B
20240410;140939;164.68;10;10087189803;B
20240410;140939;164.68;10;10087189804;B
20240410;140939;164.68;10;10087189805;B
20240410;140939;164.68;10;10087189806;B
20240410;140939;164.68;10;10087189807;B
20240410;140940;164.68;20;10087189809;B
20240410;140940;164.68;10;10087189811;B
20240410;140940;164.68;10;10087189813;B
20240410;140940;164.68;10;10087189816;B
20240410;140940;164.68;10;10087189818;B
20240410;140940;164.68;10;10087189820;B
20240410;140940;164.68;10;10087189822;B
20240410;140940;164.68;10;10087189824;B
20240410;140940;164.68;10;10087189827;B
20240410;140940;164.68;10;10087189828;B
20240410;140940;164.68;10;10087189832;B
20240410;140940;164.68;10;10087189833;B
20240410;140940;164.68;10;10087189835;B
20240410;140940;164.68;10;10087189837;B
20240410;140940;164.68;10;10087189839;B
20240410;140940;164.68;10;10087189840;B
20240410;140940;164.68;10;10087189841;B
20240410;140940;164.68;10;10087189842;B
20240410;140940;164.68;10;10087189843;B
20240410;140940;164.68;10;10087189845;B
20240410;140940;164.68;10;10087189846;B
20240410;140940;164.68;10;10087189853;B
20240410;140940;164.68;10;10087189855;B
20240410;140940;164.68;10;10087189859;B
20240410;140940;164.68;10;10087189862;B
20240410;140940;164.68;10;10087189863;B
20240410;140940;164.68;10;10087189866;B
20240410;140940;164.68;10;10087189867;B
20240410;140940;164.68;10;10087189869;B
20240410;140940;164.68;10;10087189870;B
20240410;140940;164.68;10;10087189872;B
20240410;140940;164.68;10;10087189873;B
20240410;140940;164.68;10;10087189875;B
20240410;140940;164.68;10;10087189876;B
20240410;140940;164.68;10;10087189878;B
20240410;140940;164.68;10;10087189879;B
20240410;140940;164.68;10;10087189880;B
20240410;140940;164.68;10;10087189881;B
20240410;140940;164.68;10;10087189882;B
20240410;140940;164.68;10;10087189884;B
20240410;140940;164.68;10;10087189885;B
20240410;140940;164.68;10;10087189886;B
20240410;140940;164.68;10;10087189889;B
20240410;140940;164.68;10;10087189891;B
20240410;140940;164.68;10;10087189894;B
20240410;140940;164.68;10;10087189898;B
20240410;140940;164.68;10;10087189900;B
20240410;140940;164.68;10;10087189915;B
20240410;140940;164.68;10;10087189923;B
20240410;140940;164.68;10;10087189940;B
20240410;140940;164.68;10;10087189941;B
20240410;140940;164.68;10;10087189944;B
20240410;140941;164.68;10;10087189952;B
20240410;140941;164.68;10;10087189954;B
20240410;140941;164.68;10;10087189956;B
20240410;140941;164.68;10;10087189962;B
20240410;140941;164.68;10;10087189963;B
20240410;140941;164.68;10;10087189972;B
20240410;140941;164.68;10;10087189973;B
20240410;140941;164.68;10;10087189977;B
20240410;140941;164.68;10;10087189985;B
20240410;140941;164.68;10;10087189989;B
20240410;140941;164.68;10;10087189990;B
20240410;140941;164.68;10;10087189991;B
20240410;140941;164.68;10;10087189992;B
20240410;140941;164.68;10;10087189994;B
20240410;140941;164.68;10;10087189995;B
20240410;140941;164.68;10;10087189996;B
20240410;140941;164.68;10;10087189997;B
20240410;140941;164.68;10;10087189998;B
20240410;140941;164.68;10;10087190000;B
20240410;140941;164.68;10;10087190001;B
20240410;140941;164.68;10;10087190007;B
20240410;140941;164.68;10;10087190009;B
20240410;140941;164.68;10;10087190011;B
20240410;140941;164.68;10;10087190012;B
20240410;140941;164.68;10;10087190015;B
20240410;140941;164.68;10;10087190016;B
20240410;140941;164.68;10;10087190019;B
20240410;140941;164.68;10;10087190022;B
20240410;140941;164.68;10;10087190028;B
20240410;140941;164.68;10;10087190030;B
20240410;140941;164.68;10;10087190042;B
20240410;140941;164.68;10;10087190044;B
20240410;140941;164.68;10;10087190052;B
20240410;140941;164.68;10;10087190055;B
20240410;140941;164.68;10;10087190056;B
20240410;140941;164.68;10;10087190057;B
20240410;140941;164.68;10;10087190073;B
20240410;140941;164.68;10;10087190086;B
20240410;140941;164.68;10;10087190123;B
20240410;140941;164.68;10;10087190143;B
20240410;140941;164.68;10;10087190147;B
20240410;140941;164.68;10;10087190154;B
20240410;140941;164.68;10;10087190201;B
20240410;140941;164.68;10;10087190202;B
20240410;140941;164.68;10;10087190253;B
20240410;140941;164.68;10;10087190264;B
20240410;140941;164.68;10;10087190444;B
20240410;140941;164.68;10;10087190448;B
20240410;140942;164.68;10;10087190496;B
20240410;140942;164.68;10;10087190623;B
20240410;140942;164.68;10;10087190631;B
20240410;140942;164.68;10;10087190720;B
20240410;140942;164.68;10;10087190757;B
20240410;140942;164.68;10;10087190873;B
20240410;140942;164.68;10;10087190945;B
20240410;140942;164.68;10;10087190962;B
20240410;140942;164.68;10;10087191166;B
20240410;140942;164.68;130;10087191237;B
20240410;140942;164.68;10;10087191357;B
20240410;140942;164.68;10;10087191416;B
20240410;140942;164.68;10;10087191648;B
20240410;140942;164.68;10;10087191848;B
20240410;140942;164.68;10;10087191858;B
20240410;140942;164.68;10;10087191882;B
20240410;140942;164.68;10;10087191938;B
20240410;140942;164.68;10;10087191992;B
20240410;140942;164.68;10;10087192024;B
20240410;140942;164.68;10;10087192039;B
20240410;140942;164.68;10;10087192040;B
20240410;140942;164.68;10;10087192041;B
20240410;140942;164.68;10;10087192042;B
20240410;140942;164.68;10;10087192044;B
20240410;140942;164.68;10;10087192046;B
20240410;140942;164.68;10;10087192048;B
20240410;140942;164.68;10;10087192049;B
20240410;140942;164.68;10;10087192054;B
20240410;140942;164.68;10;10087192056;B
20240410;140942;164.68;10;10087192059;B
20240410;140942;164.68;10;10087192060;B
20240410;140942;164.68;10;10087192062;B
20240410;140943;164.68;10;10087192070;B
20240410;140943;164.68;10;10087192071;B
20240410;140943;164.68;10;10087192075;B
20240410;140943;164.68;10;10087192082;B
20240410;140943;164.68;10;10087192083;B
20240410;140943;164.68;10;10087192084;B
20240410;140943;164.68;10;10087192088;B
20240410;140943;164.68;10;10087192091;B
20240410;140943;164.68;10;10087192092;B
20240410;140943;164.68;10;10087192095;B
20240410;140943;164.68;10;10087192107;B
20240410;140943;164.68;10;10087192109;B
20240410;140943;164.68;10;10087192112;B
20240410;140943;164.68;10;10087192116;B
20240410;140943;164.68;10;10087192128;B
20240410;140943;164.68;10;10087192130;B
20240410;140943;164.68;10;10087192131;B
20240410;140943;164.68;10;10087192137;B
20240410;140943;164.68;10;10087192138;B
20240410;140943;164.68;10;10087192140;B
20240410;140943;164.68;10;10087192147;B
20240410;140943;164.68;10;10087192148;B
20240410;140943;164.68;10;10087192150;B
20240410;140943;164.68;10;10087192151;B
20240410;140943;164.68;10;10087192155;B
20240410;140943;164.68;10;10087192159;B
20240410;140943;164.68;10;10087192160;B
20240410;140943;164.64;40;10087192197;S
20240410;140943;164.64;110;10087192198;S
20240410;140943;164.64;630;10087192199;S
20240410;140943;164.64;150;10087192200;S
20240410;140943;164.62;70;10087192201;S
20240410;140943;164.66;10;10087192328;B
20240410;140943;164.66;10;10087192349;B
20240410;140943;164.66;10;10087192354;B
20240410;140943;164.66;10;10087192370;B
20240410;140943;164.66;10;10087192413;B
20240410;140943;164.66;20;10087192473;B
20240410;140943;164.66;10;10087192511;B
20240410;140943;164.66;10;10087192527;B
20240410;140943;164.62;100;10087192528;S
20240410;140943;164.66;10;10087192548;B
20240410;140943;164.66;10;10087192681;B
20240410;140944;164.66;20;10087192949;B
20240410;140944;164.66;10;10087192967;B
20240410;140944;164.66;10;10087192986;B
20240410;140944;164.66;10;10087192988;B
20240410;140944;164.66;10;10087192989;B
20240410;140944;164.66;10;10087192990;B
20240410;140944;164.66;10;10087192992;B
20240410;140944;164.66;10;10087193061;B
20240410;140944;164.66;10;10087193076;B
20240410;140944;164.66;10;10087193080;B
20240410;140944;164.66;10;10087193085;B
20240410;140944;164.66;10;10087193087;B
20240410;140944;164.66;10;10087193088;B
20240410;140944;164.66;10;10087193093;B
20240410;140944;164.66;10;10087193095;B
20240410;140944;164.66;10;10087193107;B
20240410;140945;164.66;10;10087193116;B
20240410;140945;164.66;10;10087193124;B
20240410;140945;164.66;10;10087193146;B
20240410;140945;164.66;10;10087193166;B
20240410;140945;164.66;10;10087193703;B
20240410;140945;164.66;10;10087194016;B
20240410;140947;164.66;20;10087194821;B
20240410;140948;164.66;20;10087195860;B
20240410;140948;164.66;20;10087195861;B
20240410;140948;164.64;200;10087195909;S
20240410;140948;164.64;20;10087195910;S
20240410;140948;164.62;830;10087195911;S
20240410;140948;164.6;100;10087195912;S
20240410;140948;164.6;300;10087195913;S
20240410;140948;164.6;150;10087195914;S
20240410;140948;164.58;30;10087195915;S
20240410;140948;164.58;410;10087195916;S
20240410;140948;164.56;50;10087195917;S
20240410;140948;164.56;3660;10087195918;S
20240410;140948;164.56;10;10087195919;S
20240410;140948;164.56;100;10087195920;S
20240410;140948;164.56;460;10087195921;S
20240410;140948;164.54;250;10087195922;S
20240410;140948;164.54;110;10087195923;S
20240410;140948;164.54;3320;10087195924;S
20240410;140949;164.56;150;10087196453;S
20240410;140949;164.54;340;10087196454;S
20240410;140949;164.54;4510;10087196455;S
20240410;140951;164.54;50;10087197476;S
20240410;140956;164.6;40;10087203637;B
20240410;140959;164.56;200;10087205969;S
20240410;140959;164.56;100;10087205970;S
20240410;140959;164.54;810;10087205971;S
20240410;140959;164.6;110;10087207422;B
20240410;140959;164.6;800;10087207423;B
20240410;140959;164.6;90;10087207424;B
20240410;141001;164.54;50;10087207633;S
20240410;141001;164.58;10;10087208042;B
20240410;141002;164.58;70;10087208522;B
20240410;141004;164.54;40;10087210818;S
20240410;141004;164.58;50;10087211536;B
20240410;141004;164.54;50;10087211667;S
20240410;141005;164.58;20;10087211918;B
20240410;141005;164.58;20;10087211919;B
20240410;141005;164.58;10;10087212541;B
20240410;141006;164.58;60;10087213308;B
20240410;141007;164.54;10;10087214036;S
20240410;141008;164.58;60;10087215272;B
20240410;141008;164.58;20;10087215273;B
20240410;141008;164.58;30;10087216297;B
20240410;141010;164.58;90;10087217564;B
20240410;141010;164.58;100;10087217565;B
20240410;141010;164.6;220;10087217566;B
20240410;141010;164.6;10;10087217567;B
20240410;141011;164.6;30;10087217620;B
20240410;141013;164.6;10;10087219777;B
20240410;141014;164.6;10;10087221315;B
20240410;141014;164.6;60;10087221316;B
20240410;141014;164.6;30;10087221317;B
20240410;141014;164.58;80;10087221895;S
20240410;141016;164.6;10;10087222862;B
20240410;141018;164.6;10;10087226220;B
20240410;141018;164.6;10;10087226230;B
20240410;141021;164.6;190;10087227583;B
20240410;141021;164.6;10;10087227584;B
20240410;141021;164.62;10;10087227585;B
20240410;141021;164.64;10;10087227586;B
20240410;141021;164.64;100;10087227587;B
20240410;141021;164.64;400;10087227588;B
20240410;141021;164.64;200;10087227589;B
20240410;141021;164.64;80;10087227590;S
20240410;141022;164.66;100;10087229316;B
20240410;141022;164.66;10;10087229317;B
20240410;141022;164.66;890;10087229318;B
20240410;141025;164.58;150;10087231412;S
20240410;141025;164.58;10;10087231413;S
20240410;141025;164.58;210;10087231414;S
20240410;141025;164.56;10;10087231415;S
20240410;141025;164.56;1000;10087231416;S
20240410;141025;164.56;120;10087231417;S
20240410;141026;164.62;30;10087233315;B
20240410;141029;164.6;10;10087235498;S
20240410;141030;164.62;10;10087236503;B
20240410;141030;164.62;10;10087236526;B
20240410;141030;164.62;10;10087236529;B
20240410;141030;164.62;10;10087236537;B
20240410;141030;164.62;10;10087236557;B
20240410;141030;164.62;10;10087236567;B
20240410;141030;164.62;10;10087236570;B
20240410;141030;164.62;10;10087236571;B
20240410;141030;164.62;10;10087236574;B
20240410;141030;164.6;50;10087236576;S
20240410;141031;164.62;10;10087236590;B
20240410;141031;164.62;10;10087236598;B
20240410;141031;164.62;10;10087236605;B
20240410;141031;164.62;10;10087236680;B
20240410;141031;164.62;10;10087236681;B
20240410;141031;164.62;10;10087236682;B
20240410;141031;164.62;10;10087236688;B
20240410;141031;164.62;10;10087236690;B
20240410;141031;164.62;10;10087236698;B
20240410;141031;164.62;10;10087236700;B
20240410;141031;164.62;10;10087236703;B
20240410;141031;164.62;100;10087236706;B
20240410;141031;164.62;10;10087236721;B
20240410;141031;164.62;10;10087236722;B
20240410;141031;164.62;10;10087236729;B
20240410;141031;164.62;10;10087236731;B
20240410;141032;164.62;10;10087237189;B
20240410;141032;164.62;10;10087237332;B
20240410;141032;164.62;10;10087237748;B
20240410;141032;164.62;10;10087238475;B
20240410;141032;164.62;10;10087238829;B
20240410;141032;164.62;10;10087238840;B
20240410;141032;164.62;10;10087238871;B
20240410;141033;164.62;20;10087238932;B
20240410;141033;164.62;10;10087238936;B
20240410;141033;164.62;10;10087238943;B
20240410;141033;164.62;10;10087238944;B
20240410;141033;164.62;10;10087238951;B
20240410;141033;164.62;10;10087238962;B
20240410;141033;164.62;10;10087238970;B
20240410;141033;164.62;10;10087238972;B
20240410;141033;164.62;620;10087238975;B
20240410;141033;164.64;10;10087238976;B
20240410;141033;164.64;10;10087238977;B
20240410;141033;164.64;10;10087238978;B
20240410;141033;164.62;100;10087238981;S
20240410;141033;164.64;100;10087238986;B
20240410;141033;164.64;10;10087239033;B
20240410;141033;164.64;10;10087239043;B
20240410;141033;164.64;10;10087239060;B
20240410;141033;164.64;10;10087239071;B
20240410;141033;164.64;10;10087239078;B
20240410;141033;164.64;10;10087239118;B
20240410;141033;164.64;10;10087239122;B
20240410;141033;164.64;10;10087239176;B
20240410;141033;164.64;10;10087239177;B
20240410;141033;164.64;10;10087239187;B
20240410;141033;164.64;10;10087239283;B
20240410;141034;164.64;10;10087239478;B
20240410;141034;164.64;10;10087239852;B
20240410;141034;164.64;10;10087239857;B
20240410;141034;164.64;10;10087239925;B
20240410;141034;164.64;10;10087239929;B
20240410;141034;164.64;10;10087239930;B
20240410;141034;164.64;10;10087239972;B
20240410;141034;164.64;10;10087239995;B
20240410;141034;164.64;10;10087240211;B
20240410;141034;164.64;10;10087240236;B
20240410;141034;164.64;10;10087240241;B
20240410;141034;164.64;20;10087240402;B
20240410;141034;164.64;10;10087240476;B
20240410;141034;164.64;10;10087240972;B
20240410;141034;164.64;10;10087240979;B
20240410;141034;164.64;10;10087240980;B
20240410;141034;164.64;10;10087240995;B
20240410;141034;164.64;10;10087240997;B
20240410;141034;164.64;10;10087240998;B
20240410;141034;164.64;10;10087241001;B
20240410;141034;164.64;10;10087241014;B
20240410;141035;164.64;10;10087241025;B
20240410;141035;164.64;10;10087241030;B
20240410;141035;164.64;10;10087241053;B
20240410;141035;164.64;10;10087241055;B
20240410;141035;164.64;10;10087241059;B
20240410;141035;164.64;10;10087241067;B
20240410;141035;164.64;10;10087241076;B
20240410;141035;164.64;10;10087241101;B
20240410;141035;164.64;10;10087241103;B
20240410;141035;164.64;10;10087241105;B
20240410;141035;164.64;10;10087241107;B
20240410;141035;164.64;10;10087241109;B
20240410;141035;164.64;10;10087241116;B
20240410;141035;164.64;10;10087241117;B
20240410;141035;164.64;10;10087241122;B
20240410;141035;164.64;10;10087241126;B
20240410;141035;164.64;10;10087241130;B
20240410;141035;164.64;10;10087241190;B
20240410;141035;164.64;10;10087241194;B
20240410;141035;164.64;10;10087241231;B
20240410;141035;164.64;10;10087241243;B
20240410;141035;164.64;10;10087241302;B
20240410;141035;164.64;10;10087241316;B
20240410;141035;164.64;10;10087241345;B
20240410;141035;164.64;10;10087241379;B
20240410;141035;164.64;10;10087241380;B
20240410;141035;164.64;10;10087241434;B
20240410;141035;164.64;10;10087241444;B
20240410;141035;164.64;10;10087241473;B
20240410;141035;164.64;10;10087241486;B
20240410;141035;164.64;10;10087241520;B
20240410;141035;164.64;10;10087241677;B
20240410;141036;164.64;10;10087241842;B
20240410;141036;164.64;10;10087241901;B
20240410;141036;164.64;10;10087242058;B
20240410;141036;164.64;10;10087242145;B
20240410;141036;164.64;10;10087242152;B
20240410;141036;164.64;10;10087242179;B
20240410;141036;164.64;10;10087242183;B
20240410;141036;164.64;10;10087242203;B
20240410;141036;164.64;10;10087242204;B
20240410;141036;164.64;10;10087242219;B
20240410;141036;164.64;10;10087242318;B
20240410;141036;164.64;10;10087242325;B
20240410;141036;164.64;10;10087242338;B
20240410;141036;164.64;10;10087242488;B
20240410;141036;164.64;10;10087242538;B
20240410;141036;164.64;10;10087242562;B
20240410;141036;164.64;10;10087242584;B
20240410;141036;164.64;10;10087242592;B
20240410;141036;164.64;10;10087242599;B
20240410;141036;164.64;10;10087242609;B
20240410;141036;164.64;10;10087242650;B
20240410;141036;164.64;10;10087242675;B
20240410;141036;164.64;10;10087242779;B
20240410;141036;164.62;9280;10087242895;S
20240410;141036;164.6;950;10087242896;S
20240410;141036;164.56;150;10087242897;S
20240410;141036;164.56;10;10087242898;S
20240410;141036;164.56;100;10087242899;S
20240410;141036;164.54;210;10087242900;S
20240410;141036;164.62;10;10087243104;B
20240410;141036;164.62;10;10087243131;B
20240410;141036;164.62;10;10087243191;B
20240410;141036;164.62;20;10087243194;B
20240410;141037;164.62;10;10087243207;B
20240410;141037;164.62;90;10087243216;B
20240410;141037;164.64;220;10087243217;B
20240410;141037;164.64;10;10087243221;B
20240410;141037;164.64;10;10087243222;B
20240410;141037;164.64;10;10087243232;B
20240410;141037;164.64;10;10087243240;B
20240410;141037;164.64;10;10087243242;B
20240410;141037;164.64;10;10087243244;B
20240410;141037;164.58;10;10087243245;S
20240410;141037;164.62;10;10087243527;B
20240410;141037;164.64;10;10087243607;B
20240410;141037;164.64;10;10087243736;B
20240410;141037;164.64;10;10087243743;B
20240410;141037;164.64;10;10087243909;B
20240410;141037;164.64;10;10087243916;B
20240410;141037;164.64;10;10087243939;B
20240410;141037;164.64;10;10087243946;B
20240410;141038;164.64;10;10087244202;B
20240410;141038;164.64;10;10087244303;B
20240410;141038;164.64;10;10087244389;B
20240410;141038;164.64;10;10087244569;B
20240410;141038;164.64;10;10087244579;B
20240410;141038;164.64;10;10087244625;B
20240410;141038;164.64;10;10087244680;B
20240410;141038;164.64;10;10087244730;B
20240410;141038;164.64;10;10087244760;B
20240410;141038;164.64;20;10087244764;B
20240410;141038;164.64;10;10087244834;B
20240410;141038;164.64;10;10087244841;B
20240410;141038;164.64;10;10087244866;B
20240410;141038;164.64;10;10087244873;B
20240410;141038;164.64;10;10087244884;B
20240410;141038;164.64;10;10087244916;B
20240410;141038;164.64;10;10087244929;B
20240410;141038;164.64;10;10087245016;B
20240410;141038;164.64;10;10087245125;B
20240410;141038;164.64;10;10087245278;B
20240410;141038;164.64;10;10087245282;B
20240410;141038;164.64;10;10087245287;B
20240410;141038;164.64;10;10087245288;B
20240410;141038;164.64;10;10087245293;B
20240410;141038;164.64;10;10087245294;B
20240410;141038;164.64;20;10087245300;B
20240410;141039;164.64;30;10087245308;B
20240410;141039;164.64;10;10087245320;B
20240410;141039;164.64;10;10087245337;B
20240410;141039;164.64;10;10087245341;B
20240410;141039;164.64;10;10087245345;B
20240410;141039;164.64;10;10087245346;B
20240410;141039;164.64;10;10087245349;B
20240410;141039;164.64;10;10087245350;B
20240410;141039;164.64;10;10087245365;B
20240410;141039;164.64;10;10087245367;B
20240410;141039;164.64;10;10087245380;B
20240410;141039;164.64;10;10087245382;B
20240410;141039;164.64;10;10087245383;B
20240410;141039;164.64;10;10087245384;B
20240410;141039;164.64;10;10087245387;B
20240410;141039;164.64;10;10087245455;B
20240410;141039;164.64;10;10087245817;B
20240410;141039;164.64;10;10087245937;B
20240410;141039;164.64;10;10087245958;B
20240410;141039;164.64;10;10087245984;B
20240410;141039;164.64;10;10087246039;B
20240410;141039;164.64;10;10087246055;B
20240410;141039;164.64;10;10087246110;B
20240410;141039;164.64;10;10087246249;B
20240410;141039;164.64;10;10087246317;B
20240410;141040;164.64;10;10087246346;B
20240410;141040;164.64;10;10087246347;B
20240410;141040;164.64;10;10087246362;B
20240410;141040;164.64;10;10087246364;B
20240410;141040;164.64;10;10087246365;B
20240410;141040;164.64;10;10087246371;B
20240410;141040;164.64;10;10087246376;B
20240410;141040;164.64;10;10087246393;B
20240410;141040;164.64;10;10087246398;B
20240410;141040;164.64;10;10087246402;B
20240410;141040;164.64;10;10087246421;B
20240410;141040;164.64;10;10087246430;B
20240410;141041;164.64;10;10087246450;B
20240410;141041;164.64;10;10087246463;B
20240410;141041;164.64;10;10087246475;B
20240410;141041;164.64;10;10087246478;B
20240410;141041;164.64;10;10087246486;B
20240410;141041;164.64;10;10087246504;B
20240410;141041;164.64;20;10087246507;B
20240410;141041;164.64;10;10087246515;B
20240410;141042;164.64;10;10087246974;B
20240410;141043;164.64;10;10087248398;B
20240410;141043;164.64;10;10087248399;B
20240410;141043;164.64;10;10087248454;B
20240410;141043;164.64;10;10087248586;B
20240410;141044;164.64;270;10087249156;B
20240410;141044;164.66;30;10087249157;B
20240410;141045;164.66;1650;10087250858;B
20240410;141046;164.66;10;10087252168;B
20240410;141047;164.62;200;10087252604;S
20240410;141047;164.6;1300;10087252605;S
20240410;141047;164.64;3000;10087253029;B
20240410;141052;164.64;10;10087256269;B
20240410;141053;164.64;10;10087257548;B
20240410;141053;164.64;350;10087257562;B
20240410;141054;164.62;30;10087259606;S
20240410;141057;164.62;10;10087261717;S
20240410;141057;164.64;630;10087262022;B
20240410;141057;164.66;1970;10087262023;B
20240410;141057;164.66;30;10087262024;B
20240410;141057;164.66;2370;10087262025;B
20240410;141058;164.64;20;10087263594;S
20240410;141058;164.64;150;10087263595;S
20240410;141059;164.64;10;10087263604;B
20240410;141100;164.62;110;10087264333;S
20240410;141100;164.62;190;10087264334;S
20240410;141100;164.62;110;10087264335;S
20240410;141100;164.6;1400;10087264336;S
20240410;141100;164.64;10;10087264373;B
20240410;141100;164.64;10;10087264412;B
20240410;141100;164.64;60;10087264426;B
20240410;141101;164.64;60;10087264503;B
20240410;141103;164.64;150;10087266574;B
20240410;141106;164.6;680;10087267554;S
20240410;141106;164.64;630;10087267616;B
20240410;141106;164.66;150;10087267617;B
20240410;141106;164.66;400;10087267618;B
20240410;141106;164.66;20;10087267619;B
20240410;141111;164.64;150;10087268113;S
20240410;141112;164.64;10;10087268151;S
20240410;141113;164.64;10;10087268317;S
20240410;141119;164.66;290;10087268813;B
20240410;141122;164.66;10;10087269397;B
20240410;141122;164.66;10;10087269402;B
20240410;141122;164.66;10;10087269407;B
20240410;141122;164.66;10;10087269426;B
20240410;141122;164.66;10;10087269427;B
20240410;141122;164.66;30;10087269428;B
20240410;141122;164.66;10;10087269432;B
20240410;141122;164.66;10;10087269434;B
20240410;141122;164.64;30;10087269436;S
20240410;141122;164.64;10;10087269437;S
20240410;141122;164.64;10;10087269438;S
20240410;141122;164.62;50;10087269439;S
20240410;141122;164.66;10;10087269440;B
20240410;141122;164.66;10;10087269442;B
20240410;141122;164.66;10;10087269446;B
20240410;141122;164.66;10;10087269457;B
20240410;141122;164.66;10;10087269466;B
20240410;141122;164.66;10;10087269467;B
20240410;141122;164.66;10;10087269469;B
20240410;141122;164.66;10;10087269472;B
20240410;141122;164.66;10;10087269474;B
20240410;141122;164.66;10;10087269481;B
20240410;141122;164.66;10;10087269483;B
20240410;141123;164.66;20;10087269504;B
20240410;141123;164.66;10;10087269506;B
20240410;141123;164.66;10;10087269507;B
20240410;141123;164.66;10;10087269514;B
20240410;141123;164.66;10;10087269520;B
20240410;141123;164.66;10;10087269524;B
20240410;141123;164.66;10;10087269531;B
20240410;141123;164.66;10;10087269536;B
20240410;141123;164.66;10;10087269537;B
20240410;141123;164.66;10;10087269540;B
20240410;141123;164.66;10;10087269541;B
20240410;141123;164.66;10;10087269542;B
20240410;141123;164.68;10;10087269543;B
20240410;141123;164.68;10;10087269545;B
20240410;141123;164.68;10;10087269548;B
20240410;141123;164.68;10;10087269553;B
20240410;141123;164.68;10;10087269560;B
20240410;141123;164.68;10;10087269564;B
20240410;141123;164.68;10;10087269565;B
20240410;141123;164.68;10;10087269569;B
20240410;141123;164.68;10;10087269571;B
20240410;141123;164.68;10;10087269579;B
20240410;141123;164.68;10;10087269580;B
20240410;141123;164.68;10;10087269581;B
20240410;141123;164.68;10;10087269583;B
20240410;141124;164.68;10;10087269602;B
20240410;141124;164.68;10;10087269609;B
20240410;141124;164.68;10;10087269610;B
20240410;141124;164.68;10;10087269611;B
20240410;141124;164.68;10;10087269615;B
20240410;141124;164.68;10;10087269642;B
20240410;141124;164.68;10;10087269653;B
20240410;141124;164.68;10;10087269658;B
20240410;141124;164.68;10;10087269663;B
20240410;141124;164.68;10;10087269676;B
20240410;141124;164.68;10;10087269678;B
20240410;141124;164.68;10;10087269681;B
20240410;141124;164.68;10;10087269682;B
20240410;141124;164.68;10;10087269683;B
20240410;141124;164.68;10;10087269684;B
20240410;141124;164.68;10;10087269685;B
20240410;141124;164.68;10;10087269686;B
20240410;141124;164.68;10;10087269689;B
20240410;141124;164.68;10;10087269691;B
20240410;141124;164.68;10;10087269693;B
20240410;141124;164.68;10;10087269703;B
20240410;141124;164.68;10;10087269705;B
20240410;141124;164.68;10;10087269707;B
20240410;141124;164.68;10;10087269710;B
20240410;141124;164.68;10;10087269714;B
20240410;141124;164.68;10;10087269717;B
20240410;141125;164.68;10;10087269722;B
20240410;141125;164.68;10;10087269728;B
20240410;141125;164.68;10;10087269729;B
20240410;141125;164.68;10;10087269731;B
20240410;141125;164.68;10;10087269736;B
20240410;141125;164.68;10;10087269740;B
20240410;141125;164.68;10;10087269741;B
20240410;141125;164.68;10;10087269742;B
20240410;141125;164.68;10;10087269746;B
20240410;141125;164.68;10;10087269749;B
20240410;141125;164.68;10;10087269753;B
20240410;141125;164.68;10;10087269754;B
20240410;141125;164.68;10;10087269757;B
20240410;141125;164.68;10;10087269762;B
20240410;141125;164.68;10;10087269787;B
20240410;141125;164.68;10;10087269794;B
20240410;141125;164.68;10;10087269800;B
20240410;141125;164.68;10;10087269808;B
20240410;141125;164.68;10;10087269820;B
20240410;141125;164.68;10;10087269822;B
20240410;141125;164.68;10;10087269823;B
20240410;141125;164.68;20;10087269824;B
20240410;141125;164.68;10;10087269827;B
20240410;141125;164.68;10;10087269828;B
20240410;141125;164.68;10;10087269834;B
20240410;141125;164.68;10;10087269836;B
20240410;141125;164.68;10;10087269837;B
20240410;141125;164.68;10;10087269838;B
20240410;141125;164.68;10;10087269845;B
20240410;141126;164.68;10;10087269848;B
20240410;141126;164.68;10;10087269849;B
20240410;141126;164.68;10;10087269850;B
20240410;141126;164.68;10;10087269854;B
20240410;141126;164.68;10;10087269858;B
20240410;141126;164.68;10;10087269860;B
20240410;141126;164.68;10;10087269863;B
20240410;141126;164.68;10;10087269864;B
20240410;141126;164.68;10;10087269880;B
20240410;141126;164.68;10;10087269912;B
20240410;141126;164.68;10;10087269917;B
20240410;141126;164.68;10;10087269933;B
20240410;141126;164.68;10;10087269935;B
20240410;141126;164.68;10;10087269936;B
20240410;141126;164.68;2900;10087269939;B
20240410;141126;164.68;10;10087269940;B
20240410;141126;164.68;10;10087269941;B
20240410;141126;164.68;10;10087269942;B
20240410;141126;164.68;10;10087269949;B
20240410;141126;164.68;10;10087269954;B
20240410;141126;164.68;20;10087269969;B
20240410;141126;164.68;10;10087269979;B
20240410;141126;164.68;10;10087269980;B
20240410;141126;164.68;10;10087269985;B
20240410;141126;164.68;10;10087269994;B
20240410;141126;164.68;10;10087269996;B
20240410;141126;164.68;10;10087269997;B
20240410;141126;164.68;10;10087270006;B
20240410;141126;164.68;10;10087270008;B
20240410;141126;164.68;10;10087270009;B
20240410;141126;164.68;10;10087270011;B
20240410;141126;164.68;10;10087270013;B
20240410;141126;164.68;10;10087270014;B
20240410;141126;164.66;10;10087270016;B
20240410;141126;164.68;10;10087270020;B
20240410;141126;164.68;10;10087270021;B
20240410;141127;164.64;10;10087270031;S
20240410;141127;164.68;10;10087270038;B
20240410;141127;164.68;10;10087270039;B
20240410;141127;164.68;10;10087270045;B
20240410;141127;164.68;10;10087270046;B
20240410;141127;164.68;10;10087270049;B
20240410;141127;164.68;10;10087270050;B
20240410;141127;164.68;10;10087270057;B
20240410;141127;164.68;10;10087270062;B
20240410;141127;164.68;10;10087270063;B
20240410;141127;164.68;10;10087270064;B
20240410;141127;164.68;10;10087270085;B
20240410;141127;164.68;10;10087270089;B
20240410;141127;164.68;10;10087270090;B
20240410;141127;164.68;10;10087270092;B
20240410;141127;164.68;10;10087270093;B
20240410;141127;164.68;10;10087270110;B
20240410;141127;164.68;10;10087270111;B
20240410;141127;164.68;10;10087270116;B
20240410;141127;164.68;10;10087270133;B
20240410;141127;164.68;10;10087270144;B
20240410;141127;164.68;10;10087270145;B
20240410;141127;164.68;10;10087270146;B
20240410;141127;164.68;10;10087270148;B
20240410;141127;164.68;10;10087270149;B
20240410;141127;164.68;10;10087270151;B
20240410;141127;164.68;50;10087270154;B
20240410;141127;164.68;10;10087270164;B
20240410;141128;164.68;10;10087270193;B
20240410;141128;164.68;10;10087270270;B
20240410;141128;164.68;10;10087270272;B
20240410;141128;164.68;10;10087270282;B
20240410;141128;164.68;10;10087270288;B
20240410;141128;164.68;10;10087270291;B
20240410;141128;164.68;10;10087270294;B
20240410;141128;164.68;10;10087270297;B
20240410;141128;164.68;10;10087270298;B
20240410;141128;164.68;10;10087270299;B
20240410;141128;164.68;10;10087270335;B
20240410;141128;164.68;10;10087270338;B
20240410;141128;164.68;10;10087270346;B
20240410;141128;164.68;10;10087270349;B
20240410;141128;164.68;10;10087270355;B
20240410;141128;164.68;10;10087270357;B
20240410;141128;164.68;10;10087270364;B
20240410;141128;164.68;10;10087270367;B
20240410;141128;164.68;10;10087270369;B
20240410;141128;164.68;10;10087270370;B
20240410;141128;164.68;10;10087270371;B
20240410;141128;164.68;10;10087270373;B
20240410;141128;164.68;10;10087270375;B
20240410;141128;164.68;10;10087270377;B
20240410;141128;164.68;10;10087270395;B
20240410;141128;164.68;10;10087270418;B
20240410;141129;164.68;10;10087270449;B
20240410;141129;164.68;10;10087270450;B
20240410;141129;164.68;10;10087270455;B
20240410;141129;164.68;10;10087270456;B
20240410;141129;164.68;10;10087270458;B
20240410;141129;164.68;10;10087270460;B
20240410;141129;164.68;10;10087270463;B
20240410;141129;164.68;10;10087270465;B
20240410;141129;164.68;10;10087270468;B
20240410;141129;164.68;10;10087270471;B
20240410;141129;164.68;10;10087270474;B
20240410;141129;164.68;10;10087270478;B
20240410;141129;164.68;10;10087270479;B
20240410;141129;164.68;10;10087270485;B
20240410;141129;164.68;10;10087270494;B
20240410;141129;164.68;10;10087270501;B
20240410;141129;164.68;10;10087270502;B
20240410;141129;164.68;10;10087270515;B
20240410;141129;164.68;10;10087270521;B
20240410;141129;164.68;10;10087270522;B
20240410;141129;164.68;10;10087270524;B
20240410;141129;164.68;10;10087270533;B
20240410;141129;164.68;10;10087270539;B
20240410;141129;164.68;20;10087270543;B
20240410;141129;164.68;10;10087270546;B
20240410;141129;164.68;10;10087270552;B
20240410;141129;164.68;10;10087270554;B
20240410;141129;164.68;10;10087270562;B
20240410;141130;164.68;10;10087270577;B
20240410;141130;164.68;10;10087270622;B
20240410;141130;164.68;10;10087270640;B
20240410;141130;164.68;10;10087270651;B
20240410;141130;164.68;10;10087270660;B
20240410;141130;164.68;10;10087270663;B
20240410;141130;164.68;10;10087270665;B
20240410;141130;164.68;10;10087270666;B
20240410;141130;164.68;10;10087270689;B
20240410;141130;164.68;10;10087270692;B
20240410;141131;164.68;10;10087270719;B
20240410;141131;164.68;10;10087270729;B
20240410;141131;164.68;10;10087270733;B
20240410;141131;164.68;10;10087270735;B
20240410;141131;164.68;10;10087270753;B
20240410;141131;164.68;10;10087270777;B
20240410;141131;164.68;10;10087270779;B
20240410;141131;164.68;10;10087270793;B
20240410;141131;164.68;10;10087270823;B
20240410;141131;164.68;10;10087270826;B
20240410;141131;164.68;3020;10087270829;B
20240410;141132;164.68;10;10087270837;B
20240410;141132;164.68;10;10087270852;B
20240410;141132;164.68;10;10087270861;B
20240410;141132;164.68;10;10087270867;B
20240410;141132;164.68;10;10087270871;B
20240410;141132;164.64;100;10087270880;S
20240410;141132;164.68;10;10087270884;B
20240410;141132;164.68;10;10087270920;B
20240410;141133;164.68;10;10087270988;B
20240410;141134;164.68;10;10087271081;B
20240410;141135;164.68;5000;10087271232;B
20240410;141137;164.64;10;10087271383;S
20240410;141138;164.68;100;10087271579;B
20240410;141139;164.68;9690;10087271694;B
20240410;141139;164.68;50;10087271695;B
20240410;141139;164.68;260;10087271696;B
20240410;141139;164.68;640;10087271738;B
20240410;141140;164.68;2000;10087271842;B
20240410;141140;164.68;2000;10087271856;B
20240410;141140;164.68;2000;10087271867;B
20240410;141140;164.68;2000;10087271917;B
20240410;141140;164.68;10;10087271921;B
20240410;141140;164.68;10;10087271935;B
20240410;141140;164.68;500;10087271942;B
20240410;141140;164.68;10;10087271955;B
20240410;141141;164.68;350;10087272035;B
20240410;141141;164.68;190;10087272074;B
20240410;141141;164.68;30;10087272095;B
20240410;141141;164.68;10;10087272096;B
20240410;141143;164.72;10;10087272404;B
20240410;141144;164.72;10;10087272461;B
20240410;141144;164.72;10;10087272493;B
20240410;141145;164.7;10;10087272542;S
20240410;141145;164.72;10;10087272543;B
20240410;141145;164.72;10;10087272544;B
20240410;141145;164.72;10;10087272545;B
20240410;141145;164.72;10;10087272547;B
20240410;141145;164.72;10;10087272549;B
20240410;141145;164.72;10;10087272555;B
20240410;141145;164.72;10;10087272558;B
20240410;141145;164.74;10;10087272561;B
20240410;141145;164.74;10;10087272566;B
20240410;141145;164.74;10;10087272567;B
20240410;141145;164.74;10;10087272568;B
20240410;141145;164.74;10;10087272569;B
20240410;141145;164.74;10;10087272574;B
20240410;141145;164.74;10;10087272594;B
20240410;141145;164.74;10;10087272596;B
20240410;141145;164.74;10;10087272597;B
20240410;141145;164.74;10;10087272598;B
20240410;141145;164.74;10;10087272600;B
20240410;141145;164.74;10;10087272606;B
20240410;141145;164.74;10;10087272607;B
20240410;141145;164.74;10;10087272608;B
20240410;141145;164.74;10;10087272609;B
20240410;141145;164.74;10;10087272614;B
20240410;141145;164.74;10;10087272615;B
20240410;141145;164.74;10;10087272617;B
20240410;141145;164.74;20;10087272621;B
20240410;141145;164.74;10;10087272622;B
20240410;141145;164.74;30;10087272623;B
20240410;141145;164.74;10;10087272628;B
20240410;141145;164.74;10;10087272629;B
20240410;141145;164.74;10;10087272634;B
20240410;141145;164.74;10;10087272639;B
20240410;141145;164.74;40;10087272640;B
20240410;141145;164.74;10;10087272642;B
20240410;141145;164.74;10;10087272645;B
20240410;141145;164.74;10;10087272646;B
20240410;141145;164.74;10;10087272647;B
20240410;141145;164.74;10;10087272649;B
20240410;141145;164.74;10;10087272653;B
20240410;141145;164.74;10;10087272654;B
20240410;141145;164.74;10;10087272655;B
20240410;141145;164.74;20;10087272658;B
20240410;141145;164.74;10;10087272659;B
20240410;141145;164.74;10;10087272660;B
20240410;141145;164.74;10;10087272661;B
20240410;141145;164.74;10;10087272663;B
20240410;141145;164.74;10;10087272666;B
20240410;141145;164.74;10;10087272667;B
20240410;141145;164.74;10;10087272669;B
20240410;141145;164.74;10;10087272670;B
20240410;141145;164.74;10;10087272671;B
20240410;141145;164.74;10;10087272672;B
20240410;141145;164.74;10;10087272674;B
20240410;141145;164.74;10;10087272676;B
20240410;141145;164.74;10;10087272678;B
20240410;141145;164.74;10;10087272684;B
20240410;141145;164.74;20;10087272685;B
20240410;141145;164.74;10;10087272686;B
20240410;141145;164.74;10;10087272689;B
20240410;141146;164.74;10;10087272693;B
20240410;141146;164.74;10;10087272694;B
20240410;141146;164.74;10;10087272695;B
20240410;141146;164.74;10;10087272700;B
20240410;141146;164.74;10;10087272702;B
20240410;141146;164.74;10;10087272703;B
20240410;141146;164.74;10;10087272708;B
20240410;141146;164.74;10;10087272711;B
20240410;141146;164.74;10;10087272715;B
20240410;141146;164.74;10;10087272728;B
20240410;141146;164.74;10;10087272729;B
20240410;141146;164.74;10;10087272741;B
20240410;141146;164.74;10;10087272743;B
20240410;141146;164.74;10;10087272745;B
20240410;141146;164.74;10;10087272747;B
20240410;141146;164.74;10;10087272748;B
20240410;141146;164.74;10;10087272749;B
20240410;141146;164.74;50;10087272751;B
20240410;141146;164.74;10;10087272752;B
20240410;141146;164.74;10;10087272754;B
20240410;141146;164.74;10;10087272756;B
20240410;141146;164.74;10;10087272757;B
20240410;141146;164.74;10;10087272758;B
20240410;141146;164.74;10;10087272761;B
20240410;141146;164.74;10;10087272762;B
20240410;141146;164.74;10;10087272763;B
20240410;141146;164.74;10;10087272774;B
20240410;141146;164.74;10;10087272777;B
20240410;141146;164.74;10;10087272780;B
20240410;141146;164.74;10;10087272781;B
20240410;141146;164.74;40;10087272783;B
20240410;141146;164.74;20;10087272785;B
20240410;141146;164.74;10;10087272786;B
20240410;141146;164.74;30;10087272788;B
20240410;141146;164.74;10;10087272791;B
20240410;141146;164.74;10;10087272793;B
20240410;141146;164.74;10;10087272795;B
20240410;141146;164.74;10;10087272797;B
20240410;141146;164.74;10;10087272798;B
20240410;141146;164.74;10;10087272801;B
20240410;141146;164.74;10;10087272802;B
20240410;141146;164.74;10;10087272807;B
20240410;141146;164.74;20;10087272816;B
20240410;141146;164.74;10;10087272817;B
20240410;141146;164.74;10;10087272818;B
20240410;141146;164.74;10;10087272820;B
20240410;141146;164.74;10;10087272823;B
20240410;141146;164.74;10;10087272827;B
20240410;141146;164.74;10;10087272831;B
20240410;141146;164.74;10;10087272833;B
20240410;141146;164.74;10;10087272834;B
20240410;141146;164.74;10;10087272835;B
20240410;141146;164.74;10;10087272836;B
20240410;141147;164.74;10;10087272854;B
20240410;141147;164.74;10;10087272862;B
20240410;141147;164.74;10;10087272863;B
20240410;141147;164.74;10;10087272864;B
20240410;141147;164.74;10;10087272865;B
20240410;141147;164.74;10;10087272866;B
20240410;141147;164.74;10;10087272869;B
20240410;141147;164.74;10;10087272870;B
20240410;141147;164.74;10;10087272873;B
20240410;141147;164.74;10;10087272876;B
20240410;141147;164.74;10;10087272879;B
20240410;141147;164.74;10;10087272880;B
20240410;141147;164.74;10;10087272881;B
20240410;141147;164.74;10;10087272886;B
20240410;141147;164.74;10;10087272887;B
20240410;141147;164.74;10;10087272888;B
20240410;141147;164.74;10;10087272890;B
20240410;141147;164.74;10;10087272891;B
20240410;141147;164.74;10;10087272892;B
20240410;141147;164.74;10;10087272893;B
20240410;141147;164.74;10;10087272896;B
20240410;141147;164.74;10;10087272897;B
20240410;141147;164.74;10;10087272898;B
20240410;141147;164.74;10;10087272900;B
20240410;141147;164.74;10;10087272901;B
20240410;141147;164.74;10;10087272902;B
20240410;141147;164.72;10;10087272907;S
20240410;141147;164.72;10;10087272908;S
20240410;141147;164.72;10;10087272909;S
20240410;141147;164.72;10;10087272910;S
20240410;141147;164.68;60;10087272911;S
20240410;141147;164.74;10;10087272919;B
20240410;141147;164.74;10;10087272927;B
20240410;141147;164.74;10;10087272945;B
20240410;141147;164.74;10;10087272946;B
20240410;141147;164.74;10;10087272947;B
20240410;141147;164.74;10;10087272949;B
20240410;141147;164.74;10;10087272950;B
20240410;141147;164.74;10;10087272954;B
20240410;141147;164.74;10;10087272956;B
20240410;141147;164.74;10;10087272958;B
20240410;141147;164.74;10;10087272960;B
20240410;141147;164.74;10;10087272961;B
20240410;141147;164.74;10;10087272964;B
20240410;141147;164.74;10;10087272966;B
20240410;141147;164.74;10;10087272967;B
20240410;141147;164.74;20;10087272968;B
20240410;141147;164.74;10;10087272973;B
20240410;141147;164.74;20;10087272975;B
20240410;141147;164.74;10;10087272978;B
20240410;141147;164.74;10;10087272982;B
20240410;141147;164.74;10;10087272983;B
20240410;141147;164.74;10;10087272985;B
20240410;141147;164.74;10;10087272986;B
20240410;141147;164.74;10;10087272987;B
20240410;141147;164.74;20;10087272988;B
20240410;141147;164.74;10;10087272989;B
20240410;141147;164.74;10;10087272994;B
20240410;141147;164.74;10;10087272995;B
20240410;141147;164.74;10;10087272996;B
20240410;141147;164.74;10;10087272999;B
20240410;141147;164.74;10;10087273001;B
20240410;141147;164.74;10;10087273005;B
20240410;141147;164.74;10;10087273006;B
20240410;141147;164.74;10;10087273007;B
20240410;141147;164.74;10;10087273008;B
20240410;141147;164.74;10;10087273011;B
20240410;141147;164.74;10;10087273012;B
20240410;141148;164.74;10;10087273015;B
20240410;141148;164.74;10;10087273018;B
20240410;141148;164.74;10;10087273019;B
20240410;141148;164.74;10;10087273023;B
20240410;141148;164.74;10;10087273024;B
20240410;141148;164.74;10;10087273025;B
20240410;141148;164.74;10;10087273028;B
20240410;141148;164.74;10;10087273031;B
20240410;141148;164.74;10;10087273033;B
20240410;141148;164.74;10;10087273034;B
20240410;141148;164.74;200;10087273036;B
20240410;141148;164.76;50;10087273037;B
20240410;141148;164.76;10;10087273053;B
20240410;141148;164.76;10;10087273055;B
20240410;141148;164.76;10;10087273058;B
20240410;141148;164.76;10;10087273062;B
20240410;141148;164.76;10;10087273064;B
20240410;141148;164.76;10;10087273065;B
20240410;141148;164.76;10;10087273066;B
20240410;141148;164.76;10;10087273067;B
20240410;141148;164.76;10;10087273068;B
20240410;141148;164.76;10;10087273104;B
20240410;141148;164.76;10;10087273105;B
20240410;141148;164.76;10;10087273109;B
20240410;141148;164.76;10;10087273110;B
20240410;141148;164.76;10;10087273111;B
20240410;141148;164.76;10;10087273112;B
20240410;141148;164.76;10;10087273114;B
20240410;141148;164.76;10;10087273115;B
20240410;141148;164.76;10;10087273116;B
20240410;141148;164.76;10;10087273117;B
20240410;141148;164.76;10;10087273119;B
20240410;141148;164.76;10;10087273131;B
20240410;141148;164.76;10;10087273132;B
20240410;141148;164.76;10;10087273137;B
20240410;141148;164.76;10;10087273142;B
20240410;141148;164.76;10;10087273144;B
20240410;141148;164.76;10;10087273150;B
20240410;141148;164.76;10;10087273152;B
20240410;141148;164.76;10;10087273155;B
20240410;141148;164.76;10;10087273156;B
20240410;141148;164.76;10;10087273157;B
20240410;141148;164.76;10;10087273159;B
20240410;141148;164.76;10;10087273162;B
20240410;141148;164.76;10;10087273163;B
20240410;141148;164.76;10;10087273167;B
20240410;141149;164.76;10;10087273173;B
20240410;141149;164.76;10;10087273181;B
20240410;141149;164.76;10;10087273188;B
20240410;141149;164.76;10;10087273189;B
20240410;141149;164.76;10;10087273190;B
20240410;141149;164.76;10;10087273192;B
20240410;141149;164.76;10;10087273193;B
20240410;141149;164.76;10;10087273196;B
20240410;141149;164.76;10;10087273201;B
20240410;141149;164.76;10;10087273209;B
20240410;141149;164.76;10;10087273225;B
20240410;141149;164.76;10;10087273230;B
20240410;141149;164.76;10;10087273231;B
20240410;141149;164.76;10;10087273232;B
20240410;141149;164.76;10;10087273235;B
20240410;141149;164.76;10;10087273236;B
20240410;141149;164.76;20;10087273240;B
20240410;141149;164.76;10;10087273250;B
20240410;141149;164.76;10;10087273254;B
20240410;141149;164.76;10;10087273272;B
20240410;141149;164.76;10;10087273274;B
20240410;141149;164.76;10;10087273280;B
20240410;141149;164.76;10;10087273282;B
20240410;141149;164.76;10;10087273284;B
20240410;141149;164.76;10;10087273286;B
20240410;141149;164.76;10;10087273287;B
20240410;141149;164.76;10;10087273291;B
20240410;141149;164.76;10;10087273292;B
20240410;141149;164.76;10;10087273293;B
20240410;141149;164.76;10;10087273294;B
20240410;141149;164.76;10;10087273295;B
20240410;141149;164.76;10;10087273297;B
20240410;141149;164.76;10;10087273298;B
20240410;141149;164.76;10;10087273299;B
20240410;141149;164.76;10;10087273300;B
20240410;141149;164.76;10;10087273301;B
20240410;141149;164.76;10;10087273302;B
20240410;141149;164.76;10;10087273303;B
20240410;141149;164.76;10;10087273305;B
20240410;141149;164.76;10;10087273307;B
20240410;141149;164.76;10;10087273311;B
20240410;141149;164.76;10;10087273315;B
20240410;141149;164.76;10;10087273319;B
20240410;141149;164.76;10;10087273324;B
20240410;141150;164.76;10;10087273326;B
20240410;141150;164.76;10;10087273327;B
20240410;141150;164.76;10;10087273329;B
20240410;141150;164.76;10;10087273338;B
20240410;141150;164.76;10;10087273340;B
20240410;141150;164.76;10;10087273342;B
20240410;141150;164.76;10;10087273343;B
20240410;141150;164.76;10;10087273346;B
20240410;141150;164.76;10;10087273347;B
20240410;141150;164.76;20;10087273350;B
20240410;141150;164.76;10;10087273351;B
20240410;141150;164.76;10;10087273353;B
20240410;141150;164.76;10;10087273354;B
20240410;141150;164.76;10;10087273355;B
20240410;141150;164.76;10;10087273356;B
20240410;141150;164.76;10;10087273358;B
20240410;141150;164.76;10;10087273359;B
20240410;141150;164.76;10;10087273360;B
20240410;141150;164.76;10;10087273362;B
20240410;141150;164.76;10;10087273364;B
20240410;141150;164.76;10;10087273366;B
20240410;141150;164.76;10;10087273368;B
20240410;141150;164.76;10;10087273369;B
20240410;141150;164.76;10;10087273370;B
20240410;141150;164.76;10;10087273371;B
20240410;141150;164.76;20;10087273372;B
20240410;141150;164.76;10;10087273374;B
20240410;141150;164.76;10;10087273375;B
20240410;141150;164.76;10;10087273383;B
20240410;141150;164.76;10;10087273387;B
20240410;141150;164.76;10;10087273388;B
20240410;141150;164.76;10;10087273390;B
20240410;141150;164.76;10;10087273392;B
20240410;141150;164.76;10;10087273394;B
20240410;141150;164.76;10;10087273395;B
20240410;141150;164.76;10;10087273396;B
20240410;141150;164.76;10;10087273404;B
20240410;141150;164.76;10;10087273408;B
20240410;141150;164.76;10;10087273409;B
20240410;141150;164.76;10;10087273414;B
20240410;141150;164.76;10;10087273417;B
20240410;141150;164.76;10;10087273420;B
20240410;141150;164.76;10;10087273421;B
20240410;141150;164.76;10;10087273422;B
20240410;141150;164.76;10;10087273423;B
20240410;141150;164.76;10;10087273424;B
20240410;141150;164.76;10;10087273425;B
20240410;141150;164.76;40;10087273426;B
20240410;141150;164.76;10;10087273427;B
20240410;141150;164.76;10;10087273428;B
20240410;141150;164.76;10;10087273432;B
20240410;141150;164.76;20;10087273434;B
20240410;141150;164.76;10;10087273436;B
20240410;141150;164.76;10;10087273441;B
20240410;141150;164.76;10;10087273442;B
20240410;141150;164.76;10;10087273447;B
20240410;141150;164.76;10;10087273448;B
20240410;141150;164.76;10;10087273451;B
20240410;141150;164.76;10;10087273456;B
20240410;141150;164.76;10;10087273457;B
20240410;141150;164.76;10;10087273459;B
20240410;141151;164.76;10;10087273466;B
20240410;141151;164.76;10;10087273470;B
20240410;141151;164.76;60;10087273472;B
20240410;141151;164.76;10;10087273517;B
20240410;141151;164.76;10;10087273520;B
20240410;141151;164.76;10;10087273522;B
20240410;141151;164.76;10;10087273525;B
20240410;141151;164.76;10;10087273529;B
20240410;141151;164.76;10;10087273530;B
20240410;141151;164.76;20;10087273547;B
20240410;141151;164.76;10;10087273552;B
20240410;141151;164.76;10;10087273553;B
20240410;141151;164.76;10;10087273567;B
20240410;141151;164.76;10;10087273568;B
20240410;141151;164.76;10;10087273569;B
20240410;141151;164.76;10;10087273570;B
20240410;141151;164.76;10;10087273571;B
20240410;141151;164.76;10;10087273573;B
20240410;141151;164.76;10;10087273575;B
20240410;141151;164.76;10;10087273576;B
20240410;141151;164.76;10;10087273580;B
20240410;141151;164.76;10;10087273582;B
20240410;141151;164.76;10;10087273588;B
20240410;141151;164.76;10;10087273590;B
20240410;141151;164.76;10;10087273591;B
20240410;141151;164.76;10;10087273593;B
20240410;141151;164.76;10;10087273594;B
20240410;141151;164.76;10;10087273600;B
20240410;141151;164.76;30;10087273602;B
20240410;141151;164.76;10;10087273606;B
20240410;141151;164.76;10;10087273610;B
20240410;141151;164.76;10;10087273615;B
20240410;141151;164.76;10;10087273616;B
20240410;141151;164.76;10;10087273617;B
20240410;141151;164.76;30;10087273618;B
20240410;141151;164.76;10;10087273625;B
20240410;141151;164.76;10;10087273626;B
20240410;141151;164.76;10;10087273638;B
20240410;141151;164.76;10;10087273649;B
20240410;141151;164.76;10;10087273650;B
20240410;141151;164.76;10;10087273652;B
20240410;141152;164.76;10;10087273684;B
20240410;141152;164.76;10;10087273685;B
20240410;141152;164.76;10;10087273686;B
20240410;141152;164.76;10;10087273692;B
20240410;141152;164.76;10;10087273732;B
20240410;141152;164.76;10;10087273733;B
20240410;141152;164.76;10;10087273734;B
20240410;141152;164.76;10;10087273744;B
20240410;141152;164.76;20;10087273749;B
20240410;141152;164.76;10;10087273751;B
20240410;141152;164.76;10;10087273780;B
20240410;141152;164.76;10;10087273784;B
20240410;141152;164.76;10;10087273823;B
20240410;141152;164.76;10;10087273828;B
20240410;141152;164.76;10;10087273829;B
20240410;141152;164.76;10;10087273836;B
20240410;141153;164.76;10;10087273848;B
20240410;141153;164.76;10;10087273852;B
20240410;141153;164.76;10;10087273855;B
20240410;141153;164.76;10;10087273856;B
20240410;141153;164.76;10;10087273857;B
20240410;141153;164.76;10;10087273858;B
20240410;141153;164.76;10;10087273860;B
20240410;141153;164.76;10;10087273861;B
20240410;141153;164.76;10;10087273866;B
20240410;141153;164.76;10;10087273869;B
20240410;141153;164.76;10;10087273871;B
20240410;141153;164.76;10;10087273874;B
20240410;141153;164.76;10;10087273886;B
20240410;141153;164.76;20;10087273893;B
20240410;141153;164.76;10;10087273928;B
20240410;141153;164.76;10;10087273929;B
20240410;141153;164.76;10;10087273930;B
20240410;141153;164.76;10;10087273933;B
20240410;141153;164.76;10;10087273936;B
20240410;141153;164.76;10;10087273940;B
20240410;141153;164.76;10;10087273941;B
20240410;141153;164.76;10;10087273949;B
20240410;141153;164.74;10;10087273951;S
20240410;141153;164.76;10;10087273954;B
20240410;141153;164.76;10;10087273957;B
20240410;141153;164.76;10;10087273961;B
20240410;141153;164.76;10;10087273962;B
20240410;141153;164.76;10;10087273969;B
20240410;141153;164.76;10;10087273970;B
20240410;141154;164.76;10;10087273984;B
20240410;141154;164.76;10;10087273990;B
20240410;141154;164.76;10;10087273994;B
20240410;141154;164.76;10;10087273997;B
20240410;141154;164.76;10;10087273998;B
20240410;141154;164.76;10;10087274030;B
20240410;141154;164.76;10;10087274032;B
20240410;141154;164.76;10;10087274048;B
20240410;141154;164.76;10;10087274049;B
20240410;141154;164.76;10;10087274052;B
20240410;141154;164.76;10;10087274061;B
20240410;141154;164.76;10;10087274064;B
20240410;141154;164.76;10;10087274085;B
20240410;141154;164.76;10;10087274086;B
20240410;141154;164.74;10;10087274088;S
20240410;141154;164.76;10;10087274100;B
20240410;141154;164.76;10;10087274101;B
20240410;141155;164.76;10;10087274114;B
20240410;141155;164.76;10;10087274124;B
20240410;141155;164.76;10;10087274141;B
20240410;141155;164.76;10;10087274150;B
20240410;141155;164.76;10;10087274152;B
20240410;141155;164.74;80;10087274204;S
20240410;141155;164.74;10;10087274205;S
20240410;141155;164.74;10;10087274206;S
20240410;141155;164.74;10;10087274207;S
20240410;141155;164.74;10;10087274210;B
20240410;141155;164.74;10;10087274215;B
20240410;141156;164.74;10;10087274234;B
20240410;141156;164.74;10;10087274247;B
20240410;141156;164.74;10;10087274274;B
20240410;141156;164.74;10;10087274278;B
20240410;141156;164.74;10;10087274285;B
20240410;141156;164.74;10;10087274290;B
20240410;141157;164.74;10;10087274338;B
20240410;141158;164.74;10;10087274444;B
20240410;141158;164.74;10;10087274636;B
20240410;141158;164.74;10;10087274648;B
20240410;141159;164.74;10;10087274736;B
20240410;141159;164.74;200;10087274792;B
20240410;141200;164.72;10;10087274841;S
20240410;141200;164.74;10;10087274918;B
20240410;141200;164.74;70;10087274940;B
20240410;141201;164.74;10;10087275003;B
20240410;141204;164.74;110;10087275553;B
20240410;141207;164.74;10;10087275769;B
20240410;141207;164.74;100;10087275792;B
20240410;141208;164.74;250;10087275907;B
20240410;141208;164.74;320;10087275908;B
20240410;141208;164.76;10;10087275917;B
20240410;141210;164.76;10;10087276026;B
20240410;141210;164.76;10;10087276029;B
20240410;141210;164.76;10;10087276031;B
20240410;141210;164.76;10;10087276035;B
20240410;141210;164.76;10;10087276036;B
20240410;141210;164.76;10;10087276046;B
20240410;141210;164.76;10;10087276102;B
20240410;141210;164.76;10;10087276104;B
20240410;141210;164.76;10;10087276105;B
20240410;141210;164.76;10;10087276116;B
20240410;141210;164.76;10;10087276118;B
20240410;141210;164.76;10;10087276121;B
20240410;141210;164.76;10;10087276122;B
20240410;141210;164.76;10;10087276124;B
20240410;141210;164.76;10;10087276125;B
20240410;141210;164.76;10;10087276126;B
20240410;141210;164.76;10;10087276127;B
20240410;141210;164.76;10;10087276129;B
20240410;141210;164.76;10;10087276130;B
20240410;141210;164.76;10;10087276134;B
20240410;141210;164.76;10;10087276137;B
20240410;141210;164.76;10;10087276140;B
20240410;141210;164.76;10;10087276142;B
20240410;141210;164.76;1000;10087276152;B
20240410;141210;164.76;10;10087276163;B
20240410;141210;164.76;10;10087276170;B
20240410;141210;164.76;10;10087276173;B
20240410;141210;164.76;10;10087276174;B
20240410;141210;164.76;10;10087276176;B
20240410;141210;164.76;10;10087276178;B
20240410;141210;164.76;10;10087276179;B
20240410;141210;164.76;10;10087276180;B
20240410;141210;164.76;10;10087276185;B
20240410;141210;164.76;10;10087276186;B
20240410;141210;164.76;10;10087276191;B
20240410;141211;164.76;10;10087276195;B
20240410;141211;164.76;10;10087276203;B
20240410;141211;164.76;10;10087276207;B
20240410;141211;164.76;10;10087276211;B
20240410;141211;164.76;10;10087276212;B
20240410;141211;164.76;10;10087276213;B
20240410;141211;164.76;10;10087276214;B
20240410;141211;164.76;10;10087276215;B
20240410;141211;164.76;10;10087276217;B
20240410;141211;164.76;10;10087276227;B
20240410;141211;164.76;10;10087276228;B
20240410;141211;164.76;10;10087276229;B
20240410;141211;164.76;10;10087276255;B
20240410;141211;164.76;10;10087276299;B
20240410;141211;164.76;10;10087276300;B
20240410;141211;164.76;10;10087276309;B
20240410;141211;164.76;10;10087276312;B
20240410;141211;164.76;10;10087276316;B
20240410;141211;164.76;30;10087276325;B
20240410;141211;164.76;10;10087276326;B
20240410;141211;164.76;10;10087276327;B
20240410;141211;164.76;10;10087276330;B
20240410;141211;164.76;10;10087276331;B
20240410;141211;164.76;10;10087276337;B
20240410;141211;164.76;10;10087276338;B
20240410;141211;164.76;10;10087276339;B
20240410;141211;164.76;10;10087276341;B
20240410;141211;164.76;10;10087276342;B
20240410;141211;164.76;10;10087276343;B
20240410;141211;164.76;10;10087276344;B
20240410;141211;164.76;10;10087276346;B
20240410;141212;164.76;10;10087276375;B
20240410;141212;164.76;10;10087276380;B
20240410;141212;164.76;10;10087276381;B
20240410;141212;164.76;10;10087276382;B
20240410;141212;164.76;10;10087276384;B
20240410;141212;164.76;10;10087276388;B
20240410;141212;164.76;10;10087276390;B
20240410;141212;164.76;10;10087276391;B
20240410;141212;164.76;10;10087276392;B
20240410;141212;164.76;10;10087276396;B
20240410;141212;164.76;10;10087276398;B
20240410;141212;164.76;20;10087276399;B
20240410;141212;164.76;10;10087276401;B
20240410;141212;164.76;10;10087276402;B
20240410;141212;164.76;10;10087276403;B
20240410;141212;164.76;10;10087276404;B
20240410;141212;164.76;10;10087276415;B
20240410;141212;164.76;10;10087276416;B
20240410;141212;164.76;10;10087276443;B
20240410;141212;164.76;10;10087276446;B
20240410;141212;164.76;10;10087276447;B
20240410;141212;164.76;10;10087276448;B
20240410;141212;164.76;10;10087276450;B
20240410;141212;164.76;10;10087276456;B
20240410;141212;164.76;10;10087276457;B
20240410;141212;164.76;10;10087276458;B
20240410;141212;164.76;10;10087276459;B
20240410;141212;164.76;10;10087276462;B
20240410;141212;164.76;10;10087276463;B
20240410;141212;164.76;10;10087276464;B
20240410;141212;164.76;10;10087276465;B
20240410;141212;164.76;10;10087276471;B
20240410;141212;164.76;10;10087276473;B
20240410;141212;164.76;10;10087276477;B
20240410;141212;164.76;10;10087276483;B
20240410;141212;164.76;10;10087276484;B
20240410;141212;164.76;10;10087276488;B
20240410;141212;164.76;10;10087276490;B
20240410;141213;164.74;430;10087276499;S
20240410;141213;164.74;270;10087276500;S
20240410;141213;164.76;10;10087276523;B
20240410;141213;164.76;10;10087276524;B
20240410;141213;164.76;10;10087276525;B
20240410;141213;164.76;10;10087276527;B
20240410;141213;164.76;10;10087276531;B
20240410;141213;164.76;10;10087276535;B
20240410;141213;164.76;10;10087276537;B
20240410;141213;164.76;10;10087276538;B
20240410;141213;164.76;10;10087276547;B
20240410;141213;164.76;10;10087276548;B
20240410;141213;164.76;10;10087276552;B
20240410;141213;164.76;10;10087276554;B
20240410;141213;164.76;10;10087276557;B
20240410;141213;164.76;10;10087276558;B
20240410;141213;164.76;10;10087276580;B
20240410;141213;164.76;10;10087276586;B
20240410;141213;164.76;10;10087276588;B
20240410;141213;164.76;10;10087276590;B
20240410;141213;164.76;10;10087276592;B
20240410;141213;164.76;10;10087276595;B
20240410;141213;164.76;10;10087276598;B
20240410;141213;164.76;10;10087276604;B
20240410;141213;164.76;10;10087276609;B
20240410;141213;164.76;10;10087276613;B
20240410;141213;164.76;10;10087276628;B
20240410;141213;164.76;10;10087276630;B
20240410;141213;164.76;10;10087276632;B
20240410;141213;164.76;10;10087276633;B
20240410;141214;164.76;10;10087276645;B
20240410;141214;164.76;20;10087276653;B
20240410;141214;164.76;10;10087276654;B
20240410;141214;164.76;10;10087276670;B
20240410;141214;164.76;10;10087276671;B
20240410;141214;164.76;10;10087276675;B
20240410;141214;164.76;10;10087276682;B
20240410;141214;164.76;10;10087276683;B
20240410;141214;164.76;10;10087276684;B
20240410;141214;164.76;10;10087276702;B
20240410;141214;164.76;10;10087276718;B
20240410;141214;164.76;10;10087276720;B
20240410;141214;164.76;10;10087276726;B
20240410;141214;164.76;10;10087276727;B
20240410;141214;164.76;10;10087276733;B
20240410;141214;164.76;10;10087276735;B
20240410;141214;164.76;10;10087276739;B
20240410;141214;164.76;10;10087276750;B
20240410;141214;164.76;10;10087276752;B
20240410;141214;164.76;10;10087276754;B
20240410;141215;164.76;10;10087276761;B
20240410;141215;164.76;10;10087276763;B
20240410;141215;164.76;10;10087276764;B
20240410;141215;164.76;10;10087276784;B
20240410;141215;164.74;70;10087276797;S
20240410;141215;164.74;200;10087276798;S
20240410;141215;164.74;330;10087276799;S
20240410;141215;164.76;20;10087276831;B
20240410;141215;164.76;10;10087276833;B
20240410;141215;164.76;10;10087276869;B
20240410;141215;164.76;10;10087276870;B
20240410;141215;164.76;10;10087276875;B
20240410;141215;164.76;10;10087276876;B
20240410;141215;164.76;10;10087276877;B
20240410;141215;164.76;10;10087276880;B
20240410;141215;164.76;10;10087276887;B
20240410;141215;164.76;450;10087276889;B
20240410;141215;164.76;10;10087276890;B
20240410;141216;164.76;50;10087276915;B
20240410;141216;164.76;10;10087276917;B
20240410;141216;164.76;10;10087276918;B
20240410;141216;164.76;10;10087276933;B
20240410;141216;164.76;10;10087276934;B
20240410;141216;164.76;10;10087276935;B
20240410;141216;164.76;10;10087276938;B
20240410;141216;164.76;10;10087276940;B
20240410;141216;164.76;10;10087276949;B
20240410;141216;164.76;10;10087276953;B
20240410;141216;164.76;10;10087276974;B
20240410;141216;164.76;10;10087276990;B
20240410;141216;164.76;10;10087276993;B
20240410;141216;164.76;10;10087276994;B
20240410;141216;164.76;10;10087276995;B
20240410;141216;164.76;10;10087276997;B
20240410;141216;164.76;10;10087277003;B
20240410;141216;164.76;10;10087277004;B
20240410;141216;164.76;10;10087277005;B
20240410;141216;164.76;10;10087277007;B
20240410;141216;164.76;10;10087277008;B
20240410;141216;164.76;10;10087277019;B
20240410;141216;164.76;10;10087277022;B
20240410;141216;164.76;10;10087277024;B
20240410;141216;164.76;10;10087277028;B
20240410;141216;164.76;10;10087277032;B
20240410;141217;164.76;10;10087277058;B
20240410;141217;164.76;10;10087277060;B
20240410;141217;164.76;10;10087277061;B
20240410;141217;164.76;10;10087277080;B
20240410;141217;164.76;10;10087277081;B
20240410;141217;164.76;10;10087277083;B
20240410;141217;164.76;10;10087277084;B
20240410;141217;164.76;10;10087277086;B
20240410;141217;164.76;10;10087277087;B
20240410;141217;164.76;10;10087277094;B
20240410;141217;164.76;10;10087277099;B
20240410;141217;164.76;10;10087277132;B
20240410;141217;164.76;10;10087277134;B
20240410;141217;164.76;10;10087277135;B
20240410;141217;164.76;10;10087277152;B
20240410;141217;164.76;10;10087277155;B
20240410;141217;164.76;10;10087277156;B
20240410;141217;164.76;10;10087277158;B
20240410;141218;164.76;10;10087277175;B
20240410;141218;164.76;10;10087277188;B
20240410;141218;164.76;10;10087277195;B
20240410;141218;164.76;10;10087277199;B
20240410;141218;164.76;10;10087277200;B
20240410;141218;164.76;20;10087277201;B
20240410;141218;164.76;10;10087277204;B
20240410;141218;164.76;10;10087277205;B
20240410;141218;164.76;10;10087277217;B
20240410;141218;164.76;10;10087277220;B
20240410;141218;164.76;10;10087277221;B
20240410;141218;164.76;100;10087277226;B
20240410;141218;164.76;10;10087277253;B
20240410;141218;164.76;10;10087277255;B
20240410;141218;164.76;1540;10087277262;B
20240410;141218;164.76;10;10087277268;B
20240410;141218;164.76;10;10087277269;B
20240410;141218;164.76;10;10087277270;B
20240410;141218;164.76;10;10087277273;B
20240410;141218;164.76;10;10087277275;B
20240410;141218;164.76;10;10087277280;B
20240410;141218;164.76;10;10087277284;B
20240410;141218;164.76;10;10087277288;B
20240410;141219;164.76;10;10087277295;B
20240410;141219;164.76;10;10087277296;B
20240410;141219;164.76;10;10087277310;B
20240410;141219;164.76;10;10087277317;B
20240410;141219;164.76;10;10087277319;B
20240410;141219;164.76;10;10087277320;B
20240410;141219;164.76;10;10087277322;B
20240410;141219;164.76;10;10087277323;B
20240410;141219;164.76;10;10087277340;B
20240410;141219;164.76;10;10087277345;B
20240410;141219;164.76;10;10087277352;B
20240410;141219;164.76;10;10087277366;B
20240410;141219;164.76;10;10087277388;B
20240410;141219;164.76;10;10087277391;B
20240410;141219;164.76;10;10087277392;B
20240410;141219;164.76;10;10087277397;B
20240410;141219;164.76;10;10087277403;B
20240410;141220;164.76;10;10087277416;B
20240410;141220;164.76;10;10087277422;B
20240410;141220;164.76;10;10087277423;B
20240410;141220;164.76;10;10087277430;B
20240410;141220;164.76;10;10087277450;B
20240410;141220;164.76;10;10087277455;B
20240410;141220;164.76;10;10087277462;B
20240410;141220;164.76;210;10087277466;B
20240410;141220;164.76;10;10087277488;B
20240410;141221;164.76;10;10087277505;B
20240410;141221;164.76;280;10087277523;B
20240410;141221;164.76;220;10087277524;B
20240410;141221;164.76;10;10087277559;B
20240410;141222;164.76;70;10087277631;B
20240410;141222;164.76;10;10087277654;B
20240410;141223;164.76;690;10087277750;B
20240410;141223;164.78;80;10087277751;B
20240410;141223;164.78;230;10087277752;B
20240410;141226;164.78;10;10087277933;B
20240410;141227;164.76;10;10087278118;S
20240410;141228;164.78;290;10087278143;B
20240410;141228;164.78;10;10087278216;B
20240410;141230;164.78;20;10087278698;B
20240410;141232;164.76;10;10087278931;S
20240410;141233;164.78;30;10087279053;B
20240410;141233;164.78;50;10087279059;B
20240410;141233;164.78;10;10087279098;B
20240410;141234;164.78;350;10087279149;B
20240410;141234;164.78;110;10087279150;B
20240410;141234;164.78;10;10087279227;B
20240410;141236;164.78;60;10087279531;B
20240410;141236;164.78;10;10087279556;B
20240410;141238;164.78;10;10087279850;B
20240410;141239;164.78;10;10087279950;B
20240410;141242;164.78;380;10087280324;B
20240410;141243;164.78;410;10087280475;B
20240410;141243;164.78;1000;10087280476;B
20240410;141243;164.78;10;10087280477;B
20240410;141243;164.78;20;10087280478;B
20240410;141243;164.78;250;10087280479;B
20240410;141243;164.8;20;10087280480;B
20240410;141243;164.8;30;10087280481;B
20240410;141243;164.8;460;10087280482;B
20240410;141243;164.8;40;10087280483;B
20240410;141243;164.8;450;10087280484;B
20240410;141243;164.78;10;10087280526;S
20240410;141243;164.8;10;10087280570;B
20240410;141244;164.8;2000;10087280589;B
20240410;141244;164.8;10;10087280658;B
20240410;141245;164.8;250;10087280710;B
20240410;141247;164.78;100;10087280880;S
20240410;141248;164.78;60;10087281025;S
20240410;141248;164.78;20;10087281026;S
20240410;141248;164.76;10;10087281027;S
20240410;141252;164.78;10;10087281460;S
20240410;141252;164.8;130;10087281463;B
20240410;141255;164.8;30;10087281737;B
20240410;141255;164.78;1000;10087281827;S
20240410;141257;164.78;150;10087281903;S
20240410;141301;164.78;500;10087282411;S
20240410;141301;164.8;2120;10087282443;B
20240410;141301;164.8;20;10087282444;B
20240410;141301;164.8;100;10087282445;B
20240410;141301;164.8;1000;10087282446;B
20240410;141301;164.8;30;10087282447;B
20240410;141301;164.8;130;10087282448;B
20240410;141301;164.8;10;10087282449;B
20240410;141301;164.8;500;10087282450;B
20240410;141301;164.8;10;10087282451;B
20240410;141301;164.8;100;10087282452;B
20240410;141301;164.82;980;10087282453;B
20240410;141302;164.8;10;10087282532;S
20240410;141302;164.82;10;10087282535;B
20240410;141302;164.82;60;10087282562;B
20240410;141303;164.82;10;10087282589;B
20240410;141304;164.82;100;10087282765;B
20240410;141305;164.82;100;10087282792;B
20240410;141306;164.8;80;10087282865;S
20240410;141306;164.78;2170;10087282866;S
20240410;141306;164.78;10;10087282867;S
20240410;141306;164.78;640;10087282868;S
20240410;141307;164.82;120;10087283035;B
20240410;141309;164.82;1120;10087283227;B
20240410;141309;164.82;250;10087283228;B
20240410;141309;164.82;500;10087283229;B
20240410;141309;164.84;10;10087283230;B
20240410;141309;164.84;2500;10087283231;B
20240410;141309;164.84;500;10087283232;B
20240410;141309;164.84;100;10087283233;B
20240410;141309;164.84;250;10087283234;B
20240410;141309;164.86;10;10087283235;B
20240410;141309;164.86;600;10087283236;B
20240410;141309;164.86;2500;10087283237;B
20240410;141309;164.86;10;10087283238;B
20240410;141309;164.86;1000;10087283239;B
20240410;141309;164.86;250;10087283240;B
20240410;141309;164.86;500;10087283241;B
20240410;141309;164.86;610;10087283242;B
20240410;141309;164.88;10;10087283243;B
20240410;141309;164.88;100;10087283244;B
20240410;141309;164.88;10000;10087283245;B
20240410;141309;164.88;1000;10087283246;B
20240410;141309;164.88;500;10087283247;B
20240410;141309;164.88;250;10087283248;B
20240410;141309;164.9;10;10087283249;B
20240410;141309;164.9;60;10087283250;B
20240410;141309;164.9;10;10087283251;B
20240410;141309;164.9;250;10087283252;B
20240410;141309;164.9;500;10087283253;B
20240410;141309;164.9;110;10087283254;B
20240410;141309;164.9;10;10087283255;B
20240410;141309;164.9;1220;10087283256;B
20240410;141309;164.92;10;10087283257;B
20240410;141309;164.92;10000;10087283258;B
20240410;141309;164.92;6060;10087283259;B
20240410;141309;164.92;2000;10087283260;B
20240410;141309;164.92;500;10087283261;B
20240410;141309;164.94;50;10087283262;B
20240410;141309;164.94;20;10087283263;B
20240410;141309;164.94;50;10087283264;B
20240410;141309;164.94;10000;10087283265;B
20240410;141309;164.94;1000;10087283266;B
20240410;141309;164.94;500;10087283267;B
20240410;141309;164.96;20;10087283268;B
20240410;141309;164.96;240;10087283269;B
20240410;141309;164.96;250;10087283270;B
20240410;141309;164.98;200;10087283271;B
20240410;141309;164.98;50;10087283272;B
20240410;141309;164.98;100;10087283273;B
20240410;141309;164.98;10000;10087283274;B
20240410;141309;164.98;10000;10087283275;B
20240410;141309;164.98;10000;10087283276;B
20240410;141309;165;30;10087283277;B
20240410;141309;165;30;10087283278;B
20240410;141309;165;100;10087283279;B
20240410;141309;165;10;10087283280;B
20240410;141309;165;20;10087283281;B
20240410;141309;165;200;10087283282;B
20240410;141309;165;10;10087283283;B
20240410;141309;165;200;10087283284;B
20240410;141309;165;20;10087283285;B
20240410;141309;165;800;10087283286;B
20240410;141309;165;20;10087283287;B
20240410;141309;165;1000;10087283288;B
20240410;141309;165;10;10087283289;B
20240410;141309;165;50;10087283290;B
20240410;141309;165;1770;10087283291;B
20240410;141309;165;120;10087283292;B
20240410;141309;165;100;10087283293;B
20240410;141309;165;100;10087283294;B
20240410;141309;165;400;10087283295;B
20240410;141309;165;500;10087283296;B
20240410;141309;165;10;10087283297;B
20240410;141309;165;70;10087283298;B
20240410;141309;165;70;10087283299;B
20240410;141309;165;4490;10087283300;B
20240410;141309;165;10;10087283301;B
20240410;141309;165;100;10087283302;B
20240410;141309;165;1000;10087283303;B
20240410;141309;165;100;10087283304;B
20240410;141309;165;300;10087283305;B
20240410;141309;165;500;10087283306;B
20240410;141309;165;50;10087283307;B
20240410;141309;165;100;10087283308;B
20240410;141309;165;30;10087283309;B
20240410;141309;165;1890;10087283310;B
20240410;141309;164.98;1000;10087283313;B
20240410;141310;164.98;1000;10087283331;B
20240410;141310;165;2000;10087283381;B
20240410;141311;165;1370;10087283439;B
20240410;141311;164.98;1000;10087283455;S
20240410;141312;164.98;250;10087283536;B
20240410;141313;164.96;10;10087283720;B
20240410;141314;164.96;240;10087283750;B
20240410;141314;164.98;10;10087283751;B
20240410;141315;164.94;1000;10087283826;S
20240410;141315;164.92;1000;10087283827;S
20240410;141315;164.96;100;10087283841;B
20240410;141316;164.94;40;10087283906;B
20240410;141317;164.92;100;10087283998;S
20240410;141317;164.94;100;10087284059;B
20240410;141318;164.9;1000;10087284070;S
20240410;141319;164.92;30;10087284142;B
20240410;141319;164.92;120;10087284178;B
20240410;141319;164.88;20;10087284245;S
20240410;141321;164.9;20;10087284404;B
20240410;141323;164.9;30;10087284547;B
20240410;141323;164.9;20;10087284586;B
20240410;141325;164.9;220;10087284740;B
20240410;141325;164.9;20;10087284741;B
20240410;141327;164.88;90;10087284980;S
20240410;141328;164.88;10;10087285066;S
20240410;141328;164.86;1490;10087285067;S
20240410;141330;164.9;20;10087285274;B
20240410;141331;164.88;10;10087285410;B
20240410;141332;164.88;50;10087285461;B
20240410;141333;164.88;10;10087285563;B
20240410;141333;164.88;10;10087285567;B
20240410;141333;164.88;20;10087285568;B
20240410;141333;164.88;10;10087285574;B
20240410;141333;164.88;10;10087285575;B
20240410;141333;164.88;10;10087285577;B
20240410;141333;164.88;10;10087285581;B
20240410;141333;164.88;10;10087285584;B
20240410;141333;164.88;10;10087285588;B
20240410;141333;164.88;50;10087285589;B
20240410;141333;164.88;10;10087285590;B
20240410;141333;164.88;10;10087285591;B
20240410;141333;164.88;10;10087285599;B
20240410;141333;164.88;10;10087285601;B
20240410;141333;164.88;10;10087285603;B
20240410;141333;164.88;10;10087285604;B
20240410;141333;164.84;100;10087285605;S
20240410;141333;164.88;10;10087285606;B
20240410;141333;164.88;10;10087285607;B
20240410;141333;164.88;10;10087285610;B
20240410;141333;164.88;10;10087285611;B
20240410;141333;164.88;20;10087285612;B
20240410;141334;164.88;10;10087285632;B
20240410;141334;164.88;10;10087285649;B
20240410;141334;164.88;10;10087285650;B
20240410;141334;164.88;10;10087285652;B
20240410;141334;164.88;10;10087285655;B
20240410;141334;164.88;10;10087285666;B
20240410;141334;164.88;10;10087285667;B
20240410;141334;164.88;10;10087285668;B
20240410;141334;164.88;20;10087285669;B
20240410;141334;164.88;30;10087285673;B
20240410;141334;164.88;10;10087285674;B
20240410;141334;164.88;10;10087285676;B
20240410;141334;164.88;10;10087285677;B
20240410;141334;164.88;10;10087285678;B
20240410;141334;164.88;10;10087285680;B
20240410;141334;164.88;10;10087285681;B
20240410;141334;164.88;10;10087285682;B
20240410;141334;164.88;10;10087285684;B
20240410;141334;164.88;10;10087285685;B
20240410;141334;164.88;10;10087285686;B
20240410;141334;164.88;10;10087285687;B
20240410;141334;164.88;10;10087285688;B
20240410;141334;164.88;40;10087285689;B
20240410;141334;164.88;10;10087285694;B
20240410;141334;164.88;10;10087285695;B
20240410;141334;164.88;10;10087285698;B
20240410;141334;164.88;10;10087285700;B
20240410;141334;164.88;10;10087285701;B
20240410;141334;164.88;10;10087285702;B
20240410;141334;164.88;10;10087285703;B
20240410;141334;164.88;10;10087285704;B
20240410;141334;164.88;10;10087285717;B
20240410;141334;164.88;10;10087285719;B
20240410;141334;164.88;10;10087285720;B
20240410;141334;164.88;10;10087285721;B
20240410;141334;164.88;10;10087285723;B
20240410;141334;164.88;10;10087285724;B
20240410;141334;164.88;10;10087285727;B
20240410;141334;164.88;10;10087285728;B
20240410;141334;164.88;10;10087285730;B
20240410;141334;164.88;10;10087285731;B
20240410;141334;164.88;10;10087285732;B
20240410;141334;164.9;20;10087285733;B
20240410;141334;164.9;10;10087285734;B
20240410;141334;164.9;10;10087285735;B
20240410;141334;164.9;10;10087285739;B
20240410;141334;164.9;10;10087285740;B
20240410;141334;164.9;10;10087285742;B
20240410;141334;164.9;20;10087285743;B
20240410;141334;164.9;10;10087285744;B
20240410;141334;164.9;10;10087285745;B
20240410;141334;164.9;10;10087285746;B
20240410;141334;164.9;10;10087285749;B
20240410;141334;164.9;10;10087285750;B
20240410;141334;164.9;10;10087285752;B
20240410;141334;164.9;20;10087285753;B
20240410;141334;164.9;10;10087285754;B
20240410;141334;164.9;10;10087285755;B
20240410;141334;164.9;10;10087285756;B
20240410;141334;164.9;10;10087285760;B
20240410;141334;164.9;10;10087285762;B
20240410;141334;164.9;10;10087285763;B
20240410;141334;164.9;10;10087285764;B
20240410;141334;164.9;10;10087285765;B
20240410;141334;164.9;10;10087285766;B
20240410;141334;164.9;10;10087285768;B
20240410;141334;164.9;10;10087285769;B
20240410;141334;164.9;10;10087285770;B
20240410;141334;164.9;10;10087285771;B
20240410;141334;164.9;10;10087285812;B
20240410;141334;164.9;10;10087285815;B
20240410;141334;164.9;10;10087285818;B
20240410;141334;164.9;10;10087285821;B
20240410;141335;164.9;10;10087285822;B
20240410;141335;164.9;10;10087285823;B
20240410;141335;164.9;10;10087285824;B
20240410;141335;164.9;10;10087285826;B
20240410;141335;164.9;10;10087285827;B
20240410;141335;164.9;10;10087285828;B
20240410;141335;164.9;10;10087285829;B
20240410;141335;164.9;10;10087285831;B
20240410;141335;164.9;10;10087285832;B
20240410;141335;164.9;10;10087285834;B
20240410;141335;164.9;10;10087285835;B
20240410;141335;164.9;10;10087285839;B
20240410;141335;164.9;10;10087285840;B
20240410;141335;164.9;10;10087285841;B
20240410;141335;164.9;10;10087285846;B
20240410;141335;164.9;10;10087285852;B
20240410;141335;164.9;10;10087285855;B
20240410;141335;164.9;10;10087285857;B
20240410;141335;164.9;10;10087285859;B
20240410;141335;164.9;10;10087285860;B
20240410;141335;164.92;10;10087285863;B
20240410;141335;164.92;10;10087285868;B
20240410;141335;164.92;10;10087285870;B
20240410;141335;164.92;10;10087285873;B
20240410;141335;164.92;10;10087285878;B
20240410;141335;164.92;10;10087285879;B
20240410;141335;164.92;10;10087285883;B
20240410;141335;164.92;10;10087285884;B
20240410;141335;164.92;10;10087285886;B
20240410;141335;164.92;10;10087285887;B
20240410;141335;164.92;10;10087285889;B
20240410;141335;164.92;10;10087285894;B
20240410;141335;164.92;10;10087285897;B
20240410;141335;164.92;10;10087285899;B
20240410;141335;164.92;10;10087285903;B
20240410;141335;164.92;10;10087285905;B
20240410;141335;164.92;10;10087285906;B
20240410;141335;164.92;10;10087285910;B
20240410;141335;164.92;10;10087285912;B
20240410;141335;164.92;10;10087285914;B
20240410;141335;164.92;10;10087285915;B
20240410;141335;164.92;10;10087285916;B
20240410;141335;164.92;10;10087285918;B
20240410;141335;164.92;10;10087285919;B
20240410;141335;164.92;10;10087285920;B
20240410;141335;164.92;10;10087285922;B
20240410;141335;164.92;10;10087285925;B
20240410;141335;164.92;10;10087285926;B
20240410;141335;164.92;10;10087285928;B
20240410;141335;164.92;10;10087285930;B
20240410;141335;164.92;10;10087285932;B
20240410;141335;164.92;10;10087285935;B
20240410;141335;164.92;10;10087285936;B
20240410;141335;164.92;10;10087285937;B
20240410;141335;164.92;10;10087285939;B
20240410;141335;164.92;10;10087285940;B
20240410;141335;164.92;10;10087285941;B
20240410;141335;164.92;10;10087285948;B
20240410;141335;164.92;10;10087285956;B
20240410;141335;164.92;10;10087285957;B
20240410;141335;164.92;10;10087285958;B
20240410;141335;164.92;10;10087285960;B
20240410;141335;164.92;10;10087285961;B
20240410;141335;164.92;10;10087285966;B
20240410;141335;164.92;10;10087285972;B
20240410;141335;164.92;10;10087285974;B
20240410;141335;164.92;10;10087285980;B
20240410;141335;164.92;10;10087285981;B
20240410;141335;164.92;10;10087285982;B
20240410;141336;164.92;10;10087285987;B
20240410;141336;164.92;10;10087285988;B
20240410;141336;164.92;10;10087285989;B
20240410;141336;164.92;10;10087285993;B
20240410;141336;164.92;10;10087285994;B
20240410;141336;164.92;10;10087285995;B
20240410;141336;164.92;10;10087285997;B
20240410;141336;164.92;10;10087286002;B
20240410;141336;164.92;10;10087286003;B
20240410;141336;164.92;10;10087286004;B
20240410;141336;164.92;10;10087286006;B
20240410;141336;164.92;10;10087286007;B
20240410;141336;164.92;10;10087286008;B
20240410;141336;164.92;10;10087286009;B
20240410;141336;164.92;10;10087286010;B
20240410;141336;164.92;10;10087286013;B
20240410;141336;164.92;10;10087286018;B
20240410;141336;164.92;10;10087286021;B
20240410;141336;164.92;10;10087286022;B
20240410;141336;164.92;10;10087286023;B
20240410;141336;164.92;20;10087286026;B
20240410;141336;164.92;10;10087286028;B
20240410;141336;164.92;10;10087286029;B
20240410;141336;164.92;10;10087286033;B
20240410;141336;164.92;10;10087286034;B
20240410;141336;164.92;10;10087286038;B
20240410;141336;164.92;10;10087286039;B
20240410;141336;164.92;10;10087286041;B
20240410;141336;164.92;10;10087286043;B
20240410;141336;164.92;10;10087286045;B
20240410;141336;164.92;10;10087286047;B
20240410;141336;164.94;10;10087286048;B
20240410;141336;164.94;10;10087286049;B
20240410;141336;164.94;10;10087286052;B
20240410;141336;164.94;10;10087286053;B
20240410;141336;164.94;20;10087286054;B
20240410;141336;164.94;20;10087286055;B
20240410;141336;164.94;10;10087286062;B
20240410;141336;164.94;10;10087286063;B
20240410;141336;164.94;10;10087286066;B
20240410;141336;164.94;10;10087286067;B
20240410;141336;164.94;10;10087286068;B
20240410;141336;164.94;10;10087286069;B
20240410;141336;164.94;10;10087286076;B
20240410;141336;164.94;10;10087286077;B
20240410;141336;164.94;10;10087286078;B
20240410;141336;164.94;10;10087286079;B
20240410;141336;164.94;10;10087286081;B
20240410;141336;164.94;10;10087286082;B
20240410;141336;164.94;10;10087286083;B
20240410;141336;164.94;10;10087286085;B
20240410;141336;164.94;10;10087286086;B
20240410;141336;164.94;10;10087286088;B
20240410;141336;164.94;20;10087286089;B
20240410;141336;164.94;10;10087286090;B
20240410;141336;164.94;20;10087286091;B
20240410;141336;164.94;10;10087286093;B
20240410;141336;164.94;10;10087286096;B
20240410;141336;164.94;10;10087286097;B
20240410;141336;164.94;10;10087286101;B
20240410;141336;164.94;10;10087286105;B
20240410;141336;164.94;10;10087286107;B
20240410;141336;164.94;10;10087286108;B
20240410;141336;164.94;10;10087286110;B
20240410;141336;164.94;10;10087286112;B
20240410;141336;164.94;10;10087286114;B
20240410;141336;164.94;10;10087286115;B
20240410;141337;164.94;10;10087286133;B
20240410;141337;164.94;10;10087286134;B
20240410;141337;164.94;10;10087286136;B
20240410;141337;164.94;10;10087286138;B
20240410;141337;164.94;10;10087286140;B
20240410;141337;164.9;650;10087286153;S
20240410;141337;164.94;10;10087286156;B
20240410;141337;164.94;20;10087286160;B
20240410;141337;164.94;10;10087286161;B
20240410;141337;164.94;10;10087286162;B
20240410;141337;164.94;10;10087286163;B
20240410;141337;164.94;10;10087286167;B
20240410;141337;164.94;10;10087286168;B
20240410;141337;164.94;10;10087286170;B
20240410;141337;164.94;10;10087286171;B
20240410;141337;164.94;10;10087286174;B
20240410;141337;164.94;10;10087286176;B
20240410;141337;164.94;10;10087286177;B
20240410;141337;164.94;10;10087286185;B
20240410;141337;164.94;10;10087286187;B
20240410;141337;164.94;10;10087286189;B
20240410;141337;164.94;10;10087286190;B
20240410;141337;164.94;10;10087286191;B
20240410;141337;164.94;10;10087286192;B
20240410;141337;164.94;10;10087286193;B
20240410;141337;164.94;10;10087286194;B
20240410;141337;164.94;10;10087286195;B
20240410;141337;164.94;10;10087286196;B
20240410;141337;164.94;10;10087286197;B
20240410;141337;164.94;10;10087286198;B
20240410;141337;164.94;10;10087286199;B
20240410;141337;164.94;10;10087286200;B
20240410;141337;164.94;10;10087286201;B
20240410;141337;164.94;10;10087286202;B
20240410;141337;164.94;10;10087286203;B
20240410;141337;164.94;10;10087286204;B
20240410;141337;164.94;10;10087286205;B
20240410;141337;164.94;10;10087286207;B
20240410;141337;164.94;10;10087286209;B
20240410;141337;164.94;10;10087286210;B
20240410;141337;164.94;30;10087286211;B
20240410;141337;164.94;10;10087286213;B
20240410;141337;164.94;10;10087286214;B
20240410;141337;164.94;10;10087286215;B
20240410;141337;164.94;10;10087286218;B
20240410;141337;164.94;10;10087286219;B
20240410;141337;164.94;10;10087286226;B
20240410;141337;164.94;10;10087286227;B
20240410;141337;164.94;10;10087286229;B
20240410;141337;164.94;10;10087286231;B
20240410;141337;164.94;10;10087286232;B
20240410;141337;164.94;10;10087286233;B
20240410;141337;164.94;30;10087286236;B
20240410;141337;164.94;10;10087286241;B
20240410;141337;164.94;10;10087286242;B
20240410;141337;164.94;10;10087286243;B
20240410;141337;164.94;10;10087286244;B
20240410;141337;164.94;10;10087286247;B
20240410;141337;164.94;10;10087286248;B
20240410;141337;164.94;10;10087286250;B
20240410;141337;164.94;10;10087286253;B
20240410;141338;164.94;10;10087286257;B
20240410;141338;164.94;10;10087286258;B
20240410;141338;164.94;10;10087286259;B
20240410;141338;164.94;10;10087286260;B
20240410;141338;164.94;10;10087286264;B
20240410;141338;164.94;10;10087286267;B
20240410;141338;164.94;10;10087286269;B
20240410;141338;164.94;10;10087286271;B
20240410;141338;164.94;10;10087286274;B
20240410;141338;164.92;10;10087286279;B
20240410;141338;164.92;10;10087286282;B
20240410;141338;164.92;10;10087286285;B
20240410;141338;164.92;10;10087286286;B
20240410;141338;164.92;10;10087286287;B
20240410;141338;164.92;10;10087286290;B
20240410;141338;164.92;10;10087286292;B
20240410;141338;164.92;10;10087286295;B
20240410;141338;164.92;10;10087286296;B
20240410;141338;164.92;10;10087286297;B
20240410;141338;164.92;10;10087286307;B
20240410;141338;164.94;10;10087286314;B
20240410;141338;164.94;10;10087286315;B
20240410;141338;164.94;10;10087286317;B
20240410;141338;164.94;10;10087286320;B
20240410;141338;164.94;10;10087286322;B
20240410;141338;164.94;10;10087286325;B
20240410;141338;164.94;10;10087286329;B
20240410;141338;164.94;10;10087286330;B
20240410;141338;164.94;10;10087286332;B
20240410;141338;164.94;10;10087286334;B
20240410;141338;164.94;10;10087286340;B
20240410;141338;164.94;10;10087286347;B
20240410;141338;164.94;10;10087286348;B
20240410;141338;164.94;10;10087286349;B
20240410;141338;164.94;10;10087286350;B
20240410;141338;164.94;10;10087286351;B
20240410;141338;164.94;10;10087286352;B
20240410;141338;164.94;10;10087286354;B
20240410;141338;164.94;10;10087286355;B
20240410;141338;164.94;10;10087286357;B
20240410;141338;164.94;10;10087286358;B
20240410;141338;164.94;10;10087286359;B
20240410;141338;164.94;10;10087286364;B
20240410;141338;164.94;10;10087286366;B
20240410;141338;164.94;10;10087286367;B
20240410;141338;164.94;10;10087286372;B
20240410;141338;164.94;10;10087286373;B
20240410;141338;164.94;10;10087286374;B
20240410;141338;164.94;10;10087286375;B
20240410;141338;164.94;10;10087286376;B
20240410;141338;164.94;10;10087286379;B
20240410;141338;164.94;20;10087286380;B
20240410;141338;164.94;10;10087286384;B
20240410;141338;164.94;20;10087286385;B
20240410;141338;164.94;10;10087286386;B
20240410;141338;164.94;10;10087286389;B
20240410;141339;164.94;10;10087286403;B
20240410;141339;164.94;10;10087286405;B
20240410;141339;164.94;10;10087286406;B
20240410;141339;164.94;20;10087286407;B
20240410;141339;164.94;10;10087286409;B
20240410;141339;164.94;10;10087286413;B
20240410;141339;164.94;10;10087286414;B
20240410;141339;164.94;10;10087286416;B
20240410;141339;164.94;10;10087286417;B
20240410;141339;164.94;10;10087286418;B
20240410;141339;164.94;10;10087286419;B
20240410;141339;164.94;10;10087286420;B
20240410;141339;164.94;10;10087286423;B
20240410;141339;164.94;10;10087286427;B
20240410;141339;164.94;30;10087286428;B
20240410;141339;164.94;10;10087286430;B
20240410;141339;164.94;10;10087286432;B
20240410;141339;164.94;10;10087286433;B
20240410;141339;164.94;10;10087286434;B
20240410;141339;164.94;10;10087286436;B
20240410;141339;164.92;250;10087286439;S
20240410;141339;164.94;10;10087286443;B
20240410;141339;164.94;10;10087286444;B
20240410;141339;164.94;10;10087286446;B
20240410;141339;164.94;10;10087286451;B
20240410;141339;164.94;10;10087286453;B
20240410;141339;164.94;10;10087286454;B
20240410;141339;164.94;10;10087286455;B
20240410;141339;164.94;10;10087286456;B
20240410;141339;164.94;10;10087286457;B
20240410;141339;164.94;10;10087286458;B
20240410;141339;164.94;10;10087286459;B
20240410;141339;164.94;10;10087286461;B
20240410;141339;164.94;10;10087286471;B
20240410;141339;164.94;10;10087286472;B
20240410;141339;164.94;10;10087286474;B
20240410;141339;164.94;10;10087286476;B
20240410;141339;164.94;10;10087286477;B
20240410;141339;164.94;10;10087286479;B
20240410;141339;164.94;10;10087286484;B
20240410;141339;164.94;10;10087286485;B
20240410;141339;164.94;10;10087286486;B
20240410;141339;164.94;10;10087286504;B
20240410;141339;164.94;10;10087286505;B
20240410;141339;164.94;10;10087286508;B
20240410;141339;164.94;10;10087286509;B
20240410;141339;164.94;10;10087286510;B
20240410;141339;164.94;10;10087286512;B
20240410;141339;164.94;10;10087286514;B
20240410;141339;164.94;60;10087286515;B
20240410;141339;164.94;10;10087286518;B
20240410;141339;164.94;10;10087286519;B
20240410;141339;164.94;10;10087286521;B
20240410;141339;164.94;10;10087286526;B
20240410;141339;164.94;10;10087286530;B
20240410;141339;164.94;10;10087286531;B
20240410;141339;164.94;10;10087286532;B
20240410;141339;164.94;10;10087286535;B
20240410;141339;164.94;10;10087286537;B
20240410;141339;164.94;10;10087286539;B
20240410;141339;164.94;10;10087286545;B
20240410;141339;164.94;10;10087286551;B
20240410;141340;164.94;10;10087286554;B
20240410;141340;164.94;10;10087286557;B
20240410;141340;164.94;10;10087286590;B
20240410;141340;164.94;20;10087286592;B
20240410;141340;164.94;10;10087286593;B
20240410;141340;164.94;10;10087286594;B
20240410;141340;164.94;10;10087286595;B
20240410;141340;164.94;10;10087286597;B
20240410;141340;164.94;10;10087286598;B
20240410;141340;164.94;10;10087286599;B
20240410;141340;164.94;10;10087286600;B
20240410;141340;164.94;10;10087286601;B
20240410;141340;164.94;10;10087286605;B
20240410;141340;164.94;10;10087286606;B
20240410;141340;164.94;10;10087286607;B
20240410;141340;164.94;10;10087286608;B
20240410;141340;164.94;10;10087286609;B
20240410;141340;164.94;10;10087286611;B
20240410;141340;164.94;10;10087286620;B
20240410;141340;164.94;10;10087286621;B
20240410;141340;164.94;10;10087286623;B
20240410;141340;164.94;10;10087286628;B
20240410;141340;164.94;10;10087286629;B
20240410;141340;164.94;10;10087286631;B
20240410;141340;164.94;10;10087286633;B
20240410;141340;164.94;10;10087286636;B
20240410;141340;164.94;10;10087286638;B
20240410;141340;164.94;10;10087286639;B
20240410;141340;164.94;10;10087286650;B
20240410;141340;164.94;10;10087286651;B
20240410;141340;164.94;10;10087286653;B
20240410;141340;164.94;10;10087286659;B
20240410;141340;164.94;10;10087286662;B
20240410;141340;164.94;10;10087286663;B
20240410;141340;164.94;10;10087286664;B
20240410;141340;164.94;10;10087286665;B
20240410;141340;164.94;10;10087286666;B
20240410;141340;164.92;50;10087286684;S
20240410;141341;164.94;10;10087286688;B
20240410;141341;164.94;10;10087286697;B
20240410;141341;164.94;10;10087286711;B
20240410;141341;164.94;10;10087286713;B
20240410;141341;164.94;10;10087286714;B
20240410;141341;164.94;10;10087286720;B
20240410;141341;164.94;10;10087286721;B
20240410;141341;164.94;10;10087286722;B
20240410;141341;164.94;10;10087286723;B
20240410;141341;164.94;150;10087286724;B
20240410;141341;164.94;240;10087286725;B
20240410;141341;164.94;10;10087286728;B
20240410;141341;164.96;10;10087286730;B
20240410;141341;164.96;10;10087286735;B
20240410;141341;164.96;10;10087286740;B
20240410;141341;164.96;20;10087286767;B
20240410;141341;164.96;10;10087286779;B
20240410;141341;164.96;10;10087286782;B
20240410;141342;164.96;10;10087286822;B
20240410;141342;164.94;80;10087286828;S
20240410;141342;164.96;10;10087286832;B
20240410;141342;164.96;10;10087286834;B
20240410;141342;164.96;10;10087286848;B
20240410;141342;164.96;10;10087286850;B
20240410;141342;164.96;10;10087286853;B
20240410;141342;164.96;10;10087286868;B
20240410;141342;164.96;10;10087286870;B
20240410;141342;164.96;10;10087286874;B
20240410;141343;164.96;10;10087286910;B
20240410;141343;164.96;10;10087286926;B
20240410;141343;164.96;70;10087286968;B
20240410;141343;164.98;250;10087286969;B
20240410;141343;164.98;180;10087286970;B
20240410;141346;164.98;10;10087287242;B
20240410;141346;164.98;20;10087287243;B
20240410;141346;165;70;10087287244;B
20240410;141347;164.98;10;10087287292;B
20240410;141350;164.96;10;10087287565;S
20240410;141350;164.92;150;10087287566;S
20240410;141350;164.92;40;10087287567;S
20240410;141350;164.96;10;10087287585;B
20240410;141353;164.94;200;10087288016;B
20240410;141353;164.94;490;10087288017;B
20240410;141353;164.96;140;10087288018;B
20240410;141353;164.96;90;10087288019;B
20240410;141353;164.96;40;10087288040;B
20240410;141357;164.96;10;10087288486;B
20240410;141357;164.96;30;10087288550;B
20240410;141358;164.94;10;10087288648;S
20240410;141358;164.96;10;10087288651;B
20240410;141359;164.94;10;10087288659;S
20240410;141359;164.96;10;10087288675;B
20240410;141400;164.96;40;10087288831;B
20240410;141400;164.94;10;10087288838;S
20240410;141400;164.92;12580;10087288839;S
20240410;141400;164.92;210;10087288840;S
20240410;141400;164.92;80;10087288854;B
20240410;141400;164.92;10;10087288863;B
20240410;141403;164.92;1170;10087289183;B
20240410;141403;164.92;250;10087289184;B
20240410;141403;164.94;580;10087289185;B
20240410;141403;164.9;300;10087289199;S
20240410;141403;164.94;180;10087289246;B
20240410;141403;164.94;1220;10087289247;B
20240410;141403;164.96;60;10087289248;B
20240410;141403;164.96;850;10087289249;B
20240410;141403;164.96;210;10087289250;B
20240410;141403;164.96;250;10087289251;B
20240410;141403;164.96;250;10087289252;B
20240410;141403;164.98;6980;10087289253;B
20240410;141404;164.94;120;10087289304;B
20240410;141406;164.9;100;10087289510;S
20240410;141406;164.94;50;10087289539;B
20240410;141406;164.96;70;10087289540;B
20240410;141407;164.9;10;10087289618;S
20240410;141407;164.96;200;10087289639;B
20240410;141411;164.9;970;10087289996;S
20240410;141413;164.92;10;10087290250;S
20240410;141413;164.94;10;10087290307;B
20240410;141413;164.94;60;10087290308;B
20240410;141416;164.94;10;10087290515;B
20240410;141417;164.92;40;10087290706;S
20240410;141417;164.9;30;10087290707;S
20240410;141418;164.94;10;10087290725;B
20240410;141418;164.94;10;10087290726;B
20240410;141419;164.94;30;10087290851;B
20240410;141420;164.94;90;10087290886;B
20240410;141420;164.94;30;10087290897;B
20240410;141420;164.9;300;10087290934;S
20240410;141421;164.94;10;10087291008;B
20240410;141421;164.94;10;10087291009;B
20240410;141421;164.94;10;10087291010;B
20240410;141421;164.94;10;10087291015;B
20240410;141421;164.94;10;10087291016;B
20240410;141421;164.94;10;10087291018;B
20240410;141421;164.94;10;10087291019;B
20240410;141421;164.94;10;10087291020;B
20240410;141421;164.94;10;10087291021;B
20240410;141421;164.94;10;10087291024;B
20240410;141421;164.94;10;10087291025;B
20240410;141421;164.94;10;10087291026;B
20240410;141421;164.94;10;10087291028;B
20240410;141421;164.94;10;10087291029;B
20240410;141421;164.94;10;10087291030;B
20240410;141421;164.94;10;10087291038;B
20240410;141421;164.94;10;10087291039;B
20240410;141421;164.94;10;10087291040;B
20240410;141421;164.94;10;10087291041;B
20240410;141421;164.94;10;10087291044;B
20240410;141421;164.94;10;10087291050;B
20240410;141421;164.94;10;10087291053;B
20240410;141421;164.94;10;10087291056;B
20240410;141421;164.94;10;10087291059;B
20240410;141421;164.94;10;10087291061;B
20240410;141421;164.94;10;10087291064;B
20240410;141421;164.94;10;10087291065;B
20240410;141421;164.94;10;10087291066;B
20240410;141421;164.94;20;10087291067;B
20240410;141421;164.94;10;10087291068;B
20240410;141421;164.94;10;10087291069;B
20240410;141421;164.94;10;10087291070;B
20240410;141421;164.94;10;10087291071;B
20240410;141421;164.94;10;10087291072;B
20240410;141421;164.94;10;10087291073;B
20240410;141421;164.94;10;10087291075;B
20240410;141421;164.94;10;10087291076;B
20240410;141422;164.94;10;10087291077;B
20240410;141422;164.94;10;10087291083;B
20240410;141422;164.94;10;10087291085;B
20240410;141422;164.94;10;10087291087;B
20240410;141422;164.94;10;10087291088;B
20240410;141422;164.94;10;10087291089;B
20240410;141422;164.94;10;10087291091;B
20240410;141422;164.94;10;10087291098;B
20240410;141422;164.94;10;10087291099;B
20240410;141422;164.94;10;10087291105;B
20240410;141422;164.94;10;10087291111;B
20240410;141422;164.94;10;10087291113;B
20240410;141422;164.94;10;10087291114;B
20240410;141422;164.94;10;10087291115;B
20240410;141422;164.94;20;10087291116;B
20240410;141422;164.94;10;10087291117;B
20240410;141422;164.94;10;10087291119;B
20240410;141422;164.94;10;10087291120;B
20240410;141422;164.94;10;10087291124;B
20240410;141422;164.94;10;10087291125;B
20240410;141422;164.94;10;10087291126;B
20240410;141422;164.96;10;10087291128;B
20240410;141422;164.96;10;10087291132;B
20240410;141422;164.96;10;10087291133;B
20240410;141422;164.96;10;10087291134;B
20240410;141422;164.96;10;10087291136;B
20240410;141422;164.96;10;10087291140;B
20240410;141422;164.96;10;10087291149;B
20240410;141422;164.96;10;10087291152;B
20240410;141422;164.96;10;10087291154;B
20240410;141422;164.96;10;10087291157;B
20240410;141422;164.96;10;10087291158;B
20240410;141422;164.96;10;10087291159;B
20240410;141422;164.96;10;10087291160;B
20240410;141422;164.96;10;10087291164;B
20240410;141422;164.96;10;10087291176;B
20240410;141422;164.96;10;10087291178;B
20240410;141422;164.96;10;10087291179;B
20240410;141422;164.96;10;10087291180;B
20240410;141422;164.96;10;10087291181;B
20240410;141422;164.96;10;10087291185;B
20240410;141423;164.96;30;10087291193;B
20240410;141423;164.92;90;10087291195;S
20240410;141423;164.96;10;10087291217;B
20240410;141423;164.96;10;10087291219;B
20240410;141423;164.96;10;10087291220;B
20240410;141423;164.96;10;10087291221;B
20240410;141423;164.96;10;10087291223;B
20240410;141423;164.96;490;10087291225;B
20240410;141423;164.96;10;10087291229;B
20240410;141423;164.96;10;10087291233;B
20240410;141423;164.96;10;10087291234;B
20240410;141423;164.96;10;10087291235;B
20240410;141423;164.96;10;10087291236;B
20240410;141423;164.96;10;10087291237;B
20240410;141423;164.96;10;10087291238;B
20240410;141423;164.96;10;10087291239;B
20240410;141423;164.96;10;10087291240;B
20240410;141423;164.96;10;10087291241;B
20240410;141423;164.96;10;10087291243;B
20240410;141423;164.96;10;10087291246;B
20240410;141423;164.96;10;10087291248;B
20240410;141423;164.96;10;10087291253;B
20240410;141423;164.96;10;10087291255;B
20240410;141423;164.96;10;10087291256;B
20240410;141423;164.96;300;10087291266;B
20240410;141423;164.96;10;10087291271;B
20240410;141423;164.96;10;10087291277;B
20240410;141423;164.96;10;10087291290;B
20240410;141423;164.96;10;10087291292;B
20240410;141423;164.96;10;10087291293;B
20240410;141423;164.96;10;10087291294;B
20240410;141423;164.96;10;10087291297;B
20240410;141423;164.96;10;10087291298;B
20240410;141423;164.96;10;10087291300;B
20240410;141423;164.96;10;10087291301;B
20240410;141423;164.96;10;10087291302;B
20240410;141423;164.96;10;10087291303;B
20240410;141423;164.96;10;10087291305;B
20240410;141423;164.96;10;10087291312;B
20240410;141423;164.96;10;10087291314;B
20240410;141423;164.96;10;10087291315;B
20240410;141423;164.96;10;10087291350;B
20240410;141423;164.96;10;10087291352;B
20240410;141423;164.96;10;10087291353;B
20240410;141423;164.96;10;10087291354;B
20240410;141423;164.96;10;10087291355;B
20240410;141423;164.96;10;10087291356;B
20240410;141424;164.96;10;10087291358;B
20240410;141424;164.96;10;10087291364;B
20240410;141424;164.96;20;10087291365;B
20240410;141424;164.96;10;10087291367;B
20240410;141424;164.96;10;10087291371;B
20240410;141424;164.96;10;10087291376;B
20240410;141424;164.96;10;10087291377;B
20240410;141424;164.96;10;10087291378;B
20240410;141424;164.96;10;10087291379;B
20240410;141424;164.96;10;10087291381;B
20240410;141424;164.96;10;10087291386;B
20240410;141424;164.96;10;10087291387;B
20240410;141424;164.96;10;10087291390;B
20240410;141424;164.96;10;10087291393;B
20240410;141424;164.96;10;10087291397;B
20240410;141424;164.96;10;10087291405;B
20240410;141424;164.96;10;10087291407;B
20240410;141424;164.96;10;10087291414;B
20240410;141424;164.96;10;10087291418;B
20240410;141424;164.96;10;10087291419;B
20240410;141424;164.96;10;10087291420;B
20240410;141424;164.96;10;10087291422;B
20240410;141424;164.96;10;10087291423;B
20240410;141424;164.96;10;10087291424;B
20240410;141424;164.96;10;10087291428;B
20240410;141424;164.96;10;10087291450;B
20240410;141424;164.96;10;10087291454;B
20240410;141424;164.96;10;10087291462;B
20240410;141424;164.96;10;10087291464;B
20240410;141424;164.96;10;10087291468;B
20240410;141424;164.96;10;10087291470;B
20240410;141425;164.96;10;10087291471;B
20240410;141425;164.96;10;10087291472;B
20240410;141425;164.96;10;10087291475;B
20240410;141425;164.96;10;10087291477;B
20240410;141425;164.96;10;10087291480;B
20240410;141425;164.96;10;10087291482;B
20240410;141425;164.96;10;10087291483;B
20240410;141425;164.96;10;10087291485;B
20240410;141425;164.96;10;10087291487;B
20240410;141425;164.96;10;10087291489;B
20240410;141425;164.96;10;10087291490;B
20240410;141425;164.96;10;10087291493;B
20240410;141425;164.96;10;10087291494;B
20240410;141425;164.96;10;10087291496;B
20240410;141425;164.96;10;10087291498;B
20240410;141425;164.96;10;10087291499;B
20240410;141425;164.96;10;10087291500;B
20240410;141425;164.96;10;10087291502;B
20240410;141425;164.96;10;10087291504;B
20240410;141425;164.96;10;10087291505;B
20240410;141425;164.96;10;10087291513;B
20240410;141425;164.96;10;10087291528;B
20240410;141425;164.96;10;10087291529;B
20240410;141425;164.96;10;10087291536;B
20240410;141425;164.96;10;10087291542;B
20240410;141425;164.96;10;10087291549;B
20240410;141425;164.96;10;10087291556;B
20240410;141425;164.96;10;10087291558;B
20240410;141425;164.96;10;10087291559;B
20240410;141425;164.96;10;10087291560;B
20240410;141425;164.96;10;10087291564;B
20240410;141425;164.96;10;10087291565;B
20240410;141425;164.96;10;10087291569;B
20240410;141425;164.96;10;10087291571;B
20240410;141425;164.96;10;10087291573;B
20240410;141425;164.96;10;10087291574;B
20240410;141425;164.96;10;10087291575;B
20240410;141426;164.96;10;10087291593;B
20240410;141426;164.96;10;10087291594;B
20240410;141426;164.94;10;10087291598;B
20240410;141426;164.94;10;10087291599;B
20240410;141426;164.94;10;10087291600;B
20240410;141426;164.94;10;10087291603;B
20240410;141426;164.94;10;10087291604;B
20240410;141426;164.94;10;10087291607;B
20240410;141426;164.94;10;10087291609;B
20240410;141426;164.94;10;10087291613;B
20240410;141426;164.94;10;10087291614;B
20240410;141426;164.94;10;10087291615;B
20240410;141426;164.94;10;10087291616;B
20240410;141426;164.94;10;10087291620;B
20240410;141426;164.94;10;10087291621;B
20240410;141426;164.94;10;10087291623;B
20240410;141426;164.94;10;10087291628;B
20240410;141426;164.94;10;10087291630;B
20240410;141426;164.94;10;10087291631;B
20240410;141426;164.92;10;10087291635;S
20240410;141426;164.92;240;10087291636;S
20240410;141426;164.92;10;10087291637;B
20240410;141426;164.92;10;10087291644;B
20240410;141426;164.92;10;10087291645;B
20240410;141426;164.92;10;10087291646;B
20240410;141426;164.92;10;10087291647;B
20240410;141426;164.92;10;10087291649;B
20240410;141426;164.92;10;10087291651;B
20240410;141426;164.92;10;10087291652;B
20240410;141426;164.92;10;10087291653;B
20240410;141426;164.92;10;10087291654;B
20240410;141426;164.92;10;10087291655;B
20240410;141426;164.92;10;10087291656;B
20240410;141426;164.92;10;10087291658;B
20240410;141426;164.92;10;10087291659;B
20240410;141426;164.92;10;10087291661;B
20240410;141426;164.92;10;10087291663;B
20240410;141426;164.92;10;10087291664;B
20240410;141426;164.92;10;10087291666;B
20240410;141426;164.92;10;10087291671;B
20240410;141426;164.92;10;10087291676;B
20240410;141426;164.92;10;10087291677;B
20240410;141426;164.92;10;10087291682;B
20240410;141426;164.92;10;10087291688;B
20240410;141426;164.92;10;10087291690;B
20240410;141426;164.92;10;10087291691;B
20240410;141426;164.92;10;10087291692;B
20240410;141426;164.92;10;10087291696;B
20240410;141426;164.92;10;10087291697;B
20240410;141426;164.92;10;10087291698;B
20240410;141426;164.92;10;10087291699;B
20240410;141426;164.92;10;10087291702;B
20240410;141426;164.92;20;10087291705;B
20240410;141426;164.92;10;10087291706;B
20240410;141426;164.92;10;10087291707;B
20240410;141426;164.92;10;10087291708;B
20240410;141426;164.92;10;10087291753;B
20240410;141426;164.92;10;10087291754;B
20240410;141426;164.92;10;10087291755;B
20240410;141426;164.92;10;10087291757;B
20240410;141427;164.92;10;10087291759;B
20240410;141427;164.92;10;10087291760;B
20240410;141427;164.92;10;10087291767;B
20240410;141427;164.92;10;10087291768;B
20240410;141427;164.92;10;10087291772;B
20240410;141427;164.92;10;10087291774;B
20240410;141427;164.92;10;10087291778;B
20240410;141427;164.92;10;10087291779;B
20240410;141427;164.92;10;10087291786;B
20240410;141427;164.92;10;10087291787;B
20240410;141427;164.92;10;10087291790;B
20240410;141427;164.92;10;10087291792;B
20240410;141427;164.92;10;10087291794;B
20240410;141427;164.92;10;10087291795;B
20240410;141427;164.92;10;10087291798;B
20240410;141427;164.92;10;10087291799;B
20240410;141427;164.92;10;10087291803;B
20240410;141427;164.92;10;10087291810;B
20240410;141427;164.92;10;10087291836;B
20240410;141427;164.92;10;10087291837;B
20240410;141427;164.92;10;10087291841;B
20240410;141427;164.92;10;10087291844;B
20240410;141427;164.92;10;10087291846;B
20240410;141427;164.92;10;10087291848;B
20240410;141427;164.92;10;10087291849;B
20240410;141427;164.92;10;10087291853;B
20240410;141427;164.92;10;10087291857;B
20240410;141427;164.92;10;10087291866;B
20240410;141427;164.92;10;10087291867;B
20240410;141427;164.92;10;10087291870;B
20240410;141427;164.92;10;10087291871;B
20240410;141427;164.92;10;10087291874;B
20240410;141427;164.92;10;10087291875;B
20240410;141427;164.92;10;10087291877;B
20240410;141427;164.92;10;10087291879;B
20240410;141427;164.92;10;10087291881;B
20240410;141427;164.92;20;10087291882;B
20240410;141427;164.92;10;10087291886;B
20240410;141427;164.92;10;10087291888;B
20240410;141427;164.92;10;10087291909;B
20240410;141427;164.92;10;10087291912;B
20240410;141427;164.92;10;10087291931;B
20240410;141427;164.92;10;10087291935;B
20240410;141428;164.92;10;10087291941;B
20240410;141428;164.92;10;10087291943;B
20240410;141428;164.92;10;10087291944;B
20240410;141428;164.92;10;10087291946;B
20240410;141428;164.92;10;10087291949;B
20240410;141428;164.92;10;10087291961;B
20240410;141428;164.92;10;10087291969;B
20240410;141428;164.92;10;10087291981;B
20240410;141428;164.92;10;10087292012;B
20240410;141428;164.92;10;10087292022;B
20240410;141428;164.92;10;10087292028;B
20240410;141428;164.92;10;10087292046;B
20240410;141428;164.92;10;10087292053;B
20240410;141428;164.92;10;10087292060;B
20240410;141428;164.92;10;10087292061;B
20240410;141428;164.92;10;10087292062;B
20240410;141428;164.9;50;10087292067;S
20240410;141428;164.92;10;10087292074;B
20240410;141428;164.92;10;10087292080;B
20240410;141429;164.92;10;10087292115;B
20240410;141429;164.92;10;10087292120;B
20240410;141429;164.92;10;10087292121;B
20240410;141429;164.92;10;10087292131;B
20240410;141429;164.92;10;10087292143;B
20240410;141429;164.92;10;10087292155;B
20240410;141429;164.92;10;10087292156;B
20240410;141429;164.92;10;10087292171;B
20240410;141429;164.92;10;10087292187;B
20240410;141429;164.92;10;10087292188;B
20240410;141429;164.92;10;10087292222;B
20240410;141429;164.92;10;10087292229;B
20240410;141430;164.92;10;10087292271;B
20240410;141430;164.92;10;10087292293;B
20240410;141430;164.92;10;10087292295;B
20240410;141430;164.92;10;10087292327;B
20240410;141430;164.92;10;10087292340;B
20240410;141431;164.9;10;10087292459;S
20240410;141432;164.9;860;10087292521;S
20240410;141432;164.92;20;10087292565;B
20240410;141434;164.92;50;10087292833;B
20240410;141434;164.9;70;10087292867;S
20240410;141436;164.92;120;10087293087;B
20240410;141436;164.92;10;10087293132;B
20240410;141438;164.92;240;10087293326;B
20240410;141438;164.92;250;10087293327;B
20240410;141438;164.92;110;10087293328;B
20240410;141439;164.92;100;10087293435;B
20240410;141441;164.9;20;10087293722;S
20240410;141443;164.92;770;10087293967;B
20240410;141443;164.92;90;10087293971;B
20240410;141446;164.92;30;10087294267;B
20240410;141449;164.92;100;10087294508;B
20240410;141453;164.9;1630;10087295050;S
20240410;141453;164.9;150;10087295051;S
20240410;141453;164.9;8220;10087295052;S
20240410;141453;164.92;10;10087295076;B
20240410;141454;164.92;290;10087295350;B
20240410;141454;164.92;310;10087295351;B
20240410;141454;164.92;10;10087295368;B
20240410;141455;164.92;500;10087295627;B
20240410;141457;164.92;250;10087295851;B
20240410;141457;164.92;30;10087295852;B
20240410;141458;164.9;10;10087296099;S
20240410;141500;164.92;1190;10087296403;B
20240410;141500;164.92;200;10087296404;B
20240410;141500;164.94;150;10087296405;B
20240410;141500;164.94;1080;10087296406;B
20240410;141500;164.96;1530;10087296407;B
20240410;141500;164.96;350;10087296408;B
20240410;141500;164.96;410;10087296409;B
20240410;141500;164.96;10;10087296410;B
20240410;141500;164.96;110;10087296411;B
20240410;141500;164.96;310;10087296412;B
20240410;141500;164.98;2990;10087296413;B
20240410;141500;164.98;40;10087296414;B
20240410;141500;164.98;10;10087296415;B
20240410;141500;164.98;90;10087296416;B
20240410;141500;164.98;280;10087296417;B
20240410;141500;164.98;10;10087296418;B
20240410;141500;164.98;50;10087296419;B
20240410;141500;164.98;50;10087296420;B
20240410;141500;164.98;10;10087296421;B
20240410;141500;164.98;200;10087296422;B
20240410;141500;165;930;10087296423;B
20240410;141501;164.98;10;10087296552;B
20240410;141501;164.98;70;10087296577;B
20240410;141501;164.98;10;10087296605;B
20240410;141501;164.92;110;10087296624;S
20240410;141502;164.92;1000;10087296681;S
20240410;141502;164.94;30;10087296912;B
20240410;141504;164.94;10;10087297403;B
20240410;141504;164.94;10;10087297406;B
20240410;141504;164.94;10;10087297413;B
20240410;141504;164.94;10;10087297417;B
20240410;141504;164.94;10;10087297426;B
20240410;141504;164.94;10;10087297464;B
20240410;141504;164.94;10;10087297467;B
20240410;141504;164.94;10;10087297478;B
20240410;141504;164.94;30;10087297479;B
20240410;141504;164.94;10;10087297480;B
20240410;141505;164.94;10;10087297517;B
20240410;141505;164.94;20;10087297523;B
20240410;141505;164.94;10;10087297544;B
20240410;141505;164.94;10;10087297563;B
20240410;141505;164.94;20;10087297574;B
20240410;141505;164.94;10;10087297582;B
20240410;141505;164.94;10;10087297583;B
20240410;141505;164.94;10;10087297584;B
20240410;141505;164.94;10;10087297610;B
20240410;141505;164.94;10;10087297618;B
20240410;141505;164.94;10;10087297621;B
20240410;141505;164.94;10;10087297622;B
20240410;141505;164.94;10;10087297623;B
20240410;141505;164.94;10;10087297624;B
20240410;141505;164.94;10;10087297629;B
20240410;141505;164.94;10;10087297634;B
20240410;141505;164.94;10;10087297639;B
20240410;141505;164.94;50;10087297643;B
20240410;141505;164.94;10;10087297670;B
20240410;141505;164.94;20;10087297675;B
20240410;141505;164.94;10;10087297677;B
20240410;141505;164.94;10;10087297683;B
20240410;141505;164.94;60;10087297684;B
20240410;141505;164.94;10;10087297685;B
20240410;141505;164.94;10;10087297688;B
20240410;141505;164.94;10;10087297700;B
20240410;141505;164.94;10;10087297704;B
20240410;141505;164.94;10;10087297711;B
20240410;141505;164.94;10;10087297721;B
20240410;141505;164.94;10;10087297727;B
20240410;141505;164.94;10;10087297730;B
20240410;141506;164.94;10;10087297732;B
20240410;141506;164.94;10;10087297735;B
20240410;141506;164.94;10;10087297738;B
20240410;141506;164.94;10;10087297739;B
20240410;141506;164.94;10;10087297741;B
20240410;141506;164.94;10;10087297745;B
20240410;141506;164.94;10;10087297746;B
20240410;141506;164.94;10;10087297751;B
20240410;141506;164.96;20;10087297769;B
20240410;141506;164.96;10;10087297773;B
20240410;141506;164.96;10;10087297784;B
20240410;141506;164.96;10;10087297793;B
20240410;141506;164.96;10;10087297804;B
20240410;141506;164.96;10;10087297808;B
20240410;141506;164.96;10;10087297809;B
20240410;141506;164.96;10;10087297810;B
20240410;141506;164.96;10;10087297811;B
20240410;141506;164.96;10;10087297812;B
20240410;141506;164.96;10;10087297813;B
20240410;141506;164.96;10;10087297814;B
20240410;141506;164.96;10;10087297851;B
20240410;141506;164.96;10;10087297857;B
20240410;141506;164.96;20;10087297862;B
20240410;141506;164.96;10;10087297865;B
20240410;141506;164.96;10;10087297873;B
20240410;141506;164.96;10;10087297907;B
20240410;141506;164.96;10;10087297915;B
20240410;141507;164.96;10;10087297920;B
20240410;141507;164.96;10;10087297923;B
20240410;141507;164.96;10;10087297925;B
20240410;141507;164.96;10;10087297927;B
20240410;141507;164.96;10;10087297929;B
20240410;141507;164.96;10;10087297932;B
20240410;141507;164.96;10;10087297935;B
20240410;141507;164.96;10;10087297936;B
20240410;141507;164.96;10;10087297937;B
20240410;141507;164.96;10;10087297938;B
20240410;141507;164.96;10;10087297944;B
20240410;141507;164.96;10;10087297945;B
20240410;141507;164.96;10;10087297954;B
20240410;141507;164.96;10;10087297957;B
20240410;141507;164.96;10;10087297962;B
20240410;141507;164.96;10;10087297968;B
20240410;141507;164.96;10;10087297973;B
20240410;141507;164.96;10;10087297983;B
20240410;141507;164.96;10;10087297987;B
20240410;141507;164.96;10;10087297989;B
20240410;141507;164.96;10;10087297990;B
20240410;141507;164.96;10;10087297991;B
20240410;141507;164.96;10;10087297993;B
20240410;141507;164.96;10;10087297997;B
20240410;141507;164.96;10;10087298001;B
20240410;141507;164.96;10;10087298003;B
20240410;141507;164.96;20;10087298009;B
20240410;141507;164.96;10;10087298010;B
20240410;141507;164.96;10;10087298023;B
20240410;141507;164.96;10;10087298024;B
20240410;141507;164.96;10;10087298025;B
20240410;141507;164.96;10;10087298026;B
20240410;141507;164.96;10;10087298028;B
20240410;141507;164.96;10;10087298031;B
20240410;141507;164.96;10;10087298036;B
20240410;141507;164.96;10;10087298040;B
20240410;141507;164.96;10;10087298042;B
20240410;141507;164.96;10;10087298043;B
20240410;141507;164.96;10;10087298048;B
20240410;141507;164.96;10;10087298051;B
20240410;141507;164.96;10;10087298052;B
20240410;141507;164.96;10;10087298058;B
20240410;141507;164.96;10;10087298060;B
20240410;141507;164.96;10;10087298062;B
20240410;141507;164.96;10;10087298064;B
20240410;141507;164.96;10;10087298066;B
20240410;141507;164.96;10;10087298067;B
20240410;141507;164.96;10;10087298068;B
20240410;141508;164.96;10;10087298070;B
20240410;141508;164.96;10;10087298071;B
20240410;141508;164.96;10;10087298072;B
20240410;141508;164.96;10;10087298076;B
20240410;141508;164.96;10;10087298080;B
20240410;141508;164.96;10;10087298081;B
20240410;141508;164.96;10;10087298083;B
20240410;141508;164.96;10;10087298085;B
20240410;141508;164.96;10;10087298087;B
20240410;141508;164.96;10;10087298094;B
20240410;141508;164.96;10;10087298095;B
20240410;141508;164.96;10;10087298097;B
20240410;141508;164.96;10;10087298100;B
20240410;141508;164.96;10;10087298103;B
20240410;141508;164.96;10;10087298105;B
20240410;141508;164.96;10;10087298111;B
20240410;141508;164.96;10;10087298113;B
20240410;141508;164.96;10;10087298114;B
20240410;141508;164.96;10;10087298115;B
20240410;141508;164.96;10;10087298117;B
20240410;141508;164.96;10;10087298120;B
20240410;141508;164.96;10;10087298121;B
20240410;141508;164.96;10;10087298122;B
20240410;141508;164.96;10;10087298125;B
20240410;141508;164.96;10;10087298126;B
20240410;141508;164.96;10;10087298127;B
20240410;141508;164.96;10;10087298128;B
20240410;141508;164.96;10;10087298130;B
20240410;141508;164.96;10;10087298131;B
20240410;141508;164.96;10;10087298136;B
20240410;141508;164.96;10;10087298143;B
20240410;141508;164.98;10;10087298152;B
20240410;141508;164.98;10;10087298164;B
20240410;141508;164.98;10;10087298165;B
20240410;141508;164.98;10;10087298166;B
20240410;141508;164.98;10;10087298167;B
20240410;141508;164.98;10;10087298168;B
20240410;141508;164.98;10;10087298169;B
20240410;141508;164.98;10;10087298170;B
20240410;141508;164.98;10;10087298171;B
20240410;141509;164.98;10;10087298173;B
20240410;141509;164.98;10;10087298179;B
20240410;141509;164.98;10;10087298181;B
20240410;141509;164.98;10;10087298188;B
20240410;141509;164.98;10;10087298191;B
20240410;141509;164.98;10;10087298196;B
20240410;141509;164.98;10;10087298199;B
20240410;141509;164.98;10;10087298202;B
20240410;141509;164.98;10;10087298214;B
20240410;141509;164.98;10;10087298215;B
20240410;141509;164.98;10;10087298216;B
20240410;141509;164.98;10;10087298218;B
20240410;141509;164.98;10;10087298219;B
20240410;141509;164.98;10;10087298220;B
20240410;141509;164.98;10;10087298221;B
20240410;141509;164.98;10;10087298222;B
20240410;141509;164.98;10;10087298224;B
20240410;141509;164.98;10;10087298226;B
20240410;141509;164.98;10;10087298227;B
20240410;141509;164.98;10;10087298229;B
20240410;141509;164.98;10;10087298234;B
20240410;141509;164.98;10;10087298235;B
20240410;141509;164.98;10;10087298236;B
20240410;141509;164.98;10;10087298240;B
20240410;141509;164.98;10;10087298250;B
20240410;141509;164.98;10;10087298255;B
20240410;141509;164.98;10;10087298258;B
20240410;141509;164.98;10;10087298260;B
20240410;141509;164.98;10;10087298261;B
20240410;141509;164.98;10;10087298262;B
20240410;141509;164.98;10;10087298267;B
20240410;141509;164.98;10;10087298278;B
20240410;141509;164.98;10;10087298279;B
20240410;141509;164.98;10;10087298288;B
20240410;141509;164.98;10;10087298290;B
20240410;141510;164.98;10;10087298305;B
20240410;141510;164.98;20;10087298306;B
20240410;141510;164.98;10;10087298307;B
20240410;141510;164.98;10;10087298309;B
20240410;141510;164.98;10;10087298312;B
20240410;141510;164.98;10;10087298313;B
20240410;141510;164.98;10;10087298315;B
20240410;141510;164.98;10;10087298323;B
20240410;141510;164.98;10;10087298342;B
20240410;141510;164.98;10;10087298344;B
20240410;141510;164.98;10;10087298346;B
20240410;141510;164.98;10;10087298348;B
20240410;141510;164.98;10;10087298354;B
20240410;141510;164.98;10;10087298355;B
20240410;141510;164.98;10;10087298358;B
20240410;141510;164.98;10;10087298360;B
20240410;141510;164.98;10;10087298362;B
20240410;141510;164.98;10;10087298363;B
20240410;141510;164.98;10;10087298368;B
20240410;141510;164.98;10;10087298369;B
20240410;141510;164.98;10;10087298371;B
20240410;141510;164.98;10;10087298372;B
20240410;141510;164.98;40;10087298375;B
20240410;141510;164.98;10;10087298380;B
20240410;141510;164.98;10;10087298389;B
20240410;141510;164.98;10;10087298393;B
20240410;141511;164.98;10;10087298398;B
20240410;141511;164.96;10;10087298402;B
20240410;141511;164.96;10;10087298403;B
20240410;141511;164.96;10;10087298405;B
20240410;141511;164.96;10;10087298406;B
20240410;141511;164.96;10;10087298416;B
20240410;141511;164.98;10;10087298418;B
20240410;141511;164.98;10;10087298420;B
20240410;141511;164.98;10;10087298421;B
20240410;141511;164.98;10;10087298423;B
20240410;141511;164.98;10;10087298436;B
20240410;141511;164.98;10;10087298437;B
20240410;141511;164.98;10;10087298449;B
20240410;141511;164.98;10;10087298451;B
20240410;141511;164.98;10;10087298462;B
20240410;141511;164.98;10;10087298465;B
20240410;141511;164.98;10;10087298466;B
20240410;141511;164.98;10;10087298478;B
20240410;141511;164.98;10;10087298483;B
20240410;141511;164.98;10;10087298492;B
20240410;141511;164.98;10;10087298494;B
20240410;141511;164.98;10;10087298495;B
20240410;141511;164.98;10;10087298498;B
20240410;141511;164.98;10;10087298501;B
20240410;141511;164.98;10;10087298502;B
20240410;141511;164.98;10;10087298503;B
20240410;141511;164.98;10;10087298504;B
20240410;141512;164.98;10;10087298507;B
20240410;141512;164.98;10;10087298508;B
20240410;141512;164.98;10;10087298515;B
20240410;141512;164.98;10;10087298519;B
20240410;141512;164.98;10;10087298521;B
20240410;141512;164.98;10;10087298523;B
20240410;141512;164.98;10;10087298524;B
20240410;141512;164.98;20;10087298545;B
20240410;141512;164.98;20;10087298547;B
20240410;141512;164.98;10;10087298550;B
20240410;141512;164.98;10;10087298551;B
20240410;141512;164.98;10;10087298552;B
20240410;141512;164.98;10;10087298556;B
20240410;141512;164.98;10;10087298557;B
20240410;141512;164.98;10;10087298558;B
20240410;141512;164.98;10;10087298560;B
20240410;141512;164.98;10;10087298562;B
20240410;141512;164.98;10;10087298563;B
20240410;141512;164.98;10;10087298567;B
20240410;141512;164.98;10;10087298569;B
20240410;141512;164.98;10;10087298570;B
20240410;141512;164.98;10;10087298571;B
20240410;141512;164.98;10;10087298572;B
20240410;141512;164.98;10;10087298575;B
20240410;141512;164.98;10;10087298607;B
20240410;141512;164.98;10;10087298608;B
20240410;141512;164.98;20;10087298609;B
20240410;141512;164.98;3480;10087298612;B
20240410;141512;164.98;10;10087298613;B
20240410;141512;164.98;10;10087298616;B
20240410;141512;164.98;10;10087298622;B
20240410;141512;164.98;10;10087298626;B
20240410;141512;164.98;10;10087298627;B
20240410;141512;164.98;10;10087298629;B
20240410;141512;164.98;10;10087298630;B
20240410;141512;164.98;10;10087298631;B
20240410;141512;164.98;10;10087298632;B
20240410;141512;164.98;10;10087298641;B
20240410;141512;164.98;10;10087298652;B
20240410;141512;164.98;10;10087298654;B
20240410;141512;164.98;10;10087298655;B
20240410;141512;164.98;30;10087298658;B
20240410;141512;164.98;10;10087298660;B
20240410;141512;164.98;10;10087298661;B
20240410;141512;164.98;10;10087298662;B
20240410;141512;164.98;10;10087298665;B
20240410;141512;164.98;10;10087298669;B
20240410;141512;164.98;10;10087298672;B
20240410;141512;164.98;10;10087298675;B
20240410;141513;164.98;10;10087298679;B
20240410;141513;164.98;10;10087298680;B
20240410;141513;164.98;10;10087298682;B
20240410;141513;164.98;10;10087298685;B
20240410;141513;164.98;10;10087298686;B
20240410;141513;164.98;10;10087298688;B
20240410;141513;164.98;40;10087298691;B
20240410;141513;164.98;10;10087298692;B
20240410;141513;164.98;10;10087298693;B
20240410;141513;164.98;10;10087298694;B
20240410;141513;164.98;10;10087298711;B
20240410;141513;164.98;10;10087298715;B
20240410;141513;164.98;10;10087298717;B
20240410;141513;164.98;10;10087298719;B
20240410;141513;164.98;40;10087298721;B
20240410;141513;164.98;10;10087298723;B
20240410;141513;164.98;10;10087298727;B
20240410;141513;164.98;10;10087298732;B
20240410;141513;164.98;10;10087298741;B
20240410;141513;164.98;10;10087298742;B
20240410;141513;164.98;10;10087298744;B
20240410;141513;164.98;10;10087298745;B
20240410;141513;164.98;10;10087298746;B
20240410;141513;164.98;10;10087298747;B
20240410;141513;164.98;10;10087298748;B
20240410;141513;164.98;10;10087298749;B
20240410;141513;164.98;10;10087298750;B
20240410;141513;164.98;10;10087298751;B
20240410;141513;164.98;10;10087298752;B
20240410;141513;164.98;10;10087298753;B
20240410;141513;164.98;10;10087298756;B
20240410;141513;164.98;10;10087298757;B
20240410;141513;164.98;10;10087298766;B
20240410;141513;164.98;10;10087298767;B
20240410;141513;164.98;10;10087298769;B
20240410;141513;164.98;10;10087298772;B
20240410;141513;164.98;10;10087298774;B
20240410;141513;164.98;10;10087298776;B
20240410;141513;164.98;10;10087298784;B
20240410;141513;164.98;10;10087298785;B
20240410;141513;164.98;10;10087298786;B
20240410;141513;164.98;10;10087298789;B
20240410;141513;164.98;10;10087298791;B
20240410;141513;164.98;10;10087298793;B
20240410;141513;164.98;10;10087298799;B
20240410;141513;164.98;10;10087298801;B
20240410;141514;164.98;10;10087298802;B
20240410;141514;164.98;10;10087298804;B
20240410;141514;164.98;10;10087298807;B
20240410;141514;164.98;10;10087298809;B
20240410;141514;164.98;10;10087298810;B
20240410;141514;164.98;10;10087298811;B
20240410;141514;164.98;10;10087298812;B
20240410;141514;164.98;10;10087298813;B
20240410;141514;164.98;10;10087298815;B
20240410;141514;164.98;10;10087298818;B
20240410;141514;164.98;10;10087298855;B
20240410;141514;164.98;20;10087298856;B
20240410;141514;164.98;10;10087298858;B
20240410;141514;164.98;10;10087298860;B
20240410;141514;164.98;10;10087298861;B
20240410;141514;164.98;10;10087298862;B
20240410;141514;164.98;10;10087298863;B
20240410;141514;164.98;10;10087298864;B
20240410;141514;164.98;10;10087298865;B
20240410;141514;164.98;10;10087298866;B
20240410;141514;164.98;10;10087298869;B
20240410;141514;164.98;10;10087298870;B
20240410;141514;164.98;10;10087298871;B
20240410;141514;164.98;10;10087298872;B
20240410;141514;164.98;10;10087298873;B
20240410;141514;164.98;10;10087298875;B
20240410;141514;164.98;10;10087298876;B
20240410;141514;164.98;10;10087298878;B
20240410;141514;164.98;10;10087298897;B
20240410;141514;164.98;10;10087298898;B
20240410;141514;164.98;10;10087298899;B
20240410;141514;164.98;10;10087298903;B
20240410;141514;164.98;10;10087298904;B
20240410;141514;164.98;10;10087298908;B
20240410;141514;164.98;10;10087298910;B
20240410;141514;164.98;10;10087298914;B
20240410;141514;164.98;20;10087298917;B
20240410;141514;164.98;10;10087298919;B
20240410;141514;164.98;10;10087298924;B
20240410;141514;164.98;10;10087298925;B
20240410;141514;164.98;10;10087298931;B
20240410;141514;164.98;10;10087298933;B
20240410;141514;164.98;10;10087298937;B
20240410;141514;164.98;10;10087298938;B
20240410;141514;164.98;10;10087298939;B
20240410;141514;164.98;10;10087298950;B
20240410;141514;164.98;10;10087298960;B
20240410;141515;164.98;10;10087298964;B
20240410;141515;164.98;10;10087298965;B
20240410;141515;164.98;10;10087298970;B
20240410;141515;164.98;10;10087298971;B
20240410;141515;164.98;10;10087298972;B
20240410;141515;164.94;100;10087298977;S
20240410;141515;164.94;500;10087298978;S
20240410;141515;164.94;500;10087299057;S
20240410;141515;164.98;20;10087299060;B
20240410;141515;164.98;10;10087299061;B
20240410;141515;164.98;10;10087299064;B
20240410;141515;164.98;10;10087299065;B
20240410;141515;164.98;10;10087299066;B
20240410;141515;164.98;20;10087299072;B
20240410;141515;164.98;10;10087299074;B
20240410;141515;164.98;10;10087299076;B
20240410;141515;164.98;10;10087299077;B
20240410;141515;164.98;10;10087299080;B
20240410;141515;164.98;20;10087299081;B
20240410;141515;164.98;10;10087299083;B
20240410;141515;164.98;10;10087299085;B
20240410;141515;164.98;10;10087299100;B
20240410;141515;164.98;10;10087299103;B
20240410;141515;164.98;10;10087299118;B
20240410;141515;164.98;10;10087299125;B
20240410;141515;164.98;10;10087299130;B
20240410;141515;164.98;10;10087299131;B
20240410;141515;164.98;10;10087299133;B
20240410;141515;164.98;10;10087299140;B
20240410;141516;164.98;10;10087299145;B
20240410;141516;164.98;10;10087299148;B
20240410;141516;164.98;10;10087299151;B
20240410;141516;164.98;10;10087299161;B
20240410;141516;164.98;10;10087299182;B
20240410;141516;164.98;10;10087299185;B
20240410;141516;164.98;10;10087299186;B
20240410;141516;164.98;10;10087299192;B
20240410;141516;164.98;10;10087299195;B
20240410;141516;164.98;10;10087299198;B
20240410;141516;164.98;10;10087299199;B
20240410;141516;164.98;10;10087299202;B
20240410;141516;164.98;10;10087299212;B
20240410;141516;164.98;10;10087299219;B
20240410;141516;164.98;10;10087299220;B
20240410;141516;164.98;10;10087299222;B
20240410;141516;164.98;10;10087299223;B
20240410;141516;164.98;10;10087299227;B
20240410;141516;164.98;10;10087299228;B
20240410;141516;164.98;10;10087299230;B
20240410;141516;164.98;20;10087299248;B
20240410;141516;164.98;20;10087299249;B
20240410;141516;165;10;10087299251;B
20240410;141516;165;10;10087299253;B
20240410;141517;165;10;10087299278;B
20240410;141517;165;10;10087299279;B
20240410;141517;165;10;10087299292;B
20240410;141517;165;30;10087299298;B
20240410;141517;164.98;10;10087299313;B
20240410;141517;165;10;10087299316;B
20240410;141517;165;10;10087299320;B
20240410;141517;164.98;50;10087299348;S
20240410;141517;164.94;190;10087299349;S
20240410;141517;164.94;10;10087299350;S
20240410;141517;164.94;10;10087299351;S
20240410;141517;164.94;10;10087299352;S
20240410;141517;164.92;150;10087299353;S
20240410;141517;164.92;2480;10087299354;S
20240410;141518;164.98;10;10087299378;B
20240410;141518;164.98;10;10087299383;B
20240410;141518;164.98;10;10087299392;B
20240410;141518;164.98;10;10087299397;B
20240410;141518;164.98;10;10087299398;B
20240410;141518;164.98;10;10087299401;B
20240410;141518;164.98;10;10087299405;B
20240410;141518;164.98;10;10087299428;B
20240410;141518;164.98;10;10087299477;B
20240410;141519;164.98;20;10087299503;B
20240410;141519;164.98;10;10087299531;B
20240410;141519;164.98;10;10087299540;B
20240410;141519;164.98;10;10087299545;B
20240410;141519;164.98;10;10087299554;B
20240410;141519;164.98;10;10087299555;B
20240410;141519;164.94;320;10087299568;S
20240410;141519;164.92;710;10087299569;S
20240410;141519;164.98;10;10087299572;B
20240410;141519;164.98;10;10087299594;B
20240410;141520;164.98;10;10087299601;B
20240410;141520;164.98;10;10087299618;B
20240410;141520;164.98;10;10087299629;B
20240410;141520;164.94;10;10087299659;B
20240410;141520;164.94;10;10087299663;B
20240410;141521;164.94;1100;10087299737;B
20240410;141521;164.94;1220;10087299738;B
20240410;141521;164.94;1530;10087299739;B
20240410;141521;164.96;2570;10087299740;B
20240410;141521;164.96;5580;10087299741;B
20240410;141521;164.94;1220;10087299742;B
20240410;141521;164.94;20;10087299767;B
20240410;141522;164.94;160;10087299794;B
20240410;141523;164.94;20;10087299926;B
20240410;141523;164.94;60;10087299931;B
20240410;141524;164.92;190;10087300015;S
20240410;141525;164.94;50;10087300116;B
20240410;141526;164.94;70;10087300194;B
20240410;141526;164.94;60;10087300225;B
20240410;141527;164.92;10;10087300282;S
20240410;141527;164.92;90;10087300332;S
20240410;141527;164.9;110;10087300333;S
20240410;141527;164.94;470;10087300353;B
20240410;141527;164.94;2000;10087300354;B
20240410;141527;164.98;150;10087300355;B
20240410;141527;164.98;100;10087300356;B
20240410;141527;164.98;2270;10087300357;B
20240410;141527;164.98;200;10087300358;B
20240410;141527;164.98;20;10087300359;B
20240410;141527;164.98;1530;10087300360;B
20240410;141527;164.98;750;10087300361;B
20240410;141527;164.98;300;10087300362;B
20240410;141527;165;2640;10087300363;B
20240410;141527;165;100;10087300364;B
20240410;141527;165;50;10087300365;B
20240410;141527;165;100;10087300366;B
20240410;141527;165;170;10087300367;B
20240410;141527;165;1000;10087300368;B
20240410;141527;165;20;10087300369;B
20240410;141527;165;10;10087300370;B
20240410;141527;165;10;10087300371;B
20240410;141527;165;290;10087300372;B
20240410;141530;164.94;20;10087300671;S
20240410;141531;164.94;100;10087300689;S
20240410;141531;164.98;10;10087300701;B
20240410;141531;164.98;270;10087300702;B
20240410;141534;164.98;200;10087300952;B
20240410;141535;164.94;50;10087300989;S
20240410;141535;164.98;20;10087301011;B
20240410;141535;164.98;10;10087301016;B
20240410;141538;164.98;500;10087301315;B
20240410;141538;164.94;40;10087301352;S
20240410;141541;164.96;10;10087301552;B
20240410;141541;164.94;200;10087301625;S
20240410;141542;164.96;10;10087301668;B
20240410;141545;164.94;40;10087301946;S
20240410;141546;164.96;20;10087301963;B
20240410;141546;164.94;10;10087302006;S
20240410;141548;164.96;590;10087302115;B
20240410;141548;164.96;1390;10087302130;B
20240410;141548;164.96;610;10087302131;B
20240410;141549;164.96;1390;10087302242;B
20240410;141549;164.96;610;10087302243;B
20240410;141551;164.96;20;10087302477;B
20240410;141552;164.94;300;10087302516;S
20240410;141553;164.96;300;10087302585;B
20240410;141553;164.96;100;10087302653;B
20240410;141554;164.94;20;10087302700;S
20240410;141555;164.96;60;10087302781;B
20240410;141555;164.94;100;10087302794;S
20240410;141555;164.96;10;10087302849;B
20240410;141555;164.96;20;10087302863;B
20240410;141556;164.96;20;10087302898;B
20240410;141557;164.96;500;10087302969;B
20240410;141559;164.96;360;10087303133;B
20240410;141559;164.96;100;10087303134;B
20240410;141559;164.96;2000;10087303135;B
20240410;141559;164.96;1530;10087303136;B
20240410;141559;164.96;10;10087303137;B
20240410;141559;164.96;1990;10087303148;B
20240410;141559;164.96;2000;10087303149;B
20240410;141559;164.96;840;10087303150;B
20240410;141559;164.96;1530;10087303151;B
20240410;141601;164.96;10;10087303329;S
20240410;141601;164.96;10;10087303338;S
20240410;141601;164.98;90;10087303373;B
20240410;141601;164.98;10;10087303375;B
20240410;141601;164.98;10;10087303391;B
20240410;141602;164.96;1000;10087303450;S
20240410;141602;164.98;30;10087303454;B
20240410;141603;164.96;520;10087303549;S
20240410;141603;164.96;10;10087303550;S
20240410;141603;164.96;300;10087303551;S
20240410;141603;164.96;10;10087303552;B
20240410;141606;164.96;1160;10087303994;B
20240410;141606;164.96;40;10087303995;B
20240410;141607;164.96;490;10087304074;B
20240410;141608;164.94;380;10087304146;S
20240410;141608;164.96;1000;10087304192;B
20240410;141610;164.96;30;10087304316;B
20240410;141612;164.94;10;10087304517;S
20240410;141613;164.94;30;10087304630;S
20240410;141613;164.96;480;10087304671;B
20240410;141613;164.96;320;10087304672;B
20240410;141613;164.96;10;10087304726;B
20240410;141615;164.94;10;10087304915;S
20240410;141617;164.96;10;10087305101;B
20240410;141617;164.96;250;10087305134;B
20240410;141617;164.96;140;10087305149;B
20240410;141618;164.96;10;10087305191;B
20240410;141618;164.96;10;10087305192;B
20240410;141618;164.96;100;10087305199;B
20240410;141618;164.96;10;10087305200;B
20240410;141618;164.96;10;10087305210;B
20240410;141618;164.96;10;10087305211;B
20240410;141618;164.96;10;10087305214;B
20240410;141618;164.96;10;10087305215;B
20240410;141618;164.96;10;10087305219;B
20240410;141618;164.96;10;10087305221;B
20240410;141618;164.96;10;10087305222;B
20240410;141618;164.96;10;10087305227;B
20240410;141618;164.96;10;10087305228;B
20240410;141618;164.96;10;10087305231;B
20240410;141618;164.96;10;10087305232;B
20240410;141618;164.96;10;10087305233;B
20240410;141618;164.96;10;10087305234;B
20240410;141618;164.96;10;10087305235;B
20240410;141618;164.96;10;10087305236;B
20240410;141618;164.96;10;10087305240;B
20240410;141618;164.96;10;10087305241;B
20240410;141618;164.96;10;10087305242;B
20240410;141618;164.96;10;10087305243;B
20240410;141618;164.96;10;10087305245;B
20240410;141618;164.96;10;10087305246;B
20240410;141618;164.96;10;10087305247;B
20240410;141618;164.96;10;10087305248;B
20240410;141618;164.96;10;10087305256;B
20240410;141618;164.96;10;10087305257;B
20240410;141618;164.96;10;10087305268;B
20240410;141618;164.96;10;10087305270;B
20240410;141618;164.96;10;10087305275;B
20240410;141618;164.96;10;10087305279;B
20240410;141618;164.96;10;10087305283;B
20240410;141618;164.96;10;10087305286;B
20240410;141618;164.96;10;10087305287;B
20240410;141618;164.96;10;10087305288;B
20240410;141618;164.96;10;10087305290;B
20240410;141618;164.96;10;10087305294;B
20240410;141618;164.96;10;10087305297;B
20240410;141618;164.96;10;10087305298;B
20240410;141618;164.96;10;10087305300;B
20240410;141618;164.96;10;10087305301;B
20240410;141618;164.96;10;10087305303;B
20240410;141618;164.96;10;10087305304;B
20240410;141618;164.96;10;10087305309;B
20240410;141618;164.96;10;10087305310;B
20240410;141619;164.96;100;10087305314;B
20240410;141619;164.96;10;10087305316;B
20240410;141619;164.96;10;10087305321;B
20240410;141619;164.96;10;10087305330;B
20240410;141619;164.96;10;10087305332;B
20240410;141619;164.96;10;10087305335;B
20240410;141619;164.96;10;10087305336;B
20240410;141619;164.96;10;10087305337;B
20240410;141619;164.94;270;10087305342;S
20240410;141619;164.96;10;10087305343;B
20240410;141619;164.96;10;10087305382;B
20240410;141619;164.96;10;10087305383;B
20240410;141619;164.96;10;10087305384;B
20240410;141619;164.96;10;10087305386;B
20240410;141619;164.96;10;10087305387;B
20240410;141619;164.96;10;10087305388;B
20240410;141619;164.96;10;10087305393;B
20240410;141619;164.96;10;10087305396;B
20240410;141619;164.96;10;10087305397;B
20240410;141619;164.96;10;10087305398;B
20240410;141619;164.96;10;10087305399;B
20240410;141619;164.96;10;10087305400;B
20240410;141619;164.96;10;10087305401;B
20240410;141619;164.96;10;10087305402;B
20240410;141619;164.96;10;10087305403;B
20240410;141619;164.96;10;10087305404;B
20240410;141619;164.96;10;10087305405;B
20240410;141619;164.96;10;10087305407;B
20240410;141619;164.96;10;10087305409;B
20240410;141619;164.96;10;10087305411;B
20240410;141619;164.96;10;10087305420;B
20240410;141619;164.96;20;10087305426;B
20240410;141619;164.96;10;10087305427;B
20240410;141619;164.96;10;10087305431;B
20240410;141619;164.96;10;10087305433;B
20240410;141619;164.96;10;10087305434;B
20240410;141619;164.96;10;10087305435;B
20240410;141619;164.96;10;10087305458;B
20240410;141619;164.96;10;10087305461;B
20240410;141619;164.96;10;10087305464;B
20240410;141620;164.96;10;10087305470;B
20240410;141620;164.96;10;10087305493;B
20240410;141620;164.96;10;10087305495;B
20240410;141620;164.96;10;10087305497;B
20240410;141620;164.96;20;10087305498;B
20240410;141620;164.96;10;10087305500;B
20240410;141620;164.96;10;10087305501;B
20240410;141620;164.96;10;10087305503;B
20240410;141620;164.96;10;10087305504;B
20240410;141620;164.96;10;10087305505;B
20240410;141620;164.96;10;10087305509;B
20240410;141620;164.96;10;10087305511;B
20240410;141620;164.96;10;10087305512;B
20240410;141620;164.96;10;10087305514;B
20240410;141620;164.96;10;10087305515;B
20240410;141620;164.96;10;10087305520;B
20240410;141620;164.96;10;10087305521;B
20240410;141620;164.96;10;10087305530;B
20240410;141620;164.96;10;10087305545;B
20240410;141620;164.96;10;10087305561;B
20240410;141620;164.96;10;10087305563;B
20240410;141620;164.96;10;10087305565;B
20240410;141620;164.96;10;10087305566;B
20240410;141620;164.96;10;10087305567;B
20240410;141620;164.96;10;10087305568;B
20240410;141620;164.96;10;10087305571;B
20240410;141620;164.96;10;10087305572;B
20240410;141620;164.96;10;10087305573;B
20240410;141620;164.96;10;10087305574;B
20240410;141620;164.96;10;10087305575;B
20240410;141620;164.96;10;10087305576;B
20240410;141620;164.96;10;10087305577;B
20240410;141620;164.96;10;10087305579;B
20240410;141620;164.96;10;10087305583;B
20240410;141620;164.96;10;10087305587;B
20240410;141621;164.96;10;10087305591;B
20240410;141621;164.96;10;10087305592;B
20240410;141621;164.96;10;10087305593;B
20240410;141621;164.96;10;10087305595;B
20240410;141621;164.96;10;10087305597;B
20240410;141621;164.96;20;10087305599;B
20240410;141621;164.96;10;10087305602;B
20240410;141621;164.96;10;10087305606;B
20240410;141621;164.96;10;10087305607;B
20240410;141621;164.96;10;10087305610;B
20240410;141621;164.96;10;10087305611;B
20240410;141621;164.96;10;10087305613;B
20240410;141621;164.96;10;10087305614;B
20240410;141621;164.96;10;10087305616;B
20240410;141621;164.96;10;10087305617;B
20240410;141621;164.94;100;10087305621;S
20240410;141621;164.96;10;10087305624;B
20240410;141621;164.96;10;10087305625;B
20240410;141621;164.96;10;10087305627;B
20240410;141621;164.96;10;10087305628;B
20240410;141621;164.96;10;10087305630;B
20240410;141621;164.96;10;10087305632;B
20240410;141621;164.96;10;10087305635;B
20240410;141621;164.96;10;10087305636;B
20240410;141621;164.96;10;10087305637;B
20240410;141621;164.96;10;10087305647;B
20240410;141621;164.96;10;10087305654;B
20240410;141621;164.96;10;10087305658;B
20240410;141621;164.96;10;10087305660;B
20240410;141621;164.96;10;10087305668;B
20240410;141621;164.96;10;10087305669;B
20240410;141621;164.96;10;10087305670;B
20240410;141621;164.96;10;10087305674;B
20240410;141621;164.96;10;10087305677;B
20240410;141621;164.96;10;10087305678;B
20240410;141621;164.96;10;10087305680;B
20240410;141621;164.96;10;10087305683;B
20240410;141621;164.96;10;10087305684;B
20240410;141621;164.96;10;10087305685;B
20240410;141621;164.96;10;10087305686;B
20240410;141621;164.96;10;10087305688;B
20240410;141621;164.96;10;10087305689;B
20240410;141621;164.96;10;10087305690;B
20240410;141621;164.96;20;10087305691;B
20240410;141621;164.96;10;10087305694;B
20240410;141621;164.96;10;10087305696;B
20240410;141621;164.96;10;10087305702;B
20240410;141621;164.96;10;10087305703;B
20240410;141621;164.96;10;10087305704;B
20240410;141621;164.96;10;10087305706;B
20240410;141622;164.96;10;10087305707;B
20240410;141622;164.96;10;10087305711;B
20240410;141622;164.96;10;10087305712;B
20240410;141622;164.96;10;10087305713;B
20240410;141622;164.96;10;10087305715;B
20240410;141622;164.96;10;10087305724;B
20240410;141622;164.96;10;10087305728;B
20240410;141622;164.96;10;10087305729;B
20240410;141622;164.96;10;10087305730;B
20240410;141622;164.96;10;10087305731;B
20240410;141622;164.96;10;10087305734;B
20240410;141622;164.96;10;10087305737;B
20240410;141622;164.96;10;10087305740;B
20240410;141622;164.96;10;10087305741;B
20240410;141622;164.96;10;10087305742;B
20240410;141622;164.96;10;10087305747;B
20240410;141622;164.96;10;10087305754;B
20240410;141622;164.96;10;10087305755;B
20240410;141622;164.96;10;10087305756;B
20240410;141622;164.96;10;10087305757;B
20240410;141622;164.96;10;10087305758;B
20240410;141622;164.96;10;10087305761;B
20240410;141622;164.96;10;10087305763;B
20240410;141622;164.96;10;10087305776;B
20240410;141622;164.96;10;10087305785;B
20240410;141622;164.96;10;10087305786;B
20240410;141622;164.96;10;10087305787;B
20240410;141622;164.96;10;10087305790;B
20240410;141622;164.96;10;10087305791;B
20240410;141622;164.96;10;10087305795;B
20240410;141622;164.96;10;10087305796;B
20240410;141622;164.96;10;10087305797;B
20240410;141622;164.96;10;10087305801;B
20240410;141622;164.96;10;10087305803;B
20240410;141622;164.96;10;10087305804;B
20240410;141622;164.96;10;10087305807;B
20240410;141622;164.96;10;10087305808;B
20240410;141622;164.96;10;10087305809;B
20240410;141622;164.96;10;10087305810;B
20240410;141622;164.96;10;10087305812;B
20240410;141622;164.96;10;10087305816;B
20240410;141622;164.96;10;10087305817;B
20240410;141622;164.96;10;10087305819;B
20240410;141622;164.96;10;10087305820;B
20240410;141622;164.96;10;10087305822;B
20240410;141622;164.96;10;10087305828;B
20240410;141622;164.96;10;10087305829;B
20240410;141622;164.96;10;10087305832;B
20240410;141622;164.96;10;10087305833;B
20240410;141622;164.96;10;10087305834;B
20240410;141622;164.96;10;10087305837;B
20240410;141622;164.96;10;10087305838;B
20240410;141622;164.96;10;10087305840;B
20240410;141622;164.96;10;10087305842;B
20240410;141622;164.96;10;10087305843;B
20240410;141622;164.98;10;10087305845;B
20240410;141622;164.98;10;10087305848;B
20240410;141622;164.98;10;10087305849;B
20240410;141622;164.98;10;10087305853;B
20240410;141622;164.98;10;10087305865;B
20240410;141622;164.98;10;10087305867;B
20240410;141622;164.98;10;10087305868;B
20240410;141622;164.98;10;10087305869;B
20240410;141623;164.98;10;10087305896;B
20240410;141623;164.98;10;10087305898;B
20240410;141623;164.98;10;10087305906;B
20240410;141623;164.98;10;10087305909;B
20240410;141623;164.98;10;10087305913;B
20240410;141623;164.98;10;10087305916;B
20240410;141623;164.98;10;10087305918;B
20240410;141623;164.98;10;10087305925;B
20240410;141623;164.98;10;10087305927;B
20240410;141623;164.98;10;10087305931;B
20240410;141623;164.98;10;10087305933;B
20240410;141623;164.98;10;10087305938;B
20240410;141623;164.98;10;10087305939;B
20240410;141623;164.98;10;10087305940;B
20240410;141623;164.98;10;10087305941;B
20240410;141623;164.98;10;10087305943;B
20240410;141623;164.98;10;10087305948;B
20240410;141623;164.98;10;10087305949;B
20240410;141623;164.98;10;10087305951;B
20240410;141623;164.98;10;10087305952;B
20240410;141623;164.98;10;10087305963;B
20240410;141623;164.98;10;10087305965;B
20240410;141623;164.98;10;10087305966;B
20240410;141623;164.98;10;10087305967;B
20240410;141623;164.98;10;10087305969;B
20240410;141623;164.98;10;10087305970;B
20240410;141623;164.98;10;10087305978;B
20240410;141623;164.98;10;10087305979;B
20240410;141623;164.98;10;10087305981;B
20240410;141623;164.98;10;10087305991;B
20240410;141623;164.98;10;10087305992;B
20240410;141623;164.98;10;10087305993;B
20240410;141623;164.98;10;10087305996;B
20240410;141623;164.98;10;10087306000;B
20240410;141623;164.98;10;10087306001;B
20240410;141623;164.98;10;10087306002;B
20240410;141623;164.98;10;10087306013;B
20240410;141624;164.98;10;10087306020;B
20240410;141624;164.98;10;10087306021;B
20240410;141624;164.98;10;10087306022;B
20240410;141624;164.98;10;10087306033;B
20240410;141624;164.98;10;10087306038;B
20240410;141624;164.98;10;10087306109;B
20240410;141625;164.98;10;10087306120;B
20240410;141625;164.96;1000;10087306134;S
20240410;141625;164.98;10;10087306141;B
20240410;141625;164.98;10;10087306151;B
20240410;141625;164.96;1000;10087306167;S
20240410;141625;164.96;1530;10087306168;S
20240410;141625;164.96;50;10087306169;S
20240410;141625;164.96;1220;10087306170;S
20240410;141625;164.94;440;10087306171;S
20240410;141625;164.94;4000;10087306172;S
20240410;141625;164.94;1030;10087306173;S
20240410;141625;164.94;200;10087306174;S
20240410;141625;164.94;10;10087306175;S
20240410;141625;164.94;30;10087306176;S
20240410;141625;164.92;150;10087306177;S
20240410;141625;164.9;11190;10087306178;S
20240410;141625;164.9;10;10087306179;S
20240410;141625;164.9;150;10087306180;S
20240410;141625;164.9;400;10087306181;S
20240410;141625;164.9;10;10087306182;S
20240410;141625;164.9;20;10087306183;S
20240410;141625;164.9;10;10087306184;S
20240410;141625;164.9;10;10087306185;S
20240410;141625;164.9;10;10087306186;S
20240410;141625;164.9;100;10087306187;S
20240410;141625;164.88;4540;10087306188;S
20240410;141625;164.88;10000;10087306189;S
20240410;141625;164.88;1000;10087306190;S
20240410;141625;164.86;15000;10087306191;S
20240410;141625;164.86;360;10087306192;S
20240410;141625;164.86;10000;10087306193;S
20240410;141625;164.86;10;10087306194;S
20240410;141625;164.84;20;10087306195;S
20240410;141625;164.96;10;10087306218;B
20240410;141625;164.96;10;10087306219;B
20240410;141625;164.96;10;10087306221;B
20240410;141625;164.96;10;10087306223;B
20240410;141625;164.96;10;10087306272;B
20240410;141625;164.96;10;10087306277;B
20240410;141625;164.96;10;10087306281;B
20240410;141625;164.96;10;10087306296;B
20240410;141625;164.96;10;10087306298;B
20240410;141625;164.96;10;10087306299;B
20240410;141626;164.96;10;10087306343;B
20240410;141626;164.96;10;10087306356;B
20240410;141626;164.96;10;10087306378;B
20240410;141626;164.96;10;10087306384;B
20240410;141627;164.96;10;10087306413;B
20240410;141627;164.96;10;10087306433;B
20240410;141627;164.96;10;10087306444;B
20240410;141627;164.96;10;10087306470;B
20240410;141627;164.96;10;10087306481;B
20240410;141628;164.88;10;10087306598;S
20240410;141629;164.88;90;10087306690;S
20240410;141630;164.92;10;10087306714;B
20240410;141630;164.92;20;10087306768;B
20240410;141632;164.92;30;10087306916;B
20240410;141633;164.86;200;10087307105;S
20240410;141633;164.86;100;10087307106;S
20240410;141633;164.84;700;10087307107;S
20240410;141636;164.88;10;10087307376;B
20240410;141636;164.88;10;10087307423;B
20240410;141642;164.88;200;10087307939;B
20240410;141642;164.88;490;10087307940;B
20240410;141642;164.88;320;10087307941;B
20240410;141642;164.9;50;10087307942;B
20240410;141642;164.92;100;10087307943;B
20240410;141642;164.92;410;10087307944;B
20240410;141642;164.92;700;10087307945;B
20240410;141643;164.88;100;10087308054;B
20240410;141643;164.92;500;10087308055;B
20240410;141645;164.92;10;10087308251;B
20240410;141646;164.88;50;10087308295;S
20240410;141646;164.86;150;10087308296;S
20240410;141646;164.86;20;10087308326;S
20240410;141651;164.92;50;10087308750;B
20240410;141652;164.92;300;10087308843;B
20240410;141652;164.92;10;10087308852;B
20240410;141653;164.9;150;10087309035;S
20240410;141654;164.9;20;10087309065;S
20240410;141655;164.92;100;10087309190;B
20240410;141655;164.92;60;10087309220;B
20240410;141656;164.92;20;10087309289;B
20240410;141657;164.92;10;10087309358;B
20240410;141657;164.9;30;10087309423;S
20240410;141658;164.88;30;10087309496;B
20240410;141706;164.88;30;10087310130;B
20240410;141707;164.88;80;10087310236;B
20240410;141707;164.88;10;10087310255;B
20240410;141707;164.86;230;10087310287;S
20240410;141707;164.84;780;10087310288;S
20240410;141707;164.84;150;10087310289;S
20240410;141707;164.84;40;10087310290;S
20240410;141707;164.82;950;10087310291;S
20240410;141707;164.86;80;10087310299;B
20240410;141708;164.86;70;10087310340;B
20240410;141708;164.86;1220;10087310341;B
20240410;141708;164.86;620;10087310342;B
20240410;141708;164.88;70;10087310343;B
20240410;141708;164.88;20;10087310354;B
20240410;141709;164.86;10;10087310402;B
20240410;141709;164.86;10;10087310414;B
20240410;141713;164.86;30;10087310857;B
20240410;141713;164.86;170;10087310952;B
20240410;141713;164.86;170;10087310953;B
20240410;141714;164.86;100;10087310957;B
20240410;141718;164.86;20;10087311338;B
20240410;141718;164.86;10;10087311349;B
20240410;141720;164.84;50;10087311457;S
20240410;141720;164.86;170;10087311552;B
20240410;141720;164.86;10;10087311553;B
20240410;141721;164.84;50;10087311622;S
20240410;141721;164.84;10;10087311663;B
20240410;141722;164.84;40;10087311741;B
20240410;141722;164.84;490;10087311742;B
20240410;141723;164.84;20;10087311789;B
20240410;141723;164.8;10;10087311832;S
20240410;141724;164.8;140;10087311890;S
20240410;141724;164.8;200;10087311891;S
20240410;141724;164.8;10;10087311892;S
20240410;141724;164.8;150;10087311893;S
20240410;141724;164.78;360;10087311894;S
20240410;141724;164.78;10;10087311895;S
20240410;141724;164.78;10;10087311896;S
20240410;141724;164.78;440;10087311897;S
20240410;141724;164.78;20;10087311898;S
20240410;141724;164.78;660;10087311899;S
20240410;141725;164.82;10;10087311979;B
20240410;141725;164.82;10;10087311995;B
20240410;141726;164.76;310;10087312086;S
20240410;141726;164.76;50;10087312087;S
20240410;141726;164.76;290;10087312088;S
20240410;141726;164.82;40;10087312107;B
20240410;141729;164.8;10;10087312323;B
20240410;141729;164.8;10;10087312325;B
20240410;141729;164.8;10;10087312331;B
20240410;141729;164.8;10;10087312332;B
20240410;141729;164.8;10;10087312333;B
20240410;141729;164.8;10;10087312341;B
20240410;141730;164.8;10;10087312346;B
20240410;141730;164.8;10;10087312347;B
20240410;141730;164.8;20;10087312349;B
20240410;141730;164.8;10;10087312354;B
20240410;141730;164.8;10;10087312355;B
20240410;141730;164.8;10;10087312357;B
20240410;141730;164.8;10;10087312358;B
20240410;141730;164.8;10;10087312360;B
20240410;141730;164.8;10;10087312361;B
20240410;141730;164.8;10;10087312364;B
20240410;141730;164.8;10;10087312366;B
20240410;141730;164.8;10;10087312367;B
20240410;141730;164.8;10;10087312370;B
20240410;141730;164.8;10;10087312371;B
20240410;141730;164.8;20;10087312372;B
20240410;141730;164.76;150;10087312375;S
20240410;141730;164.74;4670;10087312376;S
20240410;141730;164.74;60;10087312377;S
20240410;141730;164.74;150;10087312378;S
20240410;141730;164.74;380;10087312379;S
20240410;141730;164.7;10;10087312380;S
20240410;141730;164.7;500;10087312381;S
20240410;141730;164.7;10;10087312382;S
20240410;141730;164.7;200;10087312383;S
20240410;141730;164.7;200;10087312384;S
20240410;141730;164.7;3660;10087312385;S
20240410;141730;164.7;1210;10087312386;S
20240410;141730;164.68;60;10087312387;S
20240410;141730;164.68;4000;10087312388;S
20240410;141730;164.66;10000;10087312389;S
20240410;141730;164.66;4740;10087312390;S
20240410;141730;164.74;10;10087312391;B
20240410;141730;164.74;10;10087312393;B
20240410;141730;164.74;10;10087312394;B
20240410;141730;164.74;10;10087312401;B
20240410;141730;164.74;10;10087312402;B
20240410;141730;164.74;10;10087312406;B
20240410;141730;164.74;10;10087312409;B
20240410;141730;164.74;10;10087312411;B
20240410;141730;164.74;10;10087312412;B
20240410;141730;164.74;10;10087312414;B
20240410;141730;164.74;10;10087312417;B
20240410;141730;164.74;10;10087312418;B
20240410;141730;164.74;10;10087312419;B
20240410;141730;164.74;10;10087312421;B
20240410;141730;164.74;10;10087312423;B
20240410;141730;164.74;10;10087312425;B
20240410;141730;164.74;10;10087312426;B
20240410;141730;164.74;10;10087312427;B
20240410;141730;164.74;10;10087312428;B
20240410;141730;164.74;10;10087312429;B
20240410;141730;164.74;10;10087312430;B
20240410;141730;164.74;10;10087312432;B
20240410;141730;164.74;10;10087312436;B
20240410;141730;164.74;10;10087312438;B
20240410;141730;164.76;10;10087312441;B
20240410;141730;164.76;10;10087312442;B
20240410;141730;164.76;10;10087312443;B
20240410;141730;164.76;10;10087312445;B
20240410;141730;164.76;10;10087312447;B
20240410;141730;164.76;10;10087312450;B
20240410;141730;164.76;10;10087312454;B
20240410;141730;164.76;10;10087312455;B
20240410;141730;164.76;10;10087312456;B
20240410;141730;164.76;10;10087312458;B
20240410;141730;164.76;10;10087312459;B
20240410;141730;164.76;10;10087312460;B
20240410;141730;164.76;10;10087312461;B
20240410;141730;164.76;80;10087312462;B
20240410;141730;164.76;10;10087312463;B
20240410;141730;164.76;10;10087312464;B
20240410;141730;164.76;10;10087312465;B
20240410;141730;164.68;150;10087312466;S
20240410;141730;164.66;250;10087312467;S
20240410;141730;164.74;10;10087312473;B
20240410;141730;164.74;10;10087312474;B
20240410;141730;164.74;10;10087312475;B
20240410;141730;164.74;10;10087312477;B
20240410;141730;164.74;10;10087312478;B
20240410;141730;164.74;10;10087312482;B
20240410;141730;164.74;10;10087312483;B
20240410;141730;164.74;10;10087312485;B
20240410;141730;164.74;10;10087312487;B
20240410;141730;164.74;10;10087312489;B
20240410;141730;164.74;10;10087312490;B
20240410;141730;164.74;10;10087312495;B
20240410;141730;164.74;10;10087312498;B
20240410;141730;164.74;10;10087312501;B
20240410;141730;164.74;10;10087312502;B
20240410;141730;164.76;10;10087312505;B
20240410;141731;164.76;10;10087312531;B
20240410;141731;164.76;10;10087312537;B
20240410;141731;164.76;10;10087312539;B
20240410;141731;164.76;10;10087312541;B
20240410;141731;164.76;10;10087312542;B
20240410;141731;164.76;10;10087312543;B
20240410;141731;164.76;30;10087312544;B
20240410;141731;164.76;10;10087312546;B
20240410;141731;164.76;30;10087312547;B
20240410;141731;164.76;10;10087312548;B
20240410;141731;164.76;10;10087312550;B
20240410;141731;164.76;10;10087312551;B
20240410;141731;164.76;10;10087312553;B
20240410;141731;164.76;10;10087312554;B
20240410;141731;164.76;10;10087312555;B
20240410;141731;164.76;10;10087312556;B
20240410;141731;164.76;10;10087312557;B
20240410;141731;164.76;10;10087312558;B
20240410;141731;164.76;10;10087312560;B
20240410;141731;164.76;10;10087312561;B
20240410;141731;164.76;10;10087312562;B
20240410;141731;164.76;10;10087312563;B
20240410;141731;164.76;10;10087312565;B
20240410;141731;164.76;10;10087312568;B
20240410;141731;164.76;10;10087312569;B
20240410;141731;164.76;10;10087312570;B
20240410;141731;164.76;10;10087312573;B
20240410;141731;164.76;10;10087312577;B
20240410;141731;164.76;10;10087312578;B
20240410;141731;164.76;10;10087312579;B
20240410;141731;164.76;10;10087312580;B
20240410;141731;164.76;10;10087312581;B
20240410;141731;164.76;10;10087312582;B
20240410;141731;164.76;20;10087312586;B
20240410;141731;164.74;10;10087312620;B
20240410;141731;164.74;10;10087312623;B
20240410;141731;164.74;10;10087312630;B
20240410;141731;164.74;10;10087312634;B
20240410;141731;164.74;10;10087312637;B
20240410;141731;164.74;10;10087312641;B
20240410;141732;164.76;10;10087312663;B
20240410;141732;164.76;10;10087312664;B
20240410;141732;164.76;10;10087312666;B
20240410;141732;164.76;30;10087312668;B
20240410;141732;164.76;10;10087312669;B
20240410;141732;164.76;10;10087312671;B
20240410;141732;164.76;10;10087312674;B
20240410;141732;164.76;10;10087312677;B
20240410;141732;164.76;10;10087312678;B
20240410;141732;164.76;10;10087312681;B
20240410;141732;164.76;10;10087312682;B
20240410;141732;164.76;10;10087312684;B
20240410;141732;164.76;10;10087312685;B
20240410;141732;164.76;10;10087312686;B
20240410;141732;164.76;10;10087312693;B
20240410;141732;164.76;10;10087312695;B
20240410;141732;164.76;10;10087312696;B
20240410;141732;164.76;10;10087312697;B
20240410;141732;164.76;10;10087312700;B
20240410;141732;164.76;10;10087312705;B
20240410;141732;164.76;10;10087312711;B
20240410;141732;164.76;10;10087312716;B
20240410;141732;164.76;10;10087312718;B
20240410;141732;164.76;10;10087312719;B
20240410;141732;164.76;10;10087312721;B
20240410;141732;164.76;10;10087312722;B
20240410;141732;164.76;10;10087312723;B
20240410;141732;164.76;10;10087312725;B
20240410;141732;164.76;10;10087312727;B
20240410;141732;164.76;10;10087312728;B
20240410;141732;164.76;10;10087312729;B
20240410;141732;164.76;10;10087312732;B
20240410;141732;164.76;10;10087312733;B
20240410;141732;164.76;10;10087312735;B
20240410;141732;164.76;10;10087312736;B
20240410;141732;164.76;10;10087312737;B
20240410;141732;164.76;10;10087312740;B
20240410;141732;164.76;10;10087312741;B
20240410;141732;164.76;10;10087312743;B
20240410;141732;164.76;10;10087312744;B
20240410;141732;164.76;10;10087312746;B
20240410;141732;164.76;10;10087312748;B
20240410;141732;164.76;10;10087312750;B
20240410;141732;164.76;10;10087312751;B
20240410;141732;164.76;10;10087312752;B
20240410;141732;164.76;10;10087312753;B
20240410;141732;164.76;10;10087312754;B
20240410;141732;164.76;10;10087312756;B
20240410;141732;164.76;10;10087312757;B
20240410;141732;164.76;10;10087312758;B
20240410;141732;164.76;10;10087312761;B
20240410;141732;164.76;10;10087312764;B
20240410;141732;164.76;10;10087312765;B
20240410;141732;164.68;10;10087312769;S
20240410;141732;164.74;10;10087312770;B
20240410;141732;164.74;10;10087312771;B
20240410;141732;164.74;10;10087312774;B
20240410;141732;164.74;10;10087312775;B
20240410;141732;164.74;10;10087312776;B
20240410;141732;164.74;10;10087312781;B
20240410;141732;164.74;10;10087312782;B
20240410;141732;164.74;10;10087312786;B
20240410;141732;164.74;10;10087312789;B
20240410;141733;164.74;20;10087312809;B
20240410;141733;164.74;10;10087312815;B
20240410;141733;164.74;10;10087312819;B
20240410;141733;164.74;10;10087312822;B
20240410;141733;164.74;10;10087312842;B
20240410;141733;164.74;10;10087312844;B
20240410;141733;164.74;10;10087312845;B
20240410;141733;164.74;20;10087312847;B
20240410;141733;164.74;10;10087312848;B
20240410;141733;164.74;10;10087312851;B
20240410;141733;164.74;10;10087312854;B
20240410;141733;164.74;10;10087312855;B
20240410;141733;164.74;10;10087312857;B
20240410;141733;164.74;10;10087312858;B
20240410;141733;164.74;10;10087312859;B
20240410;141733;164.74;10;10087312861;B
20240410;141733;164.74;10;10087312864;B
20240410;141733;164.74;10;10087312866;B
20240410;141733;164.74;10;10087312867;B
20240410;141733;164.74;10;10087312868;B
20240410;141733;164.74;10;10087312877;B
20240410;141733;164.74;10;10087312879;B
20240410;141733;164.74;10;10087312880;B
20240410;141733;164.74;140;10087312883;B
20240410;141733;164.74;10;10087312893;B
20240410;141733;164.74;10;10087312898;B
20240410;141733;164.74;10;10087312902;B
20240410;141733;164.74;10;10087312903;B
20240410;141733;164.74;10;10087312905;B
20240410;141733;164.74;10;10087312906;B
20240410;141733;164.72;10;10087312908;B
20240410;141733;164.72;10;10087312918;B
20240410;141733;164.72;10;10087312921;B
20240410;141733;164.72;10;10087312923;B
20240410;141733;164.72;20;10087312924;B
20240410;141733;164.72;10;10087312925;B
20240410;141733;164.72;10;10087312926;B
20240410;141733;164.72;10;10087312927;B
20240410;141733;164.72;10;10087312929;B
20240410;141733;164.72;10;10087312930;B
20240410;141733;164.72;10;10087312931;B
20240410;141733;164.7;30;10087312936;S
20240410;141733;164.68;70;10087312937;S
20240410;141733;164.72;10;10087312938;B
20240410;141733;164.72;10;10087312939;B
20240410;141733;164.72;10;10087312941;B
20240410;141733;164.72;10;10087312942;B
20240410;141733;164.72;10;10087312943;B
20240410;141734;164.72;10;10087312945;B
20240410;141734;164.72;10;10087312946;B
20240410;141734;164.68;100;10087312952;S
20240410;141734;164.72;10;10087312959;B
20240410;141734;164.72;10;10087312964;B
20240410;141734;164.72;10;10087312965;B
20240410;141734;164.72;20;10087312972;B
20240410;141734;164.72;20;10087312973;B
20240410;141734;164.72;10;10087312974;B
20240410;141734;164.72;10;10087312975;B
20240410;141734;164.72;10;10087312976;B
20240410;141734;164.72;10;10087312977;B
20240410;141734;164.72;10;10087312978;B
20240410;141734;164.72;10;10087312980;B
20240410;141734;164.72;10;10087312984;B
20240410;141734;164.72;10;10087312985;B
20240410;141734;164.72;10;10087312989;B
20240410;141734;164.72;10;10087312991;B
20240410;141734;164.72;10;10087312992;B
20240410;141734;164.72;10;10087312993;B
20240410;141734;164.72;10;10087312994;B
20240410;141734;164.72;10;10087312995;B
20240410;141734;164.72;20;10087312996;B
20240410;141734;164.72;10;10087312997;B
20240410;141734;164.72;10;10087312998;B
20240410;141734;164.72;10;10087313002;B
20240410;141734;164.72;10;10087313005;B
20240410;141734;164.72;10;10087313009;B
20240410;141734;164.72;10;10087313010;B
20240410;141734;164.72;10;10087313013;B
20240410;141734;164.72;10;10087313015;B
20240410;141734;164.72;10;10087313017;B
20240410;141734;164.72;10;10087313023;B
20240410;141734;164.72;40;10087313028;B
20240410;141734;164.72;10;10087313029;B
20240410;141734;164.72;10;10087313031;B
20240410;141734;164.72;10;10087313032;B
20240410;141734;164.72;10;10087313038;B
20240410;141734;164.72;10;10087313039;B
20240410;141734;164.72;10;10087313044;B
20240410;141734;164.72;10;10087313054;B
20240410;141734;164.72;10;10087313057;B
20240410;141734;164.72;10;10087313059;B
20240410;141734;164.72;10;10087313060;B
20240410;141734;164.72;10;10087313061;B
20240410;141734;164.72;10;10087313064;B
20240410;141734;164.72;10;10087313066;B
20240410;141734;164.72;10;10087313067;B
20240410;141734;164.72;10;10087313068;B
20240410;141734;164.72;10;10087313069;B
20240410;141734;164.72;10;10087313073;B
20240410;141734;164.72;10;10087313075;B
20240410;141734;164.72;10;10087313078;B
20240410;141734;164.72;10;10087313080;B
20240410;141735;164.72;10;10087313086;B
20240410;141735;164.72;10;10087313087;B
20240410;141735;164.72;10;10087313088;B
20240410;141735;164.72;10;10087313092;B
20240410;141735;164.72;10;10087313093;B
20240410;141735;164.72;10;10087313094;B
20240410;141735;164.72;10;10087313095;B
20240410;141735;164.72;10;10087313096;B
20240410;141735;164.72;10;10087313097;B
20240410;141735;164.72;10;10087313099;B
20240410;141735;164.72;10;10087313100;B
20240410;141735;164.72;10;10087313101;B
20240410;141735;164.72;10;10087313103;B
20240410;141735;164.72;10;10087313104;B
20240410;141735;164.72;10;10087313105;B
20240410;141735;164.72;10;10087313107;B
20240410;141735;164.72;10;10087313109;B
20240410;141735;164.72;10;10087313110;B
20240410;141735;164.72;10;10087313111;B
20240410;141735;164.72;10;10087313114;B
20240410;141735;164.72;10;10087313115;B
20240410;141735;164.72;10;10087313116;B
20240410;141735;164.72;10;10087313117;B
20240410;141735;164.72;10;10087313118;B
20240410;141735;164.74;10;10087313119;B
20240410;141735;164.74;10;10087313120;B
20240410;141735;164.74;10;10087313121;B
20240410;141735;164.74;10;10087313122;B
20240410;141735;164.74;10;10087313124;B
20240410;141735;164.74;10;10087313125;B
20240410;141735;164.74;10;10087313127;B
20240410;141735;164.74;10;10087313130;B
20240410;141735;164.74;10;10087313132;B
20240410;141735;164.74;10;10087313133;B
20240410;141735;164.74;10;10087313137;B
20240410;141735;164.74;10;10087313138;B
20240410;141735;164.74;10;10087313140;B
20240410;141735;164.74;10;10087313142;B
20240410;141735;164.74;10;10087313143;B
20240410;141735;164.74;10;10087313151;B
20240410;141735;164.74;10;10087313152;B
20240410;141735;164.74;10;10087313153;B
20240410;141735;164.74;10;10087313155;B
20240410;141735;164.74;10;10087313156;B
20240410;141735;164.74;10;10087313161;B
20240410;141735;164.74;10;10087313164;B
20240410;141735;164.74;10;10087313165;B
20240410;141735;164.74;10;10087313167;B
20240410;141735;164.74;10;10087313169;B
20240410;141735;164.74;10;10087313187;B
20240410;141735;164.74;10;10087313189;B
20240410;141735;164.74;10;10087313192;B
20240410;141735;164.74;10;10087313194;B
20240410;141735;164.76;10;10087313195;B
20240410;141735;164.76;10;10087313197;B
20240410;141735;164.76;10;10087313199;B
20240410;141735;164.76;10;10087313200;B
20240410;141735;164.76;10;10087313202;B
20240410;141735;164.76;10;10087313203;B
20240410;141735;164.76;10;10087313204;B
20240410;141735;164.76;10;10087313207;B
20240410;141735;164.76;10;10087313215;B
20240410;141735;164.76;10;10087313217;B
20240410;141736;164.76;10;10087313219;B
20240410;141736;164.76;10;10087313222;B
20240410;141736;164.76;10;10087313228;B
20240410;141736;164.76;10;10087313229;B
20240410;141736;164.76;20;10087313236;B
20240410;141736;164.76;10;10087313238;B
20240410;141736;164.76;10;10087313242;B
20240410;141736;164.72;10;10087313255;B
20240410;141736;164.72;10;10087313258;B
20240410;141736;164.72;10;10087313262;B
20240410;141736;164.72;10;10087313263;B
20240410;141736;164.72;10;10087313264;B
20240410;141736;164.72;10;10087313265;B
20240410;141736;164.72;10;10087313266;B
20240410;141736;164.72;10;10087313268;B
20240410;141736;164.72;10;10087313269;B
20240410;141736;164.72;10;10087313271;B
20240410;141736;164.72;10;10087313272;B
20240410;141736;164.72;10;10087313274;B
20240410;141736;164.72;10;10087313278;B
20240410;141736;164.72;10;10087313292;B
20240410;141736;164.72;10;10087313301;B
20240410;141736;164.72;10;10087313302;B
20240410;141736;164.72;10;10087313303;B
20240410;141736;164.72;10;10087313305;B
20240410;141736;164.72;10;10087313306;B
20240410;141736;164.72;10;10087313307;B
20240410;141736;164.72;20;10087313324;B
20240410;141736;164.72;10;10087313335;B
20240410;141736;164.72;10;10087313336;B
20240410;141736;164.72;10;10087313337;B
20240410;141736;164.76;10;10087313338;B
20240410;141736;164.76;10;10087313340;B
20240410;141736;164.76;10;10087313341;B
20240410;141736;164.76;10;10087313342;B
20240410;141737;164.76;10;10087313350;B
20240410;141737;164.72;10;10087313352;B
20240410;141737;164.72;10;10087313354;B
20240410;141737;164.72;10;10087313385;B
20240410;141737;164.72;10;10087313390;B
20240410;141737;164.72;10;10087313392;B
20240410;141737;164.72;10;10087313394;B
20240410;141737;164.72;10;10087313395;B
20240410;141737;164.72;10;10087313396;B
20240410;141737;164.72;10;10087313397;B
20240410;141737;164.72;10;10087313398;B
20240410;141737;164.72;10;10087313400;B
20240410;141737;164.72;10;10087313403;B
20240410;141737;164.72;10;10087313404;B
20240410;141737;164.72;10;10087313405;B
20240410;141737;164.72;10;10087313410;B
20240410;141737;164.72;10;10087313412;B
20240410;141737;164.72;10;10087313413;B
20240410;141737;164.72;10;10087313414;B
20240410;141737;164.72;10;10087313415;B
20240410;141737;164.72;10;10087313416;B
20240410;141737;164.72;10;10087313431;B
20240410;141737;164.72;10;10087313433;B
20240410;141737;164.72;40;10087313436;B
20240410;141737;164.72;10;10087313440;B
20240410;141737;164.72;10;10087313441;B
20240410;141737;164.72;20;10087313443;B
20240410;141737;164.72;20;10087313448;B
20240410;141737;164.72;10;10087313451;B
20240410;141737;164.72;10;10087313452;B
20240410;141737;164.72;10;10087313464;B
20240410;141737;164.72;10;10087313468;B
20240410;141737;164.72;10;10087313469;B
20240410;141737;164.72;10;10087313471;B
20240410;141737;164.72;10;10087313474;B
20240410;141737;164.72;10;10087313475;B
20240410;141737;164.72;10;10087313476;B
20240410;141737;164.72;10;10087313478;B
20240410;141737;164.72;10;10087313480;B
20240410;141737;164.72;10;10087313481;B
20240410;141737;164.72;10;10087313483;B
20240410;141737;164.72;10;10087313486;B
20240410;141737;164.72;10;10087313487;B
20240410;141737;164.72;10;10087313488;B
20240410;141737;164.72;40;10087313489;B
20240410;141737;164.72;10;10087313490;B
20240410;141738;164.72;10;10087313491;B
20240410;141738;164.72;20;10087313495;B
20240410;141738;164.72;10;10087313497;B
20240410;141738;164.72;10;10087313498;B
20240410;141738;164.72;10;10087313499;B
20240410;141738;164.72;10;10087313504;B
20240410;141738;164.72;10;10087313509;B
20240410;141738;164.72;10;10087313510;B
20240410;141738;164.72;10;10087313513;B
20240410;141738;164.72;10;10087313516;B
20240410;141738;164.72;10;10087313518;B
20240410;141738;164.72;10;10087313519;B
20240410;141738;164.72;10;10087313520;B
20240410;141738;164.72;10;10087313522;B
20240410;141738;164.72;10;10087313523;B
20240410;141738;164.72;10;10087313524;B
20240410;141738;164.72;10;10087313549;B
20240410;141738;164.7;50;10087313551;S
20240410;141738;164.7;10;10087313552;B
20240410;141738;164.7;10;10087313558;B
20240410;141738;164.7;10;10087313559;B
20240410;141738;164.7;10;10087313563;B
20240410;141738;164.7;10;10087313564;B
20240410;141738;164.72;10;10087313565;B
20240410;141738;164.72;10;10087313567;B
20240410;141738;164.72;10;10087313568;B
20240410;141738;164.72;10;10087313570;B
20240410;141738;164.72;10;10087313580;B
20240410;141738;164.72;10;10087313586;B
20240410;141738;164.72;10;10087313587;B
20240410;141738;164.72;10;10087313591;B
20240410;141738;164.72;10;10087313595;B
20240410;141738;164.72;10;10087313596;B
20240410;141739;164.72;10;10087313608;B
20240410;141739;164.72;10;10087313609;B
20240410;141739;164.72;10;10087313610;B
20240410;141739;164.72;10;10087313614;B
20240410;141739;164.72;10;10087313615;B
20240410;141739;164.72;10;10087313620;B
20240410;141739;164.72;10;10087313624;B
20240410;141739;164.72;10;10087313628;B
20240410;141739;164.72;10;10087313630;B
20240410;141739;164.72;10;10087313631;B
20240410;141739;164.72;10;10087313633;B
20240410;141739;164.72;10;10087313635;B
20240410;141739;164.72;10;10087313636;B
20240410;141739;164.72;10;10087313638;B
20240410;141739;164.72;10;10087313640;B
20240410;141739;164.72;10;10087313642;B
20240410;141739;164.72;10;10087313646;B
20240410;141739;164.72;10;10087313685;B
20240410;141739;164.72;10;10087313686;B
20240410;141739;164.72;10;10087313687;B
20240410;141739;164.72;10;10087313690;B
20240410;141739;164.76;10;10087313693;B
20240410;141739;164.76;10;10087313694;B
20240410;141739;164.76;10;10087313700;B
20240410;141739;164.76;10;10087313702;B
20240410;141739;164.76;10;10087313707;B
20240410;141739;164.74;10;10087313714;B
20240410;141739;164.74;10;10087313718;B
20240410;141739;164.74;10;10087313721;B
20240410;141739;164.74;10;10087313722;B
20240410;141739;164.74;10;10087313724;B
20240410;141739;164.76;10;10087313726;B
20240410;141739;164.76;10;10087313751;B
20240410;141740;164.76;10;10087313773;B
20240410;141740;164.76;10;10087313776;B
20240410;141740;164.76;10;10087313778;B
20240410;141740;164.76;10;10087313779;B
20240410;141740;164.76;210;10087313785;B
20240410;141740;164.78;70;10087313786;B
20240410;141740;164.78;10;10087313798;B
20240410;141740;164.78;10;10087313799;B
20240410;141740;164.78;10;10087313801;B
20240410;141740;164.78;10;10087313802;B
20240410;141740;164.78;10;10087313804;B
20240410;141740;164.78;10;10087313809;B
20240410;141740;164.78;10;10087313811;B
20240410;141740;164.78;10;10087313812;B
20240410;141740;164.78;10;10087313815;B
20240410;141740;164.78;10;10087313821;B
20240410;141740;164.78;10;10087313824;B
20240410;141740;164.78;10;10087313825;B
20240410;141740;164.78;10;10087313843;B
20240410;141740;164.78;10;10087313846;B
20240410;141740;164.78;10;10087313859;B
20240410;141741;164.78;10;10087313860;B
20240410;141741;164.78;10;10087313866;B
20240410;141741;164.78;10;10087313867;B
20240410;141741;164.78;10;10087313869;B
20240410;141741;164.78;10;10087313875;B
20240410;141741;164.78;10;10087313878;B
20240410;141741;164.78;20;10087313880;B
20240410;141741;164.74;50;10087313915;S
20240410;141741;164.72;950;10087313916;S
20240410;141741;164.82;10;10087313946;B
20240410;141741;164.82;10;10087313969;B
20240410;141741;164.82;20;10087313972;B
20240410;141742;164.82;10;10087313979;B
20240410;141742;164.82;10;10087313990;B
20240410;141745;164.8;50;10087314343;B
20240410;141745;164.8;20;10087314344;B
20240410;141745;164.82;840;10087314345;B
20240410;141745;164.82;240;10087314346;B
20240410;141751;164.86;40;10087314829;B
20240410;141751;164.86;10;10087314869;B
20240410;141751;164.86;10;10087314877;B
20240410;141751;164.86;10;10087314881;B
20240410;141751;164.86;10;10087314882;B
20240410;141751;164.86;10;10087314888;B
20240410;141751;164.86;10;10087314890;B
20240410;141751;164.86;10;10087314891;B
20240410;141751;164.86;10;10087314894;B
20240410;141751;164.86;10;10087314897;B
20240410;141751;164.86;10;10087314898;B
20240410;141751;164.86;10;10087314900;B
20240410;141752;164.86;10;10087314901;B
20240410;141752;164.86;10;10087314902;B
20240410;141752;164.86;10;10087314907;B
20240410;141752;164.86;10;10087314908;B
20240410;141752;164.86;10;10087314913;B
20240410;141752;164.86;10;10087314915;B
20240410;141752;164.86;10;10087314916;B
20240410;141752;164.86;10;10087314917;B
20240410;141752;164.86;10;10087314920;B
20240410;141752;164.86;10;10087314921;B
20240410;141752;164.86;10;10087314922;B
20240410;141752;164.86;10;10087314923;B
20240410;141752;164.86;10;10087314924;B
20240410;141752;164.86;10;10087314925;B
20240410;141752;164.86;10;10087314927;B
20240410;141752;164.86;10;10087314928;B
20240410;141752;164.86;10;10087314953;B
20240410;141752;164.86;10;10087314955;B
20240410;141752;164.86;10;10087314962;B
20240410;141752;164.86;10;10087314966;B
20240410;141752;164.86;10;10087314968;B
20240410;141752;164.86;10;10087314970;B
20240410;141752;164.86;10;10087314971;B
20240410;141752;164.86;10;10087314972;B
20240410;141752;164.86;10;10087314973;B
20240410;141752;164.86;10;10087314975;B
20240410;141752;164.86;10;10087314976;B
20240410;141752;164.86;10;10087314978;B
20240410;141752;164.86;10;10087314981;B
20240410;141752;164.86;10;10087314982;B
20240410;141752;164.86;10;10087314983;B
20240410;141752;164.86;10;10087314985;B
20240410;141752;164.86;10;10087314986;B
20240410;141752;164.86;10;10087314987;B
20240410;141752;164.86;10;10087314988;B
20240410;141752;164.86;10;10087314989;B
20240410;141752;164.86;10;10087314991;B
20240410;141752;164.86;10;10087314992;B
20240410;141752;164.86;10;10087314993;B
20240410;141752;164.86;10;10087314995;B
20240410;141752;164.86;10;10087314997;B
20240410;141752;164.86;10;10087314998;B
20240410;141752;164.86;10;10087314999;B
20240410;141752;164.86;10;10087315003;B
20240410;141752;164.86;20;10087315005;B
20240410;141752;164.86;10;10087315006;B
20240410;141752;164.86;10;10087315012;B
20240410;141752;164.86;10;10087315016;B
20240410;141752;164.86;10;10087315019;B
20240410;141752;164.86;10;10087315020;B
20240410;141752;164.86;10;10087315021;B
20240410;141752;164.86;10;10087315022;B
20240410;141753;164.86;10;10087315024;B
20240410;141753;164.86;10;10087315026;B
20240410;141753;164.86;10;10087315027;B
20240410;141753;164.86;10;10087315029;B
20240410;141753;164.86;10;10087315030;B
20240410;141753;164.86;10;10087315031;B
20240410;141753;164.86;10;10087315032;B
20240410;141753;164.86;10;10087315033;B
20240410;141753;164.86;10;10087315035;B
20240410;141753;164.86;10;10087315038;B
20240410;141753;164.86;10;10087315041;B
20240410;141753;164.86;10;10087315042;B
20240410;141753;164.86;10;10087315043;B
20240410;141753;164.86;10;10087315044;B
20240410;141753;164.86;10;10087315045;B
20240410;141753;164.86;10;10087315046;B
20240410;141753;164.86;10;10087315048;B
20240410;141753;164.86;10;10087315049;B
20240410;141753;164.86;10;10087315050;B
20240410;141753;164.86;10;10087315052;B
20240410;141753;164.86;10;10087315056;B
20240410;141753;164.86;10;10087315057;B
20240410;141753;164.86;10;10087315058;B
20240410;141753;164.86;10;10087315059;B
20240410;141753;164.86;10;10087315060;B
20240410;141753;164.86;20;10087315063;B
20240410;141753;164.86;10;10087315067;B
20240410;141753;164.82;10;10087315069;S
20240410;141753;164.86;10;10087315071;B
20240410;141753;164.86;10;10087315073;B
20240410;141753;164.86;10;10087315074;B
20240410;141753;164.86;10;10087315078;B
20240410;141753;164.86;10;10087315079;B
20240410;141753;164.86;10;10087315083;B
20240410;141753;164.86;10;10087315086;B
20240410;141753;164.86;10;10087315089;B
20240410;141753;164.86;10;10087315137;B
20240410;141753;164.86;10;10087315138;B
20240410;141753;164.86;10;10087315139;B
20240410;141753;164.86;10;10087315140;B
20240410;141753;164.86;10;10087315141;B
20240410;141753;164.86;10;10087315142;B
20240410;141753;164.86;10;10087315144;B
20240410;141753;164.86;10;10087315146;B
20240410;141753;164.86;10;10087315155;B
20240410;141753;164.86;10;10087315157;B
20240410;141753;164.86;10;10087315158;B
20240410;141753;164.86;10;10087315160;B
20240410;141753;164.86;10;10087315161;B
20240410;141753;164.86;10;10087315162;B
20240410;141753;164.86;10;10087315163;B
20240410;141753;164.86;10;10087315164;B
20240410;141753;164.86;10;10087315165;B
20240410;141753;164.86;10;10087315167;B
20240410;141753;164.86;10;10087315168;B
20240410;141753;164.86;10;10087315169;B
20240410;141753;164.86;10;10087315170;B
20240410;141753;164.86;10;10087315171;B
20240410;141753;164.86;10;10087315172;B
20240410;141753;164.86;10;10087315173;B
20240410;141753;164.86;10;10087315174;B
20240410;141753;164.86;10;10087315179;B
20240410;141754;164.86;10;10087315181;B
20240410;141754;164.88;10;10087315186;B
20240410;141754;164.9;10;10087315187;B
20240410;141754;164.9;10;10087315188;B
20240410;141754;164.9;10;10087315192;B
20240410;141754;164.9;10;10087315197;B
20240410;141754;164.9;10;10087315200;B
20240410;141754;164.9;10;10087315203;B
20240410;141754;164.9;10;10087315207;B
20240410;141754;164.9;10;10087315209;B
20240410;141754;164.9;10;10087315210;B
20240410;141754;164.9;10;10087315212;B
20240410;141754;164.9;10;10087315213;B
20240410;141754;164.9;10;10087315217;B
20240410;141754;164.9;10;10087315218;B
20240410;141754;164.9;10;10087315219;B
20240410;141754;164.9;10;10087315222;B
20240410;141754;164.9;10;10087315225;B
20240410;141754;164.9;150;10087315226;B
20240410;141754;164.9;10;10087315228;B
20240410;141754;164.9;10;10087315230;B
20240410;141754;164.9;10;10087315231;B
20240410;141754;164.9;10;10087315232;B
20240410;141754;164.9;10;10087315234;B
20240410;141754;164.9;10;10087315235;B
20240410;141754;164.9;10;10087315236;B
20240410;141754;164.9;10;10087315247;B
20240410;141754;164.9;10;10087315252;B
20240410;141754;164.9;10;10087315255;B
20240410;141754;164.9;10;10087315257;B
20240410;141754;164.9;10;10087315258;B
20240410;141754;164.9;10;10087315259;B
20240410;141754;164.9;10;10087315260;B
20240410;141754;164.9;10;10087315261;B
20240410;141754;164.9;10;10087315262;B
20240410;141754;164.9;10;10087315264;B
20240410;141754;164.9;10;10087315266;B
20240410;141754;164.9;10;10087315300;B
20240410;141754;164.9;10;10087315303;B
20240410;141754;164.9;10;10087315305;B
20240410;141754;164.9;100;10087315306;B
20240410;141754;164.9;10;10087315309;B
20240410;141754;164.9;10;10087315310;B
20240410;141754;164.9;10;10087315311;B
20240410;141754;164.9;10;10087315312;B
20240410;141755;164.9;10;10087315315;B
20240410;141755;164.9;10;10087315316;B
20240410;141755;164.9;10;10087315318;B
20240410;141755;164.9;10;10087315319;B
20240410;141755;164.9;10;10087315320;B
20240410;141755;164.9;10;10087315321;B
20240410;141755;164.9;10;10087315324;B
20240410;141755;164.9;10;10087315328;B
20240410;141755;164.9;10;10087315329;B
20240410;141755;164.9;10;10087315331;B
20240410;141755;164.9;10;10087315332;B
20240410;141755;164.9;10;10087315333;B
20240410;141755;164.9;10;10087315334;B
20240410;141755;164.9;10;10087315335;B
20240410;141755;164.9;10;10087315336;B
20240410;141755;164.9;10;10087315337;B
20240410;141755;164.9;10;10087315338;B
20240410;141755;164.9;10;10087315339;B
20240410;141755;164.9;10;10087315340;B
20240410;141755;164.9;10;10087315355;B
20240410;141755;164.9;10;10087315360;B
20240410;141755;164.9;10;10087315362;B
20240410;141755;164.9;10;10087315363;B
20240410;141755;164.9;10;10087315365;B
20240410;141755;164.9;10;10087315376;B
20240410;141755;164.9;10;10087315377;B
20240410;141755;164.9;10;10087315379;B
20240410;141755;164.9;10;10087315380;B
20240410;141755;164.9;10;10087315381;B
20240410;141755;164.9;10;10087315392;B
20240410;141755;164.9;10;10087315393;B
20240410;141755;164.9;10;10087315400;B
20240410;141755;164.9;10;10087315401;B
20240410;141755;164.9;10;10087315403;B
20240410;141755;164.9;30;10087315451;B
20240410;141755;164.9;10;10087315452;B
20240410;141755;164.9;10;10087315454;B
20240410;141755;164.9;10;10087315455;B
20240410;141755;164.9;10;10087315459;B
20240410;141755;164.9;10;10087315460;B
20240410;141755;164.9;10;10087315461;B
20240410;141755;164.9;10;10087315463;B
20240410;141755;164.9;10;10087315465;B
20240410;141756;164.9;10;10087315470;B
20240410;141756;164.9;10;10087315477;B
20240410;141756;164.9;10;10087315478;B
20240410;141756;164.9;10;10087315479;B
20240410;141756;164.9;10;10087315482;B
20240410;141756;164.84;220;10087315483;S
20240410;141756;164.84;50;10087315484;S
20240410;141756;164.82;1260;10087315485;S
20240410;141756;164.8;10;10087315486;S
20240410;141756;164.78;280;10087315487;S
20240410;141756;164.86;10;10087315491;B
20240410;141756;164.88;10;10087315500;B
20240410;141756;164.88;10;10087315506;B
20240410;141756;164.88;10;10087315508;B
20240410;141756;164.88;10;10087315509;B
20240410;141756;164.88;10;10087315510;B
20240410;141756;164.88;10;10087315511;B
20240410;141756;164.88;10;10087315513;B
20240410;141756;164.88;10;10087315514;B
20240410;141756;164.88;10;10087315515;B
20240410;141756;164.88;10;10087315516;B
20240410;141756;164.88;10;10087315528;B
20240410;141756;164.88;10;10087315532;B
20240410;141756;164.88;10;10087315533;B
20240410;141756;164.88;10;10087315534;B
20240410;141756;164.88;10;10087315536;B
20240410;141756;164.88;10;10087315537;B
20240410;141756;164.88;10;10087315538;B
20240410;141756;164.88;10;10087315540;B
20240410;141756;164.88;10;10087315560;B
20240410;141756;164.88;10;10087315599;B
20240410;141756;164.88;10;10087315600;B
20240410;141756;164.88;10;10087315604;B
20240410;141756;164.88;10;10087315605;B
20240410;141756;164.88;10;10087315606;B
20240410;141756;164.88;10;10087315607;B
20240410;141756;164.88;10;10087315608;B
20240410;141756;164.88;10;10087315609;B
20240410;141756;164.88;10;10087315610;B
20240410;141756;164.88;10;10087315611;B
20240410;141756;164.88;10;10087315612;B
20240410;141756;164.88;10;10087315613;B
20240410;141756;164.88;10;10087315614;B
20240410;141756;164.88;10;10087315615;B
20240410;141756;164.88;10;10087315617;B
20240410;141756;164.88;10;10087315618;B
20240410;141756;164.88;10;10087315619;B
20240410;141756;164.88;10;10087315620;B
20240410;141756;164.88;10;10087315621;B
20240410;141757;164.88;10;10087315623;B
20240410;141757;164.88;10;10087315624;B
20240410;141757;164.86;10;10087315636;B
20240410;141757;164.86;10;10087315637;B
20240410;141757;164.86;10;10087315646;B
20240410;141757;164.86;10;10087315650;B
20240410;141757;164.86;10;10087315652;B
20240410;141757;164.88;10;10087315653;B
20240410;141757;164.88;10;10087315654;B
20240410;141757;164.88;10;10087315655;B
20240410;141757;164.88;10;10087315663;B
20240410;141757;164.88;10;10087315664;B
20240410;141757;164.88;10;10087315665;B
20240410;141757;164.88;10;10087315667;B
20240410;141757;164.88;10;10087315671;B
20240410;141757;164.88;10;10087315672;B
20240410;141757;164.88;10;10087315684;B
20240410;141757;164.88;10;10087315688;B
20240410;141757;164.88;10;10087315689;B
20240410;141757;164.88;10;10087315690;B
20240410;141757;164.88;10;10087315691;B
20240410;141757;164.88;10;10087315692;B
20240410;141757;164.88;10;10087315693;B
20240410;141757;164.88;20;10087315694;B
20240410;141757;164.88;10;10087315695;B
20240410;141757;164.88;10;10087315696;B
20240410;141757;164.88;10;10087315698;B
20240410;141757;164.88;10;10087315700;B
20240410;141757;164.88;10;10087315719;B
20240410;141757;164.88;10;10087315723;B
20240410;141757;164.88;10;10087315724;B
20240410;141757;164.88;10;10087315725;B
20240410;141757;164.88;10;10087315727;B
20240410;141757;164.88;10;10087315728;B
20240410;141757;164.88;10;10087315730;B
20240410;141757;164.88;10;10087315732;B
20240410;141757;164.88;10;10087315741;B
20240410;141758;164.88;10;10087315743;B
20240410;141758;164.88;10;10087315746;B
20240410;141758;164.88;10;10087315747;B
20240410;141758;164.88;10;10087315757;B
20240410;141758;164.88;10;10087315760;B
20240410;141758;164.88;10;10087315765;B
20240410;141758;164.88;10;10087315767;B
20240410;141758;164.88;10;10087315768;B
20240410;141758;164.88;10;10087315773;B
20240410;141758;164.88;10;10087315774;B
20240410;141758;164.88;10;10087315779;B
20240410;141758;164.88;10;10087315784;B
20240410;141758;164.9;10;10087315793;B
20240410;141758;164.9;10;10087315797;B
20240410;141758;164.9;10;10087315798;B
20240410;141758;164.9;10;10087315799;B
20240410;141758;164.9;10;10087315803;B
20240410;141758;164.88;10;10087315818;B
20240410;141758;164.9;10;10087315827;B
20240410;141758;164.9;10;10087315828;B
20240410;141758;164.9;10;10087315829;B
20240410;141758;164.9;10;10087315835;B
20240410;141758;164.9;10;10087315837;B
20240410;141758;164.9;10;10087315838;B
20240410;141759;164.88;10;10087315881;B
20240410;141759;164.88;10;10087315894;B
20240410;141759;164.88;10;10087315897;B
20240410;141759;164.88;10;10087315906;B
20240410;141759;164.88;10;10087315908;B
20240410;141759;164.88;10;10087315928;B
20240410;141759;164.88;10;10087315930;B
20240410;141759;164.88;10;10087315941;B
20240410;141759;164.88;10;10087315962;B
20240410;141759;164.88;10;10087315964;B
20240410;141800;164.88;10;10087315969;B
20240410;141800;164.88;10;10087315970;B
20240410;141800;164.88;10;10087315971;B
20240410;141800;164.88;10;10087315975;B
20240410;141800;164.88;10;10087315983;B
20240410;141800;164.88;10;10087315988;B
20240410;141800;164.88;10;10087315989;B
20240410;141800;164.88;10;10087315991;B
20240410;141800;164.88;10;10087315992;B
20240410;141800;164.88;10;10087316024;B
20240410;141800;164.88;10;10087316026;B
20240410;141800;164.88;10;10087316031;B
20240410;141801;164.88;70;10087316048;B
20240410;141801;164.88;10;10087316072;B
20240410;141801;164.88;10;10087316081;B
20240410;141801;164.88;10;10087316098;B
20240410;141801;164.88;10;10087316136;B
20240410;141804;164.88;50;10087316372;B
20240410;141805;164.82;50;10087316376;S
20240410;141805;164.82;30;10087316377;S
20240410;141805;164.82;1220;10087316378;S
20240410;141806;164.8;50;10087316494;S
20240410;141806;164.78;150;10087316495;S
20240410;141806;164.76;100;10087316496;S
20240410;141806;164.76;100;10087316506;S
20240410;141808;164.76;100;10087316607;S
20240410;141808;164.76;10;10087316608;S
20240410;141808;164.74;50;10087316609;S
20240410;141808;164.74;150;10087316610;S
20240410;141808;164.72;10;10087316611;S
20240410;141808;164.72;680;10087316612;S
20240410;141808;164.76;20;10087316626;B
20240410;141808;164.72;10;10087316670;S
20240410;141808;164.72;100;10087316687;S
20240410;141808;164.72;30;10087316728;S
20240410;141809;164.72;250;10087316731;S
20240410;141811;164.74;50;10087316913;S
20240410;141811;164.72;400;10087316914;S
20240410;141812;164.76;10;10087317011;B
20240410;141812;164.76;10;10087317029;B
20240410;141812;164.76;10;10087317030;B
20240410;141812;164.76;10;10087317032;B
20240410;141812;164.76;10;10087317038;B
20240410;141812;164.76;10;10087317040;B
20240410;141812;164.76;10;10087317041;B
20240410;141812;164.76;10;10087317042;B
20240410;141812;164.76;10;10087317046;B
20240410;141812;164.76;10;10087317047;B
20240410;141813;164.76;10;10087317050;B
20240410;141813;164.76;10;10087317052;B
20240410;141813;164.76;10;10087317059;B
20240410;141813;164.76;10;10087317061;B
20240410;141813;164.76;10;10087317063;B
20240410;141813;164.76;10;10087317066;B
20240410;141813;164.76;10;10087317070;B
20240410;141813;164.76;10;10087317071;B
20240410;141813;164.76;10;10087317081;B
20240410;141813;164.76;10;10087317087;B
20240410;141813;164.76;80;10087317091;B
20240410;141813;164.78;20;10087317092;B
20240410;141813;164.78;10;10087317096;B
20240410;141813;164.78;10;10087317097;B
20240410;141813;164.78;10;10087317098;B
20240410;141813;164.78;10;10087317099;B
20240410;141813;164.78;20;10087317102;B
20240410;141813;164.78;10;10087317104;B
20240410;141813;164.78;10;10087317114;B
20240410;141813;164.78;10;10087317116;B
20240410;141813;164.78;10;10087317119;B
20240410;141813;164.78;10;10087317120;B
20240410;141813;164.78;10;10087317129;B
20240410;141813;164.78;10;10087317130;B
20240410;141813;164.78;10;10087317135;B
20240410;141813;164.78;40;10087317136;B
20240410;141813;164.8;10;10087317139;B
20240410;141813;164.8;10;10087317140;B
20240410;141813;164.8;10;10087317144;B
20240410;141813;164.8;10;10087317145;B
20240410;141813;164.8;10;10087317146;B
20240410;141814;164.8;10;10087317149;B
20240410;141814;164.8;10;10087317152;B
20240410;141814;164.8;10;10087317154;B
20240410;141814;164.8;10;10087317155;B
20240410;141814;164.8;10;10087317156;B
20240410;141814;164.8;10;10087317158;B
20240410;141814;164.8;10;10087317159;B
20240410;141814;164.8;10;10087317162;B
20240410;141814;164.8;10;10087317163;B
20240410;141814;164.8;30;10087317166;B
20240410;141814;164.8;10;10087317167;B
20240410;141814;164.8;10;10087317171;B
20240410;141814;164.8;10;10087317172;B
20240410;141814;164.8;10;10087317173;B
20240410;141814;164.8;10;10087317178;B
20240410;141814;164.8;10;10087317180;B
20240410;141814;164.8;10;10087317182;B
20240410;141814;164.8;10;10087317186;B
20240410;141814;164.8;10;10087317204;B
20240410;141814;164.8;10;10087317207;B
20240410;141814;164.8;10;10087317211;B
20240410;141814;164.8;10;10087317213;B
20240410;141814;164.8;10;10087317214;B
20240410;141814;164.8;10;10087317215;B
20240410;141814;164.8;10;10087317216;B
20240410;141814;164.8;10;10087317218;B
20240410;141814;164.8;10;10087317219;B
20240410;141814;164.8;10;10087317220;B
20240410;141814;164.8;10;10087317221;B
20240410;141814;164.8;10;10087317229;B
20240410;141814;164.8;10;10087317232;B
20240410;141814;164.8;10;10087317242;B
20240410;141814;164.8;10;10087317244;B
20240410;141814;164.8;10;10087317245;B
20240410;141814;164.8;10;10087317248;B
20240410;141814;164.8;10;10087317249;B
20240410;141814;164.8;10;10087317256;B
20240410;141814;164.8;10;10087317257;B
20240410;141814;164.8;100;10087317259;B
20240410;141814;164.8;10;10087317265;B
20240410;141815;164.8;10;10087317272;B
20240410;141815;164.8;10;10087317274;B
20240410;141815;164.8;10;10087317275;B
20240410;141815;164.8;10;10087317277;B
20240410;141815;164.82;10;10087317283;B
20240410;141815;164.82;10;10087317284;B
20240410;141815;164.82;10;10087317289;B
20240410;141815;164.82;10;10087317291;B
20240410;141815;164.82;10;10087317292;B
20240410;141815;164.82;10;10087317293;B
20240410;141815;164.82;10;10087317297;B
20240410;141815;164.82;10;10087317299;B
20240410;141815;164.82;10;10087317300;B
20240410;141815;164.82;10;10087317302;B
20240410;141815;164.82;10;10087317303;B
20240410;141815;164.82;10;10087317306;B
20240410;141815;164.82;10;10087317307;B
20240410;141815;164.82;10;10087317314;B
20240410;141815;164.82;10;10087317315;B
20240410;141815;164.82;10;10087317320;B
20240410;141815;164.82;10;10087317321;B
20240410;141815;164.82;10;10087317322;B
20240410;141815;164.82;10;10087317334;B
20240410;141815;164.82;10;10087317350;B
20240410;141815;164.82;10;10087317361;B
20240410;141815;164.82;10;10087317363;B
20240410;141815;164.82;10;10087317364;B
20240410;141815;164.82;10;10087317368;B
20240410;141815;164.82;10;10087317370;B
20240410;141815;164.82;10;10087317372;B
20240410;141815;164.82;10;10087317373;B
20240410;141815;164.82;10;10087317374;B
20240410;141815;164.82;10;10087317375;B
20240410;141816;164.82;10;10087317378;B
20240410;141816;164.82;10;10087317379;B
20240410;141816;164.82;10;10087317381;B
20240410;141816;164.82;10;10087317383;B
20240410;141816;164.82;10;10087317384;B
20240410;141816;164.82;10;10087317388;B
20240410;141816;164.82;10;10087317394;B
20240410;141816;164.82;10;10087317395;B
20240410;141816;164.82;10;10087317399;B
20240410;141816;164.82;10;10087317400;B
20240410;141816;164.82;10;10087317403;B
20240410;141816;164.82;10;10087317405;B
20240410;141816;164.82;10;10087317406;B
20240410;141816;164.82;10;10087317407;B
20240410;141816;164.82;10;10087317408;B
20240410;141816;164.82;10;10087317409;B
20240410;141816;164.82;10;10087317412;B
20240410;141816;164.82;10;10087317413;B
20240410;141816;164.82;10;10087317414;B
20240410;141816;164.82;10;10087317416;B
20240410;141816;164.82;10;10087317418;B
20240410;141816;164.82;10;10087317420;B
20240410;141816;164.82;10;10087317421;B
20240410;141816;164.82;10;10087317424;B
20240410;141816;164.82;10;10087317425;B
20240410;141816;164.82;10;10087317435;B
20240410;141816;164.82;10;10087317439;B
20240410;141816;164.82;10;10087317451;B
20240410;141816;164.82;10;10087317453;B
20240410;141816;164.82;10;10087317454;B
20240410;141816;164.82;10;10087317458;B
20240410;141816;164.82;10;10087317459;B
20240410;141816;164.82;10;10087317460;B
20240410;141816;164.82;10;10087317463;B
20240410;141816;164.82;10;10087317466;B
20240410;141816;164.82;10;10087317470;B
20240410;141816;164.82;10;10087317471;B
20240410;141816;164.82;10;10087317472;B
20240410;141816;164.82;10;10087317475;B
20240410;141816;164.82;20;10087317476;B
20240410;141816;164.82;10;10087317481;B
20240410;141816;164.82;10;10087317483;B
20240410;141816;164.82;10;10087317484;B
20240410;141816;164.82;10;10087317487;B
20240410;141816;164.82;10;10087317488;B
20240410;141816;164.82;10;10087317489;B
20240410;141816;164.82;10;10087317491;B
20240410;141816;164.8;10;10087317493;B
20240410;141816;164.82;10;10087317497;B
20240410;141817;164.82;10;10087317498;B
20240410;141817;164.82;10;10087317499;B
20240410;141817;164.82;10;10087317500;B
20240410;141817;164.82;10;10087317507;B
20240410;141817;164.82;10;10087317514;B
20240410;141817;164.82;10;10087317515;B
20240410;141817;164.82;10;10087317516;B
20240410;141817;164.82;10;10087317517;B
20240410;141817;164.82;10;10087317518;B
20240410;141817;164.82;10;10087317520;B
20240410;141817;164.82;10;10087317523;B
20240410;141817;164.82;10;10087317525;B
20240410;141817;164.82;10;10087317531;B
20240410;141817;164.82;10;10087317536;B
20240410;141817;164.82;10;10087317537;B
20240410;141817;164.8;10;10087317540;B
20240410;141817;164.82;10;10087317545;B
20240410;141817;164.82;10;10087317547;B
20240410;141817;164.82;10;10087317550;B
20240410;141817;164.82;10;10087317552;B
20240410;141817;164.82;10;10087317555;B
20240410;141817;164.82;10;10087317557;B
20240410;141817;164.82;10;10087317559;B
20240410;141817;164.78;20;10087317562;S
20240410;141817;164.82;10;10087317566;B
20240410;141817;164.82;10;10087317567;B
20240410;141817;164.82;10;10087317574;B
20240410;141817;164.82;10;10087317575;B
20240410;141817;164.82;10;10087317582;B
20240410;141817;164.82;10;10087317584;B
20240410;141817;164.8;10;10087317585;B
20240410;141817;164.82;10;10087317589;B
20240410;141817;164.82;10;10087317590;B
20240410;141817;164.82;10;10087317591;B
20240410;141817;164.82;10;10087317592;B
20240410;141817;164.82;10;10087317593;B
20240410;141817;164.82;10;10087317594;B
20240410;141817;164.82;10;10087317595;B
20240410;141817;164.82;10;10087317597;B
20240410;141817;164.82;10;10087317598;B
20240410;141818;164.82;10;10087317608;B
20240410;141818;164.82;20;10087317611;B
20240410;141818;164.82;10;10087317612;B
20240410;141818;164.8;10;10087317618;B
20240410;141818;164.82;10;10087317619;B
20240410;141818;164.82;10;10087317621;B
20240410;141818;164.82;10;10087317622;B
20240410;141818;164.82;10;10087317625;B
20240410;141818;164.82;10;10087317638;B
20240410;141818;164.8;10;10087317641;B
20240410;141818;164.82;10;10087317655;B
20240410;141818;164.82;10;10087317660;B
20240410;141818;164.82;10;10087317661;B
20240410;141818;164.8;10;10087317664;B
20240410;141818;164.82;10;10087317666;B
20240410;141818;164.82;10;10087317668;B
20240410;141818;164.82;10;10087317677;B
20240410;141818;164.82;10;10087317679;B
20240410;141818;164.82;10;10087317683;B
20240410;141818;164.82;10;10087317684;B
20240410;141818;164.82;10;10087317685;B
20240410;141818;164.82;10;10087317686;B
20240410;141818;164.82;10;10087317687;B
20240410;141818;164.8;10;10087317700;B
20240410;141818;164.8;10;10087317704;B
20240410;141818;164.82;10;10087317706;B
20240410;141818;164.82;10;10087317707;B
20240410;141818;164.82;10;10087317711;B
20240410;141818;164.82;10;10087317714;B
20240410;141818;164.82;10;10087317715;B
20240410;141819;164.82;10;10087317717;B
20240410;141819;164.82;10;10087317724;B
20240410;141819;164.82;10;10087317725;B
20240410;141819;164.82;10;10087317726;B
20240410;141819;164.8;10;10087317728;B
20240410;141819;164.82;10;10087317729;B
20240410;141819;164.82;10;10087317732;B
20240410;141819;164.8;10;10087317739;B
20240410;141819;164.82;10;10087317742;B
20240410;141819;164.82;10;10087317743;B
20240410;141819;164.82;10;10087317748;B
20240410;141819;164.82;10;10087317752;B
20240410;141819;164.8;10;10087317753;B
20240410;141819;164.82;10;10087317754;B
20240410;141819;164.82;10;10087317755;B
20240410;141819;164.82;10;10087317756;B
20240410;141819;164.82;10;10087317757;B
20240410;141819;164.82;10;10087317758;B
20240410;141819;164.82;10;10087317759;B
20240410;141819;164.82;10;10087317760;B
20240410;141819;164.82;10;10087317764;B
20240410;141819;164.82;10;10087317765;B
20240410;141819;164.82;10;10087317768;B
20240410;141819;164.82;10;10087317774;B
20240410;141819;164.82;10;10087317775;B
20240410;141819;164.82;10;10087317778;B
20240410;141819;164.82;10;10087317779;B
20240410;141819;164.82;10;10087317780;B
20240410;141819;164.82;10;10087317782;B
20240410;141819;164.82;10;10087317791;B
20240410;141819;164.82;10;10087317796;B
20240410;141819;164.82;10;10087317798;B
20240410;141819;164.84;10;10087317800;B
20240410;141819;164.84;10;10087317802;B
20240410;141819;164.84;10;10087317803;B
20240410;141819;164.84;10;10087317804;B
20240410;141819;164.84;10;10087317805;B
20240410;141819;164.84;10;10087317808;B
20240410;141819;164.84;10;10087317809;B
20240410;141819;164.84;10;10087317823;B
20240410;141819;164.84;10;10087317824;B
20240410;141819;164.84;10;10087317825;B
20240410;141820;164.84;10;10087317830;B
20240410;141820;164.84;10;10087317840;B
20240410;141820;164.84;10;10087317841;B
20240410;141820;164.84;10;10087317843;B
20240410;141820;164.84;10;10087317844;B
20240410;141820;164.84;10;10087317845;B
20240410;141820;164.84;10;10087317852;B
20240410;141820;164.84;10;10087317856;B
20240410;141820;164.84;10;10087317868;B
20240410;141820;164.84;10;10087317871;B
20240410;141820;164.84;10;10087317872;B
20240410;141820;164.84;10;10087317885;B
20240410;141820;164.84;10;10087317892;B
20240410;141820;164.84;10;10087317895;B
20240410;141820;164.84;10;10087317896;B
20240410;141820;164.84;10;10087317898;B
20240410;141820;164.8;40;10087317912;S
20240410;141820;164.84;10;10087317929;B
20240410;141820;164.84;10;10087317930;B
20240410;141820;164.84;10;10087317933;B
20240410;141821;164.82;10;10087317971;B
20240410;141821;164.82;10;10087317976;B
20240410;141821;164.8;10;10087317978;S
20240410;141821;164.78;40;10087317979;S
20240410;141821;164.78;500;10087317980;S
20240410;141821;164.76;500;10087317981;S
20240410;141821;164.76;50;10087317982;S
20240410;141821;164.76;30;10087317983;S
20240410;141821;164.74;150;10087317984;S
20240410;141821;164.74;1220;10087317985;S
20240410;141821;164.74;300;10087317986;S
20240410;141821;164.78;10;10087317989;B
20240410;141821;164.82;10;10087317995;B
20240410;141821;164.82;10;10087318003;B
20240410;141821;164.82;10;10087318007;B
20240410;141821;164.82;10;10087318016;B
20240410;141821;164.82;10;10087318023;B
20240410;141821;164.82;10;10087318026;B
20240410;141822;164.8;10;10087318059;B
20240410;141822;164.78;10;10087318067;B
20240410;141822;164.82;10;10087318068;B
20240410;141822;164.8;10;10087318113;B
20240410;141824;164.82;80;10087318336;B
20240410;141824;164.82;20;10087318337;B
20240410;141826;164.8;50;10087318576;B
20240410;141826;164.82;270;10087318577;B
20240410;141826;164.82;80;10087318578;B
20240410;141826;164.8;10;10087318600;B
20240410;141828;164.76;200;10087318756;S
20240410;141828;164.74;200;10087318757;S
20240410;141828;164.74;150;10087318758;S
20240410;141828;164.74;300;10087318759;S
20240410;141828;164.72;450;10087318760;S
20240410;141829;164.78;10;10087318799;B
20240410;141829;164.8;10;10087318800;B
20240410;141829;164.8;150;10087318801;B
20240410;141829;164.82;220;10087318802;B
20240410;141829;164.82;30;10087318803;B
20240410;141829;164.82;50;10087318804;B
20240410;141829;164.82;150;10087318805;B
20240410;141830;164.82;380;10087318881;S
20240410;141830;164.72;10;10087318882;S
20240410;141830;164.72;300;10087318883;S
20240410;141830;164.72;1630;10087318884;S
20240410;141830;164.72;820;10087318885;S
20240410;141830;164.72;360;10087318886;S
20240410;141831;164.74;10;10087318978;S
20240410;141831;164.72;10;10087318989;S
20240410;141833;164.7;250;10087319184;S
20240410;141833;164.7;1000;10087319205;S
20240410;141835;164.7;10;10087319358;S
20240410;141835;164.7;10;10087319374;S
20240410;141840;164.7;700;10087319792;S
20240410;141841;164.7;800;10087319861;S
20240410;141841;164.7;150;10087319913;S
20240410;141844;164.72;10;10087320185;B
20240410;141844;164.72;10;10087320186;B
20240410;141844;164.72;10;10087320188;B
20240410;141844;164.72;10;10087320189;B
20240410;141844;164.72;10;10087320190;B
20240410;141844;164.72;10;10087320191;B
20240410;141844;164.72;10;10087320193;B
20240410;141844;164.72;10;10087320194;B
20240410;141844;164.72;10;10087320195;B
20240410;141844;164.72;10;10087320196;B
20240410;141844;164.72;10;10087320197;B
20240410;141844;164.72;10;10087320198;B
20240410;141844;164.72;20;10087320199;B
20240410;141844;164.72;10;10087320203;B
20240410;141844;164.72;10;10087320204;B
20240410;141844;164.72;10;10087320205;B
20240410;141844;164.72;10;10087320206;B
20240410;141844;164.72;10;10087320207;B
20240410;141844;164.72;10;10087320210;B
20240410;141844;164.74;10;10087320218;B
20240410;141844;164.74;10;10087320220;B
20240410;141844;164.7;20;10087320226;S
20240410;141844;164.74;10;10087320227;B
20240410;141844;164.74;10;10087320232;B
20240410;141844;164.74;10;10087320233;B
20240410;141844;164.74;10;10087320234;B
20240410;141844;164.74;10;10087320235;B
20240410;141844;164.74;10;10087320237;B
20240410;141844;164.74;10;10087320238;B
20240410;141844;164.74;10;10087320243;B
20240410;141844;164.74;10;10087320245;B
20240410;141844;164.74;10;10087320246;B
20240410;141844;164.74;10;10087320247;B
20240410;141844;164.74;10;10087320248;B
20240410;141844;164.74;10;10087320250;B
20240410;141844;164.74;10;10087320251;B
20240410;141845;164.74;10;10087320255;B
20240410;141845;164.74;10;10087320257;B
20240410;141845;164.74;10;10087320263;B
20240410;141845;164.74;10;10087320264;B
20240410;141845;164.74;10;10087320274;B
20240410;141845;164.74;10;10087320280;B
20240410;141845;164.74;10;10087320281;B
20240410;141845;164.74;10;10087320282;B
20240410;141845;164.74;10;10087320285;B
20240410;141845;164.74;20;10087320286;B
20240410;141845;164.74;10;10087320287;B
20240410;141845;164.74;10;10087320289;B
20240410;141845;164.72;10;10087320290;B
20240410;141845;164.76;10;10087320292;B
20240410;141845;164.76;10;10087320295;B
20240410;141845;164.76;10;10087320296;B
20240410;141845;164.76;10;10087320298;B
20240410;141845;164.76;10;10087320300;B
20240410;141845;164.76;10;10087320301;B
20240410;141845;164.76;10;10087320318;B
20240410;141845;164.78;10;10087320319;B
20240410;141845;164.78;10;10087320320;B
20240410;141845;164.78;10;10087320321;B
20240410;141845;164.78;10;10087320322;B
20240410;141845;164.78;10;10087320323;B
20240410;141845;164.78;10;10087320324;B
20240410;141845;164.78;10;10087320325;B
20240410;141845;164.78;10;10087320326;B
20240410;141845;164.78;10;10087320327;B
20240410;141845;164.78;10;10087320328;B
20240410;141845;164.78;10;10087320329;B
20240410;141845;164.78;10;10087320331;B
20240410;141845;164.78;10;10087320332;B
20240410;141845;164.78;10;10087320333;B
20240410;141845;164.78;10;10087320336;B
20240410;141845;164.78;10;10087320343;B
20240410;141845;164.78;10;10087320345;B
20240410;141845;164.78;10;10087320346;B
20240410;141845;164.74;10;10087320348;B
20240410;141845;164.78;10;10087320349;B
20240410;141845;164.78;20;10087320351;B
20240410;141845;164.78;10;10087320352;B
20240410;141845;164.78;10;10087320354;B
20240410;141845;164.78;30;10087320355;B
20240410;141845;164.78;10;10087320357;B
20240410;141845;164.78;10;10087320358;B
20240410;141845;164.78;10;10087320359;B
20240410;141845;164.78;10;10087320360;B
20240410;141845;164.78;10;10087320361;B
20240410;141845;164.78;10;10087320362;B
20240410;141845;164.78;10;10087320366;B
20240410;141845;164.78;10;10087320368;B
20240410;141845;164.78;10;10087320371;B
20240410;141845;164.78;10;10087320372;B
20240410;141845;164.78;10;10087320373;B
20240410;141845;164.78;10;10087320380;B
20240410;141845;164.78;10;10087320381;B
20240410;141845;164.78;10;10087320382;B
20240410;141845;164.78;10;10087320390;B
20240410;141845;164.76;10;10087320394;B
20240410;141845;164.78;10;10087320395;B
20240410;141845;164.78;10;10087320399;B
20240410;141845;164.78;10;10087320400;B
20240410;141845;164.72;50;10087320401;S
20240410;141845;164.78;10;10087320404;B
20240410;141845;164.78;10;10087320405;B
20240410;141845;164.78;10;10087320410;B
20240410;141845;164.78;10;10087320414;B
20240410;141845;164.78;10;10087320417;B
20240410;141845;164.78;10;10087320418;B
20240410;141845;164.78;10;10087320419;B
20240410;141845;164.78;10;10087320421;B
20240410;141845;164.78;10;10087320423;B
20240410;141845;164.78;10;10087320424;B
20240410;141845;164.78;10;10087320425;B
20240410;141845;164.78;10;10087320426;B
20240410;141845;164.78;10;10087320427;B
20240410;141846;164.78;10;10087320434;B
20240410;141846;164.78;10;10087320435;B
20240410;141846;164.78;10;10087320436;B
20240410;141846;164.78;10;10087320438;B
20240410;141846;164.78;10;10087320440;B
20240410;141846;164.78;10;10087320441;B
20240410;141846;164.78;10;10087320442;B
20240410;141846;164.78;10;10087320443;B
20240410;141846;164.78;10;10087320445;B
20240410;141846;164.78;10;10087320446;B
20240410;141846;164.78;10;10087320448;B
20240410;141846;164.78;10;10087320449;B
20240410;141846;164.78;40;10087320451;B
20240410;141846;164.78;10;10087320452;B
20240410;141846;164.78;10;10087320455;B
20240410;141846;164.78;10;10087320456;B
20240410;141846;164.78;10;10087320457;B
20240410;141846;164.78;10;10087320458;B
20240410;141846;164.78;10;10087320459;B
20240410;141846;164.78;10;10087320460;B
20240410;141846;164.78;10;10087320461;B
20240410;141846;164.78;10;10087320462;B
20240410;141846;164.78;10;10087320463;B
20240410;141846;164.78;10;10087320465;B
20240410;141846;164.78;10;10087320468;B
20240410;141846;164.78;10;10087320475;B
20240410;141846;164.78;10;10087320486;B
20240410;141846;164.78;10;10087320489;B
20240410;141846;164.78;10;10087320490;B
20240410;141846;164.78;10;10087320491;B
20240410;141846;164.78;10;10087320500;B
20240410;141846;164.78;10;10087320501;B
20240410;141846;164.78;10;10087320503;B
20240410;141846;164.78;10;10087320506;B
20240410;141846;164.78;10;10087320507;B
20240410;141846;164.78;10;10087320508;B
20240410;141846;164.78;10;10087320509;B
20240410;141846;164.78;10;10087320516;B
20240410;141846;164.78;10;10087320517;B
20240410;141846;164.78;10;10087320518;B
20240410;141846;164.78;10;10087320519;B
20240410;141846;164.78;10;10087320520;B
20240410;141846;164.78;10;10087320524;B
20240410;141846;164.78;10;10087320525;B
20240410;141846;164.78;10;10087320526;B
20240410;141846;164.78;10;10087320528;B
20240410;141846;164.78;10;10087320529;B
20240410;141846;164.78;10;10087320534;B
20240410;141846;164.78;10;10087320536;B
20240410;141846;164.78;10;10087320539;B
20240410;141846;164.72;40;10087320556;S
20240410;141846;164.78;10;10087320568;B
20240410;141846;164.78;10;10087320571;B
20240410;141846;164.78;10;10087320575;B
20240410;141846;164.78;10;10087320577;B
20240410;141846;164.78;10;10087320578;B
20240410;141846;164.78;10;10087320582;B
20240410;141846;164.78;10;10087320583;B
20240410;141846;164.78;10;10087320584;B
20240410;141846;164.78;10;10087320585;B
20240410;141846;164.78;10;10087320586;B
20240410;141846;164.78;10;10087320587;B
20240410;141846;164.78;10;10087320588;B
20240410;141846;164.78;10;10087320589;B
20240410;141847;164.78;10;10087320602;B
20240410;141847;164.78;10;10087320604;B
20240410;141847;164.78;110;10087320605;B
20240410;141847;164.78;1220;10087320606;B
20240410;141847;164.8;560;10087320607;B
20240410;141847;164.8;3660;10087320608;B
20240410;141847;164.8;1530;10087320609;B
20240410;141847;164.84;10;10087320610;B
20240410;141847;164.84;10;10087320611;B
20240410;141847;164.84;10;10087320612;B
20240410;141847;164.84;10;10087320613;B
20240410;141847;164.84;20;10087320614;B
20240410;141847;164.84;10;10087320617;B
20240410;141847;164.84;10;10087320618;B
20240410;141847;164.84;10;10087320619;B
20240410;141847;164.84;10;10087320621;B
20240410;141847;164.84;10;10087320622;B
20240410;141847;164.84;10;10087320626;B
20240410;141847;164.84;10;10087320627;B
20240410;141847;164.84;10;10087320630;B
20240410;141847;164.84;10;10087320631;B
20240410;141847;164.84;10;10087320634;B
20240410;141847;164.8;300;10087320642;S
20240410;141847;164.84;10;10087320643;B
20240410;141847;164.84;10;10087320644;B
20240410;141847;164.84;10;10087320645;B
20240410;141847;164.84;10;10087320646;B
20240410;141847;164.84;10;10087320647;B
20240410;141847;164.84;10;10087320650;B
20240410;141847;164.84;10;10087320659;B
20240410;141847;164.84;10;10087320660;B
20240410;141847;164.84;10;10087320661;B
20240410;141847;164.84;10;10087320662;B
20240410;141847;164.84;10;10087320669;B
20240410;141847;164.84;10;10087320689;B
20240410;141847;164.84;10;10087320692;B
20240410;141847;164.84;10;10087320693;B
20240410;141847;164.84;10;10087320694;B
20240410;141847;164.86;10;10087320697;B
20240410;141847;164.86;10;10087320703;B
20240410;141847;164.86;10;10087320708;B
20240410;141847;164.86;10;10087320709;B
20240410;141847;164.86;10;10087320710;B
20240410;141847;164.86;10;10087320717;B
20240410;141847;164.86;10;10087320719;B
20240410;141847;164.86;10;10087320727;B
20240410;141848;164.86;10;10087320728;B
20240410;141848;164.8;50;10087320729;S
20240410;141848;164.86;10;10087320730;B
20240410;141848;164.88;10;10087320731;B
20240410;141848;164.9;10;10087320732;B
20240410;141848;164.9;10;10087320734;B
20240410;141848;164.9;10;10087320736;B
20240410;141848;164.9;10;10087320737;B
20240410;141848;164.92;10;10087320740;B
20240410;141848;164.92;10;10087320741;B
20240410;141848;164.92;10;10087320745;B
20240410;141848;164.92;10;10087320746;B
20240410;141848;164.92;10;10087320747;B
20240410;141848;164.92;10;10087320749;B
20240410;141848;164.92;10;10087320750;B
20240410;141848;164.94;10;10087320751;B
20240410;141848;164.94;10;10087320754;B
20240410;141848;164.94;10;10087320756;B
20240410;141848;164.94;10;10087320764;B
20240410;141848;164.94;10;10087320765;B
20240410;141848;164.94;10;10087320770;B
20240410;141848;164.94;10;10087320771;B
20240410;141848;164.94;10;10087320772;B
20240410;141848;164.94;10;10087320786;B
20240410;141848;164.94;10;10087320787;B
20240410;141848;164.94;10;10087320789;B
20240410;141848;164.96;10;10087320790;B
20240410;141848;164.94;10;10087320791;B
20240410;141848;164.94;10;10087320792;B
20240410;141848;164.94;10;10087320793;B
20240410;141848;164.94;10;10087320794;B
20240410;141848;164.96;10;10087320796;B
20240410;141848;164.94;10;10087320797;B
20240410;141848;164.96;10;10087320798;B
20240410;141848;164.94;10;10087320799;B
20240410;141848;164.94;10;10087320800;B
20240410;141848;164.96;10;10087320801;B
20240410;141848;164.94;10;10087320802;B
20240410;141848;164.94;10;10087320805;B
20240410;141848;164.94;1000;10087320806;B
20240410;141848;164.94;10;10087320809;B
20240410;141848;164.96;10;10087320810;B
20240410;141848;164.94;10;10087320812;B
20240410;141848;164.94;10;10087320813;B
20240410;141848;164.94;10;10087320814;B
20240410;141848;164.94;10;10087320815;B
20240410;141848;164.94;10;10087320820;B
20240410;141848;164.94;10;10087320822;B
20240410;141848;164.94;10;10087320824;B
20240410;141848;164.94;10;10087320827;B
20240410;141848;164.94;10;10087320828;B
20240410;141848;164.94;10;10087320829;B
20240410;141848;164.94;10;10087320832;B
20240410;141848;164.94;10;10087320833;B
20240410;141848;164.94;10;10087320835;B
20240410;141848;164.94;10;10087320836;B
20240410;141848;164.94;10;10087320837;B
20240410;141848;164.92;10;10087320838;B
20240410;141848;164.92;10;10087320840;B
20240410;141848;164.92;10;10087320842;B
20240410;141848;164.92;10;10087320843;B
20240410;141848;164.92;10;10087320849;B
20240410;141848;164.92;10;10087320850;B
20240410;141848;164.92;10;10087320855;B
20240410;141848;164.92;10;10087320865;B
20240410;141848;164.92;10;10087320866;B
20240410;141848;164.92;10;10087320867;B
20240410;141848;164.92;10;10087320868;B
20240410;141848;164.92;10;10087320872;B
20240410;141848;164.92;10;10087320875;B
20240410;141849;164.92;10;10087320876;B
20240410;141849;164.92;10;10087320878;B
20240410;141849;164.92;10;10087320879;B
20240410;141849;164.92;10;10087320880;B
20240410;141849;164.92;10;10087320883;B
20240410;141849;164.92;10;10087320884;B
20240410;141849;164.92;10;10087320886;B
20240410;141849;164.92;10;10087320887;B
20240410;141849;164.92;10;10087320896;B
20240410;141849;164.92;10;10087320905;B
20240410;141849;164.92;10;10087320909;B
20240410;141849;164.92;10;10087320913;B
20240410;141849;164.92;10;10087320914;B
20240410;141849;164.92;10;10087320915;B
20240410;141849;164.92;10;10087320918;B
20240410;141849;164.92;10;10087320919;B
20240410;141849;164.92;10;10087320920;B
20240410;141849;164.94;30;10087320922;B
20240410;141849;164.94;10;10087320923;B
20240410;141849;164.94;10;10087320924;B
20240410;141849;164.94;10;10087320925;B
20240410;141849;164.94;10;10087320926;B
20240410;141849;164.94;10;10087320929;B
20240410;141849;164.94;10;10087320930;B
20240410;141849;164.94;10;10087320931;B
20240410;141849;164.94;10;10087320932;B
20240410;141849;164.94;10;10087320933;B
20240410;141849;164.94;10;10087320934;B
20240410;141849;164.94;10;10087320936;B
20240410;141849;164.94;10;10087320937;B
20240410;141849;164.94;10;10087320939;B
20240410;141849;164.94;10;10087320942;B
20240410;141849;164.94;10;10087320943;B
20240410;141849;164.94;10;10087320944;B
20240410;141849;164.94;10;10087320946;B
20240410;141849;164.94;10;10087320947;B
20240410;141849;164.94;10;10087320948;B
20240410;141849;164.94;10;10087320949;B
20240410;141849;164.94;10;10087320952;B
20240410;141849;164.94;10;10087320955;B
20240410;141849;164.94;10;10087320957;B
20240410;141849;164.94;10;10087320959;B
20240410;141849;164.94;10;10087320960;B
20240410;141849;164.94;10;10087320962;B
20240410;141849;164.94;10;10087320967;B
20240410;141849;164.94;10;10087320970;B
20240410;141849;164.94;10;10087320973;B
20240410;141849;164.94;10;10087320974;B
20240410;141849;164.94;10;10087320975;B
20240410;141849;164.94;10;10087320977;B
20240410;141849;164.94;10;10087320978;B
20240410;141849;164.94;20;10087320979;B
20240410;141849;164.94;10;10087320981;B
20240410;141849;164.94;10;10087320982;B
20240410;141849;164.94;10;10087320983;B
20240410;141849;164.94;10;10087320984;B
20240410;141849;164.94;10;10087320987;B
20240410;141849;164.94;10;10087320989;B
20240410;141849;164.94;10;10087320990;B
20240410;141849;164.94;10;10087320991;B
20240410;141849;164.94;10;10087320996;B
20240410;141850;164.94;10;10087320998;B
20240410;141850;164.94;10;10087320999;B
20240410;141850;164.94;10;10087321014;B
20240410;141850;164.94;10;10087321037;B
20240410;141850;164.94;30;10087321040;B
20240410;141850;164.94;10;10087321042;B
20240410;141850;164.94;10;10087321050;B
20240410;141850;164.94;10;10087321051;B
20240410;141850;164.94;10;10087321053;B
20240410;141850;164.94;10;10087321054;B
20240410;141850;164.94;10;10087321067;B
20240410;141850;164.92;10;10087321069;B
20240410;141850;164.94;10;10087321071;B
20240410;141850;164.94;10;10087321074;B
20240410;141850;164.94;10;10087321077;B
20240410;141850;164.94;10;10087321078;B
20240410;141850;164.94;10;10087321079;B
20240410;141850;164.94;10;10087321080;B
20240410;141850;164.94;10;10087321096;B
20240410;141850;164.94;10;10087321099;B
20240410;141850;164.94;10;10087321102;B
20240410;141850;164.92;10;10087321104;B
20240410;141850;164.94;10;10087321105;B
20240410;141850;164.94;20;10087321108;B
20240410;141850;164.94;10;10087321109;B
20240410;141850;164.94;10;10087321110;B
20240410;141850;164.94;10;10087321113;B
20240410;141850;164.94;10;10087321114;B
20240410;141850;164.94;10;10087321116;B
20240410;141850;164.94;10;10087321121;B
20240410;141850;164.92;10;10087321130;B
20240410;141850;164.94;10;10087321131;B
20240410;141850;164.94;10;10087321132;B
20240410;141850;164.9;280;10087321133;S
20240410;141850;164.94;10;10087321134;B
20240410;141850;164.94;10;10087321136;B
20240410;141850;164.94;10;10087321138;B
20240410;141850;164.94;10;10087321139;B
20240410;141850;164.94;10;10087321140;B
20240410;141851;164.94;10;10087321141;B
20240410;141851;164.94;10;10087321144;B
20240410;141851;164.94;10;10087321146;B
20240410;141851;164.94;20;10087321148;B
20240410;141851;164.94;10;10087321149;B
20240410;141851;164.94;10;10087321150;B
20240410;141851;164.94;10;10087321152;B
20240410;141851;164.94;10;10087321153;B
20240410;141851;164.94;20;10087321155;B
20240410;141851;164.94;10;10087321157;B
20240410;141851;164.94;10;10087321164;B
20240410;141851;164.94;20;10087321166;B
20240410;141851;164.94;10;10087321169;B
20240410;141851;164.94;10;10087321178;B
20240410;141851;164.94;10;10087321179;B
20240410;141851;164.94;10;10087321180;B
20240410;141851;164.94;10;10087321195;B
20240410;141851;164.94;10;10087321196;B
20240410;141851;164.94;10;10087321197;B
20240410;141851;164.94;10;10087321200;B
20240410;141851;164.94;10;10087321201;B
20240410;141851;164.94;10;10087321206;B
20240410;141851;164.94;10;10087321207;B
20240410;141851;164.94;10;10087321209;B
20240410;141851;164.94;10;10087321213;B
20240410;141851;164.94;10;10087321214;B
20240410;141851;164.94;10;10087321215;B
20240410;141851;164.94;10;10087321220;B
20240410;141851;164.94;40;10087321222;B
20240410;141851;164.94;10;10087321223;B
20240410;141851;164.94;10;10087321227;B
20240410;141851;164.94;10;10087321229;B
20240410;141851;164.94;10;10087321230;B
20240410;141851;164.94;10;10087321233;B
20240410;141851;164.94;10;10087321236;B
20240410;141851;164.94;10;10087321237;B
20240410;141851;164.94;10;10087321238;B
20240410;141851;164.94;10;10087321239;B
20240410;141851;164.94;10;10087321240;B
20240410;141851;164.94;10;10087321243;B
20240410;141851;164.94;10;10087321248;B
20240410;141851;164.9;10;10087321260;S
20240410;141851;164.92;10;10087321263;B
20240410;141851;164.92;10;10087321268;B
20240410;141851;164.94;10;10087321274;B
20240410;141852;164.92;10;10087321277;B
20240410;141852;164.94;10;10087321279;B
20240410;141852;164.94;10;10087321281;B
20240410;141852;164.94;10;10087321282;B
20240410;141852;164.94;10;10087321284;B
20240410;141852;164.94;10;10087321285;B
20240410;141852;164.94;10;10087321287;B
20240410;141852;164.94;10;10087321288;B
20240410;141852;164.94;10;10087321289;B
20240410;141852;164.94;10;10087321290;B
20240410;141852;164.92;10;10087321296;B
20240410;141852;164.94;10;10087321297;B
20240410;141852;164.94;10;10087321298;B
20240410;141852;164.94;10;10087321300;B
20240410;141852;164.94;20;10087321301;B
20240410;141852;164.94;10;10087321303;B
20240410;141852;164.94;10;10087321304;B
20240410;141852;164.94;10;10087321306;B
20240410;141852;164.94;10;10087321307;B
20240410;141852;164.94;10;10087321308;B
20240410;141852;164.92;10;10087321325;B
20240410;141852;164.94;10;10087321327;B
20240410;141852;164.96;10;10087321329;B
20240410;141852;164.96;10;10087321332;B
20240410;141852;164.96;10;10087321333;B
20240410;141852;164.96;10;10087321337;B
20240410;141852;164.96;10;10087321339;B
20240410;141852;164.96;10;10087321340;B
20240410;141852;164.96;10;10087321343;B
20240410;141852;164.92;10;10087321345;B
20240410;141852;164.96;10;10087321348;B
20240410;141852;164.96;10;10087321349;B
20240410;141852;164.96;10;10087321350;B
20240410;141852;164.96;10;10087321352;B
20240410;141852;164.96;10;10087321354;B
20240410;141852;164.96;10;10087321356;B
20240410;141852;164.96;10;10087321359;B
20240410;141852;164.94;10;10087321364;B
20240410;141852;164.96;10;10087321367;B
20240410;141852;164.96;10;10087321368;B
20240410;141852;164.96;10;10087321371;B
20240410;141852;164.96;10;10087321373;B
20240410;141852;164.94;10;10087321379;B
20240410;141852;164.94;10;10087321380;B
20240410;141852;164.94;10;10087321381;B
20240410;141852;164.94;10;10087321382;B
20240410;141852;164.94;10;10087321386;B
20240410;141852;164.94;10;10087321387;B
20240410;141852;164.94;10;10087321389;B
20240410;141852;164.94;10;10087321399;B
20240410;141853;164.94;10;10087321427;B
20240410;141853;164.94;10;10087321428;B
20240410;141853;164.94;10;10087321431;B
20240410;141853;164.94;10;10087321434;B
20240410;141853;164.94;10;10087321435;B
20240410;141853;164.94;10;10087321436;B
20240410;141853;164.94;10;10087321441;B
20240410;141853;164.94;10;10087321442;B
20240410;141853;164.94;10;10087321452;B
20240410;141853;164.94;10;10087321454;B
20240410;141853;164.94;10;10087321455;B
20240410;141853;164.94;10;10087321457;B
20240410;141853;164.94;10;10087321460;B
20240410;141853;164.94;30;10087321461;B
20240410;141853;164.94;10;10087321462;B
20240410;141853;164.92;10;10087321465;B
20240410;141853;164.94;10;10087321466;B
20240410;141853;164.94;10;10087321473;B
20240410;141853;164.94;20;10087321474;B
20240410;141853;164.94;10;10087321478;B
20240410;141853;164.94;10;10087321492;B
20240410;141853;164.92;10;10087321499;B
20240410;141853;164.94;10;10087321500;B
20240410;141853;164.94;10;10087321505;B
20240410;141853;164.94;10;10087321506;B
20240410;141853;164.94;10;10087321508;B
20240410;141853;164.94;10;10087321509;B
20240410;141853;164.94;10;10087321510;B
20240410;141853;164.92;10;10087321513;B
20240410;141853;164.94;10;10087321514;B
20240410;141853;164.94;10;10087321515;B
20240410;141853;164.94;10;10087321517;B
20240410;141853;164.94;10;10087321518;B
20240410;141853;164.94;10;10087321520;B
20240410;141853;164.94;10;10087321529;B
20240410;141853;164.94;10;10087321536;B
20240410;141853;164.94;10;10087321539;B
20240410;141853;164.94;10;10087321540;B
20240410;141853;164.94;10;10087321543;B
20240410;141853;164.94;10;10087321544;B
20240410;141854;164.9;10;10087321547;B
20240410;141854;164.94;10;10087321548;B
20240410;141854;164.94;10;10087321552;B
20240410;141854;164.92;10;10087321571;B
20240410;141854;164.94;10;10087321573;B
20240410;141854;164.94;10;10087321574;B
20240410;141854;164.94;10;10087321575;B
20240410;141854;164.94;10;10087321577;B
20240410;141854;164.94;10;10087321584;B
20240410;141854;164.94;10;10087321585;B
20240410;141854;164.94;10;10087321592;B
20240410;141854;164.94;10;10087321598;B
20240410;141854;164.94;10;10087321600;B
20240410;141854;164.94;10;10087321610;B
20240410;141854;164.94;10;10087321611;B
20240410;141854;164.94;10;10087321613;B
20240410;141854;164.94;40;10087321621;B
20240410;141854;164.94;10;10087321629;B
20240410;141854;164.94;20;10087321631;B
20240410;141854;164.94;10;10087321632;B
20240410;141854;164.94;10;10087321638;B
20240410;141854;164.94;10;10087321639;B
20240410;141854;164.94;10;10087321646;B
20240410;141854;164.94;10;10087321647;B
20240410;141854;164.94;10;10087321654;B
20240410;141854;164.94;10;10087321655;B
20240410;141854;164.96;10;10087321657;B
20240410;141854;164.96;10;10087321658;B
20240410;141854;164.96;10;10087321660;B
20240410;141854;164.96;10;10087321666;B
20240410;141854;164.96;10;10087321667;B
20240410;141854;164.96;10;10087321676;B
20240410;141855;164.96;10;10087321689;B
20240410;141855;164.96;10;10087321692;B
20240410;141855;164.94;10;10087321699;B
20240410;141855;164.96;10;10087321701;B
20240410;141855;164.96;10;10087321703;B
20240410;141855;164.94;10;10087321713;B
20240410;141855;164.96;10;10087321714;B
20240410;141855;164.96;10;10087321716;B
20240410;141855;164.96;10;10087321717;B
20240410;141855;164.96;10;10087321718;B
20240410;141855;164.96;10;10087321720;B
20240410;141855;164.96;10;10087321724;B
20240410;141855;164.96;10;10087321725;B
20240410;141855;164.92;10;10087321726;B
20240410;141855;164.96;20;10087321727;B
20240410;141855;164.96;10;10087321738;B
20240410;141855;164.96;10;10087321746;B
20240410;141855;164.96;10;10087321748;B
20240410;141855;164.96;10;10087321750;B
20240410;141855;164.96;10;10087321756;B
20240410;141855;164.96;10;10087321757;B
20240410;141855;164.96;10;10087321758;B
20240410;141855;164.96;10;10087321761;B
20240410;141855;164.96;10;10087321770;B
20240410;141855;164.96;10;10087321772;B
20240410;141855;164.96;10;10087321774;B
20240410;141856;164.96;10;10087321794;B
20240410;141856;164.96;10;10087321839;B
20240410;141857;164.96;10;10087321915;B
20240410;141900;164.92;10;10087322244;B
20240410;141900;164.94;10;10087322245;B
20240410;141900;164.94;130;10087322246;B
20240410;141901;164.94;460;10087322303;B
20240410;141902;164.94;10;10087322350;B
20240410;141902;164.94;30;10087322364;B
20240410;141902;164.94;10;10087322365;B
20240410;141902;164.94;50;10087322366;B
20240410;141902;164.92;10;10087322565;S
20240410;141902;164.9;190;10087322566;S
20240410;141902;164.9;60;10087322598;S
20240410;141904;164.9;890;10087322842;B
20240410;141905;164.86;10;10087322948;S
20240410;141905;164.86;30;10087322949;S
20240410;141909;164.88;10;10087323696;B
20240410;141909;164.88;10;10087323781;B
20240410;141910;164.88;290;10087323873;B
20240410;141913;164.86;10;10087324219;S
20240410;141913;164.88;30;10087324319;B
20240410;141913;164.88;10;10087324320;B
20240410;141913;164.9;310;10087324321;B
20240410;141918;164.86;10;10087325044;B
20240410;141918;164.86;10;10087325045;B
20240410;141919;164.84;150;10087325142;S
20240410;141919;164.84;300;10087325143;S
20240410;141919;164.84;20;10087325144;S
20240410;141919;164.84;10;10087325145;S
20240410;141919;164.84;10;10087325146;S
20240410;141919;164.84;180;10087325147;S
20240410;141920;164.84;130;10087325350;B
20240410;141920;164.86;150;10087325351;B
20240410;141920;164.86;10;10087325352;B
20240410;141920;164.88;10;10087325353;B
20240410;141920;164.88;160;10087325354;B
20240410;141920;164.9;540;10087325355;B
20240410;141922;164.88;10;10087325565;B
20240410;141922;164.9;180;10087325566;B
20240410;141922;164.9;200;10087325567;B
20240410;141922;164.92;10;10087325598;B
20240410;141922;164.92;10;10087325599;B
20240410;141923;164.92;10;10087325671;B
20240410;141923;164.92;10;10087325692;B
20240410;141925;164.9;60;10087325828;S
20240410;141925;164.86;40;10087325829;S
20240410;141927;164.88;10;10087325992;B
20240410;141927;164.88;10;10087326060;B
20240410;141927;164.86;80;10087326069;S
20240410;141927;164.86;60;10087326070;S
20240410;141929;164.86;10;10087326245;B
20240410;141929;164.88;10;10087326246;B
20240410;141929;164.9;10;10087326247;B
20240410;141931;164.86;10;10087326372;B
20240410;141931;164.86;10;10087326373;B
20240410;141931;164.9;60;10087326374;B
20240410;141931;164.9;20;10087326375;B
20240410;141933;164.86;100;10087326618;S
20240410;141935;164.84;40;10087326831;S
20240410;141936;164.86;10;10087326927;B
20240410;141936;164.88;10;10087326928;B
20240410;141936;164.9;50;10087326929;B
20240410;141938;164.9;30;10087327116;B
20240410;141938;164.86;100;10087327144;S
20240410;141940;164.86;10;10087327272;B
20240410;141940;164.86;10;10087327280;B
20240410;141940;164.86;10;10087327283;B
20240410;141940;164.88;10;10087327284;B
20240410;141940;164.88;10;10087327288;B
20240410;141940;164.88;10;10087327295;B
20240410;141940;164.88;10;10087327299;B
20240410;141940;164.88;10;10087327301;B
20240410;141941;164.88;10;10087327315;B
20240410;141941;164.88;10;10087327317;B
20240410;141941;164.88;10;10087327319;B
20240410;141941;164.88;10;10087327320;B
20240410;141941;164.88;10;10087327322;B
20240410;141941;164.88;10;10087327324;B
20240410;141941;164.88;10;10087327326;B
20240410;141941;164.88;10;10087327335;B
20240410;141941;164.86;10;10087327336;B
20240410;141941;164.88;10;10087327337;B
20240410;141941;164.88;10;10087327338;B
20240410;141941;164.88;10;10087327348;B
20240410;141941;164.88;10;10087327349;B
20240410;141941;164.88;20;10087327352;B
20240410;141941;164.88;10;10087327354;B
20240410;141941;164.88;10;10087327355;B
20240410;141941;164.88;10;10087327356;B
20240410;141941;164.88;10;10087327376;B
20240410;141941;164.88;10;10087327381;B
20240410;141941;164.88;10;10087327387;B
20240410;141941;164.88;10;10087327388;B
20240410;141941;164.88;10;10087327389;B
20240410;141941;164.88;10;10087327390;B
20240410;141941;164.88;10;10087327393;B
20240410;141941;164.88;10;10087327395;B
20240410;141941;164.88;10;10087327396;B
20240410;141941;164.88;10;10087327398;B
20240410;141941;164.88;10;10087327400;B
20240410;141941;164.88;10;10087327401;B
20240410;141941;164.88;10;10087327402;B
20240410;141941;164.88;10;10087327405;B
20240410;141941;164.88;10;10087327413;B
20240410;141941;164.88;10;10087327416;B
20240410;141941;164.88;10;10087327419;B
20240410;141941;164.88;10;10087327420;B
20240410;141941;164.88;10;10087327421;B
20240410;141942;164.88;10;10087327430;B
20240410;141942;164.88;10;10087327431;B
20240410;141942;164.88;10;10087327437;B
20240410;141942;164.88;10;10087327438;B
20240410;141942;164.88;10;10087327439;B
20240410;141942;164.88;10;10087327441;B
20240410;141942;164.88;10;10087327444;B
20240410;141942;164.88;10;10087327445;B
20240410;141942;164.88;10;10087327450;B
20240410;141942;164.88;10;10087327457;B
20240410;141942;164.88;10;10087327458;B
20240410;141942;164.88;10;10087327459;B
20240410;141942;164.88;10;10087327460;B
20240410;141942;164.88;10;10087327461;B
20240410;141942;164.88;10;10087327462;B
20240410;141942;164.88;10;10087327465;B
20240410;141942;164.88;10;10087327470;B
20240410;141942;164.88;10;10087327471;B
20240410;141942;164.88;10;10087327472;B
20240410;141942;164.88;10;10087327479;B
20240410;141942;164.88;10;10087327480;B
20240410;141942;164.88;10;10087327482;B
20240410;141942;164.88;10;10087327489;B
20240410;141942;164.88;10;10087327490;B
20240410;141942;164.88;10;10087327493;B
20240410;141942;164.88;10;10087327495;B
20240410;141942;164.88;10;10087327497;B
20240410;141942;164.88;10;10087327498;B
20240410;141942;164.88;10;10087327499;B
20240410;141942;164.88;10;10087327501;B
20240410;141942;164.88;10;10087327502;B
20240410;141942;164.88;10;10087327503;B
20240410;141942;164.88;10;10087327505;B
20240410;141942;164.88;10;10087327506;B
20240410;141942;164.88;10;10087327509;B
20240410;141942;164.88;10;10087327529;B
20240410;141942;164.88;10;10087327533;B
20240410;141943;164.88;10;10087327547;B
20240410;141943;164.88;10;10087327548;B
20240410;141943;164.88;10;10087327553;B
20240410;141943;164.88;10;10087327554;B
20240410;141943;164.88;10;10087327556;B
20240410;141943;164.88;10;10087327564;B
20240410;141943;164.88;10;10087327565;B
20240410;141943;164.88;10;10087327566;B
20240410;141943;164.88;10;10087327567;B
20240410;141943;164.88;10;10087327572;B
20240410;141943;164.88;10;10087327580;B
20240410;141943;164.88;10;10087327589;B
20240410;141943;164.88;10;10087327596;B
20240410;141943;164.88;10;10087327601;B
20240410;141943;164.88;10;10087327604;B
20240410;141943;164.88;10;10087327610;B
20240410;141943;164.88;10;10087327611;B
20240410;141943;164.88;10;10087327612;B
20240410;141943;164.88;10;10087327613;B
20240410;141943;164.88;10;10087327615;B
20240410;141943;164.88;10;10087327616;B
20240410;141943;164.88;10;10087327621;B
20240410;141943;164.88;10;10087327622;B
20240410;141943;164.88;10;10087327625;B
20240410;141943;164.88;10;10087327626;B
20240410;141943;164.88;10;10087327627;B
20240410;141943;164.88;10;10087327629;B
20240410;141943;164.88;10;10087327630;B
20240410;141943;164.88;10;10087327635;B
20240410;141943;164.88;10;10087327639;B
20240410;141943;164.88;10;10087327643;B
20240410;141944;164.88;10;10087327665;B
20240410;141944;164.88;10;10087327667;B
20240410;141944;164.88;10;10087327682;B
20240410;141944;164.88;10;10087327690;B
20240410;141944;164.88;10;10087327694;B
20240410;141944;164.88;20;10087327700;B
20240410;141944;164.88;10;10087327703;B
20240410;141944;164.88;10;10087327704;B
20240410;141944;164.88;10;10087327708;B
20240410;141944;164.88;10;10087327709;B
20240410;141944;164.88;10;10087327712;B
20240410;141944;164.88;10;10087327714;B
20240410;141944;164.88;10;10087327716;B
20240410;141944;164.88;10;10087327720;B
20240410;141944;164.88;10;10087327724;B
20240410;141944;164.88;10;10087327728;B
20240410;141944;164.88;10;10087327729;B
20240410;141944;164.88;10;10087327732;B
20240410;141944;164.88;10;10087327735;B
20240410;141944;164.88;10;10087327736;B
20240410;141944;164.88;10;10087327744;B
20240410;141944;164.88;10;10087327746;B
20240410;141944;164.88;10;10087327752;B
20240410;141945;164.88;10;10087327774;B
20240410;141945;164.88;10;10087327776;B
20240410;141945;164.88;10;10087327778;B
20240410;141945;164.88;10;10087327780;B
20240410;141945;164.88;10;10087327784;B
20240410;141945;164.88;10;10087327787;B
20240410;141945;164.88;10;10087327793;B
20240410;141945;164.88;10;10087327800;B
20240410;141945;164.88;10;10087327801;B
20240410;141945;164.88;10;10087327806;B
20240410;141945;164.88;10;10087327808;B
20240410;141945;164.88;10;10087327810;B
20240410;141945;164.88;10;10087327811;B
20240410;141945;164.88;10;10087327817;B
20240410;141945;164.88;10;10087327819;B
20240410;141945;164.88;10;10087327820;B
20240410;141945;164.88;10;10087327821;B
20240410;141945;164.88;10;10087327824;B
20240410;141945;164.88;10;10087327826;B
20240410;141945;164.88;10;10087327827;B
20240410;141945;164.88;10;10087327828;B
20240410;141945;164.88;10;10087327829;B
20240410;141945;164.88;10;10087327831;B
20240410;141945;164.88;10;10087327833;B
20240410;141945;164.88;10;10087327834;B
20240410;141945;164.88;10;10087327835;B
20240410;141945;164.88;10;10087327838;B
20240410;141945;164.88;10;10087327839;B
20240410;141945;164.88;10;10087327847;B
20240410;141945;164.88;10;10087327849;B
20240410;141945;164.88;10;10087327851;B
20240410;141945;164.88;10;10087327853;B
20240410;141945;164.88;10;10087327859;B
20240410;141945;164.88;10;10087327860;B
20240410;141945;164.88;10;10087327861;B
20240410;141945;164.88;10;10087327862;B
20240410;141945;164.88;10;10087327865;B
20240410;141945;164.88;10;10087327866;B
20240410;141945;164.88;10;10087327872;B
20240410;141945;164.88;10;10087327880;B
20240410;141945;164.88;10;10087327881;B
20240410;141945;164.88;10;10087327883;B
20240410;141945;164.88;10;10087327887;B
20240410;141945;164.88;10;10087327891;B
20240410;141946;164.88;10;10087327895;B
20240410;141946;164.88;10;10087327900;B
20240410;141946;164.88;10;10087327907;B
20240410;141946;164.88;10;10087327908;B
20240410;141946;164.86;10;10087327912;B
20240410;141946;164.88;10;10087327916;B
20240410;141946;164.88;10;10087327917;B
20240410;141946;164.88;10;10087327919;B
20240410;141946;164.88;30;10087327920;B
20240410;141946;164.88;10;10087327922;B
20240410;141946;164.88;10;10087327923;B
20240410;141946;164.88;10;10087327927;B
20240410;141946;164.88;20;10087327928;B
20240410;141946;164.88;10;10087327929;B
20240410;141946;164.88;10;10087327931;B
20240410;141946;164.88;10;10087327933;B
20240410;141946;164.88;10;10087327935;B
20240410;141946;164.88;10;10087327939;B
20240410;141946;164.88;10;10087327941;B
20240410;141946;164.88;10;10087327945;B
20240410;141946;164.88;2000;10087327948;B
20240410;141946;164.88;10;10087327950;B
20240410;141946;164.88;20;10087327953;B
20240410;141946;164.88;10;10087327963;B
20240410;141946;164.88;2000;10087327964;B
20240410;141946;164.88;10;10087327965;B
20240410;141946;164.88;10;10087327967;B
20240410;141946;164.88;10;10087327968;B
20240410;141946;164.88;10;10087327969;B
20240410;141946;164.88;10;10087327973;B
20240410;141946;164.88;10;10087327978;B
20240410;141946;164.88;2000;10087327979;B
20240410;141946;164.88;10;10087327985;B
20240410;141946;164.88;2000;10087327993;B
20240410;141946;164.88;10;10087327997;B
20240410;141946;164.88;10;10087328001;B
20240410;141946;164.88;10;10087328002;B
20240410;141946;164.88;10;10087328004;B
20240410;141947;164.88;10;10087328017;B
20240410;141947;164.84;10;10087328028;S
20240410;141947;164.84;30;10087328029;S
20240410;141947;164.84;50;10087328030;S
20240410;141947;164.84;1270;10087328031;S
20240410;141947;164.84;50;10087328032;S
20240410;141947;164.84;10;10087328033;S
20240410;141947;164.82;3660;10087328034;S
20240410;141947;164.82;3660;10087328035;S
20240410;141947;164.82;1530;10087328036;S
20240410;141947;164.82;150;10087328037;S
20240410;141947;164.82;450;10087328038;S
20240410;141947;164.86;10;10087328048;B
20240410;141947;164.88;10;10087328049;B
20240410;141947;164.88;10;10087328051;B
20240410;141947;164.88;10;10087328052;B
20240410;141947;164.88;10;10087328053;B
20240410;141947;164.88;10;10087328056;B
20240410;141947;164.88;10;10087328069;B
20240410;141947;164.88;20;10087328070;B
20240410;141947;164.88;10;10087328073;B
20240410;141947;164.88;10;10087328075;B
20240410;141947;164.88;10;10087328077;B
20240410;141947;164.88;10;10087328079;B
20240410;141947;164.88;10;10087328096;B
20240410;141948;164.88;10;10087328105;B
20240410;141948;164.88;10;10087328112;B
20240410;141948;164.88;10;10087328114;B
20240410;141948;164.88;10;10087328115;B
20240410;141948;164.88;10;10087328119;B
20240410;141948;164.88;10;10087328127;B
20240410;141948;164.88;10;10087328136;B
20240410;141948;164.88;10;10087328140;B
20240410;141948;164.88;10;10087328141;B
20240410;141948;164.88;10;10087328142;B
20240410;141948;164.88;10;10087328146;B
20240410;141948;164.88;10;10087328153;B
20240410;141948;164.88;10;10087328159;B
20240410;141948;164.88;10;10087328160;B
20240410;141948;164.88;10;10087328167;B
20240410;141948;164.88;10;10087328171;B
20240410;141948;164.88;10;10087328181;B
20240410;141948;164.88;10;10087328182;B
20240410;141948;164.88;10;10087328186;B
20240410;141948;164.88;10;10087328188;B
20240410;141949;164.88;10;10087328202;B
20240410;141949;164.88;10;10087328204;B
20240410;141949;164.88;10;10087328208;B
20240410;141949;164.88;10;10087328215;B
20240410;141949;164.88;10;10087328218;B
20240410;141949;164.88;10;10087328222;B
20240410;141949;164.88;10;10087328223;B
20240410;141949;164.88;20;10087328253;B
20240410;141949;164.88;10;10087328267;B
20240410;141949;164.88;10;10087328283;B
20240410;141950;164.82;10;10087328287;S
20240410;141950;164.88;10;10087328293;B
20240410;141950;164.88;10;10087328295;B
20240410;141950;164.88;10;10087328296;B
20240410;141950;164.88;10;10087328299;B
20240410;141950;164.88;10;10087328323;B
20240410;141950;164.88;10;10087328351;B
20240410;141950;164.88;10;10087328390;B
20240410;141950;164.88;10;10087328392;B
20240410;141951;164.88;10;10087328418;B
20240410;141951;164.88;10;10087328459;B
20240410;141951;164.88;40;10087328461;B
20240410;141952;164.88;10;10087328485;B
20240410;141952;164.88;10;10087328530;B
20240410;141952;164.82;760;10087328575;S
20240410;141952;164.82;1530;10087328576;S
20240410;141952;164.82;6720;10087328577;S
20240410;141952;164.8;2790;10087328578;S
20240410;141954;164.88;10;10087328766;B
20240410;141954;164.88;10;10087328768;B
20240410;141954;164.88;10;10087328769;B
20240410;141954;164.88;10;10087328771;B
20240410;141954;164.88;10;10087328772;B
20240410;141954;164.88;10;10087328773;B
20240410;141955;164.88;10;10087328778;B
20240410;141955;164.88;10;10087328780;B
20240410;141955;164.88;10;10087328781;B
20240410;141955;164.88;10;10087328782;B
20240410;141955;164.88;10;10087328783;B
20240410;141955;164.88;10;10087328785;B
20240410;141955;164.88;10;10087328788;B
20240410;141955;164.88;10;10087328789;B
20240410;141955;164.88;10;10087328803;B
20240410;141955;164.88;10;10087328804;B
20240410;141955;164.88;10;10087328806;B
20240410;141955;164.88;10;10087328807;B
20240410;141955;164.88;10;10087328808;B
20240410;141955;164.88;10;10087328809;B
20240410;141955;164.88;10;10087328810;B
20240410;141955;164.88;10;10087328812;B
20240410;141955;164.88;10;10087328817;B
20240410;141955;164.88;10;10087328819;B
20240410;141955;164.88;10;10087328821;B
20240410;141955;164.88;10;10087328827;B
20240410;141955;164.88;10;10087328829;B
20240410;141955;164.88;10;10087328832;B
20240410;141955;164.88;10;10087328833;B
20240410;141955;164.88;10;10087328835;B
20240410;141955;164.88;10;10087328836;B
20240410;141955;164.88;10;10087328839;B
20240410;141955;164.88;10;10087328841;B
20240410;141955;164.88;10;10087328844;B
20240410;141955;164.88;10;10087328845;B
20240410;141955;164.88;10;10087328847;B
20240410;141955;164.88;10;10087328848;B
20240410;141955;164.88;10;10087328850;B
20240410;141955;164.88;10;10087328854;B
20240410;141955;164.88;10;10087328856;B
20240410;141955;164.88;10;10087328859;B
20240410;141955;164.88;10;10087328860;B
20240410;141955;164.88;10;10087328862;B
20240410;141955;164.88;10;10087328863;B
20240410;141955;164.88;10;10087328865;B
20240410;141955;164.88;10;10087328867;B
20240410;141955;164.88;20;10087328868;B
20240410;141955;164.88;10;10087328869;B
20240410;141955;164.88;10;10087328870;B
20240410;141955;164.88;10;10087328874;B
20240410;141955;164.88;10;10087328875;B
20240410;141955;164.88;10;10087328876;B
20240410;141955;164.88;10;10087328878;B
20240410;141955;164.88;10;10087328879;B
20240410;141955;164.88;10;10087328880;B
20240410;141955;164.88;10;10087328882;B
20240410;141955;164.88;10;10087328883;B
20240410;141955;164.88;10;10087328884;B
20240410;141955;164.88;10;10087328885;B
20240410;141955;164.88;10;10087328886;B
20240410;141955;164.9;10;10087328888;B
20240410;141955;164.9;10;10087328890;B
20240410;141955;164.9;10;10087328891;B
20240410;141955;164.88;40;10087328893;B
20240410;141955;164.88;10;10087328894;B
20240410;141955;164.88;10;10087328895;B
20240410;141955;164.88;10;10087328897;B
20240410;141955;164.88;10;10087328898;B
20240410;141955;164.88;10;10087328900;B
20240410;141955;164.88;10;10087328902;B
20240410;141955;164.88;10;10087328906;B
20240410;141955;164.88;10;10087328907;B
20240410;141955;164.88;10;10087328909;B
20240410;141955;164.88;10;10087328910;B
20240410;141955;164.88;10;10087328912;B
20240410;141955;164.9;10;10087328915;B
20240410;141955;164.88;10;10087328916;B
20240410;141955;164.88;10;10087328919;B
20240410;141956;164.88;10;10087328921;B
20240410;141956;164.88;10;10087328922;B
20240410;141956;164.88;10;10087328932;B
20240410;141956;164.88;10;10087328938;B
20240410;141956;164.88;10;10087328939;B
20240410;141956;164.88;10;10087328942;B
20240410;141956;164.88;10;10087328943;B
20240410;141956;164.88;10;10087328944;B
20240410;141956;164.9;10;10087328945;B
20240410;141956;164.9;10;10087328947;B
20240410;141956;164.9;10;10087328998;B
20240410;141956;164.9;10;10087329005;B
20240410;141956;164.9;10;10087329019;B
20240410;141956;164.9;10;10087329021;B
20240410;141956;164.9;10;10087329029;B
20240410;141956;164.9;10;10087329047;B
20240410;141956;164.9;10;10087329048;B
20240410;141956;164.9;10;10087329049;B
20240410;141956;164.9;20;10087329051;B
20240410;141956;164.9;10;10087329053;B
20240410;141956;164.9;10;10087329054;B
20240410;141956;164.9;10;10087329057;B
20240410;141956;164.9;10;10087329059;B
20240410;141956;164.9;10;10087329060;B
20240410;141956;164.9;10;10087329064;B
20240410;141956;164.9;10;10087329065;B
20240410;141956;164.9;10;10087329068;B
20240410;141956;164.9;10;10087329069;B
20240410;141956;164.9;10;10087329073;B
20240410;141956;164.9;20;10087329081;B
20240410;141956;164.9;10;10087329082;B
20240410;141956;164.9;10;10087329083;B
20240410;141956;164.9;10;10087329087;B
20240410;141956;164.9;10;10087329088;B
20240410;141956;164.9;10;10087329089;B
20240410;141956;164.9;10;10087329090;B
20240410;141956;164.9;10;10087329092;B
20240410;141956;164.9;10;10087329093;B
20240410;141956;164.9;10;10087329095;B
20240410;141956;164.9;10;10087329096;B
20240410;141956;164.9;20;10087329097;B
20240410;141956;164.9;10;10087329101;B
20240410;141956;164.9;10;10087329102;B
20240410;141956;164.9;40;10087329104;B
20240410;141957;164.9;20;10087329106;B
20240410;141957;164.9;10;10087329110;B
20240410;141957;164.9;10;10087329112;B
20240410;141957;164.9;10;10087329113;B
20240410;141957;164.9;10;10087329123;B
20240410;141957;164.9;10;10087329136;B
20240410;141957;164.9;10;10087329141;B
20240410;141957;164.9;20;10087329143;B
20240410;141957;164.9;10;10087329146;B
20240410;141957;164.9;10;10087329150;B
20240410;141957;164.9;10;10087329152;B
20240410;141957;164.9;10;10087329153;B
20240410;141957;164.9;10;10087329155;B
20240410;141957;164.9;10;10087329158;B
20240410;141957;164.9;10;10087329160;B
20240410;141957;164.86;200;10087329167;S
20240410;141957;164.84;150;10087329168;S
20240410;141957;164.84;50;10087329169;S
20240410;141957;164.82;300;10087329170;S
20240410;141957;164.88;10;10087329174;B
20240410;141957;164.88;10;10087329179;B
20240410;141957;164.88;10;10087329181;B
20240410;141957;164.88;10;10087329193;B
20240410;141957;164.88;10;10087329203;B
20240410;141957;164.88;10;10087329205;B
20240410;141957;164.88;10;10087329208;B
20240410;141957;164.88;10;10087329209;B
20240410;141957;164.88;10;10087329210;B
20240410;141957;164.88;10;10087329212;B
20240410;141957;164.88;10;10087329214;B
20240410;141957;164.88;10;10087329216;B
20240410;141957;164.88;10;10087329229;B
20240410;141957;164.88;10;10087329230;B
20240410;141957;164.88;10;10087329234;B
20240410;141957;164.9;10;10087329235;B
20240410;141957;164.9;10;10087329239;B
20240410;141957;164.9;20;10087329242;B
20240410;141957;164.9;10;10087329243;B
20240410;141957;164.9;10;10087329245;B
20240410;141957;164.9;10;10087329247;B
20240410;141957;164.9;10;10087329248;B
20240410;141957;164.9;10;10087329254;B
20240410;141957;164.9;10;10087329262;B
20240410;141957;164.9;10;10087329263;B
20240410;141957;164.9;10;10087329265;B
20240410;141957;164.9;10;10087329266;B
20240410;141957;164.9;10;10087329267;B
20240410;141957;164.9;10;10087329268;B
20240410;141957;164.9;30;10087329272;B
20240410;141957;164.9;10;10087329273;B
20240410;141958;164.9;10;10087329275;B
20240410;141958;164.9;10;10087329282;B
20240410;141958;164.86;10;10087329292;B
20240410;141958;164.86;10;10087329295;B
20240410;141958;164.86;10;10087329297;B
20240410;141958;164.86;10;10087329298;B
20240410;141958;164.86;10;10087329302;B
20240410;141958;164.86;10;10087329304;B
20240410;141958;164.86;10;10087329305;B
20240410;141958;164.86;10;10087329310;B
20240410;141958;164.86;10;10087329312;B
20240410;141958;164.86;10;10087329313;B
20240410;141958;164.86;10;10087329316;B
20240410;141958;164.86;10;10087329319;B
20240410;141958;164.86;10;10087329323;B
20240410;141958;164.86;10;10087329334;B
20240410;141958;164.86;10;10087329340;B
20240410;141958;164.86;10;10087329341;B
20240410;141958;164.86;10;10087329348;B
20240410;141958;164.86;10;10087329349;B
20240410;141958;164.9;10;10087329352;B
20240410;141958;164.9;10;10087329353;B
20240410;141958;164.9;10;10087329363;B
20240410;141958;164.9;10;10087329376;B
20240410;141958;164.9;10;10087329377;B
20240410;141958;164.9;10;10087329378;B
20240410;141958;164.9;20;10087329379;B
20240410;141958;164.9;10;10087329380;B
20240410;141958;164.9;10;10087329381;B
20240410;141958;164.9;10;10087329382;B
20240410;141958;164.9;10;10087329383;B
20240410;141958;164.9;10;10087329384;B
20240410;141958;164.9;10;10087329387;B
20240410;141958;164.9;10;10087329390;B
20240410;141958;164.9;10;10087329391;B
20240410;141958;164.9;10;10087329397;B
20240410;141958;164.9;10;10087329399;B
20240410;141958;164.9;10;10087329401;B
20240410;141958;164.9;10;10087329402;B
20240410;141958;164.9;10;10087329404;B
20240410;141958;164.9;10;10087329406;B
20240410;141958;164.9;10;10087329408;B
20240410;141958;164.88;10;10087329409;B
20240410;141958;164.88;10;10087329413;B
20240410;141958;164.9;10;10087329414;B
20240410;141958;164.9;10;10087329416;B
20240410;141959;164.9;10;10087329423;B
20240410;141959;164.9;10;10087329427;B
20240410;141959;164.9;10;10087329430;B
20240410;141959;164.9;10;10087329431;B
20240410;141959;164.9;10;10087329435;B
20240410;141959;164.9;10;10087329436;B
20240410;141959;164.9;10;10087329437;B
20240410;141959;164.86;10;10087329469;B
20240410;141959;164.86;10;10087329478;B
20240410;141959;164.86;10;10087329486;B
20240410;141959;164.86;10;10087329487;B
20240410;141959;164.86;10;10087329489;B
20240410;141959;164.86;10;10087329493;B
20240410;141959;164.86;10;10087329494;B
20240410;141959;164.86;10;10087329495;B
20240410;141959;164.86;10;10087329497;B
20240410;141959;164.86;10;10087329498;B
20240410;141959;164.9;10;10087329500;B
20240410;141959;164.9;10;10087329501;B
20240410;141959;164.9;10;10087329503;B
20240410;141959;164.9;10;10087329504;B
20240410;141959;164.9;10;10087329506;B
20240410;141959;164.9;10;10087329507;B
20240410;141959;164.9;10;10087329508;B
20240410;141959;164.9;10;10087329510;B
20240410;141959;164.9;10;10087329514;B
20240410;141959;164.9;10;10087329517;B
20240410;141959;164.9;10;10087329518;B
20240410;141959;164.9;10;10087329521;B
20240410;141959;164.9;10;10087329522;B
20240410;141959;164.9;10;10087329523;B
20240410;141959;164.9;10;10087329524;B
20240410;141959;164.9;10;10087329526;B
20240410;141959;164.9;10;10087329527;B
20240410;141959;164.9;10;10087329528;B
20240410;141959;164.9;10;10087329529;B
20240410;141959;164.9;10;10087329530;B
20240410;141959;164.9;10;10087329534;B
20240410;141959;164.9;10;10087329535;B
20240410;141959;164.9;10;10087329538;B
20240410;141959;164.9;10;10087329543;B
20240410;141959;164.9;10;10087329545;B
20240410;141959;164.9;10;10087329546;B
20240410;141959;164.9;10;10087329547;B
20240410;141959;164.9;10;10087329671;B
20240410;141959;164.9;10;10087329675;B
20240410;141959;164.9;10;10087329676;B
20240410;141959;164.9;10;10087329678;B
20240410;141959;164.9;10;10087329679;B
20240410;142000;164.9;10;10087329702;B
20240410;142000;164.9;10;10087329712;B
20240410;142000;164.9;10;10087329722;B
20240410;142000;164.9;10;10087329724;B
20240410;142000;164.9;10;10087329725;B
20240410;142000;164.9;20;10087329726;B
20240410;142000;164.9;10;10087329728;B
20240410;142000;164.9;10;10087329729;B
20240410;142000;164.9;10;10087329730;B
20240410;142000;164.9;10;10087329732;B
20240410;142000;164.9;10;10087329733;B
20240410;142000;164.9;10;10087329739;B
20240410;142000;164.9;10;10087329740;B
20240410;142000;164.9;10;10087329742;B
20240410;142000;164.9;10;10087329743;B
20240410;142000;164.9;10;10087329749;B
20240410;142000;164.9;10;10087329750;B
20240410;142000;164.9;10;10087329751;B
20240410;142000;164.9;10;10087329752;B
20240410;142000;164.9;20;10087329754;B
20240410;142000;164.9;10;10087329756;B
20240410;142000;164.9;10;10087329757;B
20240410;142000;164.9;10;10087329758;B
20240410;142000;164.9;10;10087329760;B
20240410;142000;164.9;10;10087329761;B
20240410;142000;164.9;10;10087329766;B
20240410;142000;164.9;10;10087329767;B
20240410;142000;164.9;10;10087329770;B
20240410;142000;164.9;10;10087329787;B
20240410;142000;164.9;10;10087329788;B
20240410;142000;164.9;10;10087329798;B
20240410;142000;164.9;10;10087329800;B
20240410;142000;164.9;30;10087329801;B
20240410;142000;164.9;10;10087329808;B
20240410;142000;164.9;10;10087329812;B
20240410;142000;164.9;10;10087329813;B
20240410;142000;164.9;10;10087329814;B
20240410;142000;164.9;10;10087329816;B
20240410;142000;164.9;10;10087329834;B
20240410;142000;164.9;10;10087329837;B
20240410;142000;164.9;10;10087329860;B
20240410;142000;164.9;10;10087329861;B
20240410;142000;164.9;10;10087329862;B
20240410;142000;164.9;10;10087329863;B
20240410;142000;164.9;10;10087329864;B
20240410;142000;164.9;10;10087329865;B
20240410;142000;164.9;80;10087329866;B
20240410;142000;164.9;10;10087329868;B
20240410;142000;164.9;10;10087329869;B
20240410;142001;164.9;10;10087329871;B
20240410;142001;164.9;10;10087329872;B
20240410;142001;164.9;10;10087329874;B
20240410;142001;164.9;10;10087329875;B
20240410;142001;164.9;10;10087329876;B
20240410;142001;164.9;10;10087329877;B
20240410;142001;164.9;10;10087329878;B
20240410;142001;164.9;10;10087329880;B
20240410;142001;164.9;10;10087329881;B
20240410;142001;164.9;10;10087329882;B
20240410;142001;164.9;10;10087329885;B
20240410;142001;164.9;10;10087329889;B
20240410;142001;164.9;10;10087329894;B
20240410;142001;164.9;10;10087329897;B
20240410;142001;164.9;10;10087329898;B
20240410;142001;164.9;10;10087329899;B
20240410;142001;164.9;10;10087329902;B
20240410;142001;164.9;10;10087329903;B
20240410;142001;164.9;20;10087329904;B
20240410;142001;164.9;10;10087329912;B
20240410;142001;164.9;10;10087329919;B
20240410;142001;164.9;10;10087329921;B
20240410;142001;164.9;10;10087329924;B
20240410;142001;164.9;10;10087329927;B
20240410;142001;164.9;10;10087329929;B
20240410;142001;164.9;10;10087329932;B
20240410;142001;164.9;10;10087329933;B
20240410;142001;164.9;10;10087329936;B
20240410;142001;164.9;10;10087329938;B
20240410;142001;164.9;10;10087329939;B
20240410;142001;164.9;10;10087329941;B
20240410;142001;164.9;10;10087329943;B
20240410;142001;164.9;10;10087329945;B
20240410;142001;164.9;10;10087329948;B
20240410;142001;164.9;10;10087329950;B
20240410;142001;164.9;10;10087329951;B
20240410;142001;164.9;10;10087329953;B
20240410;142001;164.84;200;10087329962;S
20240410;142001;164.84;300;10087329963;S
20240410;142001;164.84;10;10087329964;S
20240410;142001;164.82;490;10087329965;S
20240410;142001;164.9;10;10087329966;B
20240410;142001;164.9;20;10087329969;B
20240410;142001;164.9;10;10087329970;B
20240410;142001;164.9;10;10087329980;B
20240410;142001;164.9;10;10087329986;B
20240410;142001;164.9;10;10087329989;B
20240410;142001;164.9;10;10087329996;B
20240410;142001;164.9;10;10087329998;B
20240410;142001;164.9;10;10087329999;B
20240410;142001;164.9;10;10087330000;B
20240410;142001;164.9;10;10087330002;B
20240410;142001;164.9;10;10087330003;B
20240410;142001;164.9;10;10087330005;B
20240410;142001;164.9;10;10087330006;B
20240410;142001;164.9;10;10087330007;B
20240410;142001;164.9;10;10087330008;B
20240410;142001;164.9;10;10087330009;B
20240410;142001;164.9;10;10087330010;B
20240410;142001;164.9;10;10087330011;B
20240410;142001;164.9;10;10087330013;B
20240410;142001;164.9;10;10087330014;B
20240410;142002;164.9;10;10087330018;B
20240410;142002;164.9;10;10087330028;B
20240410;142002;164.9;10;10087330029;B
20240410;142002;164.9;10;10087330030;B
20240410;142002;164.9;10;10087330031;B
20240410;142002;164.9;10;10087330039;B
20240410;142002;164.9;10;10087330042;B
20240410;142002;164.9;10;10087330045;B
20240410;142002;164.9;10;10087330046;B
20240410;142002;164.9;10;10087330047;B
20240410;142002;164.9;10;10087330049;B
20240410;142002;164.9;10;10087330050;B
20240410;142002;164.9;10;10087330051;B
20240410;142002;164.9;10;10087330052;B
20240410;142002;164.9;10;10087330053;B
20240410;142002;164.9;10;10087330054;B
20240410;142002;164.9;10;10087330056;B
20240410;142002;164.9;10;10087330057;B
20240410;142002;164.9;10;10087330062;B
20240410;142002;164.9;10;10087330063;B
20240410;142002;164.9;10;10087330066;B
20240410;142002;164.9;10;10087330069;B
20240410;142002;164.9;10;10087330070;B
20240410;142002;164.9;10;10087330071;B
20240410;142002;164.9;10;10087330073;B
20240410;142002;164.9;20;10087330079;B
20240410;142002;164.9;10;10087330081;B
20240410;142002;164.9;10;10087330083;B
20240410;142002;164.9;10;10087330084;B
20240410;142002;164.9;10;10087330088;B
20240410;142002;164.9;10;10087330090;B
20240410;142002;164.9;10;10087330091;B
20240410;142002;164.9;10;10087330093;B
20240410;142002;164.9;10;10087330098;B
20240410;142002;164.9;10;10087330100;B
20240410;142002;164.9;10;10087330102;B
20240410;142002;164.9;10;10087330103;B
20240410;142002;164.9;10;10087330105;B
20240410;142002;164.9;10;10087330106;B
20240410;142002;164.9;10;10087330107;B
20240410;142002;164.9;10;10087330108;B
20240410;142002;164.9;10;10087330113;B
20240410;142002;164.9;10;10087330116;B
20240410;142002;164.9;10;10087330121;B
20240410;142002;164.9;10;10087330122;B
20240410;142002;164.9;10;10087330123;B
20240410;142002;164.9;10;10087330127;B
20240410;142002;164.9;10;10087330128;B
20240410;142002;164.9;10;10087330129;B
20240410;142002;164.9;10;10087330131;B
20240410;142002;164.9;10;10087330132;B
20240410;142002;164.9;10;10087330133;B
20240410;142002;164.9;10;10087330141;B
20240410;142002;164.9;10;10087330142;B
20240410;142002;164.9;10;10087330143;B
20240410;142002;164.9;10;10087330148;B
20240410;142002;164.9;10;10087330149;B
20240410;142002;164.9;10;10087330150;B
20240410;142002;164.9;10;10087330151;B
20240410;142002;164.9;10;10087330152;B
20240410;142002;164.9;10;10087330154;B
20240410;142002;164.9;20;10087330157;B
20240410;142002;164.9;10;10087330159;B
20240410;142002;164.9;10;10087330160;B
20240410;142002;164.9;10;10087330162;B
20240410;142003;164.9;10;10087330163;B
20240410;142003;164.9;10;10087330164;B
20240410;142003;164.9;30;10087330166;B
20240410;142003;164.9;10;10087330169;B
20240410;142003;164.9;10;10087330170;B
20240410;142003;164.9;10;10087330174;B
20240410;142003;164.9;10;10087330179;B
20240410;142003;164.9;10;10087330180;B
20240410;142003;164.9;10;10087330181;B
20240410;142003;164.9;10;10087330182;B
20240410;142003;164.9;10;10087330183;B
20240410;142003;164.9;10;10087330185;B
20240410;142003;164.9;10;10087330189;B
20240410;142003;164.9;10;10087330196;B
20240410;142003;164.9;10;10087330204;B
20240410;142003;164.9;10;10087330207;B
20240410;142003;164.9;10;10087330209;B
20240410;142003;164.9;10;10087330211;B
20240410;142003;164.9;10;10087330214;B
20240410;142003;164.9;10;10087330215;B
20240410;142003;164.9;10;10087330218;B
20240410;142003;164.9;10;10087330219;B
20240410;142003;164.9;10;10087330220;B
20240410;142003;164.9;10;10087330223;B
20240410;142003;164.9;10;10087330224;B
20240410;142003;164.9;10;10087330227;B
20240410;142003;164.9;10;10087330229;B
20240410;142003;164.9;10;10087330231;B
20240410;142003;164.9;10;10087330233;B
20240410;142003;164.9;20;10087330236;B
20240410;142003;164.9;20;10087330237;B
20240410;142003;164.9;10;10087330239;B
20240410;142003;164.9;10;10087330245;B
20240410;142003;164.9;10;10087330257;B
20240410;142003;164.9;60;10087330259;B
20240410;142003;164.9;10;10087330262;B
20240410;142003;164.9;10;10087330264;B
20240410;142003;164.9;10;10087330265;B
20240410;142003;164.9;10;10087330267;B
20240410;142003;164.9;10;10087330270;B
20240410;142003;164.9;10;10087330271;B
20240410;142003;164.9;10;10087330272;B
20240410;142003;164.9;10;10087330273;B
20240410;142003;164.9;10;10087330274;B
20240410;142003;164.9;10;10087330276;B
20240410;142003;164.9;10;10087330277;B
20240410;142003;164.9;10;10087330279;B
20240410;142003;164.9;10;10087330280;B
20240410;142003;164.84;10;10087330281;S
20240410;142003;164.9;10;10087330283;B
20240410;142003;164.9;10;10087330285;B
20240410;142003;164.9;10;10087330289;B
20240410;142003;164.9;10;10087330290;B
20240410;142004;164.9;10;10087330298;B
20240410;142004;164.9;10;10087330313;B
20240410;142004;164.9;10;10087330317;B
20240410;142004;164.9;10;10087330318;B
20240410;142004;164.9;10;10087330319;B
20240410;142004;164.9;10;10087330323;B
20240410;142004;164.9;10;10087330324;B
20240410;142004;164.9;10;10087330325;B
20240410;142004;164.9;10;10087330332;B
20240410;142004;164.9;10;10087330334;B
20240410;142004;164.9;10;10087330337;B
20240410;142004;164.9;10;10087330340;B
20240410;142004;164.9;20;10087330341;B
20240410;142004;164.9;10;10087330346;B
20240410;142004;164.9;10;10087330347;B
20240410;142004;164.9;10;10087330349;B
20240410;142004;164.9;10;10087330361;B
20240410;142004;164.9;10;10087330363;B
20240410;142004;164.92;10;10087330364;B
20240410;142004;164.92;10;10087330365;B
20240410;142004;164.92;10;10087330366;B
20240410;142004;164.92;10;10087330407;B
20240410;142004;164.92;10;10087330411;B
20240410;142004;164.92;10;10087330414;B
20240410;142004;164.92;10;10087330415;B
20240410;142005;164.92;10;10087330437;B
20240410;142005;164.92;10;10087330448;B
20240410;142005;164.92;10;10087330472;B
20240410;142005;164.92;10;10087330473;B
20240410;142005;164.92;10;10087330493;B
20240410;142006;164.92;10;10087330544;B
20240410;142007;164.92;10;10087330592;B
20240410;142007;164.92;80;10087330657;B
20240410;142007;164.92;10;10087330670;B
20240410;142008;164.92;10;10087330691;B
20240410;142008;164.92;50;10087330702;B
20240410;142008;164.86;150;10087330712;S
20240410;142008;164.86;10;10087330713;S
20240410;142008;164.86;50;10087330714;S
20240410;142008;164.86;90;10087330715;S
20240410;142008;164.9;10;10087330726;B
20240410;142009;164.9;10;10087330832;B
20240410;142012;164.88;10;10087331079;B
20240410;142013;164.88;10;10087331148;B
20240410;142015;164.88;10;10087331876;B
20240410;142016;164.88;50;10087331989;B
20240410;142016;164.88;80;10087332051;B
20240410;142018;164.88;10;10087333211;B
20240410;142019;164.86;20;10087334262;S
20240410;142022;164.88;30;10087334477;B
20240410;142022;164.88;20;10087334478;B
20240410;142024;164.86;300;10087336691;S
20240410;142026;164.88;70;10087337856;B
20240410;142026;164.88;50;10087337857;B
20240410;142026;164.88;10;10087337858;B
20240410;142026;164.9;70;10087337859;B
20240410;142027;164.9;20;10087337897;B
20240410;142028;164.9;20;10087338020;B
20240410;142029;164.9;10;10087338113;B
20240410;142030;164.9;10;10087340176;B
20240410;142030;164.9;20;10087340178;B
20240410;142030;164.9;300;10087340179;B
20240410;142030;164.9;100;10087340180;B
20240410;142030;164.92;230;10087340181;B
20240410;142030;164.92;100;10087340182;B
20240410;142030;164.92;10;10087340183;B
20240410;142030;164.92;50;10087340184;B
20240410;142030;164.92;2190;10087340185;B
20240410;142032;164.92;10;10087340666;B
20240410;142032;164.86;80;10087340721;S
20240410;142032;164.84;20;10087340722;S
20240410;142033;164.9;20;10087340819;B
20240410;142035;164.92;30;10087340977;B
20240410;142039;164.92;150;10087343232;B
20240410;142040;164.92;20;10087343294;B
20240410;142042;164.92;10;10087344182;B
20240410;142043;164.92;10;10087344633;B
20240410;142044;164.9;210;10087344752;S
20240410;142044;164.86;30;10087344753;S
20240410;142044;164.86;10;10087344754;S
20240410;142044;164.86;50;10087344755;S
20240410;142046;164.9;50;10087344904;B
20240410;142046;164.9;10;10087344905;B
20240410;142052;164.9;30;10087346601;B
20240410;142053;164.9;10;10087346699;B
20240410;142053;164.9;10;10087346700;B
20240410;142053;164.9;10;10087346701;B
20240410;142053;164.92;330;10087346702;B
20240410;142057;164.9;10;10087347341;B
20240410;142058;164.9;40;10087347574;B
20240410;142058;164.9;30;10087347575;B
20240410;142102;164.92;550;10087348130;B
20240410;142102;164.92;50;10087348131;B
20240410;142102;164.92;1000;10087348132;B
20240410;142102;164.92;250;10087348133;B
20240410;142102;164.92;10;10087348134;B
20240410;142102;164.92;250;10087348135;B
20240410;142102;164.92;10;10087348136;B
20240410;142102;164.92;10;10087348137;B
20240410;142102;164.92;1000;10087348138;B
20240410;142102;164.94;3090;10087348139;B
20240410;142102;164.94;10;10087348140;B
20240410;142102;164.94;1270;10087348141;B
20240410;142102;164.94;10;10087348184;B
20240410;142103;164.94;80;10087348755;B
20240410;142104;164.92;10;10087349338;B
20240410;142104;164.92;1000;10087349363;B
20240410;142105;164.94;10;10087349388;B
20240410;142106;164.9;10;10087350571;S
20240410;142106;164.9;150;10087350572;S
20240410;142106;164.9;10;10087350573;S
20240410;142106;164.86;430;10087350574;S
20240410;142108;164.9;10;10087351867;S
20240410;142108;164.92;10;10087351888;B
20240410;142109;164.92;100;10087352317;B
20240410;142110;164.86;10;10087352412;S
20240410;142111;164.86;160;10087352556;S
20240410;142111;164.86;10;10087352557;S
20240410;142111;164.86;100;10087352558;S
20240410;142111;164.84;10;10087352559;S
20240410;142111;164.84;300;10087352560;S
20240410;142111;164.84;1770;10087352561;S
20240410;142111;164.84;150;10087352562;S
20240410;142111;164.82;800;10087352563;S
20240410;142113;164.88;10;10087352771;B
20240410;142113;164.88;10;10087352801;B
20240410;142114;164.84;10;10087352881;S
20240410;142115;164.84;140;10087352979;S
20240410;142115;164.82;260;10087352980;S
20240410;142115;164.88;10;10087353073;B
20240410;142117;164.86;50;10087353348;B
20240410;142118;164.82;350;10087353404;S
20240410;142119;164.86;190;10087353474;B
20240410;142124;164.84;60;10087355848;B
20240410;142124;164.84;40;10087355866;B
20240410;142124;164.86;110;10087355867;B
20240410;142125;164.86;200;10087356036;B
20240410;142126;164.86;10;10087356137;B
20240410;142130;164.82;10;10087357812;S
20240410;142130;164.82;350;10087357873;B
20240410;142131;164.8;100;10087358019;S
20240410;142134;164.82;100;10087358535;B
20240410;142138;164.8;70;10087360624;S
20240410;142141;164.8;300;10087360887;S
20240410;142142;164.8;10;10087360985;S
20240410;142143;164.8;10;10087361066;S
20240410;142144;164.82;110;10087361156;B
20240410;142144;164.8;10;10087361346;S
20240410;142147;164.8;500;10087362577;S
20240410;142148;164.82;130;10087362637;B
20240410;142148;164.82;570;10087362638;B
20240410;142148;164.82;10;10087362642;B
20240410;142149;164.82;20;10087362720;B
20240410;142150;164.8;2810;10087362804;S
20240410;142151;164.82;10;10087363548;B
20240410;142151;164.82;20;10087363563;B
20240410;142151;164.8;8000;10087363594;S
20240410;142151;164.8;50;10087363622;S
20240410;142154;164.8;10;10087364777;S
20240410;142156;164.8;1000;10087365158;S
20240410;142156;164.8;3480;10087365173;S
20240410;142156;164.8;30;10087365174;S
20240410;142156;164.8;100;10087365175;S
20240410;142156;164.8;10;10087365176;S
20240410;142156;164.8;190;10087365177;S
20240410;142156;164.8;30;10087365178;S
20240410;142156;164.8;110;10087365179;S
20240410;142156;164.78;10;10087365180;S
20240410;142156;164.72;10;10087365181;S
20240410;142156;164.72;10;10087365182;S
20240410;142156;164.72;1020;10087365183;S
20240410;142157;164.72;300;10087365263;S
20240410;142158;164.76;10;10087365343;B
20240410;142158;164.76;10;10087365344;B
20240410;142159;164.78;150;10087365397;B
20240410;142159;164.78;1220;10087365398;B
20240410;142159;164.8;900;10087365399;B
20240410;142159;164.8;600;10087365400;B
20240410;142159;164.7;20;10087365450;S
20240410;142200;164.7;110;10087365504;S
20240410;142200;164.7;80;10087365505;S
20240410;142200;164.7;500;10087365506;S
20240410;142200;164.7;860;10087365507;S
20240410;142201;164.7;4140;10087366093;S
20240410;142201;164.7;100;10087366094;S
20240410;142201;164.7;10;10087366095;S
20240410;142201;164.7;20;10087366096;S
20240410;142201;164.7;150;10087366097;S
20240410;142201;164.68;10;10087366098;S
20240410;142201;164.68;10;10087366099;S
20240410;142201;164.66;10;10087366100;S
20240410;142201;164.66;10;10087366101;S
20240410;142201;164.66;1080;10087366102;S
20240410;142201;164.64;10;10087366103;S
20240410;142201;164.64;610;10087366104;S
20240410;142201;164.64;280;10087366105;S
20240410;142201;164.64;380;10087366106;S
20240410;142201;164.64;40;10087366107;S
20240410;142201;164.64;150;10087366108;S
20240410;142201;164.64;500;10087366109;S
20240410;142201;164.64;10;10087366110;S
20240410;142201;164.64;1230;10087366111;S
20240410;142201;164.64;1250;10087366112;S
20240410;142201;164.76;10;10087366377;B
20240410;142201;164.76;10;10087366390;B
20240410;142201;164.76;60;10087366393;B
20240410;142201;164.64;20;10087366400;S
20240410;142201;164.76;500;10087366405;B
20240410;142201;164.64;720;10087366407;S
20240410;142201;164.64;370;10087366408;S
20240410;142202;164.64;100;10087366495;S
20240410;142204;164.72;10;10087367712;B
20240410;142204;164.72;10;10087367741;B
20240410;142204;164.64;10;10087367755;S
20240410;142205;164.72;10;10087367840;B
20240410;142207;164.64;10;10087367997;S
20240410;142208;164.66;200;10087368037;S
20240410;142208;164.64;100;10087368038;S
20240410;142208;164.72;120;10087368054;B
20240410;142208;164.72;20;10087368055;B
20240410;142211;164.68;20;10087368485;B
20240410;142213;164.68;180;10087369616;B
20240410;142213;164.7;140;10087369662;B
20240410;142213;164.66;970;10087369681;S
20240410;142213;164.66;50;10087369682;S
20240410;142213;164.66;50;10087369683;S
20240410;142213;164.66;110;10087369684;S
20240410;142213;164.64;250;10087369685;S
20240410;142213;164.64;1470;10087369686;S
20240410;142214;164.7;10;10087369736;B
20240410;142214;164.7;110;10087369737;B
20240410;142214;164.7;10;10087369738;B
20240410;142214;164.72;140;10087369739;B
20240410;142214;164.64;2000;10087369755;S
20240410;142214;164.7;120;10087369784;B
20240410;142214;164.72;20;10087369785;B
20240410;142215;164.72;10;10087369815;B
20240410;142216;164.66;100;10087370296;S
20240410;142219;164.7;20;10087371528;B
20240410;142220;164.7;60;10087372018;B
20240410;142220;164.7;20;10087372036;B
20240410;142221;164.7;20;10087372137;B
20240410;142221;164.72;10;10087372138;B
20240410;142221;164.72;170;10087372139;B
20240410;142222;164.68;10;10087372232;S
20240410;142222;164.66;170;10087372233;S
20240410;142222;164.66;20;10087372234;S
20240410;142223;164.74;10;10087372256;B
20240410;142225;164.66;120;10087372604;S
20240410;142225;164.66;20;10087372605;S
20240410;142225;164.64;10;10087372606;S
20240410;142229;164.64;20;10087372950;S
20240410;142230;164.7;10;10087373045;B
20240410;142230;164.7;90;10087373054;B
20240410;142230;164.7;10;10087373060;B
20240410;142231;164.7;10;10087373079;B
20240410;142231;164.7;10;10087374134;B
20240410;142234;164.64;150;10087375488;S
20240410;142237;164.64;10;10087375835;S
20240410;142238;164.7;10;10087375891;B
20240410;142240;164.7;10;10087376631;B
20240410;142242;164.7;10;10087377539;B
20240410;142242;164.66;200;10087377549;S
20240410;142242;164.64;5800;10087377550;S
20240410;142243;164.66;10;10087377576;B
20240410;142244;164.66;110;10087377613;B
20240410;142244;164.7;30;10087377614;B
20240410;142244;164.7;500;10087377615;B
20240410;142244;164.7;10;10087377616;B
20240410;142244;164.7;70;10087377617;B
20240410;142244;164.72;10;10087377618;B
20240410;142244;164.72;70;10087377619;B
20240410;142244;164.72;10;10087377620;B
20240410;142244;164.72;20;10087377621;B
20240410;142244;164.72;10;10087377622;B
20240410;142244;164.72;160;10087377623;B
20240410;142246;164.66;20;10087378981;S
20240410;142247;164.72;10;10087379076;B
20240410;142248;164.66;10;10087379150;S
20240410;142248;164.74;10;10087379205;B
20240410;142249;164.66;270;10087379292;S
20240410;142249;164.66;200;10087379293;S
20240410;142249;164.64;1990;10087379294;S
20240410;142257;164.66;10;10087381015;B
20240410;142257;164.64;100;10087381019;S
20240410;142258;164.64;100;10087381072;S
20240410;142259;164.64;200;10087381322;S
20240410;142300;164.66;10;10087381576;B
20240410;142300;164.66;70;10087382535;B
20240410;142300;164.66;10;10087382622;B
20240410;142301;164.66;20;10087382676;B
20240410;142301;164.7;50;10087382677;B
20240410;142301;164.7;200;10087382678;B
20240410;142301;164.72;480;10087382679;B
20240410;142304;164.68;800;10087382894;S
20240410;142308;164.72;300;10087384385;B
20240410;142308;164.72;20;10087384386;B
20240410;142308;164.74;300;10087384387;B
20240410;142308;164.68;150;10087384811;S
20240410;142309;164.68;50;10087384849;S
20240410;142309;164.66;600;10087384850;S
20240410;142309;164.68;50;10087384901;S
20240410;142309;164.66;50;10087384902;S
20240410;142309;164.66;50;10087384903;S
20240410;142309;164.66;70;10087384904;S
20240410;142309;164.66;560;10087384905;S
20240410;142315;164.72;30;10087385729;B
20240410;142315;164.68;10;10087385752;S
20240410;142315;164.66;110;10087385753;S
20240410;142315;164.66;10;10087385754;S
20240410;142315;164.66;500;10087385755;S
20240410;142315;164.64;7150;10087385756;S
20240410;142315;164.64;150;10087385757;S
20240410;142315;164.64;10;10087385758;S
20240410;142315;164.64;100;10087385759;S
20240410;142315;164.64;100;10087385760;S
20240410;142315;164.64;100;10087385814;B
20240410;142317;164.64;20;10087385988;B
20240410;142317;164.64;100;10087385999;B
20240410;142322;164.64;300;10087388698;B
20240410;142323;164.62;400;10087388766;S
20240410;142323;164.62;1500;10087388945;S
20240410;142323;164.62;50;10087388961;S
20240410;142326;164.64;20;10087389158;B
20240410;142326;164.64;10;10087389544;B
20240410;142327;164.62;100;10087389679;S
20240410;142327;164.62;500;10087389691;S
20240410;142328;164.62;10;10087389750;S
20240410;142329;164.62;100;10087389856;S
20240410;142330;164.62;90;10087389906;S
20240410;142330;164.64;10;10087390610;B
20240410;142331;164.64;10;10087390692;B
20240410;142332;164.64;20;10087390731;B
20240410;142333;164.64;200;10087390894;B
20240410;142334;164.64;200;10087391018;B
20240410;142334;164.62;1250;10087391034;S
20240410;142334;164.62;10;10087391035;S
20240410;142334;164.62;900;10087391036;S
20240410;142334;164.6;1620;10087391037;S
20240410;142334;164.6;500;10087391038;S
20240410;142334;164.6;70;10087391039;S
20240410;142334;164.6;1590;10087391040;S
20240410;142334;164.6;20;10087391041;S
20240410;142334;164.6;200;10087391042;S
20240410;142334;164.6;1000;10087391043;S
20240410;142334;164.6;10;10087391044;S
20240410;142334;164.58;500;10087391045;S
20240410;142334;164.58;20;10087391046;S
20240410;142334;164.58;10;10087391047;S
20240410;142334;164.58;50;10087391048;S
20240410;142334;164.58;10;10087391049;S
20240410;142334;164.58;10;10087391050;S
20240410;142334;164.56;10;10087391051;S
20240410;142334;164.56;500;10087391052;S
20240410;142334;164.56;150;10087391053;S
20240410;142334;164.56;250;10087391054;S
20240410;142334;164.56;10;10087391055;S
20240410;142334;164.56;150;10087391056;S
20240410;142334;164.54;1000;10087391057;S
20240410;142334;164.54;100;10087391058;S
20240410;142334;164.54;500;10087391059;S
20240410;142334;164.54;10;10087391060;S
20240410;142334;164.54;10;10087391061;S
20240410;142334;164.54;50;10087391062;S
20240410;142334;164.52;70;10087391063;S
20240410;142334;164.52;10;10087391064;S
20240410;142334;164.52;500;10087391065;S
20240410;142334;164.52;20;10087391066;S
20240410;142334;164.52;900;10087391067;S
20240410;142334;164.52;100;10087391068;S
20240410;142334;164.52;10;10087391069;S
20240410;142334;164.52;500;10087391070;S
20240410;142334;164.52;2000;10087391071;S
20240410;142334;164.52;10;10087391072;S
20240410;142334;164.5;4900;10087391073;S
20240410;142335;164.52;160;10087391085;S
20240410;142335;164.5;140;10087391086;S
20240410;142335;164.6;50;10087391115;B
20240410;142335;164.5;600;10087391119;S
20240410;142335;164.5;60;10087391127;S
20240410;142335;164.5;500;10087391181;S
20240410;142336;164.5;400;10087391228;S
20240410;142336;164.5;2500;10087391255;S
20240410;142336;164.58;10;10087391311;B
20240410;142338;164.54;10;10087392168;B
20240410;142338;164.5;120;10087392188;S
20240410;142339;164.54;100;10087393192;B
20240410;142340;164.5;240;10087394318;S
20240410;142341;164.52;10;10087394409;B
20240410;142341;164.54;40;10087394410;B
20240410;142341;164.54;50;10087394411;B
20240410;142341;164.5;770;10087394433;S
20240410;142342;164.5;2000;10087394499;S
20240410;142342;164.5;10;10087394591;S
20240410;142343;164.52;10;10087394877;B
20240410;142344;164.5;10;10087395049;S
20240410;142346;164.52;10;10087395370;B
20240410;142346;164.52;10;10087395371;B
20240410;142346;164.5;10;10087395393;S
20240410;142349;164.5;3480;10087396102;S
20240410;142349;164.5;200;10087396104;S
20240410;142351;164.52;40;10087397735;B
20240410;142354;164.5;300;10087398213;S
20240410;142355;164.5;400;10087398330;S
20240410;142355;164.52;20;10087398396;B
20240410;142356;164.52;10;10087398606;B
20240410;142356;164.52;30;10087398707;B
20240410;142357;164.5;300;10087398859;S
20240410;142357;164.52;100;10087398882;B
20240410;142358;164.52;10;10087398922;B
20240410;142359;164.52;10;10087399024;S
20240410;142359;164.52;290;10087399098;S
20240410;142359;164.52;300;10087399099;S
20240410;142359;164.5;910;10087399100;S
20240410;142401;164.52;10;10087400018;S
20240410;142402;164.52;10;10087400106;B
20240410;142402;164.54;60;10087400107;B
20240410;142402;164.54;10;10087400150;B
20240410;142402;164.54;10;10087400160;B
20240410;142405;164.5;100;10087401779;S
20240410;142405;164.52;10;10087401819;B
20240410;142405;164.52;10;10087401820;B
20240410;142405;164.52;80;10087401821;B
20240410;142405;164.54;70;10087401822;B
20240410;142405;164.54;30;10087401823;B
20240410;142405;164.56;10;10087401824;B
20240410;142405;164.56;80;10087401825;B
20240410;142405;164.58;10;10087401826;B
20240410;142406;164.52;10;10087402108;S
20240410;142408;164.52;60;10087402848;S
20240410;142409;164.52;130;10087402877;S
20240410;142410;164.54;10;10087403399;B
20240410;142411;164.54;10;10087403407;B
20240410;142411;164.52;50;10087403412;S
20240410;142411;164.52;20;10087403413;S
20240410;142412;164.54;10;10087404040;B
20240410;142413;164.54;10;10087404128;B
20240410;142413;164.52;10;10087404215;S
20240410;142414;164.52;10;10087404226;S
20240410;142415;164.52;60;10087404364;S
20240410;142415;164.5;10;10087404365;S
20240410;142415;164.5;10;10087404401;S
20240410;142415;164.54;10;10087404437;B
20240410;142417;164.52;10;10087404680;B
20240410;142417;164.5;100;10087404686;S
20240410;142418;164.5;80;10087404736;S
20240410;142418;164.5;70;10087404793;S
20240410;142418;164.5;150;10087404829;S
20240410;142418;164.5;220;10087404862;S
20240410;142420;164.5;500;10087405292;S
20240410;142420;164.5;4890;10087405373;S
20240410;142421;164.5;300;10087406539;S
20240410;142422;164.52;10;10087406560;B
20240410;142422;164.52;10;10087406561;B
20240410;142422;164.54;30;10087406562;B
20240410;142422;164.54;10;10087406620;B
20240410;142424;164.5;60;10087406751;S
20240410;142426;164.5;500;10087406919;S
20240410;142427;164.5;10;10087407069;S
20240410;142428;164.5;100;10087407104;S
20240410;142429;164.5;20;10087409023;S
20240410;142430;164.5;10;10087409117;S
20240410;142432;164.52;10;10087409302;B
20240410;142432;164.52;10;10087409303;B
20240410;142432;164.52;10;10087409304;B
20240410;142433;164.52;10;10087409363;B
20240410;142434;164.5;10;10087409419;S
20240410;142434;164.52;40;10087409473;B
20240410;142434;164.52;190;10087409474;B
20240410;142436;164.5;10;10087410150;S
20240410;142437;164.5;10;10087411144;S
20240410;142437;164.5;8380;10087411279;S
20240410;142437;164.5;2150;10087411280;S
20240410;142437;164.5;10;10087411281;S
20240410;142437;164.5;10;10087411282;S
20240410;142437;164.5;10;10087411283;S
20240410;142437;164.5;20;10087411284;S
20240410;142437;164.5;10;10087411285;S
20240410;142437;164.5;5700;10087411286;S
20240410;142437;164.5;70;10087411287;S
20240410;142437;164.5;400;10087411288;S
20240410;142438;164.5;10;10087411426;S
20240410;142438;164.5;10;10087411429;S
20240410;142438;164.5;5510;10087411431;S
20240410;142438;164.5;90;10087411432;S
20240410;142438;164.5;20;10087411433;S
20240410;142438;164.5;10;10087411434;S
20240410;142438;164.5;70;10087411435;S
20240410;142438;164.5;30;10087411436;S
20240410;142438;164.5;20;10087411437;S
20240410;142438;164.5;10;10087411438;S
20240410;142438;164.5;10;10087411439;S
20240410;142438;164.5;10;10087411440;S
20240410;142438;164.5;10;10087411441;S
20240410;142438;164.5;2000;10087411442;S
20240410;142438;164.5;1310;10087411443;S
20240410;142438;164.5;30;10087411444;S
20240410;142438;164.5;10;10087411445;S
20240410;142438;164.5;200;10087411446;S
20240410;142438;164.5;10;10087411447;S
20240410;142438;164.5;150;10087411448;S
20240410;142438;164.5;60;10087411449;S
20240410;142438;164.5;700;10087411450;S
20240410;142438;164.5;40;10087411451;S
20240410;142438;164.5;50;10087411452;S
20240410;142438;164.5;50;10087411453;S
20240410;142438;164.5;60;10087411454;S
20240410;142438;164.5;110;10087411455;S
20240410;142438;164.48;10;10087411458;S
20240410;142438;164.48;10;10087411459;S
20240410;142438;164.46;20;10087411467;S
20240410;142438;164.46;10;10087411468;S
20240410;142438;164.46;70;10087411469;S
20240410;142438;164.46;80;10087411470;S
20240410;142438;164.46;10;10087411471;S
20240410;142438;164.46;50;10087411472;S
20240410;142438;164.46;50;10087411474;S
20240410;142438;164.44;110;10087411475;S
20240410;142438;164.44;40;10087411476;S
20240410;142438;164.44;10;10087411488;S
20240410;142438;164.44;10;10087411489;S
20240410;142439;164.42;500;10087411578;S
20240410;142439;164.42;10;10087411579;S
20240410;142439;164.42;10;10087411580;S
20240410;142439;164.4;10;10087411581;S
20240410;142439;164.4;20;10087411582;S
20240410;142439;164.4;10;10087411583;S
20240410;142439;164.38;20;10087411584;S
20240410;142439;164.38;50;10087411585;S
20240410;142439;164.38;10;10087411586;S
20240410;142439;164.38;150;10087411587;S
20240410;142439;164.36;310;10087411588;S
20240410;142439;164.36;100;10087411589;S
20240410;142439;164.36;10;10087411595;S
20240410;142439;164.36;10;10087411596;S
20240410;142439;164.34;100;10087411597;S
20240410;142439;164.34;50;10087411598;S
20240410;142439;164.34;10;10087411599;S
20240410;142439;164.34;120;10087411600;S
20240410;142439;164.34;500;10087411601;S
20240410;142439;164.32;500;10087411602;S
20240410;142439;164.32;10;10087411603;S
20240410;142439;164.32;690;10087411604;S
20240410;142439;164.34;320;10087411611;S
20240410;142439;164.32;1180;10087411612;S
20240410;142440;164.34;50;10087411692;B
20240410;142440;164.34;180;10087411694;B
20240410;142440;164.36;20;10087411695;B
20240410;142441;164.32;10;10087411797;S
20240410;142442;164.32;10;10087411889;S
20240410;142442;164.3;20;10087411890;S
20240410;142442;164.3;70;10087411891;S
20240410;142442;164.3;130;10087411920;S
20240410;142442;164.3;10;10087411921;S
20240410;142442;164.3;10;10087411922;S
20240410;142442;164.3;10;10087411923;S
20240410;142442;164.3;120;10087411924;S
20240410;142442;164.3;500;10087411925;S
20240410;142442;164.3;50;10087411926;S
20240410;142442;164.3;100;10087411927;S
20240410;142442;164.28;220;10087411928;S
20240410;142442;164.28;200;10087411929;S
20240410;142442;164.28;10;10087411930;S
20240410;142442;164.28;1060;10087411931;S
20240410;142443;164.28;40;10087412351;S
20240410;142443;164.3;10;10087412355;B
20240410;142443;164.32;20;10087412356;B
20240410;142443;164.3;10;10087412374;B
20240410;142444;164.28;1000;10087413407;S
20240410;142444;164.28;10;10087413451;S
20240410;142444;164.28;50;10087413458;S
20240410;142445;164.3;10;10087413522;B
20240410;142445;164.3;10;10087413552;B
20240410;142445;164.32;90;10087413553;B
20240410;142446;164.32;10;10087413559;B
20240410;142446;164.3;10;10087413618;B
20240410;142449;164.3;50;10087413881;S
20240410;142449;164.3;10;10087413882;S
20240410;142450;164.3;10;10087414136;S
20240410;142451;164.3;30;10087415245;S
20240410;142452;164.32;30;10087415252;B
20240410;142452;164.32;270;10087415253;B
20240410;142453;164.3;10;10087415403;S
20240410;142454;164.3;190;10087415518;S
20240410;142454;164.3;1000;10087415519;S
20240410;142454;164.28;3810;10087415520;S
20240410;142454;164.32;230;10087415561;B
20240410;142456;164.32;200;10087415704;S
20240410;142456;164.32;120;10087415761;S
20240410;142456;164.3;60;10087415762;S
20240410;142456;164.3;150;10087415763;S
20240410;142456;164.3;1220;10087415764;S
20240410;142456;164.28;3850;10087415765;S
20240410;142457;164.28;30;10087416291;S
20240410;142458;164.28;150;10087416386;S
20240410;142458;164.26;10;10087416387;S
20240410;142458;164.26;10;10087416388;S
20240410;142458;164.26;110;10087416389;S
20240410;142458;164.26;720;10087416390;S
20240410;142458;164.26;10;10087416397;S
20240410;142458;164.34;150;10087416428;B
20240410;142458;164.36;50;10087416429;B
20240410;142459;164.28;100;10087416480;S
20240410;142500;164.3;10;10087416595;B
20240410;142501;164.3;10;10087416619;B
20240410;142501;164.34;90;10087416620;B
20240410;142501;164.28;10;10087416630;S
20240410;142503;164.28;30;10087417844;S
20240410;142506;164.28;20;10087419055;S
20240410;142507;164.28;40;10087419162;S
20240410;142507;164.28;10;10087419163;S
20240410;142509;164.28;10;10087419661;S
20240410;142511;164.28;40;10087420601;S
20240410;142512;164.28;10;10087420653;B
20240410;142512;164.3;70;10087420654;B
20240410;142514;164.3;60;10087420862;B
20240410;142516;164.28;10;10087421501;S
20240410;142516;164.26;10;10087421502;S
20240410;142516;164.26;20;10087421503;S
20240410;142516;164.26;200;10087421504;S
20240410;142516;164.24;50;10087421505;S
20240410;142516;164.24;220;10087421506;S
20240410;142516;164.24;10;10087421507;S
20240410;142517;164.26;50;10087421533;B
20240410;142517;164.26;50;10087421539;B
20240410;142518;164.22;10;10087421654;S
20240410;142518;164.22;1070;10087421655;S
20240410;142518;164.22;140;10087421692;S
20240410;142518;164.22;290;10087421697;S
20240410;142518;164.22;10;10087421698;S
20240410;142518;164.22;30;10087421702;B
20240410;142518;164.22;50;10087421707;B
20240410;142519;164.22;10;10087421734;B
20240410;142519;164.22;10;10087421818;B
20240410;142520;164.2;10;10087421866;S
20240410;142520;164.2;70;10087421867;S
20240410;142520;164.2;100;10087421868;S
20240410;142520;164.2;10;10087421869;S
20240410;142520;164.2;10;10087421870;S
20240410;142520;164.2;20;10087421873;S
20240410;142520;164.2;2000;10087421874;S
20240410;142520;164.2;50;10087421875;S
20240410;142520;164.2;10;10087421876;S
20240410;142520;164.2;10;10087421877;S
20240410;142520;164.2;5000;10087421878;S
20240410;142520;164.2;10000;10087421879;S
20240410;142520;164.18;110;10087421880;S
20240410;142520;164.18;10;10087421881;S
20240410;142520;164.18;10;10087421882;S
20240410;142520;164.16;50;10087421883;S
20240410;142520;164.16;380;10087421884;S
20240410;142520;164.16;500;10087421885;S
20240410;142520;164.16;500;10087421886;S
20240410;142520;164.16;10;10087421887;S
20240410;142520;164.16;150;10087421888;S
20240410;142520;164.14;10;10087421889;S
20240410;142520;164.14;50;10087421890;S
20240410;142520;164.14;100;10087421891;S
20240410;142520;164.14;10;10087421892;S
20240410;142520;164.12;50;10087421893;S
20240410;142520;164.12;20;10087421894;S
20240410;142520;164.12;1000;10087421895;S
20240410;142520;164.12;10;10087421896;S
20240410;142520;164.1;150;10087421897;S
20240410;142520;164.1;20;10087421898;S
20240410;142520;164.1;30;10087421899;S
20240410;142520;164.1;10;10087421900;S
20240410;142520;164.1;10;10087421901;S
20240410;142520;164.1;100;10087421902;S
20240410;142520;164.1;500;10087421903;S
20240410;142520;164.1;50;10087421904;S
20240410;142520;164.1;500;10087421905;S
20240410;142520;164.1;10;10087421906;S
20240410;142520;164.08;200;10087421907;S
20240410;142520;164.08;50;10087421908;S
20240410;142520;164.08;10;10087421909;S
20240410;142520;164.08;8230;10087421910;S
20240410;142520;164.2;10;10087421935;B
20240410;142520;164.08;340;10087421939;S
20240410;142520;164.08;800;10087421940;S
20240410;142520;164.08;60;10087421942;S
20240410;142520;164.08;100;10087421943;S
20240410;142520;164.06;300;10087421944;S
20240410;142520;164.06;100;10087421945;S
20240410;142520;164.06;10;10087421946;S
20240410;142520;164.06;30;10087421947;S
20240410;142520;164.16;10;10087421950;B
20240410;142520;164.08;40;10087421954;S
20240410;142520;164.08;40;10087421955;S
20240410;142520;164.08;40;10087421956;S
20240410;142520;164.08;40;10087421957;S
20240410;142520;164.08;40;10087421961;S
20240410;142521;164.08;10;10087421979;S
20240410;142521;164.16;10;10087421980;B
20240410;142521;164.16;130;10087422001;B
20240410;142521;164.16;70;10087422002;B
20240410;142521;164.08;190;10087422009;S
20240410;142521;164.08;150;10087422013;S
20240410;142521;164.08;30;10087422015;S
20240410;142521;164.08;200;10087422025;S
20240410;142521;164.08;30;10087422033;S
20240410;142521;164.08;470;10087422034;S
20240410;142521;164.06;100;10087422455;S
20240410;142522;164.1;150;10087422862;B
20240410;142522;164.12;200;10087422863;B
20240410;142522;164.16;60;10087422864;B
20240410;142522;164.18;150;10087422865;B
20240410;142522;164.18;4000;10087422866;B
20240410;142522;164.18;100;10087422867;B
20240410;142522;164.18;150;10087422868;B
20240410;142522;164.18;2190;10087422869;B
20240410;142522;164.14;20;10087422910;B
20240410;142522;164.08;1220;10087422947;S
20240410;142522;164.08;60;10087422948;S
20240410;142522;164.06;500;10087422949;S
20240410;142523;164.08;10;10087424045;S
20240410;142526;164.08;190;10087424211;S
20240410;142526;164.08;500;10087424212;S
20240410;142526;164.08;50;10087424213;S
20240410;142526;164.06;1160;10087424214;S
20240410;142526;164.08;700;10087424299;S
20240410;142527;164.08;10;10087424342;S
20240410;142529;164.08;150;10087424984;S
20240410;142529;164.1;60;10087425054;B
20240410;142529;164.1;40;10087425055;B
20240410;142530;164.1;160;10087425103;B
20240410;142530;164.1;10;10087425104;B
20240410;142530;164.1;80;10087425105;B
20240410;142530;164.1;220;10087425148;B
20240410;142531;164.12;2000;10087425170;B
20240410;142531;164.1;280;10087425183;S
20240410;142531;164.1;130;10087425184;S
20240410;142531;164.1;230;10087425225;S
20240410;142532;164.12;1800;10087425269;B
20240410;142532;164.12;200;10087425285;S
20240410;142532;164.1;640;10087425286;S
20240410;142532;164.1;30;10087425287;S
20240410;142532;164.1;130;10087425288;S
20240410;142532;164.1;70;10087425328;S
20240410;142534;164.14;30;10087425581;B
20240410;142534;164.14;70;10087425582;B
20240410;142535;164.14;400;10087425645;S
20240410;142535;164.12;10;10087425646;S
20240410;142535;164.12;320;10087425647;S
20240410;142536;164.16;10;10087425805;B
20240410;142538;164.16;50;10087428433;S
20240410;142538;164.2;10;10087428434;B
20240410;142541;164.18;10;10087429284;S
20240410;142542;164.2;100;10087429566;B
20240410;142543;164.18;20;10087429648;S
20240410;142543;164.2;50;10087429706;B
20240410;142545;164.2;80;10087429860;B
20240410;142545;164.22;40;10087429861;B
20240410;142546;164.18;440;10087429982;S
20240410;142547;164.18;150;10087430028;S
20240410;142547;164.18;20;10087430094;S
20240410;142547;164.18;10;10087430095;S
20240410;142547;164.18;30;10087430096;S
20240410;142547;164.18;150;10087430097;S
20240410;142547;164.18;180;10087430098;S
20240410;142548;164.18;10;10087430606;S
20240410;142548;164.2;40;10087430607;B
20240410;142550;164.18;10;10087430721;S
20240410;142550;164.2;10;10087430751;B
20240410;142551;164.18;10;10087432476;S
20240410;142552;164.18;100;10087432557;S
20240410;142552;164.2;10;10087432595;B
20240410;142554;164.18;910;10087432787;S
20240410;142554;164.18;90;10087432788;S
20240410;142555;164.18;100;10087432814;S
20240410;142556;164.18;270;10087432929;S
20240410;142557;164.18;20;10087433231;S
20240410;142600;164.18;20;10087434457;S
20240410;142600;164.18;30;10087434458;S
20240410;142600;164.18;500;10087434465;S
20240410;142600;164.18;50;10087434480;S
20240410;142600;164.2;40;10087434495;B
20240410;142600;164.2;10;10087434497;B
20240410;142600;164.22;60;10087434498;B
20240410;142600;164.22;10;10087434499;B
20240410;142600;164.22;150;10087434500;B
20240410;142600;164.24;270;10087434501;B
20240410;142600;164.24;10;10087434536;B
20240410;142602;164.24;60;10087434686;B
20240410;142603;164.24;20;10087435337;B
20240410;142603;164.24;80;10087435338;B
20240410;142605;164.18;10;10087436302;S
20240410;142605;164.2;70;10087436334;B
20240410;142605;164.2;200;10087436393;B
20240410;142606;164.18;200;10087436458;S
20240410;142608;164.2;80;10087436581;B
20240410;142608;164.2;20;10087436602;B
20240410;142608;164.2;10;10087436603;B
20240410;142609;164.2;10;10087436720;B
20240410;142610;164.2;100;10087437013;B
20240410;142612;164.18;40;10087437165;S
20240410;142613;164.2;510;10087438219;B
20240410;142613;164.2;490;10087438220;B
20240410;142613;164.2;1120;10087438235;B
20240410;142616;164.2;90;10087438489;S
20240410;142618;164.2;20;10087439175;S
20240410;142619;164.22;40;10087439297;B
20240410;142620;164.24;20;10087439351;B
20240410;142622;164.22;20;10087439590;S
20240410;142623;164.24;500;10087439630;B
20240410;142624;164.24;400;10087439755;B
20240410;142624;164.24;100;10087439756;B
20240410;142625;164.22;40;10087441819;S
20240410;142625;164.22;50;10087441820;S
20240410;142625;164.2;270;10087441821;S
20240410;142625;164.2;20;10087441822;S
20240410;142625;164.2;20;10087441823;S
20240410;142626;164.22;10;10087441898;S
20240410;142627;164.24;10;10087441986;B
20240410;142627;164.24;10;10087441987;B
20240410;142630;164.22;80;10087442249;S
20240410;142631;164.24;10;10087442619;B
20240410;142636;164.22;90;10087443031;S
20240410;142636;164.24;120;10087443041;B
20240410;142636;164.24;70;10087443055;B
20240410;142636;164.24;230;10087443056;B
20240410;142636;164.24;20;10087443084;B
20240410;142639;164.22;40;10087445240;S
20240410;142640;164.24;100;10087445272;B
20240410;142640;164.24;10;10087445337;B
20240410;142642;164.24;590;10087445449;B
20240410;142642;164.24;100;10087445450;B
20240410;142642;164.24;20;10087445451;B
20240410;142642;164.26;500;10087445452;B
20240410;142642;164.26;10;10087445453;B
20240410;142642;164.28;1000;10087445454;B
20240410;142642;164.28;50;10087445455;B
20240410;142642;164.28;3120;10087445456;B
20240410;142646;164.28;100;10087446369;B
20240410;142647;164.28;20;10087446420;B
20240410;142650;164.26;10;10087447844;S
20240410;142650;164.24;690;10087447845;S
20240410;142650;164.24;100;10087447871;S
20240410;142654;164.3;10;10087448713;B
20240410;142654;164.3;40;10087448714;B
20240410;142657;164.3;30;10087448913;B
20240410;142658;164.3;10;10087449033;B
20240410;142658;164.28;20;10087449080;S
20240410;142701;164.28;10;10087451119;B
20240410;142701;164.26;290;10087451124;S
20240410;142703;164.28;120;10087451305;B
20240410;142703;164.28;150;10087451339;B
20240410;142703;164.28;100;10087451340;B
20240410;142703;164.3;220;10087451341;B
20240410;142703;164.3;100;10087451349;S
20240410;142703;164.3;80;10087451360;S
20240410;142705;164.32;10;10087451514;B
20240410;142705;164.34;30;10087451901;B
20240410;142705;164.34;10;10087451902;B
20240410;142705;164.36;10;10087451908;B
20240410;142705;164.36;20;10087451909;B
20240410;142705;164.36;2970;10087451910;B
20240410;142706;164.36;1640;10087452040;B
20240410;142706;164.38;1360;10087452041;B
20240410;142707;164.46;10;10087453162;B
20240410;142709;164.36;90;10087453333;S
20240410;142710;164.4;30;10087453414;S
20240410;142712;164.42;10;10087453536;B
20240410;142712;164.4;20;10087453542;S
20240410;142712;164.34;70;10087453543;S
20240410;142714;164.34;80;10087454092;S
20240410;142714;164.34;10;10087454093;S
20240410;142717;164.38;80;10087454364;B
20240410;142717;164.38;10;10087454365;B
20240410;142717;164.38;110;10087454366;B
20240410;142718;164.4;40;10087454439;B
20240410;142722;164.4;30;10087456814;B
20240410;142722;164.4;10;10087456815;B
20240410;142722;164.42;200;10087456816;B
20240410;142722;164.42;40;10087456817;B
20240410;142722;164.42;210;10087456818;B
20240410;142726;164.4;10;10087457464;B
20240410;142733;164.4;990;10087460005;B
20240410;142733;164.4;30;10087460006;B
20240410;142733;164.4;10;10087460059;B
20240410;142734;164.4;10;10087460111;B
20240410;142735;164.4;200;10087460220;B
20240410;142736;164.4;50;10087460304;B
20240410;142741;164.42;40;10087461006;B
20240410;142744;164.42;20;10087463226;B
20240410;142745;164.4;400;10087463290;S
20240410;142746;164.42;20;10087463402;B
20240410;142746;164.42;80;10087463419;B
20240410;142746;164.42;50;10087463460;B
20240410;142746;164.42;130;10087463465;B
20240410;142746;164.42;30;10087463466;B
20240410;142746;164.42;10;10087463467;B
20240410;142746;164.42;40;10087463468;B
20240410;142747;164.42;100;10087463500;B
20240410;142748;164.42;30;10087463630;B
20240410;142749;164.42;10;10087463675;B
20240410;142749;164.42;50;10087463676;B
20240410;142750;164.42;10;10087464001;B
20240410;142751;164.42;10;10087464067;B
20240410;142753;164.4;10;10087464244;S
20240410;142754;164.42;60;10087465334;B
20240410;142754;164.42;10;10087465335;B
20240410;142756;164.44;10;10087465513;B
20240410;142756;164.44;100;10087466284;B
20240410;142800;164.44;10;10087467029;S
20240410;142800;164.46;10;10087467035;B
20240410;142800;164.46;90;10087467036;B
20240410;142802;164.46;10;10087467212;B
20240410;142803;164.46;280;10087467537;B
20240410;142805;164.44;90;10087467678;S
20240410;142805;164.44;100;10087467679;S
20240410;142807;164.42;10;10087467827;S
20240410;142807;164.44;60;10087467840;B
20240410;142807;164.46;130;10087467841;B
20240410;142808;164.46;100;10087468665;B
20240410;142813;164.46;20;10087469137;B
20240410;142813;164.46;80;10087469197;B
20240410;142813;164.46;30;10087469198;B
20240410;142813;164.48;200;10087469199;B
20240410;142816;164.44;10;10087469392;S
20240410;142816;164.48;50;10087469428;B
20240410;142818;164.46;70;10087469560;B
20240410;142819;164.48;20;10087469638;B
20240410;142820;164.48;10;10087469728;B
20240410;142820;164.48;200;10087469732;B
20240410;142821;164.48;10;10087469777;B
20240410;142822;164.48;100;10087469894;B
20240410;142824;164.48;10;10087470020;B
20240410;142825;164.46;6930;10087470098;S
20240410;142825;164.46;1220;10087470099;S
20240410;142825;164.44;180;10087470100;S
20240410;142825;164.44;10;10087470101;S
20240410;142825;164.44;150;10087470102;S
20240410;142825;164.44;1510;10087470103;S
20240410;142826;164.46;50;10087470172;S
20240410;142830;164.44;500;10087470502;S
20240410;142831;164.44;100;10087470628;S
20240410;142832;164.44;20;10087470742;S
20240410;142833;164.44;10;10087470787;S
20240410;142835;164.46;250;10087471026;B
20240410;142836;164.46;100;10087471042;B
20240410;142840;164.44;10;10087471388;S
20240410;142843;164.46;50;10087471632;B
20240410;142844;164.46;200;10087471698;B
20240410;142845;164.46;10;10087471808;B
20240410;142847;164.44;250;10087471974;S
20240410;142848;164.46;10;10087472044;B
20240410;142849;164.46;210;10087472173;B
20240410;142849;164.46;30;10087472174;B
20240410;142849;164.46;560;10087472175;B
20240410;142849;164.46;10;10087472210;B
20240410;142852;164.46;5030;10087472490;B
20240410;142852;164.46;1000;10087472491;B
20240410;142852;164.46;650;10087472492;B
20240410;142852;164.48;750;10087472493;B
20240410;142852;164.48;10;10087472494;B
20240410;142852;164.48;150;10087472495;B
20240410;142852;164.48;1000;10087472496;B
20240410;142852;164.5;50;10087472497;B
20240410;142852;164.5;5000;10087472498;B
20240410;142852;164.5;100;10087472499;B
20240410;142852;164.5;50;10087472500;B
20240410;142852;164.5;10;10087472501;B
20240410;142852;164.5;1000;10087472502;B
20240410;142852;164.52;70;10087472503;B
20240410;142852;164.52;10000;10087472504;B
20240410;142852;164.52;50;10087472505;B
20240410;142852;164.54;980;10087472506;B
20240410;142852;164.54;20;10087472507;B
20240410;142852;164.54;10;10087472508;B
20240410;142852;164.54;2000;10087472509;B
20240410;142852;164.56;2500;10087472510;B
20240410;142852;164.58;10000;10087472511;B
20240410;142852;164.58;1000;10087472512;B
20240410;142852;164.58;10000;10087472513;B
20240410;142852;164.58;400;10087472514;B
20240410;142852;164.58;50;10087472515;B
20240410;142852;164.58;50;10087472516;B
20240410;142852;164.58;50;10087472517;B
20240410;142852;164.58;50;10087472518;B
20240410;142852;164.6;250;10087472519;B
20240410;142852;164.6;10000;10087472520;B
20240410;142852;164.62;10;10087472521;B
20240410;142852;164.62;200;10087472522;B
20240410;142852;164.62;10;10087472523;B
20240410;142852;164.62;10000;10087472524;B
20240410;142852;164.62;10000;10087472525;B
20240410;142852;164.66;10;10087472526;B
20240410;142852;164.68;50;10087472527;B
20240410;142852;164.68;1000;10087472528;B
20240410;142852;164.72;50;10087472529;B
20240410;142852;164.74;10;10087472530;B
20240410;142852;164.74;1220;10087472531;B
20240410;142852;164.76;2000;10087472532;B
20240410;142852;164.76;3660;10087472533;B
20240410;142852;164.78;10;10087472534;B
20240410;142852;164.78;10;10087472535;B
20240410;142852;164.78;1530;10087472536;B
20240410;142852;164.8;100;10087472537;B
20240410;142852;164.8;20;10087472538;B
20240410;142852;164.8;10;10087472539;B
20240410;142852;164.8;100;10087472540;B
20240410;142852;164.8;7000;10087472541;B
20240410;142852;164.8;10;10087472542;B
20240410;142852;164.82;10;10087472543;B
20240410;142852;164.82;10;10087472544;B
20240410;142852;164.82;690;10087472545;B
20240410;142853;164.7;200;10087472565;S
20240410;142853;164.7;300;10087472566;S
20240410;142853;164.7;100;10087472567;S
20240410;142854;164.64;100;10087472680;S
20240410;142854;164.62;540;10087472681;S
20240410;142856;164.68;10;10087472879;S
20240410;142856;164.66;10;10087472880;S
20240410;142856;164.66;90;10087472920;S
20240410;142856;164.64;100;10087472961;S
20240410;142856;164.64;100;10087472962;S
20240410;142857;164.68;200;10087473182;B
20240410;142858;164.66;20;10087473471;S
20240410;142859;164.66;80;10087473634;S
20240410;142859;164.66;200;10087473714;S
20240410;142859;164.62;100;10087473715;S
20240410;142903;164.64;100;10087474118;S
20240410;142903;164.62;250;10087474119;S
20240410;142903;164.66;280;10087474146;B
20240410;142904;164.66;30;10087474166;B
20240410;142907;164.66;60;10087474515;B
20240410;142908;164.66;10;10087474678;B
20240410;142911;164.66;10;10087474927;B
20240410;142913;164.66;10;10087475103;B
20240410;142913;164.66;390;10087475129;B
20240410;142914;164.66;10;10087475168;B
20240410;142915;164.64;100;10087475259;S
20240410;142915;164.64;50;10087475260;S
20240410;142915;164.64;100;10087475308;B
20240410;142915;164.66;800;10087475309;B
20240410;142916;164.66;10;10087475374;B
20240410;142917;164.66;340;10087475482;B
20240410;142917;164.68;200;10087475483;B
20240410;142917;164.7;50;10087475484;B
20240410;142917;164.74;310;10087475485;B
20240410;142919;164.74;10;10087475616;B
20240410;142919;164.7;10;10087475630;S
20240410;142919;164.74;90;10087475672;B
20240410;142919;164.76;100;10087475673;B
20240410;142924;164.74;10;10087476114;B
20240410;142924;164.7;190;10087476117;S
20240410;142924;164.68;410;10087476118;S
20240410;142924;164.7;100;10087476183;S
20240410;142924;164.7;190;10087476184;S
20240410;142924;164.68;410;10087476185;S
20240410;142927;164.7;100;10087476408;S
20240410;142927;164.68;100;10087476409;S
20240410;142931;164.72;10;10087476710;B
20240410;142931;164.72;50;10087476711;B
20240410;142931;164.74;290;10087476712;B
20240410;142931;164.74;10;10087476713;B
20240410;142931;164.76;190;10087476714;B
20240410;142931;164.76;500;10087476715;B
20240410;142931;164.76;10;10087476716;B
20240410;142931;164.76;1220;10087476717;B
20240410;142931;164.78;6000;10087476718;B
20240410;142931;164.8;300;10087476719;B
20240410;142931;164.8;1620;10087476720;B
20240410;142931;164.82;1310;10087476721;B
20240410;142931;164.82;10;10087476722;B
20240410;142931;164.82;3660;10087476723;B
20240410;142931;164.84;200;10087476724;B
20240410;142931;164.84;20;10087476725;B
20240410;142931;164.84;2600;10087476726;B
20240410;142931;164.74;10;10087476761;S
20240410;142934;164.8;80;10087477022;S
20240410;142937;164.82;190;10087477243;B
20240410;142937;164.82;190;10087477244;B
20240410;142937;164.8;20;10087477290;S
20240410;142937;164.78;970;10087477291;S
20240410;142937;164.78;10;10087477292;S
20240410;142939;164.82;40;10087477373;B
20240410;142939;164.8;100;10087477412;S
20240410;142940;164.78;190;10087477496;S
20240410;142940;164.74;30;10087477519;S
20240410;142942;164.76;100;10087477656;S
20240410;142943;164.78;200;10087477682;B
20240410;142944;164.74;70;10087477818;S
20240410;142944;164.72;20;10087477824;S
20240410;142948;164.76;10;10087478109;B
20240410;142948;164.76;40;10087478110;B
20240410;142952;164.7;50;10087478516;S
20240410;142952;164.74;50;10087478571;B
20240410;142952;164.76;470;10087478572;B
20240410;142955;164.72;200;10087478795;S
20240410;142956;164.78;30;10087478912;B
20240410;142956;164.72;1620;10087478976;S
20240410;142959;164.76;300;10087479155;B
20240410;143001;164.72;200;10087479288;S
20240410;143001;164.76;10;10087479359;B
20240410;143001;164.76;60;10087479375;B
20240410;143005;164.72;10;10087479721;S
20240410;143005;164.72;490;10087479722;S
20240410;143006;164.72;20;10087479859;S
20240410;143006;164.76;110;10087479869;B
20240410;143011;164.7;650;10087480389;S
20240410;143011;164.7;2350;10087480390;S
20240410;143011;164.7;10;10087480399;S
20240410;143013;164.7;300;10087480484;S
20240410;143014;164.72;10;10087480611;B
20240410;143015;164.72;190;10087480676;B
20240410;143015;164.72;200;10087480677;B
20240410;143015;164.72;50;10087480678;B
20240410;143015;164.72;300;10087480679;B
20240410;143015;164.74;10;10087480680;B
20240410;143015;164.74;400;10087480681;B
20240410;143015;164.74;10;10087480682;B
20240410;143015;164.76;10;10087480695;B
20240410;143016;164.76;100;10087480808;B
20240410;143017;164.74;10;10087480859;S
20240410;143018;164.76;630;10087480999;B
20240410;143018;164.76;960;10087481000;B
20240410;143020;164.76;10;10087481104;B
20240410;143022;164.76;30;10087481298;B
20240410;143022;164.76;20;10087481299;B
20240410;143023;164.74;30;10087481378;S
20240410;143024;164.76;160;10087481523;B
20240410;143027;164.76;50;10087481763;B
20240410;143028;164.76;110;10087481832;B
20240410;143029;164.74;800;10087481869;S
20240410;143029;164.74;180;10087481916;B
20240410;143030;164.72;200;10087481989;B
20240410;143030;164.74;410;10087481990;B
20240410;143034;164.74;10;10087482290;B
20240410;143034;164.74;10;10087482303;B
20240410;143034;164.74;140;10087482304;B
20240410;143036;164.74;160;10087482449;B
20240410;143036;164.74;40;10087482450;B
20240410;143036;164.74;200;10087482463;B
20240410;143046;164.7;1000;10087483251;S
20240410;143048;164.72;200;10087483349;B
20240410;143048;164.74;550;10087483350;B
20240410;143048;164.74;190;10087483351;B
20240410;143048;164.76;1060;10087483352;B
20240410;143048;164.72;3000;10087483387;S
20240410;143049;164.72;3000;10087483409;S
20240410;143049;164.76;10;10087483451;B
20240410;143055;164.76;50;10087483903;B
20240410;143055;164.72;100;10087483952;S
20240410;143057;164.74;110;10087484107;B
20240410;143059;164.7;10;10087484242;S
20240410;143059;164.72;10;10087484282;B
20240410;143100;164.74;10;10087484368;B
20240410;143101;164.74;50;10087484403;B
20240410;143101;164.76;30;10087484404;B
20240410;143101;164.76;10;10087484438;B
20240410;143101;164.76;50;10087484450;B
20240410;143107;164.72;270;10087484913;S
20240410;143108;164.74;10;10087484956;B
20240410;143109;164.74;20;10087485061;B
20240410;143111;164.7;100;10087485194;S
20240410;143114;164.72;10;10087485467;B
20240410;143116;164.72;10;10087485609;B
20240410;143118;164.7;1250;10087485834;S
20240410;143119;164.7;580;10087485881;S
20240410;143119;164.7;400;10087485882;S
20240410;143119;164.7;100;10087485883;S
20240410;143119;164.7;1920;10087485884;S
20240410;143121;164.7;80;10087486010;S
20240410;143121;164.7;420;10087486011;S
20240410;143121;164.72;10;10087486070;B
20240410;143122;164.72;10;10087486096;B
20240410;143125;164.7;500;10087486377;S
20240410;143125;164.72;20;10087486412;B
20240410;143126;164.72;140;10087486417;B
20240410;143126;164.72;280;10087486473;B
20240410;143128;164.72;10;10087486682;B
20240410;143128;164.7;20;10087486741;S
20240410;143128;164.7;50;10087486742;S
20240410;143128;164.7;10;10087486743;S
20240410;143129;164.7;10;10087486780;B
20240410;143130;164.66;40;10087486917;B
20240410;143131;164.62;300;10087486946;S
20240410;143131;164.62;700;10087486999;S
20240410;143131;164.6;100;10087487000;S
20240410;143131;164.6;150;10087487001;S
20240410;143131;164.6;2050;10087487002;S
20240410;143134;164.64;50;10087487321;B
20240410;143134;164.66;110;10087487322;B
20240410;143134;164.68;40;10087487323;B
20240410;143136;164.6;160;10087487448;S
20240410;143136;164.58;880;10087487449;S
20240410;143137;164.58;500;10087487592;S
20240410;143139;164.6;30;10087487712;S
20240410;143139;164.6;200;10087487742;S
20240410;143142;164.6;10;10087488026;S
20240410;143143;164.6;80;10087488088;S
20240410;143145;164.66;20;10087488306;B
20240410;143145;164.6;50;10087488317;S
20240410;143146;164.6;310;10087488392;S
20240410;143146;164.6;190;10087488393;S
20240410;143147;164.66;10;10087488426;B
20240410;143148;164.6;110;10087488516;S
20240410;143148;164.6;350;10087488517;S
20240410;143148;164.6;70;10087488518;S
20240410;143149;164.6;20;10087488610;S
20240410;143149;164.66;10;10087488624;B
20240410;143149;164.66;20;10087488644;B
20240410;143150;164.6;460;10087488685;S
20240410;143150;164.58;130;10087488686;S
20240410;143150;164.66;90;10087488705;B
20240410;143153;164.6;250;10087488974;S
20240410;143153;164.6;10;10087488975;S
20240410;143153;164.6;240;10087488976;S
20240410;143154;164.64;20;10087489067;B
20240410;143154;164.66;80;10087489068;B
20240410;143155;164.66;270;10087489138;B
20240410;143155;164.68;630;10087489139;B
20240410;143159;164.62;150;10087489455;S
20240410;143159;164.62;10;10087489456;S
20240410;143159;164.6;110;10087489457;S
20240410;143159;164.6;230;10087489458;S
20240410;143200;164.6;200;10087489582;S
20240410;143201;164.64;150;10087489665;B
20240410;143201;164.66;50;10087489666;B
20240410;143201;164.66;10;10087489672;B
20240410;143201;164.66;60;10087489689;B
20240410;143207;164.6;10;10087490296;S
20240410;143208;164.66;130;10087490302;B
20240410;143208;164.66;500;10087490303;B
20240410;143208;164.66;20;10087490304;B
20240410;143208;164.6;300;10087490327;S
20240410;143208;164.6;10;10087490328;S
20240410;143208;164.6;190;10087490329;S
20240410;143209;164.66;330;10087490377;B
20240410;143209;164.66;10;10087490378;B
20240410;143209;164.68;1220;10087490379;B
20240410;143209;164.68;240;10087490380;B
20240410;143219;164.64;30;10087496594;B
20240410;143219;164.6;10;10087496638;S
20240410;143219;164.6;90;10087496639;S
20240410;143220;164.64;270;10087497098;B
20240410;143220;164.64;100;10087497099;B
20240410;143222;164.6;500;10087498379;S
20240410;143222;164.6;1000;10087498492;S
20240410;143223;164.6;190;10087498684;S
20240410;143225;164.6;120;10087499463;S
20240410;143225;164.6;40;10087499464;S
20240410;143225;164.6;40;10087499465;S
20240410;143225;164.6;10;10087499466;S
20240410;143225;164.6;10;10087499467;S
20240410;143225;164.6;20;10087499468;S
20240410;143225;164.6;100;10087499469;S
20240410;143225;164.58;600;10087499472;S
20240410;143227;164.6;10;10087500339;B
20240410;143230;164.58;890;10087500848;S
20240410;143230;164.58;10;10087500849;S
20240410;143230;164.58;150;10087500850;S
20240410;143230;164.54;30;10087500851;S
20240410;143230;164.54;10000;10087500852;S
20240410;143230;164.52;3500;10087500853;S
20240410;143231;164.58;10;10087501404;B
20240410;143233;164.52;1000;10087502762;S
20240410;143233;164.56;10;10087503047;B
20240410;143233;164.52;100;10087503399;S
20240410;143234;164.58;20;10087503914;B
20240410;143234;164.58;120;10087503925;B
20240410;143234;164.58;130;10087503926;B
20240410;143237;164.6;70;10087506213;B
20240410;143237;164.54;30;10087506655;S
20240410;143237;164.54;100;10087506807;S
20240410;143239;164.58;100;10087508556;B
20240410;143239;164.6;90;10087508557;B
20240410;143240;164.6;20;10087509118;B
20240410;143243;164.54;170;10087509373;S
20240410;143243;164.52;30;10087509374;S
20240410;143243;164.6;10;10087509419;B
20240410;143243;164.6;430;10087509440;B
20240410;143243;164.6;10;10087509441;B
20240410;143243;164.6;60;10087509442;B
20240410;143243;164.62;330;10087509443;B
20240410;143249;164.52;160;10087510224;S
20240410;143251;164.54;10;10087510384;B
20240410;143251;164.54;30;10087510415;B
20240410;143252;164.54;30;10087510570;B
20240410;143253;164.54;500;10087510597;B
20240410;143253;164.54;10;10087510643;B
20240410;143253;164.54;1420;10087510661;B
20240410;143253;164.54;1540;10087510662;B
20240410;143253;164.54;600;10087510663;B
20240410;143253;164.64;1220;10087510664;B
20240410;143253;164.64;1170;10087510665;B
20240410;143256;164.54;110;10087510927;S
20240410;143259;164.54;20;10087511228;S
20240410;143300;164.62;10;10087511252;B
20240410;143301;164.62;60;10087511392;B
20240410;143304;164.62;20;10087511633;B
20240410;143304;164.54;10;10087511666;S
20240410;143304;164.54;80;10087511667;S
20240410;143309;164.54;220;10087512097;S
20240410;143309;164.52;280;10087512098;S
20240410;143310;164.62;100;10087512204;B
20240410;143311;164.62;10;10087512276;B
20240410;143311;164.52;930;10087512283;S
20240410;143311;164.52;10;10087512284;S
20240410;143311;164.52;150;10087512285;S
20240410;143311;164.52;910;10087512286;S
20240410;143311;164.5;10;10087512287;S
20240410;143311;164.5;510;10087512288;S
20240410;143311;164.5;10;10087512289;S
20240410;143311;164.5;1000;10087512290;S
20240410;143311;164.5;3660;10087512291;S
20240410;143311;164.5;9890;10087512292;S
20240410;143311;164.5;3660;10087512293;S
20240410;143311;164.5;10;10087512294;S
20240410;143311;164.5;2000;10087512295;S
20240410;143311;164.48;4000;10087512296;S
20240410;143311;164.48;10000;10087512297;S
20240410;143311;164.46;10;10087512298;S
20240410;143311;164.46;3230;10087512299;S
20240410;143315;164.46;30;10087512653;B
20240410;143316;164.44;10;10087512722;S
20240410;143316;164.48;150;10087512742;B
20240410;143316;164.48;50;10087512743;B
20240410;143316;164.48;100;10087512755;B
20240410;143316;164.48;10;10087512760;B
20240410;143317;164.46;70;10087512838;B
20240410;143320;164.46;90;10087513139;B
20240410;143321;164.46;60;10087513238;B
20240410;143324;164.48;20;10087513487;B
20240410;143325;164.46;30;10087513569;B
20240410;143326;164.44;40;10087513630;S
20240410;143326;164.44;100;10087513675;S
20240410;143326;164.44;300;10087513686;S
20240410;143327;164.46;30;10087513693;B
20240410;143327;164.48;80;10087513694;B
20240410;143328;164.46;40;10087513833;B
20240410;143329;164.48;10;10087513919;B
20240410;143333;164.46;670;10087514220;B
20240410;143333;164.48;330;10087514221;B
20240410;143334;164.48;30;10087514309;B
20240410;143334;164.44;650;10087514321;S
20240410;143336;164.46;20;10087514504;B
20240410;143336;164.48;220;10087514505;B
20240410;143337;164.44;100;10087514564;S
20240410;143343;164.44;10;10087515127;S
20240410;143345;164.5;10;10087515342;B
20240410;143346;164.5;70;10087515346;B
20240410;143346;164.52;10;10087515351;B
20240410;143346;164.54;580;10087515369;B
20240410;143346;164.46;100;10087515398;S
20240410;143348;164.52;20;10087515554;B
20240410;143348;164.52;10;10087515578;B
20240410;143349;164.46;40;10087515645;S
20240410;143355;164.52;10;10087516126;B
20240410;143400;164.5;10;10087516562;B
20240410;143401;164.5;40;10087516624;B
20240410;143401;164.52;20;10087516625;B
20240410;143401;164.52;10;10087516652;B
20240410;143405;164.46;20;10087517045;S
20240410;143407;164.5;20;10087517168;B
20240410;143407;164.52;50;10087517169;B
20240410;143407;164.46;150;10087517213;S
20240410;143408;164.5;10;10087517275;B
20240410;143411;164.46;10;10087517626;S
20240410;143411;164.46;120;10087517627;S
20240410;143415;164.48;10;10087517988;B
20240410;143420;164.48;10;10087518618;B
20240410;143422;164.48;140;10087518845;S
20240410;143422;164.46;340;10087518846;S
20240410;143423;164.5;10;10087518862;B
20240410;143425;164.46;20;10087519169;S
20240410;143427;164.46;300;10087519304;S
20240410;143429;164.46;50;10087519646;S
20240410;143430;164.46;10;10087519757;S
20240410;143432;164.46;50;10087520055;S
20240410;143432;164.46;300;10087520056;S
20240410;143432;164.46;100;10087520057;S
20240410;143432;164.46;10;10087520058;S
20240410;143432;164.46;300;10087520059;S
20240410;143432;164.46;240;10087520060;S
20240410;143435;164.48;20;10087520293;B
20240410;143435;164.46;580;10087520318;S
20240410;143436;164.48;10;10087520365;B
20240410;143437;164.46;100;10087520453;S
20240410;143437;164.48;20;10087520491;B
20240410;143439;164.46;10;10087520632;S
20240410;143441;164.48;10;10087520868;B
20240410;143441;164.48;40;10087520958;B
20240410;143441;164.48;10;10087521033;B
20240410;143444;164.46;10;10087521502;S
20240410;143446;164.48;10;10087521807;B
20240410;143446;164.46;50;10087521851;S
20240410;143447;164.48;80;10087521937;B
20240410;143447;164.48;30;10087521938;B
20240410;143447;164.46;20;10087522083;S
20240410;143448;164.46;100;10087522253;S
20240410;143448;164.46;120;10087522273;S
20240410;143450;164.48;40;10087522463;B
20240410;143450;164.46;50;10087522553;S
20240410;143453;164.46;10;10087522868;S
20240410;143454;164.46;60;10087523015;S
20240410;143454;164.48;390;10087523059;B
20240410;143454;164.46;10;10087523065;S
20240410;143454;164.46;150;10087523066;S
20240410;143454;164.46;10;10087523067;S
20240410;143455;164.44;300;10087523167;S
20240410;143457;164.46;10;10087523506;B
20240410;143458;164.44;50;10087523686;S
20240410;143458;164.44;60;10087523687;S
20240410;143458;164.44;890;10087523688;S
20240410;143459;164.44;10;10087523699;S
20240410;143500;164.44;20;10087523877;S
20240410;143501;164.44;50;10087523979;S
20240410;143501;164.44;100;10087524003;S
20240410;143506;164.46;10;10087524625;B
20240410;143508;164.46;70;10087524827;B
20240410;143510;164.46;610;10087525102;B
20240410;143511;164.44;10;10087525187;S
20240410;143512;164.46;70;10087525292;B
20240410;143512;164.46;200;10087525293;B
20240410;143512;164.46;210;10087525294;B
20240410;143512;164.44;580;10087525329;S
20240410;143513;164.46;160;10087525378;B
20240410;143513;164.46;10;10087525380;B
20240410;143513;164.46;10;10087525400;B
20240410;143513;164.44;340;10087525420;S
20240410;143513;164.44;200;10087525421;S
20240410;143513;164.44;30;10087525422;S
20240410;143513;164.42;10;10087525423;S
20240410;143513;164.42;120;10087525424;S
20240410;143513;164.42;1280;10087525425;S
20240410;143515;164.44;10;10087525552;B
20240410;143517;164.46;210;10087525747;B
20240410;143517;164.46;50;10087525748;B
20240410;143517;164.46;30;10087525749;B
20240410;143517;164.46;100;10087525750;B
20240410;143517;164.48;180;10087525751;B
20240410;143517;164.42;10;10087525752;S
20240410;143518;164.42;180;10087525834;S
20240410;143518;164.48;140;10087525846;B
20240410;143518;164.48;10;10087525847;B
20240410;143519;164.48;10;10087526086;B
20240410;143521;164.48;100;10087526295;B
20240410;143521;164.48;10;10087526300;B
20240410;143521;164.46;500;10087526303;S
20240410;143521;164.42;100;10087526304;S
20240410;143525;164.42;1920;10087526624;S
20240410;143527;164.48;10;10087526805;B
20240410;143530;164.48;10;10087527258;B
20240410;143532;164.42;100;10087527490;S
20240410;143532;164.42;20;10087527519;S
20240410;143533;164.48;30;10087527574;B
20240410;143534;164.44;10;10087527724;B
20240410;143535;164.42;80;10087527875;S
20240410;143536;164.42;310;10087527915;S
20240410;143536;164.42;20;10087527916;S
20240410;143536;164.4;20;10087527917;S
20240410;143536;164.4;100;10087527918;S
20240410;143536;164.4;100;10087527919;S
20240410;143536;164.4;100;10087527920;S
20240410;143536;164.4;180;10087527921;S
20240410;143536;164.4;10;10087527922;S
20240410;143536;164.38;150;10087527923;S
20240410;143536;164.38;10;10087527924;S
20240410;143540;164.44;40;10087528263;B
20240410;143542;164.4;150;10087528467;B
20240410;143552;164.4;10;10087530132;B
20240410;143553;164.4;10;10087530298;B
20240410;143556;164.4;30;10087530527;B
20240410;143556;164.4;90;10087530528;B
20240410;143556;164.4;30;10087530548;B
20240410;143557;164.4;10;10087530562;B
20240410;143557;164.4;20;10087530563;B
20240410;143557;164.38;70;10087530580;S
20240410;143557;164.36;330;10087530581;S
20240410;143558;164.4;500;10087530653;B
20240410;143558;164.4;20;10087530739;B
20240410;143558;164.36;1000;10087530748;S
20240410;143559;164.4;70;10087530835;B
20240410;143559;164.36;300;10087530848;S
20240410;143600;164.36;210;10087530881;S
20240410;143601;164.4;180;10087530987;B
20240410;143601;164.4;10;10087530992;B
20240410;143603;164.38;100;10087531146;B
20240410;143603;164.4;900;10087531147;B
20240410;143606;164.36;30;10087531423;S
20240410;143606;164.36;70;10087531424;S
20240410;143611;164.38;20;10087531842;S
20240410;143611;164.36;80;10087531843;S
20240410;143611;164.36;80;10087531844;S
20240410;143612;164.36;10;10087531906;B
20240410;143612;164.32;10;10087531931;S
20240410;143614;164.36;30;10087532066;B
20240410;143615;164.36;280;10087532174;B
20240410;143616;164.36;10;10087532332;B
20240410;143619;164.36;20;10087532506;B
20240410;143620;164.34;10;10087532635;S
20240410;143620;164.32;90;10087532636;S
20240410;143622;164.36;10;10087532779;B
20240410;143622;164.36;10;10087532785;B
20240410;143623;164.32;70;10087532906;S
20240410;143626;164.32;10;10087533298;S
20240410;143628;164.32;820;10087533477;S
20240410;143628;164.32;180;10087533478;S
20240410;143630;164.32;10;10087533668;B
20240410;143633;164.34;10;10087533915;B
20240410;143634;164.32;30;10087533994;S
20240410;143634;164.3;100;10087533995;S
20240410;143634;164.3;90;10087533996;S
20240410;143634;164.3;10;10087533997;S
20240410;143634;164.3;20;10087533998;S
20240410;143634;164.3;240;10087533999;S
20240410;143637;164.34;20;10087534221;B
20240410;143639;164.34;10;10087534321;B
20240410;143641;164.3;80;10087534507;S
20240410;143641;164.34;10;10087534531;B
20240410;143641;164.36;290;10087534532;B
20240410;143642;164.32;10;10087534657;S
20240410;143644;164.36;30;10087534754;B
20240410;143644;164.36;130;10087534784;B
20240410;143644;164.38;150;10087534785;B
20240410;143644;164.38;70;10087534786;B
20240410;143644;164.38;60;10087534787;B
20240410;143644;164.32;80;10087534789;S
20240410;143646;164.36;150;10087534918;B
20240410;143646;164.38;130;10087534919;B
20240410;143646;164.4;300;10087534920;B
20240410;143646;164.4;60;10087534921;B
20240410;143648;164.32;100;10087535081;S
20240410;143648;164.38;30;10087535105;B
20240410;143650;164.32;100;10087535245;S
20240410;143651;164.32;10;10087535321;S
20240410;143652;164.3;60;10087535478;S
20240410;143654;164.38;10;10087535583;B
20240410;143654;164.4;20;10087535584;B
20240410;143655;164.3;220;10087535683;S
20240410;143655;164.3;30;10087535684;S
20240410;143655;164.3;40;10087535714;S
20240410;143655;164.3;150;10087535715;S
20240410;143655;164.3;100;10087535716;S
20240410;143655;164.28;10;10087535717;S
20240410;143656;164.34;50;10087535765;B
20240410;143656;164.34;100;10087535782;B
20240410;143656;164.36;100;10087535783;B
20240410;143657;164.36;100;10087535798;B
20240410;143657;164.36;190;10087535799;B
20240410;143657;164.38;50;10087535835;B
20240410;143702;164.3;140;10087536211;S
20240410;143702;164.4;60;10087536240;B
20240410;143703;164.3;60;10087536270;S
20240410;143703;164.28;140;10087536271;S
20240410;143703;164.28;500;10087536272;S
20240410;143703;164.28;150;10087536273;S
20240410;143703;164.26;10;10087536274;S
20240410;143703;164.26;500;10087536275;S
20240410;143703;164.26;580;10087536276;S
20240410;143703;164.26;610;10087536277;S
20240410;143703;164.24;450;10087536278;S
20240410;143703;164.28;100;10087536350;S
20240410;143704;164.32;10;10087536357;B
20240410;143710;164.28;30;10087536886;B
20240410;143710;164.3;20;10087536887;B
20240410;143714;164.3;10;10087537248;B
20240410;143719;164.3;110;10087537834;B
20240410;143719;164.3;100;10087537900;B
20240410;143720;164.3;50;10087537934;B
20240410;143720;164.3;10;10087537944;B
20240410;143721;164.26;480;10087538056;S
20240410;143721;164.26;200;10087538057;S
20240410;143721;164.24;3520;10087538058;S
20240410;143721;164.24;100;10087538059;S
20240410;143721;164.24;70;10087538060;S
20240410;143721;164.24;3000;10087538061;S
20240410;143721;164.24;40;10087538062;S
20240410;143721;164.22;370;10087538063;S
20240410;143721;164.22;10;10087538064;S
20240410;143721;164.22;10;10087538065;S
20240410;143721;164.22;20;10087538066;S
20240410;143721;164.2;10;10087538067;S
20240410;143721;164.2;50;10087538068;S
20240410;143721;164.2;10;10087538069;S
20240410;143721;164.2;10;10087538070;S
20240410;143721;164.2;100;10087538071;S
20240410;143721;164.2;1600;10087538072;S
20240410;143721;164.2;10;10087538073;S
20240410;143721;164.2;380;10087538074;S
20240410;143722;164.22;160;10087538129;S
20240410;143722;164.2;840;10087538130;S
20240410;143722;164.26;10;10087538138;B
20240410;143723;164.2;10;10087538210;S
20240410;143723;164.26;10;10087538213;B
20240410;143724;164.26;10;10087538326;B
20240410;143725;164.2;770;10087538347;S
20240410;143725;164.18;50;10087538348;S
20240410;143727;164.2;50;10087538522;S
20240410;143727;164.2;200;10087538523;S
20240410;143727;164.18;100;10087538524;S
20240410;143727;164.18;50;10087538525;S
20240410;143727;164.18;150;10087538526;S
20240410;143727;164.16;150;10087538527;S
20240410;143727;164.16;200;10087538528;S
20240410;143727;164.16;300;10087538579;S
20240410;143727;164.14;700;10087538580;S
20240410;143728;164.14;100;10087538605;S
20240410;143730;164.16;50;10087538857;S
20240410;143730;164.14;100;10087538858;S
20240410;143730;164.14;200;10087538859;S
20240410;143730;164.14;500;10087538860;S
20240410;143730;164.14;100;10087538861;S
20240410;143730;164.14;70;10087538862;S
20240410;143731;164.2;80;10087538893;B
20240410;143733;164.2;10;10087539099;B
20240410;143733;164.2;60;10087539112;B
20240410;143733;164.2;280;10087539113;B
20240410;143733;164.22;660;10087539114;B
20240410;143733;164.12;350;10087539199;S
20240410;143733;164.12;500;10087539200;S
20240410;143733;164.12;20;10087539201;S
20240410;143733;164.12;20;10087539202;S
20240410;143733;164.12;20;10087539203;S
20240410;143733;164.12;20;10087539204;S
20240410;143733;164.12;70;10087539205;S
20240410;143735;164.2;60;10087539318;B
20240410;143736;164.12;300;10087539437;S
20240410;143736;164.1;10;10087539438;S
20240410;143736;164.1;10;10087539439;S
20240410;143736;164.1;120;10087539440;S
20240410;143736;164.1;150;10087539441;S
20240410;143736;164.1;160;10087539442;S
20240410;143736;164.08;250;10087539443;S
20240410;143738;164.2;50;10087539729;B
20240410;143738;164.22;340;10087539730;B
20240410;143741;164.12;200;10087539943;S
20240410;143741;164.12;300;10087539944;S
20240410;143742;164.1;50;10087540007;S
20240410;143744;164.12;300;10087540167;S
20240410;143744;164.1;100;10087540168;S
20240410;143744;164.1;430;10087540169;S
20240410;143744;164.1;70;10087540224;S
20240410;143746;164.2;100;10087540362;B
20240410;143747;164.1;200;10087540409;S
20240410;143747;164.1;150;10087540410;S
20240410;143747;164.1;300;10087540411;S
20240410;143747;164.1;150;10087540412;S
20240410;143747;164.1;200;10087540413;S
20240410;143748;164.2;10;10087540488;B
20240410;143749;164.12;50;10087540577;S
20240410;143749;164.12;50;10087540578;B
20240410;143752;164.12;100;10087540756;S
20240410;143752;164.1;80;10087540757;S
20240410;143752;164.1;50;10087540758;S
20240410;143752;164.08;70;10087540759;S
20240410;143755;164.1;40;10087541025;S
20240410;143755;164.08;310;10087541026;S
20240410;143755;164.16;10;10087541084;B
20240410;143757;164.12;10;10087541265;B
20240410;143758;164.1;10;10087541275;S
20240410;143758;164.1;10;10087541308;S
20240410;143758;164.1;990;10087541309;B
20240410;143800;164.12;500;10087541518;B
20240410;143801;164.08;40;10087541548;S
20240410;143801;164.1;200;10087541568;B
20240410;143801;164.1;50;10087541583;B
20240410;143802;164.12;10;10087541606;B
20240410;143802;164.1;200;10087541634;B
20240410;143802;164.12;10;10087541645;B
20240410;143803;164.12;1000;10087541754;B
20240410;143804;164.1;80;10087541831;S
20240410;143804;164.1;10;10087541832;S
20240410;143804;164.1;150;10087541833;S
20240410;143805;164.12;100;10087541859;B
20240410;143806;164.1;250;10087541973;S
20240410;143806;164.1;10;10087541999;S
20240410;143806;164.08;290;10087542000;S
20240410;143807;164.12;350;10087542109;B
20240410;143808;164.12;10;10087542125;B
20240410;143809;164.1;1220;10087542220;S
20240410;143809;164.1;1530;10087542221;S
20240410;143809;164.08;40;10087542248;S
20240410;143809;164.1;80;10087542267;B
20240410;143809;164.1;20;10087542289;B
20240410;143812;164.1;10;10087542480;B
20240410;143812;164.08;40;10087542497;S
20240410;143815;164.08;500;10087542680;S
20240410;143818;164.1;1400;10087542869;B
20240410;143818;164.1;150;10087542884;B
20240410;143819;164.08;10;10087542957;S
20240410;143819;164.1;10;10087542981;B
20240410;143820;164.08;100;10087543035;S
20240410;143823;164.08;350;10087543245;S
20240410;143823;164.08;20;10087543246;S
20240410;143823;164.08;100;10087543247;S
20240410;143823;164.08;50;10087543248;S
20240410;143823;164.08;100;10087543249;S
20240410;143823;164.08;100;10087543250;S
20240410;143823;164.08;500;10087543251;S
20240410;143823;164.08;4940;10087543252;S
20240410;143826;164.08;300;10087543574;S
20240410;143827;164.1;1530;10087543649;B
20240410;143827;164.1;250;10087543692;B
20240410;143828;164.08;50;10087543695;S
20240410;143828;164.1;20;10087543696;B
20240410;143829;164.08;200;10087543804;S
20240410;143829;164.1;10;10087543810;B
20240410;143831;164.08;200;10087543969;S
20240410;143831;164.1;80;10087543982;B
20240410;143831;164.1;120;10087544027;B
20240410;143831;164.08;200;10087544037;S
20240410;143832;164.1;270;10087544113;B
20240410;143834;164.08;20;10087544251;S
20240410;143837;164.1;10;10087544441;B
20240410;143841;164.08;3220;10087544869;S
20240410;143841;164.08;10;10087544870;S
20240410;143841;164.08;770;10087544871;S
20240410;143843;164.08;70;10087545034;S
20240410;143844;164.1;100;10087545087;B
20240410;143844;164.08;100;10087545130;S
20240410;143847;164.1;100;10087545323;B
20240410;143847;164.08;60;10087545324;S
20240410;143847;164.08;10;10087545325;S
20240410;143847;164.08;50;10087545326;S
20240410;143847;164.08;80;10087545327;S
20240410;143851;164.1;10;10087545680;B
20240410;143852;164.08;200;10087545706;S
20240410;143853;164.1;10;10087545789;B
20240410;143854;164.1;10;10087545861;B
20240410;143854;164.08;140;10087545883;S
20240410;143854;164.1;100;10087545910;B
20240410;143855;164.08;70;10087546022;S
20240410;143856;164.08;100;10087546029;S
20240410;143856;164.08;10;10087546042;S
20240410;143858;164.08;250;10087546226;S
20240410;143859;164.1;10;10087546358;B
20240410;143902;164.08;50;10087546536;S
20240410;143902;164.1;100;10087546589;B
20240410;143903;164.1;20;10087546638;B
20240410;143904;164.08;10;10087546736;S
20240410;143905;164.1;20;10087546813;B
20240410;143905;164.1;10;10087546850;B
20240410;143906;164.08;340;10087546894;S
20240410;143906;164.08;1630;10087546895;S
20240410;143906;164.08;10;10087546896;S
20240410;143906;164.08;50;10087546897;S
20240410;143906;164.08;10;10087546898;S
20240410;143906;164.08;10;10087546899;S
20240410;143906;164.08;10;10087546900;S
20240410;143906;164.08;1220;10087546901;S
20240410;143906;164.08;100;10087546902;S
20240410;143906;164.08;120;10087546903;S
20240410;143906;164.06;110;10087546904;S
20240410;143906;164.06;100;10087546905;S
20240410;143906;164.06;10;10087546906;S
20240410;143906;164.06;100;10087546907;S
20240410;143906;164.06;3000;10087546908;S
20240410;143906;164.04;6620;10087546909;S
20240410;143906;164.04;100;10087546910;S
20240410;143906;164.04;10;10087546911;S
20240410;143906;164.04;10;10087546912;S
20240410;143906;164.04;50;10087546913;S
20240410;143906;164.04;500;10087546914;S
20240410;143906;164.04;200;10087546915;S
20240410;143906;164.04;10;10087546916;S
20240410;143906;164.04;1530;10087546917;S
20240410;143906;164.04;50;10087546918;S
20240410;143906;164.04;1000;10087546919;S
20240410;143906;164.04;100;10087546920;S
20240410;143906;164.06;50;10087546922;S
20240410;143906;164.06;100;10087546923;S
20240410;143906;164.08;10;10087546968;B
20240410;143907;164.06;30;10087547027;S
20240410;143907;164.08;30;10087547053;B
20240410;143909;164.08;50;10087547260;B
20240410;143910;164.06;1000;10087547324;S
20240410;143911;164.08;10;10087547445;B
20240410;143912;164.06;900;10087547538;S
20240410;143913;164.08;10;10087547606;B
20240410;143913;164.08;10;10087547607;B
20240410;143916;164.08;10;10087547865;B
20240410;143917;164.08;20;10087547974;B
20240410;143917;164.08;10;10087547979;B
20240410;143919;164.06;10;10087548138;S
20240410;143919;164.06;100;10087548146;S
20240410;143920;164.08;10;10087548270;B
20240410;143922;164.08;10;10087548437;B
20240410;143924;164.06;210;10087548578;S
20240410;143926;164.06;20;10087548776;S
20240410;143929;164.08;230;10087549017;B
20240410;143929;164.08;120;10087549018;B
20240410;143930;164.08;10;10087549090;B
20240410;143931;164.06;880;10087549185;S
20240410;143931;164.06;50;10087549186;S
20240410;143931;164.06;570;10087549187;S
20240410;143936;164.06;230;10087549539;S
20240410;143936;164.06;10;10087549540;S
20240410;143936;164.06;1220;10087549541;S
20240410;143936;164.06;10;10087549542;S
20240410;143936;164.06;50;10087549551;B
20240410;143936;164.06;10;10087549581;B
20240410;143938;164.06;10;10087549763;B
20240410;143939;164.06;20;10087549795;B
20240410;143940;164.04;1380;10087549871;S
20240410;143940;164.04;1530;10087549872;S
20240410;143940;164.04;10;10087549873;S
20240410;143940;164.04;300;10087549874;S
20240410;143940;164.04;10;10087549875;S
20240410;143940;164.04;10;10087549876;S
20240410;143940;164.04;10;10087549877;S
20240410;143940;164.04;70;10087549878;S
20240410;143941;164.06;10;10087549959;B
20240410;143941;164.06;220;10087549973;B
20240410;143943;164.06;1000;10087550043;B
20240410;143944;164.06;3850;10087550160;B
20240410;143944;164.06;2150;10087550161;S
20240410;143944;164.06;1220;10087550162;S
20240410;143944;164.04;930;10087550163;S
20240410;143944;164.04;100;10087550164;S
20240410;143946;164.08;30;10087550319;B
20240410;143948;164.08;10;10087550510;B
20240410;143951;164.08;160;10087550686;B
20240410;143951;164.08;60;10087550687;B
20240410;143953;164.06;340;10087550820;S
20240410;143954;164.08;100;10087550899;B
20240410;143955;164.06;100;10087551018;S
20240410;143956;164.08;10;10087551074;B
20240410;143957;164.08;10;10087551118;B
20240410;143957;164.06;200;10087551185;S
20240410;143958;164.08;10;10087551186;B
20240410;143958;164.08;10;10087551204;B
20240410;143958;164.08;200;10087551205;B
20240410;143958;164.08;200;10087551206;B
20240410;143958;164.08;200;10087551207;B
20240410;143958;164.08;200;10087551208;B
20240410;143958;164.08;30;10087551209;B
20240410;143958;164.08;10;10087551222;B
20240410;143959;164.08;150;10087551266;B
20240410;143959;164.08;50;10087551331;B
20240410;143959;164.08;290;10087551351;B
20240410;144000;164.1;1000;10087551417;B
20240410;144003;164.08;10;10087551641;S
20240410;144003;164.08;60;10087551642;S
20240410;144003;164.08;10;10087551662;S
20240410;144003;164.08;60;10087551676;S
20240410;144003;164.08;50;10087551677;S
20240410;144003;164.08;200;10087551678;S
20240410;144003;164.08;300;10087551679;S
20240410;144003;164.08;50;10087551680;S
20240410;144003;164.06;1530;10087551681;S
20240410;144003;164.06;100;10087551682;S
20240410;144003;164.06;10;10087551683;S
20240410;144003;164.06;50;10087551684;S
20240410;144003;164.06;50;10087551685;S
20240410;144003;164.06;50;10087551686;S
20240410;144003;164.06;50;10087551687;S
20240410;144003;164.06;50;10087551688;S
20240410;144003;164.06;200;10087551689;S
20240410;144003;164.06;260;10087551690;S
20240410;144004;164.1;900;10087551809;B
20240410;144007;164.08;50;10087552084;S
20240410;144007;164.08;50;10087552085;S
20240410;144007;164.08;200;10087552086;S
20240410;144008;164.08;50;10087552133;S
20240410;144008;164.08;200;10087552134;S
20240410;144008;164.08;200;10087552135;S
20240410;144008;164.06;350;10087552136;S
20240410;144010;164.1;3000;10087552307;B
20240410;144011;164.1;20;10087552356;B
20240410;144011;164.1;200;10087552378;B
20240410;144016;164.1;15000;10087552779;B
20240410;144016;164.1;1680;10087552780;B
20240410;144016;164.1;30;10087552781;B
20240410;144016;164.1;50;10087552782;B
20240410;144016;164.1;200;10087552783;B
20240410;144016;164.1;400;10087552784;B
20240410;144016;164.12;150;10087552785;B
20240410;144016;164.12;10;10087552786;B
20240410;144016;164.12;1000;10087552787;B
20240410;144016;164.12;110;10087552788;B
20240410;144016;164.14;10;10087552789;B
20240410;144016;164.14;10;10087552790;B
20240410;144016;164.14;10;10087552791;B
20240410;144016;164.14;10;10087552793;B
20240410;144016;164.14;10;10087552794;B
20240410;144016;164.14;10;10087552795;B
20240410;144016;164.14;10;10087552796;B
20240410;144016;164.14;10;10087552797;B
20240410;144016;164.14;10;10087552798;B
20240410;144016;164.14;70;10087552799;B
20240410;144016;164.16;30;10087552800;B
20240410;144016;164.16;350;10087552801;B
20240410;144016;164.14;40;10087552802;B
20240410;144016;164.18;10;10087552823;B
20240410;144016;164.2;150;10087552824;B
20240410;144016;164.2;10;10087552825;B
20240410;144016;164.2;10;10087552826;B
20240410;144016;164.22;1000;10087552827;B
20240410;144016;164.24;100;10087552828;B
20240410;144016;164.24;720;10087552829;B
20240410;144020;164.18;150;10087553154;S
20240410;144020;164.16;1220;10087553155;S
20240410;144020;164.16;200;10087553156;S
20240410;144020;164.14;150;10087553157;S
20240410;144020;164.14;500;10087553158;S
20240410;144020;164.14;50;10087553159;S
20240410;144020;164.12;5930;10087553160;S
20240410;144023;164.1;20;10087553332;S
20240410;144023;164.1;280;10087553333;S
20240410;144023;164.24;40;10087553388;B
20240410;144024;164.24;10;10087553485;B
20240410;144026;164.2;20;10087553587;B
20240410;144026;164.2;10;10087553632;B
20240410;144027;164.12;200;10087553693;S
20240410;144027;164.12;100;10087553694;S
20240410;144027;164.1;70;10087553695;S
20240410;144027;164.1;130;10087553696;S
20240410;144029;164.2;10;10087553802;B
20240410;144029;164.1;70;10087553867;S
20240410;144029;164.1;50;10087553868;S
20240410;144029;164.1;50;10087553869;S
20240410;144029;164.1;30;10087553870;S
20240410;144031;164.2;10;10087554031;B
20240410;144032;164.12;50;10087554076;S
20240410;144034;164.2;10;10087554277;B
20240410;144036;164.14;50;10087554460;S
20240410;144036;164.12;250;10087554461;S
20240410;144041;164.2;10;10087554936;B
20240410;144046;164.2;80;10087555312;B
20240410;144046;164.2;90;10087555313;B
20240410;144046;164.24;50;10087555340;B
20240410;144048;164.24;500;10087555549;B
20240410;144048;164.28;10000;10087555550;B
20240410;144048;164.28;1000;10087555551;B
20240410;144048;164.3;200;10087555552;B
20240410;144048;164.32;10;10087555553;B
20240410;144048;164.32;1780;10087555554;B
20240410;144048;164.34;4000;10087555555;B
20240410;144048;164.34;2000;10087555556;B
20240410;144048;164.36;10000;10087555557;B
20240410;144048;164.38;10000;10087555558;B
20240410;144048;164.4;110;10087555559;B
20240410;144048;164.4;100;10087555560;B
20240410;144048;164.4;10000;10087555561;B
20240410;144048;164.4;10000;10087555562;B
20240410;144048;164.42;400;10087555563;B
20240410;144048;164.42;8000;10087555564;B
20240410;144048;164.44;60;10087555565;B
20240410;144048;164.44;10;10087555566;B
20240410;144048;164.44;10;10087555567;B
20240410;144048;164.46;10;10087555568;B
20240410;144048;164.46;300;10087555569;B
20240410;144048;164.46;10;10087555570;B
20240410;144048;164.46;400;10087555571;B
20240410;144048;164.48;300;10087555572;B
20240410;144048;164.48;100;10087555573;B
20240410;144048;164.5;1180;10087555574;B
20240410;144048;164.5;1000;10087555575;B
20240410;144048;164.5;100;10087555576;B
20240410;144048;164.5;100;10087555577;B
20240410;144048;164.5;20;10087555578;B
20240410;144048;164.5;100;10087555579;B
20240410;144048;164.5;30;10087555580;B
20240410;144048;164.5;50;10087555581;B
20240410;144048;164.5;50;10087555582;B
20240410;144048;164.5;10;10087555583;B
20240410;144048;164.5;500;10087555584;B
20240410;144048;164.5;40;10087555585;B
20240410;144049;164.5;700;10087555649;S
20240410;144050;164.52;30;10087555665;B
20240410;144050;164.54;100;10087555666;B
20240410;144050;164.54;390;10087555667;B
20240410;144050;164.54;20;10087555677;B
20240410;144050;164.58;130;10087555678;B
20240410;144050;164.58;150;10087555691;B
20240410;144052;164.58;220;10087555851;B
20240410;144052;164.58;1000;10087555852;B
20240410;144052;164.6;200;10087555853;B
20240410;144052;164.6;1000;10087555854;B
20240410;144052;164.64;10;10087555855;B
20240410;144052;164.64;600;10087555856;B
20240410;144052;164.64;1100;10087555857;B
20240410;144052;164.64;100;10087555858;B
20240410;144052;164.66;3660;10087555859;B
20240410;144052;164.66;1220;10087555860;B
20240410;144052;164.68;250;10087555861;B
20240410;144052;164.68;500;10087555862;B
20240410;144052;164.68;10;10087555863;B
20240410;144052;164.68;2980;10087555864;B
20240410;144052;164.58;200;10087555865;S
20240410;144052;164.58;200;10087555866;S
20240410;144053;164.62;200;10087555949;B
20240410;144053;164.64;200;10087555953;B
20240410;144053;164.66;800;10087555954;B
20240410;144053;164.68;200;10087555966;B
20240410;144053;164.66;1220;10087555998;B
20240410;144054;164.68;1000;10087556011;B
20240410;144054;164.68;10;10087556102;B
20240410;144055;164.68;1810;10087556112;B
20240410;144055;164.68;100;10087556113;B
20240410;144055;164.7;10;10087556114;B
20240410;144055;164.7;100;10087556115;B
20240410;144055;164.7;860;10087556116;B
20240410;144055;164.7;440;10087556117;B
20240410;144055;164.7;290;10087556118;B
20240410;144056;164.7;50;10087556224;B
20240410;144059;164.68;100;10087556416;S
20240410;144101;164.7;60;10087556620;B
20240410;144101;164.7;50;10087556621;B
20240410;144101;164.7;30;10087556622;B
20240410;144101;164.72;10;10087556623;B
20240410;144101;164.72;10;10087556624;B
20240410;144101;164.72;800;10087556625;B
20240410;144101;164.74;320;10087556689;B
20240410;144101;164.74;40;10087556708;B
20240410;144103;164.72;540;10087556964;S
20240410;144103;164.72;50;10087556965;S
20240410;144103;164.7;200;10087556966;S
20240410;144103;164.7;20;10087556967;S
20240410;144103;164.68;50;10087556968;S
20240410;144103;164.68;50;10087556969;S
20240410;144103;164.68;50;10087556970;S
20240410;144103;164.68;1000;10087556971;S
20240410;144103;164.68;1040;10087556972;S
20240410;144104;164.72;50;10087557058;S
20240410;144105;164.72;50;10087557076;B
20240410;144105;164.7;50;10087557134;S
20240410;144107;164.7;380;10087557269;S
20240410;144108;164.7;190;10087557357;S
20240410;144108;164.7;50;10087557358;S
20240410;144108;164.7;50;10087557359;S
20240410;144108;164.7;50;10087557360;S
20240410;144108;164.7;50;10087557367;B
20240410;144109;164.68;50;10087557383;S
20240410;144109;164.68;300;10087557384;S
20240410;144109;164.68;50;10087557385;S
20240410;144109;164.68;50;10087557386;S
20240410;144112;164.62;10;10087557685;S
20240410;144114;164.6;150;10087557889;S
20240410;144115;164.62;100;10087558022;B
20240410;144115;164.64;80;10087558023;B
20240410;144118;164.6;500;10087558254;S
20240410;144120;164.6;50;10087558379;S
20240410;144120;164.6;240;10087558454;S
20240410;144120;164.6;1260;10087558455;S
20240410;144121;164.58;10;10087558761;S
20240410;144121;164.58;40;10087558762;S
20240410;144122;164.56;10;10087558813;S
20240410;144122;164.56;20;10087558814;S
20240410;144122;164.62;1220;10087558838;B
20240410;144122;164.62;200;10087558839;B
20240410;144122;164.62;500;10087558840;B
20240410;144122;164.64;1000;10087558841;B
20240410;144122;164.66;500;10087558842;B
20240410;144122;164.66;530;10087558843;B
20240410;144122;164.66;50;10087558844;B
20240410;144122;164.68;1530;10087558845;B
20240410;144122;164.68;1470;10087558846;B
20240410;144124;164.66;10;10087559063;B
20240410;144124;164.58;90;10087559092;S
20240410;144124;164.58;100;10087559095;S
20240410;144125;164.66;290;10087559201;B
20240410;144125;164.66;10;10087559202;B
20240410;144125;164.66;140;10087559203;B
20240410;144126;164.58;10;10087559246;S
20240410;144126;164.56;180;10087559247;S
20240410;144126;164.56;10;10087559248;S
20240410;144127;164.56;360;10087559368;S
20240410;144127;164.56;40;10087559369;S
20240410;144127;164.64;100;10087559457;B
20240410;144129;164.58;1000;10087559610;S
20240410;144130;164.66;10;10087559889;B
20240410;144133;164.66;100;10087560313;B
20240410;144138;164.64;10;10087560724;B
20240410;144141;164.64;10;10087561026;B
20240410;144141;164.64;10;10087561037;B
20240410;144143;164.64;80;10087561308;B
20240410;144143;164.66;20;10087561309;B
20240410;144145;164.66;10;10087561511;B
20240410;144145;164.66;20;10087561512;B
20240410;144145;164.66;60;10087561513;B
20240410;144146;164.64;220;10087561610;B
20240410;144151;164.64;10;10087562206;B
20240410;144151;164.6;10;10087562226;S
20240410;144151;164.58;70;10087562345;S
20240410;144154;164.6;200;10087562642;S
20240410;144155;164.62;10;10087562780;B
20240410;144157;164.6;50;10087563028;S
20240410;144157;164.58;460;10087563029;S
20240410;144158;164.6;10;10087563148;B
20240410;144158;164.62;30;10087563149;B
20240410;144158;164.64;160;10087563150;B
20240410;144159;164.64;150;10087563292;B
20240410;144200;164.58;100;10087563358;S
20240410;144200;164.62;10;10087563409;B
20240410;144200;164.62;90;10087563422;B
20240410;144200;164.64;30;10087563423;B
20240410;144200;164.64;40;10087563435;B
20240410;144200;164.64;610;10087563456;B
20240410;144200;164.64;60;10087563457;B
20240410;144200;164.64;260;10087563458;B
20240410;144200;164.66;30;10087563459;B
20240410;144200;164.66;500;10087563460;B
20240410;144200;164.66;40;10087563461;B
20240410;144201;164.58;800;10087563524;S
20240410;144206;164.6;20;10087564138;B
20240410;144209;164.6;70;10087564467;B
20240410;144209;164.6;10;10087564543;B
20240410;144209;164.62;20;10087564544;B
20240410;144210;164.62;30;10087564718;B
20240410;144210;164.62;470;10087564719;B
20240410;144212;164.62;50;10087564881;B
20240410;144212;164.58;70;10087564900;S
20240410;144212;164.58;370;10087564941;S
20240410;144212;164.58;700;10087564991;S
20240410;144213;164.58;500;10087565118;S
20240410;144214;164.58;50;10087565228;S
20240410;144214;164.58;300;10087565238;S
20240410;144215;164.6;10;10087565272;B
20240410;144215;164.58;50;10087565366;S
20240410;144218;164.6;80;10087565628;B
20240410;144218;164.58;20;10087565645;S
20240410;144220;164.6;100;10087565885;B
20240410;144222;164.58;700;10087566106;S
20240410;144222;164.6;10;10087566134;B
20240410;144222;164.62;210;10087566135;B
20240410;144223;164.58;470;10087566160;S
20240410;144223;164.58;500;10087566161;S
20240410;144223;164.56;200;10087566162;S
20240410;144223;164.56;1000;10087566163;S
20240410;144223;164.56;2050;10087566164;S
20240410;144223;164.6;10;10087566230;B
20240410;144224;164.6;10;10087566355;B
20240410;144226;164.56;10;10087566557;S
20240410;144227;164.58;20;10087566645;B
20240410;144227;164.56;620;10087566672;S
20240410;144228;164.58;390;10087566767;B
20240410;144228;164.58;20;10087566860;B
20240410;144229;164.56;270;10087566949;S
20240410;144229;164.54;210;10087566950;S
20240410;144229;164.54;200;10087566951;S
20240410;144229;164.52;1320;10087566952;S
20240410;144230;164.5;250;10087567035;S
20240410;144230;164.5;50;10087567036;S
20240410;144230;164.48;10;10087567037;S
20240410;144230;164.46;940;10087567038;S
20240410;144230;164.46;600;10087567080;S
20240410;144231;164.5;20;10087567162;B
20240410;144232;164.48;10;10087567270;B
20240410;144233;164.44;100;10087567353;S
20240410;144235;164.42;10;10087567698;B
20240410;144235;164.38;200;10087567772;S
20240410;144235;164.38;200;10087567773;S
20240410;144238;164.4;20;10087568026;B
20240410;144238;164.4;210;10087568057;B
20240410;144238;164.42;190;10087568058;B
20240410;144238;164.44;50;10087568059;B
20240410;144238;164.46;50;10087568060;B
20240410;144239;164.46;10;10087568139;B
20240410;144243;164.46;20;10087568631;B
20240410;144245;164.46;170;10087568876;B
20240410;144245;164.48;1220;10087568877;B
20240410;144245;164.5;2070;10087568878;B
20240410;144245;164.5;40;10087568879;B
20240410;144247;164.46;10;10087569087;B
20240410;144250;164.46;10;10087569287;B
20240410;144250;164.42;100;10087569307;S
20240410;144250;164.42;10;10087569330;S
20240410;144255;164.46;30;10087569812;B
20240410;144256;164.46;150;10087569864;B
20240410;144256;164.48;130;10087569865;B
20240410;144256;164.46;150;10087569898;B
20240410;144256;164.48;50;10087569899;B
20240410;144258;164.46;40;10087570062;B
20240410;144258;164.48;10;10087570063;B
20240410;144305;164.46;10;10087570638;S
20240410;144307;164.5;20;10087570761;B
20240410;144312;164.46;200;10087571485;S
20240410;144312;164.46;70;10087571486;S
20240410;144312;164.42;230;10087571487;S
20240410;144314;164.46;20;10087571723;S
20240410;144315;164.48;10;10087571970;B
20240410;144317;164.48;40;10087572250;B
20240410;144317;164.5;50;10087572251;B
20240410;144319;164.44;100;10087572567;S
20240410;144320;164.44;100;10087572674;S
20240410;144320;164.44;50;10087572675;S
20240410;144321;164.5;20;10087572996;B
20240410;144324;164.5;60;10087573405;B
20240410;144332;164.44;50;10087574777;B
20240410;144333;164.44;10;10087574884;B
20240410;144333;164.42;50;10087574932;S
20240410;144335;164.44;370;10087575125;B
20240410;144337;164.44;10;10087575327;B
20240410;144338;164.44;400;10087575434;B
20240410;144339;164.44;20;10087575556;B
20240410;144339;164.44;10;10087575558;B
20240410;144342;164.42;10;10087575969;S
20240410;144342;164.42;50;10087575970;S
20240410;144342;164.38;640;10087575971;S
20240410;144343;164.44;30;10087575986;B
20240410;144343;164.44;10;10087575993;B
20240410;144345;164.44;10;10087576284;B
20240410;144346;164.44;30;10087576463;B
20240410;144347;164.38;10;10087576628;S
20240410;144347;164.38;140;10087576656;S
20240410;144347;164.38;60;10087576657;S
20240410;144353;164.44;180;10087577174;B
20240410;144354;164.4;20;10087577362;S
20240410;144357;164.36;200;10087577689;S
20240410;144400;164.4;60;10087578044;B
20240410;144401;164.4;20;10087578076;B
20240410;144402;164.4;10;10087578221;B
20240410;144403;164.4;60;10087578346;B
20240410;144406;164.4;20;10087578829;B
20240410;144411;164.4;40;10087579392;B
20240410;144411;164.36;20;10087579466;S
20240410;144413;164.38;10;10087579712;B
20240410;144417;164.38;10;10087580168;B
20240410;144420;164.38;10;10087580401;B
20240410;144425;164.38;20;10087580851;B
20240410;144425;164.4;90;10087580852;B
20240410;144425;164.36;640;10087580952;S
20240410;144427;164.38;20;10087581073;B
20240410;144428;164.38;100;10087581166;B
20240410;144430;164.38;150;10087581325;B
20240410;144430;164.38;10;10087581346;B
20240410;144436;164.38;10;10087581876;B
20240410;144437;164.38;250;10087581937;B
20240410;144437;164.38;20;10087581944;B
20240410;144438;164.38;10;10087582051;B
20240410;144439;164.38;10;10087582154;B
20240410;144439;164.38;100;10087582161;B
20240410;144439;164.38;50;10087582171;B
20240410;144443;164.36;480;10087582460;S
20240410;144445;164.38;150;10087582716;B
20240410;144446;164.38;40;10087582733;B
20240410;144446;164.38;10;10087582797;B
20240410;144446;164.4;150;10087582798;B
20240410;144446;164.4;10;10087582799;B
20240410;144446;164.4;130;10087582800;B
20240410;144446;164.4;50;10087582801;B
20240410;144446;164.4;1380;10087582802;B
20240410;144452;164.4;10;10087583322;B
20240410;144455;164.38;20;10087583491;B
20240410;144456;164.38;6380;10087583571;B
20240410;144459;164.4;10;10087583897;B
20240410;144501;164.4;10;10087584065;B
20240410;144504;164.4;30;10087584338;B
20240410;144507;164.4;100;10087584563;B
20240410;144507;164.38;20;10087584578;S
20240410;144507;164.38;10;10087584579;S
20240410;144507;164.38;170;10087584580;S
20240410;144512;164.4;10;10087584972;B
20240410;144512;164.4;40;10087585029;B
20240410;144515;164.36;10;10087585226;S
20240410;144519;164.4;20;10087585535;B
20240410;144527;164.4;30;10087586196;B
20240410;144529;164.4;10;10087586384;B
20240410;144529;164.4;10;10087586427;B
20240410;144534;164.36;20;10087586973;S
20240410;144535;164.36;50;10087587058;S
20240410;144535;164.36;200;10087587134;S
20240410;144537;164.4;10;10087587287;B
20240410;144537;164.36;300;10087587336;S
20240410;144537;164.4;810;10087587339;B
20240410;144538;164.4;10;10087587448;B
20240410;144541;164.36;130;10087587697;S
20240410;144543;164.4;10;10087587965;B
20240410;144545;164.4;60;10087588229;B
20240410;144545;164.4;30;10087588276;B
20240410;144549;164.4;20;10087588774;B
20240410;144552;164.4;10;10087589192;B
20240410;144555;164.4;10;10087589459;B
20240410;144556;164.4;10;10087589574;B
20240410;144558;164.4;10;10087589802;B
20240410;144559;164.4;50;10087589893;B
20240410;144601;164.4;20;10087590259;B
20240410;144602;164.4;10;10087590429;B
20240410;144604;164.4;60;10087590676;B
20240410;144604;164.4;910;10087590683;B
20240410;144604;164.4;720;10087590684;B
20240410;144605;164.4;10;10087590757;B
20240410;144606;164.38;40;10087590867;S
20240410;144607;164.4;400;10087590934;B
20240410;144608;164.4;10;10087590960;B
20240410;144608;164.4;20;10087591168;B
20240410;144609;164.38;60;10087591242;S
20240410;144610;164.38;10;10087591302;S
20240410;144611;164.4;10;10087591367;B
20240410;144611;164.4;10;10087591484;B
20240410;144612;164.4;10;10087591554;B
20240410;144615;164.4;10;10087591829;B
20240410;144618;164.4;10;10087592093;B
20240410;144618;164.38;800;10087592148;S
20240410;144623;164.4;20;10087592568;B
20240410;144623;164.38;100;10087592590;S
20240410;144623;164.38;500;10087592605;S
20240410;144623;164.4;10;10087592615;B
20240410;144624;164.4;440;10087592689;B
20240410;144634;164.4;80;10087593588;B
20240410;144639;164.4;10;10087594010;B
20240410;144640;164.4;300;10087594156;B
20240410;144643;164.38;90;10087594520;S
20240410;144647;164.4;40;10087594846;B
20240410;144650;164.4;180;10087595128;B
20240410;144652;164.4;10;10087595234;B
20240410;144654;164.4;20;10087595383;B
20240410;144654;164.4;12170;10087595413;B
20240410;144654;164.4;50;10087595414;B
20240410;144654;164.4;200;10087595415;B
20240410;144654;164.4;50;10087595416;B
20240410;144654;164.4;100;10087595417;B
20240410;144654;164.4;130;10087595418;B
20240410;144654;164.4;100;10087595419;B
20240410;144654;164.4;150;10087595420;B
20240410;144654;164.4;18030;10087595421;B
20240410;144654;164.4;1220;10087595422;B
20240410;144654;164.4;300;10087595423;B
20240410;144656;164.4;30;10087595508;B
20240410;144659;164.4;10;10087595784;B
20240410;144659;164.38;50;10087595787;S
20240410;144700;164.38;60;10087595865;S
20240410;144700;164.38;10;10087595866;S
20240410;144700;164.38;10;10087595867;S
20240410;144700;164.38;720;10087595868;S
20240410;144702;164.4;10;10087596022;B
20240410;144707;164.38;10;10087596454;S
20240410;144708;164.38;320;10087596548;S
20240410;144708;164.38;20;10087596549;S
20240410;144708;164.38;20;10087596550;S
20240410;144708;164.38;140;10087596551;S
20240410;144709;164.4;40;10087596592;B
20240410;144709;164.38;140;10087596607;S
20240410;144713;164.4;220;10087596958;B
20240410;144715;164.38;100;10087597096;S
20240410;144715;164.4;5500;10087597107;B
20240410;144716;164.4;20;10087597179;B
20240410;144718;164.4;200;10087597483;B
20240410;144719;164.38;10;10087597551;S
20240410;144719;164.38;60;10087597552;S
20240410;144719;164.38;10;10087597553;S
20240410;144719;164.38;40;10087597558;S
20240410;144719;164.36;950;10087597559;S
20240410;144719;164.36;2500;10087597560;S
20240410;144719;164.36;10;10087597561;S
20240410;144719;164.36;10;10087597562;S
20240410;144719;164.36;10;10087597563;S
20240410;144719;164.36;150;10087597564;S
20240410;144719;164.34;1190;10087597565;S
20240410;144723;164.34;100;10087597850;S
20240410;144725;164.38;20;10087598074;B
20240410;144726;164.38;130;10087598187;B
20240410;144726;164.38;70;10087598188;B
20240410;144729;164.36;150;10087598497;S
20240410;144729;164.36;210;10087598498;S
20240410;144729;164.34;3860;10087598499;S
20240410;144729;164.34;1520;10087598500;S
20240410;144729;164.34;3660;10087598501;S
20240410;144729;164.34;4380;10087598502;S
20240410;144730;164.34;30;10087598529;S
20240410;144732;164.34;10;10087598703;S
20240410;144733;164.38;60;10087598859;B
20240410;144735;164.38;10;10087598967;B
20240410;144739;164.34;150;10087599391;S
20240410;144739;164.34;10000;10087599392;S
20240410;144739;164.32;10;10087599393;S
20240410;144739;164.32;5340;10087599394;S
20240410;144742;164.38;50;10087599711;B
20240410;144744;164.32;40;10087599859;S
20240410;144744;164.38;30;10087599884;B
20240410;144744;164.38;160;10087599885;B
20240410;144744;164.36;10;10087599930;B
20240410;144746;164.34;40;10087600038;B
20240410;144746;164.34;10;10087600072;B
20240410;144748;164.32;300;10087600277;S
20240410;144748;164.34;10;10087600374;B
20240410;144749;164.34;10;10087600445;B
20240410;144751;164.34;80;10087600709;B
20240410;144752;164.34;250;10087600765;B
20240410;144752;164.34;290;10087600791;S
20240410;144752;164.34;20;10087600828;S
20240410;144753;164.36;20;10087600841;B
20240410;144753;164.34;440;10087600887;S
20240410;144753;164.3;10;10087600888;S
20240410;144753;164.3;50;10087600889;S
20240410;144753;164.3;20;10087600906;S
20240410;144753;164.3;40;10087600907;S
20240410;144753;164.3;10;10087600908;S
20240410;144753;164.3;30;10087600909;S
20240410;144754;164.34;100;10087600971;B
20240410;144754;164.3;300;10087600985;S
20240410;144756;164.34;310;10087601090;B
20240410;144756;164.34;90;10087601123;B
20240410;144757;164.34;10;10087601228;B
20240410;144757;164.34;30;10087601272;B
20240410;144758;164.34;680;10087601389;B
20240410;144800;164.34;280;10087601468;S
20240410;144803;164.36;100;10087601717;B
20240410;144803;164.34;40;10087601777;S
20240410;144803;164.3;10;10087601778;S
20240410;144805;164.36;70;10087601885;B
20240410;144805;164.36;20;10087601886;B
20240410;144805;164.36;1310;10087601887;B
20240410;144805;164.36;100;10087601888;B
20240410;144805;164.38;100;10087601889;B
20240410;144805;164.38;190;10087601890;B
20240410;144807;164.34;10;10087602161;S
20240410;144813;164.36;10;10087602633;B
20240410;144814;164.36;10;10087602704;B
20240410;144815;164.36;10;10087602742;B
20240410;144821;164.34;90;10087603192;S
20240410;144821;164.34;100;10087603193;S
20240410;144821;164.34;100;10087603194;S
20240410;144821;164.34;100;10087603195;S
20240410;144821;164.34;10;10087603196;S
20240410;144821;164.32;420;10087603197;S
20240410;144829;164.32;2230;10087603906;S
20240410;144830;164.36;10;10087603967;B
20240410;144833;164.36;90;10087604203;B
20240410;144833;164.36;10;10087604204;B
20240410;144833;164.36;70;10087604205;B
20240410;144833;164.32;100;10087604245;S
20240410;144834;164.38;30;10087604335;B
20240410;144838;164.38;10;10087604606;B
20240410;144839;164.3;90;10087604630;S
20240410;144846;164.36;10;10087605324;B
20240410;144847;164.36;80;10087605382;B
20240410;144847;164.36;20;10087605383;B
20240410;144848;164.38;60;10087605504;B
20240410;144848;164.38;20;10087605505;B
20240410;144851;164.38;10;10087605729;B
20240410;144855;164.38;40;10087606021;B
20240410;144856;164.38;30;10087606064;B
20240410;144856;164.38;100;10087606065;B
20240410;144856;164.38;370;10087606066;B
20240410;144858;164.36;10;10087606236;S
20240410;144858;164.36;1070;10087606251;S
20240410;144858;164.32;10;10087606252;S
20240410;144858;164.32;10;10087606253;S
20240410;144858;164.32;1610;10087606254;S
20240410;144858;164.32;1140;10087606255;S
20240410;144858;164.3;110;10087606256;S
20240410;144858;164.3;20;10087606257;S
20240410;144858;164.3;2530;10087606258;S
20240410;144900;164.28;150;10087606396;S
20240410;144900;164.28;160;10087606397;S
20240410;144900;164.26;10;10087606398;S
20240410;144900;164.26;10;10087606399;S
20240410;144900;164.24;170;10087606400;S
20240410;144900;164.26;160;10087606405;S
20240410;144900;164.22;40;10087606406;S
20240410;144904;164.32;10;10087606743;B
20240410;144910;164.32;50;10087607240;B
20240410;144910;164.26;350;10087607241;S
20240410;144910;164.24;10;10087607247;S
20240410;144915;164.32;10;10087607706;B
20240410;144918;164.28;1400;10087608124;S
20240410;144924;164.28;100;10087608582;S
20240410;144924;164.26;570;10087608583;S
20240410;144924;164.24;90;10087608584;S
20240410;144924;164.24;300;10087608585;S
20240410;144924;164.24;440;10087608586;S
20240410;144928;164.3;100;10087608904;B
20240410;144928;164.3;520;10087608905;B
20240410;144928;164.3;300;10087608906;B
20240410;144928;164.32;90;10087608998;B
20240410;144928;164.32;20;10087608999;B
20240410;144932;164.32;30;10087609337;B
20240410;144932;164.32;10;10087609386;B
20240410;144939;164.32;40;10087610141;B
20240410;144939;164.34;20;10087610142;B
20240410;144939;164.34;10;10087610143;B
20240410;144940;164.3;100;10087610203;S
20240410;144945;164.34;10;10087610622;B
20240410;144946;164.34;20;10087610709;B
20240410;144947;164.34;60;10087610738;B
20240410;144947;164.34;50;10087610754;B
20240410;144947;164.34;200;10087610755;B
20240410;144947;164.36;200;10087610756;B
20240410;144947;164.36;800;10087610757;B
20240410;144947;164.36;500;10087610758;B
20240410;144947;164.38;300;10087610759;B
20240410;144947;164.38;20;10087610760;B
20240410;144947;164.38;110;10087610761;B
20240410;144947;164.38;2950;10087610762;B
20240410;144954;164.36;100;10087611436;B
20240410;144955;164.32;340;10087611539;S
20240410;144956;164.36;10;10087611601;B
20240410;144957;164.32;100;10087611679;S
20240410;145000;164.32;780;10087611874;S
20240410;145000;164.32;220;10087611875;S
20240410;145000;164.32;300;10087611960;S
20240410;145005;164.32;130;10087612374;S
20240410;145005;164.34;10;10087612520;B
20240410;145010;164.34;10;10087613003;B
20240410;145010;164.32;200;10087613033;S
20240410;145013;164.32;30;10087613216;S
20240410;145013;164.32;30;10087613217;S
20240410;145013;164.32;140;10087613218;S
20240410;145016;164.34;30;10087613517;B
20240410;145016;164.34;410;10087613518;B
20240410;145016;164.32;60;10087613546;S
20240410;145021;164.32;40;10087613993;S
20240410;145021;164.3;460;10087613994;S
20240410;145022;164.34;10;10087614072;B
20240410;145023;164.34;280;10087614122;B
20240410;145023;164.36;10;10087614149;B
20240410;145025;164.34;120;10087614360;S
20240410;145025;164.3;380;10087614361;S
20240410;145029;164.32;30;10087614698;S
20240410;145029;164.32;10;10087614726;S
20240410;145030;164.32;10;10087614779;S
20240410;145030;164.32;100;10087614780;S
20240410;145031;164.3;20;10087614841;S
20240410;145031;164.36;10;10087614878;B
20240410;145034;164.38;10;10087615114;B
20240410;145035;164.36;50;10087615188;B
20240410;145042;164.36;50;10087615804;B
20240410;145047;164.38;10;10087616218;B
20240410;145050;164.38;10;10087616469;B
20240410;145053;164.38;90;10087616622;B
20240410;145053;164.38;10;10087616623;B
20240410;145056;164.36;50;10087616854;S
20240410;145056;164.34;100;10087616855;S
20240410;145056;164.34;150;10087616856;S
20240410;145057;164.34;10;10087616966;S
20240410;145057;164.34;10;10087616967;S
20240410;145057;164.38;10;10087616978;B
20240410;145057;164.38;250;10087616979;B
20240410;145057;164.38;100;10087616980;B
20240410;145057;164.4;1620;10087616981;B
20240410;145058;164.4;340;10087617018;B
20240410;145100;164.4;9890;10087617169;B
20240410;145100;164.4;110;10087617170;B
20240410;145102;164.36;150;10087617290;S
20240410;145102;164.34;90;10087617291;S
20240410;145102;164.34;100;10087617292;S
20240410;145102;164.34;100;10087617293;S
20240410;145102;164.34;100;10087617294;S
20240410;145102;164.34;100;10087617295;S
20240410;145102;164.34;160;10087617296;S
20240410;145102;164.34;60;10087617297;S
20240410;145102;164.32;2950;10087617298;S
20240410;145102;164.32;500;10087617299;S
20240410;145102;164.32;40;10087617300;S
20240410;145102;164.32;2140;10087617301;S
20240410;145104;164.38;60;10087617461;B
20240410;145111;164.38;90;10087618136;B
20240410;145111;164.38;1520;10087618137;B
20240410;145111;164.38;100;10087618138;B
20240410;145111;164.38;100;10087618139;B
20240410;145111;164.38;100;10087618140;B
20240410;145111;164.38;100;10087618141;B
20240410;145111;164.38;100;10087618142;B
20240410;145111;164.4;3980;10087618143;B
20240410;145111;164.4;80;10087618144;B
20240410;145112;164.32;200;10087618227;S
20240410;145119;164.38;10;10087618726;S
20240410;145119;164.34;100;10087618727;S
20240410;145119;164.34;40;10087618728;S
20240410;145119;164.4;10;10087618789;B
20240410;145122;164.34;60;10087619086;S
20240410;145122;164.34;100;10087619087;S
20240410;145122;164.34;100;10087619088;S
20240410;145122;164.34;100;10087619089;S
20240410;145122;164.34;100;10087619090;S
20240410;145122;164.32;540;10087619091;S
20240410;145124;164.38;100;10087619207;B
20240410;145131;164.38;20;10087619830;B
20240410;145133;164.38;10;10087619983;B
20240410;145134;164.38;10;10087620084;B
20240410;145134;164.38;100;10087620085;B
20240410;145134;164.38;100;10087620086;B
20240410;145134;164.38;100;10087620087;B
20240410;145134;164.38;100;10087620088;B
20240410;145134;164.4;3700;10087620089;B
20240410;145134;164.4;50;10087620090;B
20240410;145134;164.4;340;10087620091;B
20240410;145135;164.34;320;10087620223;S
20240410;145135;164.32;1380;10087620224;S
20240410;145139;164.32;250;10087620515;S
20240410;145140;164.4;20;10087620643;B
20240410;145141;164.4;200;10087620671;B
20240410;145141;164.4;80;10087620687;B
20240410;145141;164.32;100;10087620690;S
20240410;145141;164.4;20;10087620715;B
20240410;145143;164.38;10;10087620809;S
20240410;145148;164.38;20;10087621259;B
20240410;145150;164.36;50;10087621416;S
20240410;145153;164.38;1470;10087621594;B
20240410;145153;164.38;50;10087621595;B
20240410;145153;164.4;40;10087621596;B
20240410;145153;164.4;390;10087621597;B
20240410;145153;164.4;50;10087621598;B
20240410;145154;164.4;20;10087621725;B
20240410;145158;164.4;20;10087622110;B
20240410;145159;164.4;110;10087622160;B
20240410;145159;164.4;10;10087622161;B
20240410;145159;164.42;10;10087622204;B
20240410;145159;164.42;20;10087622205;B
20240410;145159;164.42;400;10087622206;B
20240410;145159;164.42;10;10087622207;B
20240410;145159;164.44;60;10087622208;B
20240410;145200;164.44;9600;10087622314;B
20240410;145201;164.42;100;10087622363;S
20240410;145202;164.44;100;10087622454;B
20240410;145207;164.42;40;10087622912;S
20240410;145207;164.42;140;10087622913;S
20240410;145208;164.42;10;10087622946;S
20240410;145208;164.44;10;10087622958;B
20240410;145209;164.44;6090;10087623060;B
20240410;145210;164.44;10;10087623085;B
20240410;145210;164.44;3000;10087623114;B
20240410;145210;164.44;50;10087623115;B
20240410;145210;164.44;10;10087623116;B
20240410;145210;164.44;50;10087623117;B
20240410;145211;164.48;10;10087623185;B
20240410;145216;164.48;80;10087623627;B
20240410;145221;164.48;10;10087624004;B
20240410;145221;164.48;10;10087624005;B
20240410;145221;164.48;10;10087624006;B
20240410;145223;164.5;70;10087624130;B
20240410;145224;164.48;50;10087624185;S
20240410;145224;164.5;20;10087624215;B
20240410;145226;164.5;660;10087624342;B
20240410;145226;164.5;700;10087624344;B
20240410;145226;164.5;100;10087624345;B
20240410;145226;164.5;10;10087624346;B
20240410;145226;164.5;10;10087624347;B
20240410;145226;164.5;100;10087624348;B
20240410;145226;164.5;50;10087624349;B
20240410;145226;164.5;1100;10087624350;B
20240410;145226;164.5;200;10087624351;B
20240410;145226;164.5;400;10087624352;B
20240410;145226;164.5;1000;10087624353;B
20240410;145226;164.52;20;10087624354;B
20240410;145226;164.52;40;10087624355;B
20240410;145226;164.52;100;10087624356;B
20240410;145226;164.54;1100;10087624357;B
20240410;145226;164.54;70;10087624358;B
20240410;145227;164.54;60;10087624470;B
20240410;145227;164.54;20;10087624481;B
20240410;145227;164.54;30;10087624482;B
20240410;145227;164.52;30;10087624507;S
20240410;145228;164.54;20;10087624635;B
20240410;145230;164.54;20;10087624751;B
20240410;145232;164.54;50;10087624910;B
20240410;145232;164.52;170;10087624913;S
20240410;145232;164.48;170;10087624914;S
20240410;145232;164.46;100;10087624915;S
20240410;145232;164.46;100;10087624916;S
20240410;145232;164.44;190;10087624917;S
20240410;145232;164.44;100;10087624918;S
20240410;145232;164.44;100;10087624919;S
20240410;145232;164.44;100;10087624920;S
20240410;145232;164.44;100;10087624921;S
20240410;145232;164.42;30;10087624922;S
20240410;145232;164.42;20;10087624923;S
20240410;145232;164.42;1370;10087624924;S
20240410;145232;164.42;1220;10087624925;S
20240410;145232;164.4;1230;10087624926;S
20240410;145232;164.52;10;10087624929;B
20240410;145244;164.52;100;10087625943;B
20240410;145250;164.5;10;10087626353;S
20240410;145250;164.52;20;10087626392;B
20240410;145252;164.5;1460;10087626507;S
20240410;145254;164.52;60;10087626677;B
20240410;145254;164.52;540;10087626678;B
20240410;145302;164.52;60;10087627422;B
20240410;145302;164.52;170;10087627423;B
20240410;145303;164.54;10;10087627435;B
20240410;145303;164.54;520;10087627487;B
20240410;145303;164.54;70;10087627511;B
20240410;145304;164.54;10;10087627531;B
20240410;145304;164.54;100;10087627579;B
20240410;145305;164.54;160;10087627638;B
20240410;145306;164.52;1000;10087627764;S
20240410;145307;164.54;300;10087627832;B
20240410;145312;164.52;400;10087628216;S
20240410;145313;164.52;10;10087628346;S
20240410;145314;164.54;870;10087628459;B
20240410;145316;164.54;70;10087628604;B
20240410;145316;164.54;60;10087628653;B
20240410;145318;164.52;250;10087628832;S
20240410;145325;164.54;990;10087629360;B
20240410;145325;164.54;200;10087629361;B
20240410;145325;164.54;10;10087629362;B
20240410;145325;164.58;800;10087629363;B
20240410;145327;164.58;40;10087629494;B
20240410;145331;164.58;640;10087629925;B
20240410;145332;164.54;50;10087629976;S
20240410;145335;164.58;20;10087630249;B
20240410;145335;164.6;10;10087630250;B
20240410;145341;164.6;100;10087630706;B
20240410;145341;164.6;100;10087630707;B
20240410;145341;164.62;50;10087630708;B
20240410;145341;164.64;110;10087630709;B
20240410;145341;164.64;1090;10087630710;B
20240410;145341;164.64;130;10087630711;B
20240410;145341;164.64;10;10087630712;B
20240410;145341;164.66;350;10087630713;B
20240410;145341;164.66;200;10087630714;B
20240410;145341;164.66;110;10087630715;B
20240410;145342;164.64;550;10087630792;B
20240410;145342;164.66;40;10087630793;B
20240410;145342;164.66;500;10087630794;B
20240410;145343;164.66;390;10087630841;B
20240410;145345;164.66;1000;10087630984;B
20240410;145346;164.66;1770;10087631181;B
20240410;145346;164.68;300;10087631182;B
20240410;145346;164.68;30;10087631183;B
20240410;145346;164.68;500;10087631184;B
20240410;145346;164.68;3660;10087631185;B
20240410;145346;164.68;10;10087631186;B
20240410;145346;164.68;500;10087631187;B
20240410;145346;164.7;3230;10087631188;B
20240410;145349;164.62;10;10087631496;S
20240410;145349;164.6;190;10087631497;S
20240410;145355;164.64;40;10087632053;S
20240410;145357;164.64;300;10087632288;S
20240410;145402;164.66;10;10087632933;B
20240410;145403;164.66;30;10087633044;B
20240410;145403;164.68;20;10087633045;B
20240410;145403;164.68;80;10087633063;B
20240410;145403;164.68;40;10087633064;B
20240410;145403;164.68;10;10087633065;B
20240410;145403;164.68;130;10087633066;B
20240410;145403;164.68;1220;10087633067;B
20240410;145403;164.7;1180;10087633068;B
20240410;145403;164.64;10;10087633071;S
20240410;145404;164.68;100;10087633124;B
20240410;145407;164.66;10;10087633399;S
20240410;145407;164.64;160;10087633400;S
20240410;145407;164.62;10;10087633401;S
20240410;145407;164.62;200;10087633402;S
20240410;145407;164.62;1110;10087633403;S
20240410;145407;164.6;7540;10087633404;S
20240410;145407;164.68;10;10087633417;B
20240410;145407;164.66;100;10087633429;S
20240410;145409;164.68;10;10087633613;B
20240410;145409;164.68;20;10087633614;B
20240410;145410;164.68;100;10087633772;B
20240410;145410;164.68;10;10087633779;B
20240410;145412;164.68;10;10087633940;B
20240410;145413;164.68;20;10087633968;B
20240410;145413;164.68;180;10087633969;B
20240410;145413;164.66;500;10087633988;S
20240410;145414;164.68;10;10087634069;B
20240410;145416;164.68;10;10087634246;B
20240410;145418;164.68;10;10087634446;B
20240410;145420;164.68;10;10087634563;B
20240410;145420;164.66;180;10087634598;S
20240410;145420;164.66;40;10087634599;S
20240410;145420;164.62;80;10087634600;S
20240410;145423;164.68;10;10087634833;B
20240410;145423;164.66;10;10087634834;S
20240410;145425;164.62;10;10087634958;S
20240410;145425;164.66;10;10087634998;B
20240410;145425;164.62;10;10087635014;S
20240410;145425;164.6;1520;10087635015;S
20240410;145427;164.66;50;10087635152;B
20240410;145427;164.66;10;10087635156;B
20240410;145428;164.66;10;10087635199;B
20240410;145429;164.66;140;10087635316;B
20240410;145429;164.66;650;10087635317;B
20240410;145429;164.66;1530;10087635318;B
20240410;145429;164.66;80;10087635319;B
20240410;145429;164.68;10;10087635320;B
20240410;145429;164.68;1220;10087635321;B
20240410;145429;164.68;1890;10087635322;B
20240410;145429;164.68;3300;10087635323;B
20240410;145429;164.7;4180;10087635324;B
20240410;145430;164.6;200;10087635375;S
20240410;145431;164.62;10;10087635445;S
20240410;145431;164.68;20;10087635493;B
20240410;145432;164.68;10;10087635537;B
20240410;145432;164.6;10;10087635580;S
20240410;145437;164.66;20;10087635999;B
20240410;145440;164.6;100;10087636266;S
20240410;145442;164.66;90;10087636410;B
20240410;145442;164.66;10;10087636430;B
20240410;145444;164.66;10;10087636643;B
20240410;145445;164.62;50;10087636720;S
20240410;145445;164.62;200;10087636721;S
20240410;145445;164.6;80;10087636722;S
20240410;145445;164.6;300;10087636723;S
20240410;145445;164.6;10;10087636724;S
20240410;145445;164.6;360;10087636725;S
20240410;145446;164.66;90;10087636753;B
20240410;145446;164.66;10;10087636754;B
20240410;145447;164.66;20;10087636854;B
20240410;145448;164.62;100;10087636943;S
20240410;145448;164.6;400;10087636944;S
20240410;145450;164.66;50;10087637085;B
20240410;145450;164.66;100;10087637086;B
20240410;145452;164.68;500;10087637266;B
20240410;145452;164.62;100;10087637268;S
20240410;145452;164.6;200;10087637269;S
20240410;145452;164.68;690;10087637308;B
20240410;145452;164.68;310;10087637309;B
20240410;145453;164.66;30;10087637403;B
20240410;145453;164.66;140;10087637434;B
20240410;145455;164.6;30;10087637541;S
20240410;145455;164.6;250;10087637592;S
20240410;145456;164.66;40;10087637595;B
20240410;145456;164.66;10;10087637620;B
20240410;145456;164.6;200;10087637632;S
20240410;145456;164.66;1000;10087637652;B
20240410;145456;164.66;100;10087637653;B
20240410;145456;164.68;400;10087637654;B
20240410;145457;164.66;200;10087637758;B
20240410;145458;164.66;10;10087637767;B
20240410;145458;164.66;410;10087637790;B
20240410;145458;164.66;20;10087637792;B
20240410;145459;164.68;330;10087637874;B
20240410;145505;164.64;10;10087638452;S
20240410;145505;164.68;10;10087638478;B
20240410;145505;164.68;40;10087638479;B
20240410;145505;164.68;10;10087638496;B
20240410;145507;164.68;10;10087638632;B
20240410;145507;164.68;210;10087638648;B
20240410;145507;164.68;30;10087638649;B
20240410;145512;164.64;10;10087639021;S
20240410;145512;164.68;10;10087639038;B
20240410;145515;164.68;20;10087639278;B
20240410;145516;164.64;10;10087639321;S
20240410;145516;164.68;20;10087639357;B
20240410;145519;164.68;20;10087639673;B
20240410;145519;164.68;80;10087639674;B
20240410;145520;164.68;120;10087639782;B
20240410;145520;164.68;10;10087639783;B
20240410;145520;164.68;100;10087639784;B
20240410;145520;164.68;770;10087639785;B
20240410;145523;164.68;10;10087640051;B
20240410;145529;164.68;620;10087640494;S
20240410;145530;164.7;500;10087640555;B
20240410;145530;164.68;300;10087640589;S
20240410;145531;164.7;50;10087640657;B
20240410;145535;164.68;400;10087640985;S
20240410;145537;164.68;3680;10087641199;S
20240410;145537;164.68;1320;10087641200;S
20240410;145538;164.7;20;10087641230;B
20240410;145539;164.68;680;10087641323;S
20240410;145539;164.68;10;10087641324;S
20240410;145539;164.68;100;10087641325;S
20240410;145539;164.66;10;10087641326;S
20240410;145539;164.66;70;10087641327;S
20240410;145539;164.64;130;10087641328;S
20240410;145540;164.68;10;10087641405;B
20240410;145541;164.68;30;10087641492;B
20240410;145541;164.68;620;10087641493;B
20240410;145541;164.68;130;10087641494;B
20240410;145541;164.68;130;10087641495;B
20240410;145541;164.68;1530;10087641496;B
20240410;145541;164.7;11160;10087641497;B
20240410;145541;164.7;200;10087641498;B
20240410;145541;164.7;20;10087641559;B
20240410;145542;164.7;30;10087641596;B
20240410;145543;164.7;10;10087641697;B
20240410;145544;164.7;20;10087641781;B
20240410;145550;164.68;10;10087642260;S
20240410;145550;164.68;10;10087642261;S
20240410;145550;164.68;10;10087642262;S
20240410;145550;164.68;10;10087642263;S
20240410;145550;164.64;100;10087642264;S
20240410;145550;164.64;100;10087642265;S
20240410;145550;164.64;20;10087642266;S
20240410;145550;164.64;40;10087642267;S
20240410;145552;164.68;40;10087642473;B
20240410;145552;164.68;70;10087642474;B
20240410;145552;164.68;70;10087642475;B
20240410;145553;164.64;120;10087642598;S
20240410;145553;164.64;250;10087642599;S
20240410;145554;164.64;30;10087642626;B
20240410;145554;164.64;20;10087642728;B
20240410;145555;164.64;430;10087642749;B
20240410;145555;164.64;10;10087642750;B
20240410;145555;164.68;1530;10087642751;B
20240410;145555;164.68;30;10087642752;B
20240410;145557;164.68;10;10087642899;B
20240410;145557;164.68;40;10087642972;B
20240410;145559;164.68;10;10087643176;B
20240410;145604;164.68;30;10087643571;B
20240410;145604;164.68;100;10087643572;B
20240410;145604;164.68;20;10087643573;B
20240410;145605;164.66;50;10087643647;B
20240410;145605;164.66;10;10087643664;B
20240410;145606;164.66;140;10087643716;B
20240410;145606;164.66;10;10087643724;B
20240410;145606;164.66;30;10087643747;B
20240410;145607;164.66;20;10087643758;B
20240410;145607;164.66;20;10087643841;B
20240410;145612;164.66;1730;10087644228;B
20240410;145612;164.68;270;10087644229;B
20240410;145615;164.64;10;10087644421;S
20240410;145615;164.64;20;10087644422;S
20240410;145615;164.64;20;10087644423;S
20240410;145615;164.64;20;10087644424;S
20240410;145615;164.64;20;10087644425;S
20240410;145615;164.64;20;10087644426;S
20240410;145615;164.64;20;10087644427;S
20240410;145615;164.64;20;10087644428;S
20240410;145615;164.64;20;10087644429;S
20240410;145615;164.64;100;10087644430;S
20240410;145618;164.68;10;10087644718;B
20240410;145618;164.68;10;10087644746;B
20240410;145620;164.68;10;10087644864;B
20240410;145624;164.66;20;10087645167;S
20240410;145624;164.66;20;10087645168;S
20240410;145624;164.66;10;10087645169;S
20240410;145627;164.68;110;10087645345;B
20240410;145627;164.66;10;10087645398;S
20240410;145627;164.66;20;10087645399;S
20240410;145627;164.66;20;10087645400;S
20240410;145627;164.66;20;10087645401;S
20240410;145627;164.66;20;10087645402;S
20240410;145627;164.66;10;10087645403;S
20240410;145628;164.68;160;10087645434;B
20240410;145629;164.68;20;10087645517;B
20240410;145634;164.68;10;10087645983;B
20240410;145638;164.68;60;10087646297;B
20240410;145640;164.68;20;10087646485;B
20240410;145641;164.66;10;10087646591;S
20240410;145641;164.66;10;10087646592;S
20240410;145641;164.68;50;10087646604;B
20240410;145643;164.66;40;10087646694;S
20240410;145646;164.66;60;10087646960;S
20240410;145647;164.66;310;10087646982;S
20240410;145647;164.68;10;10087647043;B
20240410;145652;164.68;100;10087647389;B
20240410;145652;164.68;50;10087647390;B
20240410;145652;164.66;80;10087647419;S
20240410;145652;164.66;200;10087647420;S
20240410;145652;164.66;70;10087647421;S
20240410;145655;164.68;300;10087647640;B
20240410;145655;164.68;200;10087647641;B
20240410;145655;164.68;1530;10087647642;B
20240410;145656;164.68;300;10087647692;S
20240410;145657;164.68;500;10087647785;S
20240410;145659;164.68;10;10087647929;S
20240410;145700;164.68;200;10087648089;S
20240410;145701;164.7;50;10087648112;B
20240410;145701;164.68;80;10087648197;S
20240410;145703;164.7;790;10087648339;B
20240410;145703;164.7;30;10087648348;B
20240410;145704;164.7;300;10087648416;B
20240410;145708;164.68;50;10087648723;S
20240410;145709;164.7;50;10087648742;B
20240410;145725;164.7;30;10087650329;B
20240410;145727;164.7;10;10087650471;B
20240410;145731;164.7;50;10087650764;B
20240410;145734;164.7;10;10087651090;B
20240410;145735;164.68;10;10087651141;S
20240410;145739;164.7;20;10087651535;B
20240410;145740;164.7;20;10087651620;B
20240410;145742;164.7;50;10087651824;B
20240410;145742;164.68;150;10087651847;S
20240410;145744;164.7;100;10087652115;B
20240410;145746;164.7;10;10087652411;B
20240410;145746;164.7;10;10087652462;B
20240410;145750;164.7;10;10087652930;B
20240410;145752;164.7;10;10087653167;B
20240410;145754;164.7;10;10087653391;B
20240410;145801;164.7;30;10087654286;B
20240410;145802;164.7;10;10087654391;B
20240410;145802;164.7;50;10087654400;B
20240410;145806;164.7;50;10087654723;B
20240410;145806;164.68;200;10087654740;S
20240410;145806;164.68;30;10087654774;S
20240410;145807;164.7;30;10087654875;B
20240410;145808;164.7;90;10087654908;B
20240410;145810;164.7;60;10087655106;B
20240410;145813;164.68;70;10087655406;S
20240410;145814;164.68;60;10087655537;S
20240410;145814;164.7;100;10087655594;B
20240410;145817;164.68;10;10087655859;S
20240410;145817;164.7;10;10087655945;B
20240410;145818;164.7;50;10087656047;B
20240410;145820;164.7;320;10087656249;B
20240410;145821;164.68;250;10087656428;S
20240410;145822;164.68;10;10087656484;S
20240410;145824;164.7;1000;10087656698;B
20240410;145826;164.7;420;10087656926;B
20240410;145827;164.68;30;10087657045;S
20240410;145827;164.68;50;10087657067;S
20240410;145829;164.7;10;10087657183;B
20240410;145831;164.7;10;10087657455;B
20240410;145832;164.68;60;10087657517;S
20240410;145833;164.68;430;10087657609;S
20240410;145833;164.7;1070;10087657610;B
20240410;145833;164.7;10;10087657652;B
20240410;145834;164.68;110;10087657666;S
20240410;145834;164.68;200;10087657667;S
20240410;145834;164.68;190;10087657668;S
20240410;145836;164.7;20;10087657943;B
20240410;145839;164.7;20;10087658155;B
20240410;145842;164.7;30;10087658375;B
20240410;145844;164.68;10;10087658554;S
20240410;145844;164.68;40;10087658555;S
20240410;145848;164.7;1000;10087658874;B
20240410;145851;164.7;10;10087659085;B
20240410;145851;164.7;70;10087659139;B
20240410;145852;164.7;10;10087659194;B
20240410;145857;164.7;30;10087659575;B
20240410;145901;164.68;160;10087659871;S
20240410;145901;164.68;200;10087659872;S
20240410;145901;164.68;10;10087659873;S
20240410;145901;164.68;20;10087659874;S
20240410;145901;164.68;10;10087659875;S
20240410;145901;164.68;10;10087659876;S
20240410;145901;164.68;20;10087659877;S
20240410;145901;164.68;100;10087659878;S
20240410;145901;164.68;500;10087659879;S
20240410;145901;164.68;30;10087659880;S
20240410;145901;164.68;120;10087659881;S
20240410;145902;164.68;10;10087659929;B
20240410;145902;164.68;50;10087659944;B
20240410;145902;164.68;290;10087659997;B
20240410;145907;164.68;10;10087660344;B
20240410;145908;164.66;20;10087660375;S
20240410;145909;164.68;10;10087660461;B
20240410;145911;164.66;110;10087660626;S
20240410;145911;164.66;70;10087660627;S
20240410;145911;164.66;420;10087660628;S
20240410;145911;164.68;10;10087660630;B
20240410;145914;164.68;10;10087660828;B
20240410;145921;164.68;10;10087661292;B
20240410;145923;164.66;100;10087661379;S
20240410;145924;164.66;20;10087661470;S
20240410;145924;164.68;20;10087661565;B
20240410;145924;164.68;10;10087661566;B
20240410;145926;164.68;290;10087661680;B
20240410;145929;164.66;100;10087661883;S
20240410;145930;164.68;10;10087662007;B
20240410;145932;164.66;70;10087662291;S
20240410;145935;164.68;510;10087662581;B
20240410;145942;164.66;250;10087663127;S
20240410;145944;164.66;30;10087663315;S
20240410;145944;164.66;30;10087663320;S
20240410;145946;164.66;10;10087663573;S
20240410;145951;164.66;470;10087663955;S
20240410;145951;164.66;30;10087663956;S
20240410;145952;164.66;20;10087664059;B
20240410;145955;164.64;10;10087664234;S
20240410;145957;164.64;10;10087664443;S
20240410;145959;164.66;10;10087664651;B
20240410;145959;164.66;500;10087664662;B
20240410;150002;164.64;20;10087664885;S
20240410;150002;164.64;570;10087664935;S
20240410;150002;164.64;10;10087664936;S
20240410;150002;164.64;10;10087664937;S
20240410;150002;164.64;200;10087664938;S
20240410;150002;164.62;770;10087664939;S
20240410;150003;164.66;70;10087664964;B
20240410;150004;164.64;10;10087665067;B
20240410;150004;164.64;40;10087665141;B
20240410;150004;164.66;10;10087665142;B
20240410;150006;164.62;10;10087665277;S
20240410;150007;164.66;10;10087665360;B
20240410;150007;164.62;1720;10087665391;S
20240410;150007;164.62;200;10087665392;S
20240410;150007;164.6;3080;10087665393;S
20240410;150008;164.6;100;10087665453;S
20240410;150010;164.66;10;10087665642;B
20240410;150013;164.64;100;10087665827;B
20240410;150013;164.6;100;10087665886;S
20240410;150015;164.6;60;10087666004;S
20240410;150016;164.6;10;10087666104;S
20240410;150023;164.62;10;10087666952;S
20240410;150023;164.62;10;10087666953;S
20240410;150023;164.62;10;10087666954;S
20240410;150023;164.62;200;10087666955;S
20240410;150023;164.62;10;10087666956;S
20240410;150023;164.62;10;10087666957;S
20240410;150023;164.6;1750;10087666958;S
20240410;150024;164.6;300;10087667114;S
20240410;150025;164.62;350;10087667144;S
20240410;150027;164.62;200;10087667304;S
20240410;150029;164.64;10;10087667719;B
20240410;150037;164.64;140;10087668482;B
20240410;150037;164.64;160;10087668483;B
20240410;150037;164.62;90;10087668512;S
20240410;150039;164.62;5000;10087669010;S
20240410;150045;164.64;30;10087669677;B
20240410;150046;164.64;10;10087669755;B
20240410;150046;164.64;30;10087669766;B
20240410;150046;164.64;20;10087669796;B
20240410;150050;164.64;250;10087670197;B
20240410;150050;164.64;100;10087670198;B
20240410;150050;164.64;50;10087670251;S
20240410;150050;164.64;700;10087670252;S
20240410;150053;164.64;150;10087670522;S
20240410;150053;164.66;40;10087670527;B
20240410;150054;164.66;290;10087670620;B
20240410;150055;164.66;10;10087670724;B
20240410;150056;164.66;150;10087670899;B
20240410;150056;164.66;10;10087670913;B
20240410;150059;164.66;10;10087671172;B
20240410;150101;164.64;400;10087671351;S
20240410;150101;164.66;10;10087671433;B
20240410;150102;164.66;10;10087671442;B
20240410;150102;164.66;40;10087671443;B
20240410;150105;164.64;100;10087671854;S
20240410;150106;164.64;50;10087672018;S
20240410;150111;164.66;10;10087672535;B
20240410;150114;164.66;20;10087673192;B
20240410;150114;164.66;30;10087673221;B
20240410;150115;164.64;400;10087673398;S
20240410;150116;164.64;90;10087673512;S
20240410;150116;164.64;460;10087673513;S
20240410;150117;164.64;10;10087673624;S
20240410;150121;164.66;30;10087674206;B
20240410;150122;164.64;290;10087674395;S
20240410;150125;164.66;10;10087674651;B
20240410;150126;164.64;300;10087674723;S
20240410;150127;164.64;10;10087674972;S
20240410;150128;164.66;120;10087674985;B
20240410;150128;164.66;20;10087675054;B
20240410;150129;164.64;470;10087675182;S
20240410;150129;164.62;330;10087675183;S
20240410;150130;164.66;10;10087675256;B
20240410;150131;164.62;10;10087675277;S
20240410;150138;164.62;50;10087675916;S
20240410;150142;164.62;300;10087676297;S
20240410;150144;164.66;370;10087676447;B
20240410;150144;164.62;300;10087676456;S
20240410;150146;164.62;10;10087676604;S
20240410;150146;164.62;50;10087676605;S
20240410;150148;164.66;20;10087676791;B
20240410;150151;164.62;500;10087676930;S
20240410;150151;164.66;890;10087676964;B
20240410;150151;164.66;1220;10087676965;B
20240410;150154;164.66;10;10087677275;S
20240410;150155;164.68;10;10087677342;B
20240410;150156;164.66;10;10087677348;S
20240410;150205;164.66;500;10087678316;S
20240410;150205;164.68;300;10087678321;B
20240410;150206;164.68;10;10087678401;B
20240410;150207;164.68;70;10087678419;B
20240410;150208;164.68;10;10087678487;B
20240410;150210;164.66;20;10087678633;S
20240410;150213;164.66;10;10087678807;S
20240410;150213;164.68;30;10087678855;B
20240410;150215;164.68;50;10087679036;B
20240410;150217;164.68;10;10087679200;B
20240410;150223;164.68;30;10087679600;B
20240410;150224;164.66;10;10087679684;S
20240410;150225;164.68;1970;10087679734;B
20240410;150225;164.68;420;10087679735;B
20240410;150225;164.68;900;10087679736;B
20240410;150225;164.68;70;10087679737;B
20240410;150225;164.68;10;10087679738;B
20240410;150225;164.7;1630;10087679739;B
20240410;150225;164.7;30;10087679740;B
20240410;150226;164.68;10;10087679811;S
20240410;150226;164.7;10;10087679812;B
20240410;150226;164.7;70;10087679826;B
20240410;150234;164.68;240;10087680336;S
20240410;150235;164.68;10;10087680500;S
20240410;150235;164.7;10;10087680501;B
20240410;150238;164.68;300;10087680658;S
20240410;150238;164.7;10;10087680678;B
20240410;150241;164.7;1180;10087681080;B
20240410;150241;164.7;40;10087681081;B
20240410;150241;164.7;10;10087681082;B
20240410;150241;164.7;10;10087681083;B
20240410;150241;164.7;10;10087681084;B
20240410;150241;164.7;1270;10087681085;B
20240410;150241;164.7;50;10087681086;B
20240410;150241;164.7;30;10087681087;B
20240410;150241;164.7;10;10087681088;B
20240410;150241;164.7;100;10087681089;B
20240410;150241;164.7;10;10087681090;B
20240410;150241;164.7;10;10087681091;B
20240410;150241;164.7;100;10087681092;B
20240410;150241;164.7;170;10087681093;B
20240410;150248;164.7;840;10087681540;B
20240410;150248;164.7;10;10087681541;B
20240410;150248;164.68;90;10087681554;S
20240410;150249;164.7;310;10087681582;B
20240410;150250;164.7;300;10087681668;B
20240410;150250;164.7;10;10087681669;B
20240410;150251;164.7;30;10087681805;B
20240410;150252;164.7;10;10087681884;B
20240410;150252;164.7;10;10087681917;B
20240410;150254;164.7;10;10087682116;B
20240410;150259;164.7;50;10087682533;B
20240410;150259;164.7;3250;10087682546;B
20240410;150259;164.7;30;10087682547;B
20240410;150259;164.72;100;10087682548;B
20240410;150259;164.72;10;10087682549;B
20240410;150259;164.72;40;10087682550;B
20240410;150259;164.72;10;10087682551;B
20240410;150259;164.72;10;10087682552;B
20240410;150259;164.72;10;10087682553;B
20240410;150259;164.74;10;10087682554;B
20240410;150259;164.74;10;10087682555;B
20240410;150259;164.74;5000;10087682556;B
20240410;150259;164.74;10;10087682557;B
20240410;150259;164.74;10;10087682558;B
20240410;150259;164.74;10;10087682559;B
20240410;150259;164.76;200;10087682560;B
20240410;150259;164.76;200;10087682561;B
20240410;150259;164.76;28090;10087682562;B
20240410;150300;164.76;10;10087682646;B
20240410;150300;164.76;20;10087682680;B
20240410;150300;164.76;10;10087682692;B
20240410;150300;164.76;50;10087682753;B
20240410;150304;164.76;4200;10087683039;B
20240410;150304;164.76;40;10087683101;B
20240410;150307;164.74;10;10087683600;B
20240410;150307;164.74;10;10087683660;B
20240410;150307;164.74;70;10087683682;B
20240410;150309;164.7;100;10087683837;S
20240410;150317;164.74;600;10087684448;B
20240410;150321;164.74;10;10087684835;B
20240410;150322;164.74;30;10087684916;B
20240410;150325;164.72;10;10087685091;S
20240410;150326;164.72;90;10087685197;S
20240410;150326;164.7;60;10087685198;S
20240410;150326;164.7;10;10087685199;S
20240410;150326;164.68;40;10087685200;S
20240410;150331;164.74;10;10087685617;B
20240410;150332;164.74;100;10087685690;B
20240410;150334;164.74;10;10087685785;B
20240410;150338;164.74;10;10087686201;B
20240410;150339;164.74;140;10087686209;B
20240410;150339;164.74;100;10087686210;B
20240410;150339;164.74;730;10087686211;B
20240410;150339;164.76;1030;10087686212;B
20240410;150341;164.76;1000;10087686416;B
20240410;150341;164.76;350;10087686441;B
20240410;150344;164.76;40;10087687084;B
20240410;150346;164.76;50;10087687265;B
20240410;150346;164.76;3500;10087687282;B
20240410;150346;164.76;10;10087687326;B
20240410;150349;164.76;10;10087687603;B
20240410;150351;164.76;100;10087687850;B
20240410;150351;164.74;370;10087687991;S
20240410;150352;164.76;150;10087688187;B
20240410;150353;164.76;10;10087688328;B
20240410;150353;164.74;200;10087688329;S
20240410;150354;164.76;20;10087688486;B
20240410;150355;164.76;10;10087688537;B
20240410;150355;164.72;20;10087688578;S
20240410;150356;164.72;20;10087688606;S
20240410;150357;164.76;90;10087688698;B
20240410;150357;164.76;300;10087688719;B
20240410;150400;164.72;10;10087689080;S
20240410;150400;164.76;10;10087689108;B
20240410;150400;164.76;50;10087689118;B
20240410;150400;164.76;80;10087689120;B
20240410;150401;164.74;10;10087689157;B
20240410;150402;164.72;50;10087689282;S
20240410;150403;164.74;10;10087689329;B
20240410;150405;164.72;10;10087689580;S
20240410;150407;164.72;500;10087689781;S
20240410;150407;164.74;10;10087689792;B
20240410;150407;164.74;30;10087689798;B
20240410;150409;164.74;10;10087689908;B
20240410;150409;164.74;10;10087689945;B
20240410;150409;164.74;200;10087689964;B
20240410;150410;164.72;10;10087690008;S
20240410;150410;164.72;90;10087690009;S
20240410;150413;164.74;100;10087690228;B
20240410;150415;164.74;30;10087690373;B
20240410;150417;164.74;10;10087690589;B
20240410;150417;164.76;70;10087690590;B
20240410;150420;164.76;330;10087690860;B
20240410;150421;164.76;2500;10087690945;B
20240410;150423;164.74;60;10087691116;S
20240410;150423;164.74;10;10087691186;S
20240410;150423;164.74;10;10087691187;B
20240410;150424;164.74;100;10087691260;B
20240410;150428;164.74;10;10087691586;B
20240410;150428;164.72;100;10087691624;S
20240410;150428;164.72;680;10087691625;S
20240410;150428;164.7;720;10087691626;S
20240410;150428;164.74;500;10087691649;B
20240410;150432;164.74;2000;10087691976;B
20240410;150434;164.72;100;10087692073;S
20240410;150434;164.74;40;10087692074;B
20240410;150434;164.74;10;10087692088;B
20240410;150434;164.74;10;10087692111;B
20240410;150436;164.74;10;10087692215;B
20240410;150437;164.74;300;10087692360;B
20240410;150437;164.76;1700;10087692361;B
20240410;150443;164.72;160;10087692967;S
20240410;150448;164.74;20;10087693507;B
20240410;150449;164.74;150;10087693654;B
20240410;150450;164.74;20;10087693693;B
20240410;150451;164.74;560;10087693783;B
20240410;150451;164.74;10;10087693784;B
20240410;150451;164.74;210;10087693785;B
20240410;150453;164.74;20;10087693976;B
20240410;150455;164.74;150;10087694085;B
20240410;150455;164.72;20;10087694096;S
20240410;150500;164.74;10;10087694540;B
20240410;150500;164.74;60;10087694563;B
20240410;150500;164.74;10;10087694602;B
20240410;150500;164.74;10;10087694616;B
20240410;150502;164.72;80;10087694820;S
20240410;150502;164.7;180;10087694821;S
20240410;150502;164.7;100;10087694822;S
20240410;150502;164.68;10;10087694823;S
20240410;150502;164.68;70;10087694824;S
20240410;150502;164.68;100;10087694825;S
20240410;150502;164.68;100;10087694826;S
20240410;150502;164.68;200;10087694827;S
20240410;150502;164.68;10;10087694828;S
20240410;150502;164.68;10;10087694829;S
20240410;150502;164.68;10;10087694830;S
20240410;150502;164.66;50;10087694831;S
20240410;150502;164.66;180;10087694832;S
20240410;150503;164.74;50;10087694887;B
20240410;150503;164.7;100;10087694927;B
20240410;150507;164.7;10;10087695319;B
20240410;150510;164.7;40;10087695577;B
20240410;150510;164.7;10;10087695578;B
20240410;150512;164.66;50;10087695695;S
20240410;150512;164.66;770;10087695721;S
20240410;150512;164.66;100;10087695722;S
20240410;150512;164.66;110;10087695723;S
20240410;150512;164.66;1800;10087695724;S
20240410;150512;164.66;10;10087695725;S
20240410;150512;164.66;150;10087695726;S
20240410;150512;164.66;60;10087695727;S
20240410;150512;164.7;10;10087695735;B
20240410;150512;164.68;20;10087695761;B
20240410;150516;164.68;10;10087696009;B
20240410;150518;164.66;140;10087696285;S
20240410;150518;164.66;200;10087696286;S
20240410;150518;164.64;250;10087696287;S
20240410;150518;164.64;10;10087696288;S
20240410;150518;164.62;400;10087696289;S
20240410;150519;164.66;150;10087696317;B
20240410;150519;164.68;50;10087696318;B
20240410;150519;164.66;20;10087696349;B
20240410;150519;164.66;70;10087696364;B
20240410;150519;164.68;120;10087696365;B
20240410;150519;164.68;10;10087696366;B
20240410;150520;164.64;70;10087696441;B
20240410;150520;164.64;10;10087696455;B
20240410;150523;164.62;80;10087696669;S
20240410;150523;164.62;1520;10087696686;S
20240410;150523;164.62;100;10087696687;S
20240410;150523;164.62;10;10087696688;S
20240410;150523;164.62;20;10087696689;S
20240410;150523;164.62;150;10087696690;S
20240410;150523;164.6;120;10087696691;S
20240410;150523;164.6;10;10087696692;S
20240410;150523;164.6;50;10087696693;S
20240410;150523;164.6;50;10087696694;S
20240410;150523;164.6;30;10087696695;S
20240410;150523;164.6;10;10087696696;S
20240410;150523;164.6;10;10087696697;S
20240410;150523;164.6;10;10087696698;S
20240410;150523;164.6;90;10087696699;S
20240410;150523;164.58;50;10087696700;S
20240410;150523;164.56;100;10087696701;S
20240410;150523;164.56;670;10087696702;S
20240410;150523;164.56;30;10087696740;S
20240410;150523;164.56;50;10087696741;S
20240410;150525;164.6;10;10087696841;B
20240410;150531;164.58;120;10087697360;B
20240410;150531;164.58;50;10087697361;B
20240410;150531;164.58;150;10087697362;B
20240410;150531;164.58;130;10087697363;B
20240410;150531;164.58;290;10087697366;B
20240410;150531;164.58;160;10087697367;B
20240410;150531;164.58;950;10087697373;B
20240410;150531;164.58;600;10087697374;B
20240410;150531;164.58;470;10087697375;B
20240410;150531;164.58;110;10087697376;B
20240410;150531;164.58;170;10087697379;B
20240410;150531;164.58;840;10087697380;B
20240410;150531;164.6;180;10087697381;B
20240410;150531;164.58;50;10087697385;B
20240410;150531;164.58;220;10087697387;B
20240410;150531;164.58;440;10087697389;B
20240410;150531;164.58;330;10087697391;B
20240410;150531;164.58;170;10087697393;B
20240410;150531;164.58;800;10087697396;B
20240410;150531;164.6;60;10087697397;B
20240410;150531;164.6;240;10087697398;B
20240410;150531;164.58;90;10087697399;B
20240410;150531;164.58;90;10087697400;B
20240410;150531;164.58;90;10087697401;B
20240410;150531;164.58;120;10087697405;B
20240410;150531;164.58;320;10087697406;B
20240410;150531;164.58;220;10087697408;B
20240410;150532;164.6;70;10087697412;B
20240410;150532;164.58;560;10087697415;B
20240410;150532;164.58;560;10087697418;B
20240410;150532;164.6;220;10087697419;B
20240410;150532;164.6;50;10087697421;B
20240410;150532;164.6;650;10087697423;B
20240410;150532;164.6;2650;10087697424;B
20240410;150532;164.6;50;10087697427;B
20240410;150532;164.6;1690;10087697429;B
20240410;150532;164.6;230;10087697430;B
20240410;150532;164.6;70;10087697432;B
20240410;150532;164.6;330;10087697433;B
20240410;150532;164.6;50;10087697434;B
20240410;150532;164.6;60;10087697435;B
20240410;150532;164.6;180;10087697436;B
20240410;150532;164.6;140;10087697438;B
20240410;150532;164.6;190;10087697441;B
20240410;150532;164.6;170;10087697442;B
20240410;150532;164.6;80;10087697444;B
20240410;150532;164.6;120;10087697445;B
20240410;150532;164.6;370;10087697447;B
20240410;150532;164.6;360;10087697448;B
20240410;150532;164.6;180;10087697449;B
20240410;150532;164.6;310;10087697452;B
20240410;150532;164.6;420;10087697454;B
20240410;150532;164.6;180;10087697456;B
20240410;150532;164.6;120;10087697460;B
20240410;150532;164.6;210;10087697461;B
20240410;150532;164.6;10;10087697464;B
20240410;150532;164.6;10;10087697466;B
20240410;150532;164.6;270;10087697467;B
20240410;150532;164.6;130;10087697469;B
20240410;150532;164.6;490;10087697471;B
20240410;150532;164.62;60;10087697472;B
20240410;150532;164.62;10;10087697473;B
20240410;150532;164.62;20;10087697475;B
20240410;150532;164.62;60;10087697476;B
20240410;150532;164.64;1220;10087697477;B
20240410;150532;164.64;20;10087697480;B
20240410;150532;164.64;10;10087697481;B
20240410;150532;164.64;160;10087697482;B
20240410;150532;164.64;110;10087697484;B
20240410;150532;164.64;180;10087697485;B
20240410;150532;164.64;250;10087697486;B
20240410;150532;164.68;140;10087697487;B
20240410;150532;164.68;100;10087697488;B
20240410;150532;164.68;260;10087697489;B
20240410;150532;164.68;240;10087697492;B
20240410;150532;164.68;10;10087697493;B
20240410;150532;164.68;300;10087697494;B
20240410;150532;164.68;80;10087697495;B
20240410;150532;164.7;10;10087697496;B
20240410;150532;164.7;460;10087697497;B
20240410;150532;164.7;40;10087697500;B
20240410;150532;164.72;200;10087697501;B
20240410;150532;164.72;70;10087697502;B
20240410;150532;164.72;70;10087697505;B
20240410;150532;164.72;60;10087697508;B
20240410;150532;164.72;250;10087697509;B
20240410;150532;164.72;10;10087697510;B
20240410;150532;164.72;270;10087697511;B
20240410;150532;164.72;10;10087697515;B
20240410;150532;164.72;20;10087697516;B
20240410;150532;164.74;350;10087697517;B
20240410;150532;164.74;230;10087697519;B
20240410;150532;164.74;560;10087697522;B
20240410;150532;164.74;560;10087697524;B
20240410;150532;164.74;560;10087697525;B
20240410;150532;164.74;300;10087697526;B
20240410;150532;164.74;100;10087697527;B
20240410;150532;164.74;30;10087697528;B
20240410;150532;164.74;430;10087697530;B
20240410;150532;164.74;10;10087697533;B
20240410;150532;164.74;910;10087697534;B
20240410;150532;164.74;510;10087697535;B
20240410;150532;164.74;920;10087697536;B
20240410;150532;164.74;220;10087697537;B
20240410;150532;164.74;360;10087697539;B
20240410;150532;164.74;430;10087697553;B
20240410;150532;164.74;10;10087697557;B
20240410;150532;164.74;90;10087697558;B
20240410;150532;164.74;540;10087697560;B
20240410;150532;164.74;270;10087697564;B
20240410;150532;164.74;360;10087697565;B
20240410;150532;164.74;270;10087697568;B
20240410;150533;164.74;90;10087697570;B
20240410;150533;164.74;270;10087697571;B
20240410;150533;164.74;280;10087697572;B
20240410;150533;164.74;10;10087697573;B
20240410;150533;164.74;10;10087697574;B
20240410;150533;164.76;240;10087697575;B
20240410;150533;164.76;310;10087697578;B
20240410;150533;164.76;370;10087697580;B
20240410;150533;164.76;100;10087697583;B
20240410;150533;164.76;170;10087697584;B
20240410;150533;164.76;540;10087697587;B
20240410;150533;164.76;540;10087697588;B
20240410;150533;164.76;180;10087697589;B
20240410;150533;164.76;250;10087697590;B
20240410;150533;164.76;230;10087697592;B
20240410;150533;164.76;540;10087697594;B
20240410;150533;164.76;30;10087697595;B
20240410;150533;164.76;340;10087697596;B
20240410;150533;164.76;480;10087697599;B
20240410;150533;164.76;530;10087697601;B
20240410;150533;164.76;260;10087697606;B
20240410;150533;164.76;510;10087697609;B
20240410;150533;164.76;250;10087697611;B
20240410;150533;164.76;220;10087697613;B
20240410;150533;164.76;170;10087697614;B
20240410;150533;164.76;50;10087697615;B
20240410;150533;164.76;50;10087697617;B
20240410;150533;164.76;530;10087697619;B
20240410;150533;164.76;240;10087697620;B
20240410;150533;164.76;160;10087697621;B
20240410;150533;164.76;260;10087697624;B
20240410;150533;164.76;80;10087697627;B
20240410;150533;164.76;300;10087697629;B
20240410;150533;164.76;620;10087697630;B
20240410;150533;164.76;210;10087697632;B
20240410;150533;164.76;170;10087697634;B
20240410;150533;164.76;180;10087697637;B
20240410;150533;164.76;260;10087697638;B
20240410;150533;164.76;400;10087697639;B
20240410;150533;164.76;260;10087697641;B
20240410;150533;164.76;50;10087697644;B
20240410;150533;164.76;880;10087697645;B
20240410;150533;164.76;260;10087697646;B
20240410;150533;164.76;80;10087697649;B
20240410;150533;164.76;90;10087697652;B
20240410;150533;164.76;90;10087697654;B
20240410;150533;164.76;1090;10087697655;B
20240410;150533;164.76;130;10087697656;B
20240410;150533;164.76;70;10087697658;B
20240410;150533;164.76;620;10087697660;B
20240410;150533;164.76;350;10087697661;B
20240410;150533;164.76;1070;10087697663;B
20240410;150533;164.76;170;10087697664;B
20240410;150533;164.76;260;10087697668;B
20240410;150533;164.76;60;10087697671;B
20240410;150533;164.76;50;10087697672;B
20240410;150533;164.76;80;10087697673;B
20240410;150533;164.76;130;10087697675;B
20240410;150533;164.76;130;10087697680;B
20240410;150533;164.76;130;10087697681;B
20240410;150533;164.76;220;10087697682;B
20240410;150533;164.76;130;10087697686;B
20240410;150533;164.76;130;10087697687;B
20240410;150533;164.76;220;10087697689;B
20240410;150533;164.76;880;10087697691;B
20240410;150533;164.76;100;10087697693;B
20240410;150533;164.76;130;10087697694;B
20240410;150533;164.76;110;10087697696;B
20240410;150533;164.76;50;10087697697;B
20240410;150533;164.76;880;10087697699;B
20240410;150533;164.76;530;10087697702;B
20240410;150534;164.76;100;10087697704;B
20240410;150534;164.76;30;10087697705;B
20240410;150534;164.76;10;10087697706;B
20240410;150534;164.76;490;10087697707;B
20240410;150534;164.76;350;10087697709;B
20240410;150534;164.76;10;10087697721;B
20240410;150534;164.76;50;10087697726;B
20240410;150534;164.76;400;10087697747;B
20240410;150535;164.76;370;10087697777;B
20240410;150535;164.76;100;10087697845;B
20240410;150536;164.76;30;10087697876;B
20240410;150540;164.76;600;10087698200;B
20240410;150541;164.74;50;10087698323;S
20240410;150541;164.74;1250;10087698324;S
20240410;150541;164.72;200;10087698325;S
20240410;150541;164.72;10;10087698326;S
20240410;150541;164.7;100;10087698327;S
20240410;150541;164.7;90;10087698328;S
20240410;150542;164.76;1000;10087698407;B
20240410;150542;164.76;400;10087698408;B
20240410;150542;164.68;150;10087698470;S
20240410;150542;164.68;970;10087698471;S
20240410;150546;164.74;100;10087698711;B
20240410;150546;164.74;150;10087698712;B
20240410;150546;164.74;20;10087698713;B
20240410;150546;164.74;500;10087698714;B
20240410;150546;164.76;15200;10087698715;B
20240410;150546;164.76;3030;10087698716;B
20240410;150546;164.7;100;10087698723;S
20240410;150546;164.7;150;10087698724;S
20240410;150546;164.68;10;10087698725;S
20240410;150546;164.68;340;10087698726;S
20240410;150546;164.68;20;10087698737;S
20240410;150547;164.68;20;10087698795;S
20240410;150552;164.74;10;10087699189;B
20240410;150553;164.74;10;10087699251;B
20240410;150554;164.72;200;10087699283;S
20240410;150554;164.7;1000;10087699284;S
20240410;150554;164.68;150;10087699285;S
20240410;150554;164.68;860;10087699286;B
20240410;150556;164.66;150;10087699444;B
20240410;150556;164.68;4980;10087699445;B
20240410;150559;164.66;10;10087699650;B
20240410;150600;164.62;10;10087699729;S
20240410;150600;164.6;1140;10087699730;S
20240410;150601;164.66;50;10087699792;B
20240410;150601;164.66;10;10087699826;B
20240410;150602;164.66;10;10087699840;B
20240410;150602;164.66;50;10087699856;B
20240410;150602;164.68;80;10087699857;B
20240410;150603;164.6;240;10087699906;S
20240410;150603;164.58;150;10087699907;S
20240410;150603;164.58;110;10087699908;S
20240410;150604;164.66;150;10087700020;B
20240410;150604;164.68;850;10087700021;B
20240410;150606;164.68;90;10087700151;B
20240410;150606;164.68;10;10087700193;B
20240410;150613;164.66;10;10087700787;S
20240410;150613;164.66;20;10087700796;B
20240410;150615;164.66;60;10087700892;B
20240410;150615;164.66;10;10087700944;B
20240410;150616;164.66;100;10087700984;B
20240410;150616;164.68;100;10087700985;B
20240410;150620;164.68;30;10087701259;B
20240410;150624;164.62;100;10087701506;S
20240410;150624;164.62;100;10087701507;S
20240410;150624;164.6;100;10087701508;S
20240410;150628;164.62;30;10087701858;B
20240410;150633;164.62;120;10087702212;B
20240410;150633;164.66;30;10087702213;B
20240410;150634;164.66;70;10087702280;B
20240410;150634;164.66;100;10087702281;B
20240410;150637;164.66;10;10087702479;S
20240410;150637;164.68;140;10087702498;B
20240410;150644;164.68;10;10087703052;B
20240410;150645;164.68;10;10087703141;B
20240410;150646;164.68;100;10087703156;B
20240410;150646;164.66;60;10087703175;S
20240410;150646;164.62;900;10087703176;S
20240410;150646;164.6;50;10087703177;S
20240410;150646;164.6;240;10087703178;S
20240410;150652;164.62;100;10087703627;S
20240410;150655;164.6;50;10087703980;S
20240410;150657;164.6;30;10087704344;S
20240410;150703;164.64;10;10087705058;B
20240410;150703;164.66;10;10087705059;B
20240410;150703;164.66;40;10087705114;B
20240410;150703;164.68;20;10087705115;B
20240410;150703;164.68;10;10087705136;B
20240410;150704;164.68;600;10087705249;B
20240410;150704;164.64;450;10087705251;S
20240410;150704;164.64;1220;10087705252;S
20240410;150704;164.64;1330;10087705253;S
20240410;150708;164.68;70;10087705679;B
20240410;150712;164.68;420;10087705999;B
20240410;150718;164.62;1800;10087706900;S
20240410;150719;164.64;20;10087706978;B
20240410;150723;164.64;60;10087707265;B
20240410;150723;164.64;140;10087707266;B
20240410;150723;164.62;3000;10087707312;S
20240410;150725;164.64;350;10087707435;B
20240410;150732;164.62;70;10087708198;S
20240410;150734;164.64;730;10087708321;B
20240410;150734;164.64;240;10087708322;B
20240410;150734;164.64;1710;10087708323;B
20240410;150739;164.64;10;10087708759;B
20240410;150740;164.64;10;10087708878;B
20240410;150741;164.64;200;10087709000;B
20240410;150742;164.64;10;10087709035;B
20240410;150743;164.64;50;10087709142;B
20240410;150746;164.64;170;10087709715;B
20240410;150747;164.62;50;10087709937;S
20240410;150752;164.64;20;10087710327;B
20240410;150752;164.64;10;10087710348;B
20240410;150753;164.64;10;10087710399;B
20240410;150753;164.64;20;10087710423;B
20240410;150756;164.62;2720;10087710637;S
20240410;150800;164.62;40;10087710945;S
20240410;150801;164.64;60;10087710980;B
20240410;150805;164.64;30;10087711469;B
20240410;150807;164.64;800;10087711647;B
20240410;150809;164.64;10;10087711876;B
20240410;150811;164.62;4980;10087712097;S
20240410;150811;164.62;20;10087712098;S
20240410;150813;164.64;10;10087712222;B
20240410;150817;164.64;40;10087712585;B
20240410;150823;164.64;20;10087713226;B
20240410;150824;164.64;100;10087713326;B
20240410;150824;164.62;130;10087713344;S
20240410;150824;164.6;370;10087713345;S
20240410;150825;164.62;50;10087713394;B
20240410;150825;164.6;30;10087713419;S
20240410;150827;164.6;10;10087713524;S
20240410;150827;164.6;20;10087713525;S
20240410;150827;164.6;10;10087713526;S
20240410;150827;164.56;60;10087713527;S
20240410;150829;164.56;30;10087713713;S
20240410;150829;164.6;150;10087713777;B
20240410;150829;164.6;1220;10087713778;B
20240410;150829;164.62;1480;10087713779;B
20240410;150829;164.62;1400;10087713780;B
20240410;150829;164.62;2820;10087713781;B
20240410;150829;164.64;2930;10087713782;B
20240410;150831;164.62;10;10087713889;B
20240410;150831;164.62;10;10087713923;B
20240410;150836;164.62;30;10087714406;B
20240410;150836;164.62;10;10087714413;B
20240410;150836;164.62;30;10087714423;B
20240410;150841;164.62;10;10087714864;B
20240410;150845;164.62;10;10087715185;B
20240410;150845;164.58;20;10087715219;S
20240410;150846;164.62;10;10087715318;B
20240410;150848;164.62;10;10087715464;B
20240410;150848;164.62;10;10087715465;B
20240410;150849;164.62;100;10087715561;B
20240410;150849;164.62;10;10087715575;B
20240410;150851;164.62;10;10087715731;B
20240410;150853;164.64;30;10087715964;B
20240410;150857;164.64;50;10087716324;B
20240410;150900;164.6;750;10087716571;S
20240410;150901;164.64;60;10087716619;B
20240410;150901;164.64;10;10087716634;B
20240410;150902;164.64;30;10087716720;B
20240410;150902;164.64;30;10087716721;B
20240410;150902;164.64;20;10087716789;B
20240410;150904;164.64;10;10087716954;B
20240410;150906;164.6;150;10087717081;S
20240410;150906;164.62;1530;10087717115;B
20240410;150906;164.64;40;10087717116;B
20240410;150906;164.64;300;10087717117;B
20240410;150906;164.64;100;10087717118;B
20240410;150906;164.64;60;10087717119;B
20240410;150906;164.64;300;10087717120;B
20240410;150906;164.64;5000;10087717121;B
20240410;150906;164.64;700;10087717122;B
20240410;150906;164.66;100;10087717123;B
20240410;150906;164.66;1930;10087717124;B
20240410;150906;164.66;870;10087717125;B
20240410;150906;164.68;470;10087717126;B
20240410;150906;164.68;200;10087717127;B
20240410;150906;164.7;10;10087717128;B
20240410;150906;164.7;980;10087717129;B
20240410;150906;164.72;110;10087717130;B
20240410;150906;164.72;100;10087717131;B
20240410;150906;164.72;40;10087717132;B
20240410;150906;164.72;10;10087717133;B
20240410;150906;164.72;270;10087717134;B
20240410;150906;164.72;2780;10087717135;B
20240410;150906;164.72;790;10087717136;B
20240410;150906;164.74;1230;10087717137;B
20240410;150906;164.74;430;10087717140;B
20240410;150906;164.74;500;10087717141;B
20240410;150906;164.74;10;10087717142;B
20240410;150906;164.74;300;10087717143;B
20240410;150906;164.76;4020;10087717144;B
20240410;150906;164.76;5230;10087717146;B
20240410;150906;164.76;3650;10087717148;B
20240410;150906;164.76;3290;10087717150;B
20240410;150906;164.76;2420;10087717155;B
20240410;150906;164.76;2270;10087717157;B
20240410;150906;164.76;2190;10087717163;B
20240410;150907;164.76;1870;10087717171;B
20240410;150907;164.76;1840;10087717174;B
20240410;150907;164.76;1750;10087717177;B
20240410;150907;164.76;1670;10087717181;B
20240410;150907;164.76;1450;10087717184;B
20240410;150907;164.76;1310;10087717185;B
20240410;150907;164.76;1280;10087717187;B
20240410;150907;164.76;1230;10087717189;B
20240410;150907;164.76;1170;10087717192;B
20240410;150907;164.76;1120;10087717194;B
20240410;150907;164.76;1100;10087717195;B
20240410;150907;164.76;1050;10087717199;B
20240410;150907;164.76;960;10087717202;B
20240410;150907;164.74;960;10087717207;B
20240410;150907;164.74;740;10087717208;B
20240410;150907;164.76;190;10087717209;B
20240410;150907;164.76;890;10087717212;B
20240410;150907;164.76;860;10087717216;B
20240410;150907;164.76;830;10087717218;B
20240410;150907;164.76;780;10087717223;B
20240410;150907;164.76;740;10087717226;B
20240410;150907;164.76;680;10087717229;B
20240410;150907;164.76;670;10087717231;B
20240410;150907;164.76;650;10087717232;B
20240410;150907;164.76;600;10087717233;B
20240410;150907;164.76;590;10087717237;B
20240410;150907;164.76;580;10087717238;B
20240410;150907;164.76;570;10087717241;B
20240410;150907;164.76;560;10087717246;B
20240410;150907;164.76;560;10087717248;B
20240410;150907;164.76;530;10087717251;B
20240410;150907;164.76;520;10087717255;B
20240410;150907;164.76;480;10087717257;B
20240410;150907;164.76;460;10087717259;B
20240410;150907;164.76;460;10087717262;B
20240410;150907;164.76;460;10087717265;B
20240410;150907;164.76;450;10087717267;B
20240410;150907;164.76;450;10087717270;B
20240410;150907;164.76;440;10087717273;B
20240410;150907;164.76;420;10087717277;B
20240410;150907;164.76;410;10087717279;B
20240410;150907;164.76;400;10087717280;B
20240410;150907;164.76;390;10087717281;B
20240410;150907;164.76;380;10087717282;B
20240410;150908;164.76;370;10087717287;B
20240410;150908;164.76;370;10087717290;B
20240410;150908;164.76;370;10087717292;B
20240410;150908;164.76;370;10087717294;B
20240410;150908;164.76;360;10087717296;B
20240410;150908;164.76;360;10087717299;B
20240410;150908;164.76;350;10087717301;B
20240410;150908;164.76;350;10087717302;B
20240410;150908;164.76;350;10087717306;B
20240410;150908;164.76;340;10087717308;B
20240410;150908;164.76;330;10087717310;B
20240410;150908;164.76;310;10087717319;B
20240410;150908;164.76;290;10087717320;B
20240410;150908;164.76;280;10087717321;B
20240410;150908;164.76;280;10087717324;B
20240410;150908;164.76;280;10087717326;B
20240410;150908;164.76;270;10087717330;B
20240410;150908;164.76;270;10087717332;B
20240410;150908;164.76;270;10087717333;B
20240410;150908;164.76;260;10087717335;B
20240410;150908;164.76;260;10087717337;B
20240410;150908;164.76;260;10087717342;B
20240410;150908;164.76;250;10087717343;B
20240410;150908;164.76;250;10087717344;B
20240410;150908;164.76;220;10087717348;B
20240410;150908;164.76;190;10087717354;B
20240410;150908;164.76;150;10087717356;B
20240410;150908;164.76;40;10087717357;B
20240410;150908;164.76;180;10087717359;B
20240410;150908;164.76;80;10087717360;B
20240410;150908;164.76;100;10087717361;B
20240410;150908;164.76;180;10087717365;B
20240410;150908;164.76;20;10087717369;B
20240410;150908;164.76;100;10087717370;B
20240410;150908;164.76;10;10087717371;B
20240410;150908;164.78;90;10087717375;B
20240410;150908;164.8;40;10087717376;B
20240410;150908;164.8;600;10087717377;B
20240410;150908;164.8;270;10087717378;B
20240410;150908;164.8;20;10087717384;B
20240410;150908;164.8;2000;10087717454;B
20240410;150909;164.8;600;10087717478;B
20240410;150909;164.8;1000;10087717488;B
20240410;150909;164.8;2000;10087717556;B
20240410;150910;164.8;610;10087717589;B
20240410;150912;164.78;10;10087717830;S
20240410;150914;164.8;10;10087718017;B
20240410;150915;164.8;30;10087718150;B
20240410;150917;164.78;700;10087718296;S
20240410;150923;164.78;510;10087718877;S
20240410;150923;164.78;100;10087718878;S
20240410;150923;164.78;360;10087718879;S
20240410;150924;164.8;6000;10087718915;B
20240410;150924;164.8;10;10087718946;B
20240410;150924;164.78;500;10087718997;S
20240410;150925;164.8;350;10087719054;B
20240410;150925;164.8;50;10087719055;B
20240410;150926;164.8;450;10087719156;B
20240410;150926;164.8;10;10087719157;B
20240410;150926;164.8;10;10087719158;B
20240410;150926;164.8;170;10087719159;B
20240410;150926;164.8;10;10087719160;B
20240410;150926;164.8;10;10087719161;B
20240410;150926;164.8;100;10087719162;B
20240410;150926;164.8;2900;10087719163;B
20240410;150926;164.8;20;10087719164;B
20240410;150926;164.8;100;10087719165;B
20240410;150926;164.8;50;10087719166;B
20240410;150926;164.8;1750;10087719167;B
20240410;150926;164.8;1060;10087719168;B
20240410;150928;164.8;100;10087719298;B
20240410;150928;164.8;100;10087719309;B
20240410;150929;164.8;20;10087719381;B
20240410;150929;164.82;80;10087719382;B
20240410;150930;164.82;10;10087719468;B
20240410;150930;164.82;10;10087719469;B
20240410;150930;164.82;40;10087719470;B
20240410;150930;164.82;10;10087719507;B
20240410;150930;164.82;10;10087719508;B
20240410;150930;164.82;1760;10087719509;B
20240410;150930;164.82;900;10087719510;B
20240410;150930;164.82;200;10087719511;B
20240410;150930;164.82;20;10087719512;B
20240410;150930;164.82;100;10087719513;B
20240410;150931;164.82;20;10087719570;B
20240410;150932;164.82;100;10087719637;B
20240410;150932;164.82;100;10087719654;B
20240410;150933;164.8;10;10087719701;S
20240410;150933;164.82;100;10087719771;B
20240410;150933;164.8;10;10087719783;S
20240410;150934;164.82;20;10087719814;B
20240410;150934;164.82;190;10087719843;B
20240410;150934;164.82;20;10087719854;B
20240410;150935;164.8;10;10087719900;S
20240410;150937;164.82;200;10087720084;B
20240410;150937;164.82;10;10087720086;B
20240410;150938;164.82;10;10087720185;B
20240410;150939;164.82;300;10087720264;B
20240410;150940;164.8;10;10087720424;S
20240410;150943;164.82;50;10087720653;B
20240410;150944;164.8;10;10087720748;S
20240410;150944;164.82;40;10087720773;B
20240410;150946;164.82;30;10087720890;B
20240410;150951;164.82;10;10087721476;B
20240410;150951;164.8;10;10087721502;S
20240410;150952;164.8;220;10087721568;S
20240410;150952;164.8;280;10087721569;S
20240410;150953;164.82;30;10087721663;B
20240410;150956;164.82;10;10087721880;B
20240410;150956;164.82;90;10087721881;B
20240410;150957;164.8;350;10087721965;S
20240410;150957;164.82;10;10087722018;B
20240410;150958;164.82;10;10087722110;B
20240410;150959;164.82;90;10087722260;B
20240410;150959;164.82;100;10087722261;B
20240410;150959;164.82;310;10087722262;B
20240410;151001;164.82;30;10087722433;B
20240410;151002;164.82;10;10087722539;B
20240410;151002;164.82;60;10087722568;B
20240410;151003;164.8;30;10087722693;S
20240410;151004;164.82;10;10087722745;B
20240410;151005;164.82;10;10087722947;B
20240410;151006;164.8;100;10087722993;S
20240410;151006;164.82;2350;10087723005;B
20240410;151006;164.82;100;10087723006;B
20240410;151006;164.82;100;10087723007;B
20240410;151006;164.82;100;10087723008;B
20240410;151006;164.82;100;10087723009;B
20240410;151006;164.82;100;10087723010;B
20240410;151006;164.82;150;10087723011;B
20240410;151006;164.82;10;10087723047;B
20240410;151007;164.82;10;10087723138;B
20240410;151007;164.82;250;10087723161;B
20240410;151009;164.8;200;10087723309;S
20240410;151011;164.82;10;10087723535;B
20240410;151011;164.8;500;10087723554;S
20240410;151011;164.8;30;10087723567;S
20240410;151014;164.82;10;10087723889;B
20240410;151015;164.8;10;10087724026;S
20240410;151017;164.8;10;10087724194;S
20240410;151017;164.82;10;10087724213;B
20240410;151019;164.82;160;10087724548;B
20240410;151019;164.82;10;10087724561;B
20240410;151020;164.82;10;10087724720;B
20240410;151020;164.82;10;10087724795;B
20240410;151021;164.8;90;10087724840;S
20240410;151021;164.8;10;10087724841;S
20240410;151021;164.8;300;10087724842;S
20240410;151021;164.82;10;10087724894;B
20240410;151021;164.82;20;10087724944;B
20240410;151023;164.82;20;10087725414;B
20240410;151026;164.82;680;10087725801;B
20240410;151026;164.82;100;10087725802;B
20240410;151026;164.82;20;10087725803;B
20240410;151026;164.82;20;10087725805;B
20240410;151026;164.8;10;10087725816;S
20240410;151028;164.82;10;10087726081;B
20240410;151028;164.82;10;10087726090;B
20240410;151029;164.82;10;10087726195;B
20240410;151031;164.8;10;10087726518;S
20240410;151031;164.8;100;10087726539;S
20240410;151032;164.8;100;10087726579;S
20240410;151032;164.82;30;10087726600;B
20240410;151032;164.82;100;10087726601;B
20240410;151032;164.82;100;10087726602;B
20240410;151032;164.82;20;10087726603;B
20240410;151032;164.82;100;10087726604;B
20240410;151032;164.82;3000;10087726605;B
20240410;151032;164.82;10;10087726606;B
20240410;151032;164.84;50;10087726607;B
20240410;151032;164.84;10;10087726608;B
20240410;151032;164.84;110;10087726609;B
20240410;151032;164.84;40;10087726610;B
20240410;151032;164.84;50;10087726611;B
20240410;151032;164.86;100;10087726612;B
20240410;151032;164.86;10;10087726613;B
20240410;151032;164.86;30;10087726614;B
20240410;151032;164.86;100;10087726615;B
20240410;151032;164.86;500;10087726616;B
20240410;151032;164.86;260;10087726617;B
20240410;151032;164.86;30;10087726618;B
20240410;151032;164.88;250;10087726627;B
20240410;151033;164.86;10;10087726686;S
20240410;151033;164.88;50;10087726693;B
20240410;151033;164.88;450;10087726694;B
20240410;151034;164.88;10;10087726837;B
20240410;151034;164.88;10;10087726839;B
20240410;151035;164.88;10;10087726916;B
20240410;151036;164.88;10;10087727033;B
20240410;151038;164.86;6560;10087727229;S
20240410;151038;164.88;500;10087727263;B
20240410;151038;164.88;500;10087727264;B
20240410;151039;164.88;10;10087727316;S
20240410;151039;164.88;190;10087727317;S
20240410;151039;164.86;50;10087727338;S
20240410;151040;164.88;10;10087727390;B
20240410;151042;164.88;20;10087727594;B
20240410;151042;164.86;100;10087727604;S
20240410;151043;164.88;20;10087727694;B
20240410;151044;164.86;20;10087727774;S
20240410;151044;164.88;10;10087727794;B
20240410;151044;164.9;200;10087727795;B
20240410;151044;164.9;790;10087727796;B
20240410;151046;164.9;300;10087727976;B
20240410;151048;164.88;40;10087728105;S
20240410;151053;164.88;200;10087728627;B
20240410;151053;164.9;800;10087728628;B
20240410;151053;164.9;30;10087728643;B
20240410;151055;164.88;10;10087728789;B
20240410;151056;164.88;190;10087728914;B
20240410;151056;164.88;120;10087728915;B
20240410;151056;164.9;8080;10087728916;B
20240410;151056;164.9;1000;10087728917;B
20240410;151056;164.9;10;10087728918;B
20240410;151056;164.9;1850;10087728919;B
20240410;151058;164.9;150;10087729145;B
20240410;151058;164.9;10;10087729168;B
20240410;151058;164.9;10;10087729194;B
20240410;151059;164.9;10;10087729335;B
20240410;151101;164.9;10;10087729446;B
20240410;151102;164.9;10;10087729555;B
20240410;151102;164.9;60;10087729599;B
20240410;151102;164.9;30;10087729654;B
20240410;151103;164.9;30;10087729812;B
20240410;151107;164.9;10;10087730350;B
20240410;151107;164.88;20;10087730378;S
20240410;151107;164.9;10;10087730391;B
20240410;151110;164.9;1000;10087730843;B
20240410;151111;164.88;100;10087730912;S
20240410;151111;164.9;10;10087730931;B
20240410;151112;164.9;10;10087731085;B
20240410;151113;164.9;2000;10087731196;B
20240410;151113;164.88;100;10087731236;S
20240410;151113;164.88;350;10087731246;S
20240410;151114;164.88;680;10087731285;S
20240410;151114;164.88;30;10087731286;S
20240410;151114;164.88;110;10087731287;S
20240410;151114;164.86;12920;10087731288;S
20240410;151115;164.88;100;10087731439;B
20240410;151116;164.86;250;10087731603;S
20240410;151119;164.86;5000;10087731930;S
20240410;151119;164.86;200;10087731933;S
20240410;151119;164.88;10;10087731940;B
20240410;151126;164.88;100;10087733981;B
20240410;151127;164.88;10;10087734072;B
20240410;151129;164.88;10;10087734294;B
20240410;151130;164.88;60;10087734420;B
20240410;151130;164.88;510;10087734421;B
20240410;151130;164.88;40;10087734422;B
20240410;151130;164.88;50;10087734423;B
20240410;151131;164.88;70;10087734530;S
20240410;151131;164.88;70;10087734586;S
20240410;151131;164.86;20;10087734587;S
20240410;151132;164.9;10;10087734690;B
20240410;151138;164.88;500;10087735305;B
20240410;151145;164.9;300;10087735976;B
20240410;151148;164.9;200;10087736352;B
20240410;151155;164.9;350;10087736975;B
20240410;151155;164.9;100;10087737051;B
20240410;151155;164.88;160;10087737062;S
20240410;151155;164.9;500;10087737067;B
20240410;151156;164.9;10;10087737082;B
20240410;151156;164.88;10;10087737177;S
20240410;151157;164.9;10;10087737185;B
20240410;151159;164.9;10;10087737399;B
20240410;151159;164.88;200;10087737423;S
20240410;151159;164.88;50;10087737459;S
20240410;151159;164.9;30;10087737485;B
20240410;151200;164.9;10;10087737502;B
20240410;151200;164.9;10;10087737649;B
20240410;151201;164.9;70;10087737659;B
20240410;151201;164.9;20;10087737671;B
20240410;151203;164.88;70;10087737813;S
20240410;151203;164.9;150;10087737850;B
20240410;151203;164.9;10;10087737893;B
20240410;151205;164.9;300;10087738088;B
20240410;151205;164.9;50;10087738107;B
20240410;151207;164.9;100;10087738245;B
20240410;151209;164.88;10;10087738344;S
20240410;151210;164.9;10;10087738436;B
20240410;151212;164.88;10;10087738631;S
20240410;151212;164.86;20;10087738632;S
20240410;151216;164.86;10;10087738924;S
20240410;151217;164.88;100;10087739048;B
20240410;151217;164.86;50;10087739050;S
20240410;151222;164.88;40;10087739578;B
20240410;151225;164.88;10;10087739783;B
20240410;151227;164.88;240;10087739953;B
20240410;151227;164.9;540;10087739954;B
20240410;151227;164.9;220;10087739955;B
20240410;151227;164.86;60;10087739965;S
20240410;151228;164.9;10;10087740079;B
20240410;151229;164.88;40;10087740209;B
20240410;151229;164.9;60;10087740210;B
20240410;151229;164.9;410;10087740212;B
20240410;151229;164.9;90;10087740213;B
20240410;151229;164.86;1500;10087740219;S
20240410;151230;164.86;100;10087740283;S
20240410;151237;164.88;10;10087740902;B
20240410;151237;164.9;10;10087740935;B
20240410;151238;164.86;20;10087741044;S
20240410;151241;164.88;20;10087741312;B
20240410;151242;164.88;10;10087741402;B
20240410;151242;164.88;10;10087741451;B
20240410;151246;164.88;40;10087741810;B
20240410;151246;164.9;70;10087741811;B
20240410;151250;164.88;650;10087742073;S
20240410;151250;164.86;6350;10087742074;S
20240410;151253;164.88;10;10087742275;B
20240410;151257;164.86;160;10087742613;S
20240410;151258;164.88;10;10087742710;B
20240410;151301;164.86;10;10087742920;S
20240410;151301;164.88;10;10087742976;B
20240410;151302;164.88;10;10087742996;B
20240410;151302;164.88;10;10087742997;B
20240410;151302;164.88;50;10087742998;B
20240410;151302;164.88;1950;10087743054;B
20240410;151302;164.88;10;10087743055;B
20240410;151302;164.88;120;10087743056;B
20240410;151305;164.88;90;10087743253;S
20240410;151307;164.9;30;10087743468;B
20240410;151308;164.9;900;10087743476;B
20240410;151308;164.9;100;10087743477;B
20240410;151308;164.9;10;10087743478;B
20240410;151308;164.9;110;10087743479;B
20240410;151308;164.9;20;10087743494;B
20240410;151311;164.9;70;10087743787;B
20240410;151311;164.9;10;10087743788;B
20240410;151311;164.9;30;10087743789;B
20240410;151311;164.9;50;10087743790;B
20240410;151311;164.9;100;10087743791;B
20240410;151311;164.9;40;10087743792;B
20240410;151313;164.88;150;10087743966;S
20240410;151317;164.88;10;10087744337;S
20240410;151323;164.88;20;10087744841;S
20240410;151324;164.9;50;10087744968;B
20240410;151326;164.9;20;10087745089;B
20240410;151326;164.88;2650;10087745111;S
20240410;151326;164.86;2930;10087745112;S
20240410;151326;164.86;400;10087745113;S
20240410;151326;164.88;500;10087745146;B
20240410;151326;164.9;290;10087745147;B
20240410;151326;164.9;10;10087745148;B
20240410;151326;164.9;10;10087745149;B
20240410;151326;164.9;10;10087745150;B
20240410;151326;164.9;10;10087745151;B
20240410;151326;164.9;170;10087745152;B
20240410;151326;164.86;10;10087745164;S
20240410;151327;164.86;3000;10087745262;S
20240410;151328;164.88;300;10087745283;B
20240410;151328;164.9;10;10087745317;B
20240410;151328;164.9;10;10087745322;B
20240410;151328;164.9;10;10087745324;B
20240410;151328;164.9;40;10087745329;B
20240410;151331;164.9;290;10087745500;B
20240410;151331;164.88;190;10087745502;B
20240410;151332;164.88;50;10087745581;B
20240410;151336;164.88;10;10087745872;B
20240410;151336;164.88;20;10087745873;B
20240410;151336;164.9;70;10087745874;B
20240410;151339;164.86;30;10087746115;S
20240410;151339;164.88;10;10087746174;B
20240410;151339;164.88;10;10087746220;B
20240410;151342;164.88;10;10087746393;B
20240410;151344;164.88;100;10087746582;B
20240410;151344;164.9;950;10087746583;B
20240410;151347;164.9;20;10087746811;B
20240410;151349;164.9;10;10087746947;B
20240410;151349;164.9;50;10087746965;B
20240410;151349;164.9;720;10087746966;B
20240410;151350;164.9;120;10087747072;B
20240410;151352;164.86;20;10087747203;S
20240410;151404;164.88;500;10087748451;B
20240410;151404;164.9;160;10087748452;B
20240410;151404;164.9;250;10087748453;B
20240410;151404;164.9;20430;10087748454;B
20240410;151405;164.9;10;10087748486;B
20240410;151405;164.9;30;10087749252;B
20240410;151405;164.9;70;10087749303;B
20240410;151407;164.88;10;10087749732;S
20240410;151407;164.9;60;10087749779;B
20240410;151410;164.86;960;10087750103;S
20240410;151412;164.88;10;10087750226;B
20240410;151415;164.9;800;10087751427;B
20240410;151416;164.9;1000;10087751518;B
20240410;151418;164.88;10;10087752116;S
20240410;151418;164.86;40;10087752117;S
20240410;151421;164.88;30;10087752637;B
20240410;151422;164.88;70;10087752829;B
20240410;151422;164.88;30;10087752830;B
20240410;151422;164.9;1900;10087752831;B
20240410;151423;164.86;250;10087752861;S
20240410;151423;164.86;3300;10087752924;S
20240410;151423;164.86;100;10087752925;S
20240410;151423;164.86;10;10087752926;S
20240410;151423;164.86;100;10087752927;S
20240410;151423;164.86;10;10087752928;S
20240410;151423;164.86;10;10087752929;S
20240410;151423;164.86;100;10087752930;S
20240410;151423;164.86;100;10087752931;S
20240410;151423;164.86;10;10087752932;S
20240410;151423;164.86;100;10087752933;S
20240410;151423;164.86;10;10087752934;S
20240410;151423;164.86;60;10087752935;S
20240410;151423;164.86;30;10087752936;S
20240410;151423;164.86;10;10087752937;S
20240410;151423;164.86;90;10087752938;S
20240410;151423;164.86;40;10087752939;S
20240410;151425;164.86;600;10087753279;B
20240410;151426;164.86;10;10087753486;B
20240410;151427;164.84;150;10087753575;S
20240410;151427;164.84;100;10087753576;S
20240410;151427;164.82;10;10087753577;S
20240410;151427;164.82;20;10087753578;S
20240410;151427;164.82;30;10087753579;S
20240410;151427;164.82;370;10087753580;S
20240410;151427;164.8;100;10087753581;S
20240410;151427;164.8;10;10087753582;S
20240410;151427;164.8;10;10087753583;S
20240410;151427;164.8;50;10087753584;S
20240410;151427;164.8;100;10087753585;S
20240410;151427;164.8;550;10087753586;S
20240410;151428;164.86;90;10087753856;B
20240410;151428;164.86;250;10087753857;B
20240410;151428;164.86;150;10087753858;B
20240410;151428;164.86;50;10087753859;B
20240410;151428;164.86;500;10087753860;B
20240410;151428;164.88;2000;10087753861;B
20240410;151428;164.88;250;10087753862;B
20240410;151428;164.88;550;10087753863;B
20240410;151428;164.9;9200;10087753864;B
20240410;151428;164.9;10;10087753865;B
20240410;151428;164.9;10;10087753866;B
20240410;151428;164.9;400;10087753867;B
20240410;151428;164.9;9300;10087753868;B
20240410;151428;164.9;19310;10087753869;B
20240410;151428;164.9;250;10087753870;B
20240410;151428;164.9;60;10087753871;B
20240410;151428;164.9;3310;10087753872;B
20240410;151428;164.92;10;10087753873;B
20240410;151428;164.92;50;10087753874;B
20240410;151428;164.92;4130;10087753875;B
20240410;151428;164.92;10;10087753876;B
20240410;151428;164.92;10;10087753877;B
20240410;151428;164.92;100;10087753878;B
20240410;151432;164.92;30;10087754619;B
20240410;151433;164.9;120;10087754900;B
20240410;151437;164.9;30;10087755463;B
20240410;151438;164.88;100;10087755644;S
20240410;151438;164.84;200;10087755645;S
20240410;151438;164.84;1760;10087755646;S
20240410;151438;164.82;250;10087755647;S
20240410;151438;164.82;1530;10087755648;S
20240410;151438;164.82;1000;10087755649;S
20240410;151438;164.82;1220;10087755650;S
20240410;151438;164.8;5790;10087755651;S
20240410;151442;164.9;100;10087756388;B
20240410;151442;164.9;250;10087756389;B
20240410;151442;164.92;1260;10087756390;B
20240410;151443;164.92;44580;10087756518;B
20240410;151443;164.94;50;10087756519;B
20240410;151443;164.94;20;10087756520;B
20240410;151443;164.94;200;10087756521;B
20240410;151443;164.94;200;10087756522;B
20240410;151443;164.94;10;10087756523;B
20240410;151443;164.94;200;10087756524;B
20240410;151443;164.96;30;10087756525;B
20240410;151443;164.96;150;10087756526;B
20240410;151443;164.96;190;10087756527;B
20240410;151443;164.96;10;10087756528;B
20240410;151443;164.96;400;10087756529;B
20240410;151443;164.96;900;10087756530;B
20240410;151443;164.96;280;10087756531;B
20240410;151443;164.98;20;10087756532;B
20240410;151443;164.98;40;10087756533;B
20240410;151443;164.98;2000;10087756534;B
20240410;151443;164.98;50;10087756535;B
20240410;151443;164.98;10;10087756536;B
20240410;151443;164.98;50;10087756537;B
20240410;151443;164.98;10;10087756538;B
20240410;151443;164.98;150;10087756539;B
20240410;151443;164.98;50;10087756540;B
20240410;151443;164.98;100;10087756541;B
20240410;151443;164.98;100;10087756542;B
20240410;151443;164.98;10;10087756543;B
20240410;151443;164.98;50;10087756544;B
20240410;151443;164.98;10;10087756545;B
20240410;151443;164.98;100;10087756546;B
20240410;151443;164.98;50;10087756547;B
20240410;151443;164.98;10;10087756548;B
20240410;151443;164.98;590;10087756549;B
20240410;151443;164.98;1000;10087756550;B
20240410;151443;164.98;90;10087756551;B
20240410;151443;165;10;10087756552;B
20240410;151443;165;40;10087756553;B
20240410;151443;165;1300;10087756554;B
20240410;151443;165;61000;10087756555;B
20240410;151443;165;100;10087756556;B
20240410;151443;165;10;10087756557;B
20240410;151443;165;1000;10087756558;B
20240410;151443;165;1700;10087756559;B
20240410;151443;165;80;10087756560;B
20240410;151443;165;20;10087756561;B
20240410;151443;165;10;10087756562;B
20240410;151443;165;10;10087756563;B
20240410;151443;165;20;10087756564;B
20240410;151443;165;10;10087756565;B
20240410;151443;165;7500;10087756566;B
20240410;151443;165;50;10087756567;B
20240410;151443;165;200;10087756568;B
20240410;151443;165;1000;10087756569;B
20240410;151443;165;10;10087756570;B
20240410;151443;165;10;10087756571;B
20240410;151443;165;20;10087756572;B
20240410;151443;165;10;10087756573;B
20240410;151443;165;50;10087756574;B
20240410;151443;165;10;10087756575;B
20240410;151443;165;1000;10087756576;B
20240410;151443;165;500;10087756577;B
20240410;151443;165;100;10087756578;B
20240410;151443;165;10;10087756579;B
20240410;151443;165;100;10087756580;B
20240410;151443;165;100;10087756581;B
20240410;151443;165;200;10087756582;B
20240410;151443;165;13000;10087756583;B
20240410;151443;165;600;10087756584;B
20240410;151443;165;1100;10087756585;B
20240410;151443;165;500;10087756586;B
20240410;151443;165;120;10087756587;B
20240410;151443;165;40;10087756588;B
20240410;151443;165;10;10087756589;B
20240410;151443;165;180;10087756590;B
20240410;151443;165;10;10087756591;B
20240410;151443;165;10;10087756592;B
20240410;151443;165;100;10087756593;B
20240410;151443;165;70;10087756594;B
20240410;151443;165;90;10087756595;B
20240410;151443;165;10;10087756596;B
20240410;151443;165;200;10087756597;B
20240410;151443;165;120;10087756598;B
20240410;151443;165;150;10087756599;B
20240410;151443;165;10;10087756600;B
20240410;151443;165;200;10087756601;B
20240410;151443;165;100;10087756602;B
20240410;151443;165;10;10087756603;B
20240410;151443;165;50;10087756604;B
20240410;151443;165;10;10087756605;B
20240410;151443;165;500;10087756606;B
20240410;151443;165;20;10087756607;B
20240410;151443;165;800;10087756608;B
20240410;151443;165;500;10087756609;B
20240410;151443;165;100;10087756610;B
20240410;151443;165;200;10087756611;B
20240410;151443;165;100;10087756612;B
20240410;151443;165;150;10087756613;B
20240410;151443;165;110;10087756614;B
20240410;151443;165;50;10087756615;B
20240410;151443;165;10;10087756616;B
20240410;151443;165;300;10087756617;B
20240410;151443;165;5000;10087756618;B
20240410;151443;165;800;10087756619;B
20240410;151443;165;30;10087756620;B
20240410;151443;165;10;10087756621;B
20240410;151443;165;2000;10087756622;B
20240410;151443;165;200;10087756623;B
20240410;151443;165;100;10087756624;B
20240410;151443;165;50;10087756625;B
20240410;151443;165;1900;10087756626;B
20240410;151443;165;40;10087756627;B
20240410;151443;165;150;10087756628;B
20240410;151443;165;200;10087756629;B
20240410;151443;165;400;10087756630;B
20240410;151443;165;50;10087756631;B
20240410;151443;165;300;10087756632;B
20240410;151443;165;100;10087756633;B
20240410;151443;165;100;10087756634;B
20240410;151443;165;200;10087756635;B
20240410;151443;165;800;10087756636;B
20240410;151443;165;100;10087756637;B
20240410;151443;165;400;10087756638;B
20240410;151443;165;10;10087756639;B
20240410;151443;165;4200;10087756640;B
20240410;151443;165;100;10087756641;B
20240410;151443;165;10;10087756642;B
20240410;151443;165;100;10087756643;B
20240410;151443;165;340;10087756644;B
20240410;151443;165;240;10087756645;B
20240410;151443;165;10;10087756646;B
20240410;151443;165;10;10087756647;B
20240410;151443;165;10;10087756648;B
20240410;151443;165;100;10087756649;B
20240410;151443;165;30;10087756650;B
20240410;151443;165;100;10087756651;B
20240410;151443;165;2000;10087756652;B
20240410;151443;165;290;10087756655;S
20240410;151443;165;10;10087756662;S
20240410;151443;165.02;50;10087756665;B
20240410;151443;165.02;20;10087756666;B
20240410;151443;165.02;300;10087756667;B
20240410;151443;165.02;350;10087756668;B
20240410;151443;165.02;150;10087756678;B
20240410;151443;165.02;100;10087756679;B
20240410;151443;165.02;10;10087756680;B
20240410;151443;165.04;10;10087756681;B
20240410;151443;165.04;10;10087756682;B
20240410;151443;165.04;10;10087756683;B
20240410;151443;165.04;30;10087756684;B
20240410;151443;165.04;680;10087756685;B
20240410;151443;165;10;10087756686;S
20240410;151443;165;7000;10087756687;S
20240410;151443;165;10;10087756688;S
20240410;151443;165.04;720;10087756689;B
20240410;151443;165.04;1290;10087756690;B
20240410;151443;165.04;10;10087756692;B
20240410;151443;165.06;50;10087756697;B
20240410;151443;165.06;350;10087756698;B
20240410;151444;165.02;10;10087756736;S
20240410;151444;165.02;10;10087756759;S
20240410;151444;165.02;500;10087756761;S
20240410;151444;165.02;100;10087756784;S
20240410;151444;165.02;100;10087756786;S
20240410;151444;165.02;300;10087756787;S
20240410;151444;165.02;310;10087756789;S
20240410;151444;165;390;10087756790;S
20240410;151444;165;10;10087756797;S
20240410;151444;165;100;10087756800;S
20240410;151444;165;10;10087756801;S
20240410;151444;165;600;10087756802;S
20240410;151444;165;10;10087756803;S
20240410;151444;165.06;950;10087756806;B
20240410;151444;165.06;10;10087756807;B
20240410;151444;165.08;40;10087756808;B
20240410;151444;165.04;100;10087756810;S
20240410;151444;165;400;10087756811;S
20240410;151444;165;1200;10087756815;S
20240410;151444;165.06;110;10087756826;B
20240410;151444;165;10;10087756828;S
20240410;151444;165.06;1110;10087756837;B
20240410;151444;165.08;60;10087756838;B
20240410;151444;165.08;100;10087756839;B
20240410;151444;165.08;300;10087756840;B
20240410;151444;165.08;50;10087756841;B
20240410;151444;165.08;10;10087756842;B
20240410;151444;165.08;10;10087756843;B
20240410;151444;165.08;50;10087756844;B
20240410;151444;165.08;1530;10087756845;B
20240410;151444;165.1;1000;10087756846;B
20240410;151444;165.1;20;10087756847;B
20240410;151444;165.1;50;10087756848;B
20240410;151444;165.1;110;10087756849;B
20240410;151445;165.06;100;10087756889;B
20240410;151445;165.1;900;10087756890;B
20240410;151445;165.1;10;10087756956;B
20240410;151445;165.1;100;10087756982;B
20240410;151446;165.04;100;10087757008;S
20240410;151446;165.02;90;10087757009;S
20240410;151446;165.1;10;10087757121;B
20240410;151449;165.06;10;10087757375;S
20240410;151449;165.04;10;10087757376;S
20240410;151452;165.02;30;10087757733;S
20240410;151452;165.08;40;10087757784;B
20240410;151455;165.02;630;10087758307;S
20240410;151455;165.02;300;10087758308;S
20240410;151455;165;70;10087758309;S
20240410;151458;165.1;770;10087758623;B
20240410;151458;165.1;230;10087758624;B
20240410;151458;165;1500;10087758630;S
20240410;151458;165.08;50;10087758638;B
20240410;151458;165.1;100;10087758713;B
20240410;151500;165.1;50;10087758946;B
20240410;151501;165.1;320;10087759105;B
20240410;151501;165.1;2000;10087759106;B
20240410;151501;165.1;50;10087759107;B
20240410;151501;165.1;200;10087759108;B
20240410;151501;165.1;1010;10087759109;B
20240410;151502;165.08;50;10087759179;B
20240410;151502;165.1;190;10087759215;B
20240410;151502;165.1;100;10087759216;B
20240410;151502;165.1;100;10087759217;B
20240410;151502;165.1;100;10087759218;B
20240410;151502;165.1;20;10087759219;B
20240410;151502;165.1;100;10087759220;B
20240410;151502;165.1;10;10087759221;B
20240410;151502;165.14;100;10087759222;B
20240410;151502;165.14;20;10087759223;B
20240410;151502;165.14;100;10087759224;B
20240410;151502;165.14;50;10087759225;B
20240410;151502;165.14;400;10087759226;B
20240410;151502;165.16;60;10087759227;B
20240410;151502;165.16;10;10087759228;B
20240410;151502;165.16;140;10087759229;B
20240410;151502;165.16;260;10087759252;B
20240410;151502;165.16;600;10087759253;B
20240410;151502;165.16;50;10087759254;B
20240410;151502;165.16;10;10087759255;B
20240410;151502;165.16;500;10087759256;B
20240410;151502;165.16;10;10087759257;B
20240410;151502;165.18;100;10087759258;B
20240410;151502;165.18;10;10087759259;B
20240410;151502;165.18;10;10087759260;B
20240410;151502;165.18;50;10087759261;B
20240410;151502;165.18;1450;10087759262;B
20240410;151502;165.2;10;10087759263;B
20240410;151502;165.2;100;10087759264;B
20240410;151502;165.2;50;10087759265;B
20240410;151502;165.2;10000;10087759266;B
20240410;151502;165.2;30;10087759267;B
20240410;151502;165.2;2000;10087759268;B
20240410;151502;165.2;10;10087759269;B
20240410;151502;165.2;50;10087759270;B
20240410;151502;165.2;100;10087759293;B
20240410;151502;165.2;100;10087759294;B
20240410;151502;165.2;150;10087759300;B
20240410;151502;165.2;10;10087759301;B
20240410;151502;165.2;180;10087759302;B
20240410;151502;165.2;10;10087759318;B
20240410;151502;165.18;160;10087759319;S
20240410;151503;165.2;120;10087759392;B
20240410;151503;165.2;10;10087759441;B
20240410;151503;165.2;180;10087759465;B
20240410;151503;165.2;100;10087759466;B
20240410;151503;165.2;200;10087759467;B
20240410;151503;165.2;10;10087759468;B
20240410;151503;165.22;10;10087759469;B
20240410;151503;165.22;10;10087759470;B
20240410;151503;165.22;10;10087759471;B
20240410;151503;165.22;10;10087759472;B
20240410;151503;165.24;300;10087759473;B
20240410;151503;165.24;180;10087759474;B
20240410;151503;165.24;80;10087759475;B
20240410;151503;165.26;700;10087759476;B
20240410;151503;165.26;30;10087759477;B
20240410;151503;165.26;10;10087759478;B
20240410;151503;165.28;50;10087759530;B
20240410;151503;165.26;10;10087759564;S
20240410;151504;165.26;30;10087759615;S
20240410;151504;165.26;10;10087759632;S
20240410;151504;165.28;50;10087759727;B
20240410;151504;165.28;10;10087759728;B
20240410;151504;165.28;40;10087759729;B
20240410;151505;165.28;50;10087759855;B
20240410;151505;165.28;50;10087759856;B
20240410;151505;165.28;100;10087759857;B
20240410;151505;165.3;10;10087759858;B
20240410;151505;165.3;140;10087759859;B
20240410;151505;165.3;150;10087759871;B
20240410;151505;165.3;30;10087759872;B
20240410;151505;165.3;50;10087759873;B
20240410;151505;165.3;20;10087759874;B
20240410;151506;165.28;20;10087759981;S
20240410;151508;165.28;20;10087760209;S
20240410;151508;165.24;200;10087760210;S
20240410;151508;165.2;1060;10087760211;S
20240410;151508;165.2;1720;10087760212;S
20240410;151508;165.2;10;10087760218;S
20240410;151509;165.2;20;10087760290;S
20240410;151510;165.24;30;10087760441;B
20240410;151510;165.22;20;10087760454;S
20240410;151510;165.22;10;10087760466;S
20240410;151511;165.22;70;10087760574;S
20240410;151513;165.24;70;10087760771;B
20240410;151513;165.26;30;10087760772;B
20240410;151514;165.26;70;10087760867;B
20240410;151514;165.26;500;10087760868;B
20240410;151514;165.28;200;10087760869;B
20240410;151514;165.28;230;10087760870;B
20240410;151514;165.28;500;10087760887;B
20240410;151514;165.24;10;10087760984;S
20240410;151514;165.22;150;10087760985;S
20240410;151514;165.22;10;10087760986;S
20240410;151514;165.2;250;10087760987;S
20240410;151514;165.2;210;10087760988;S
20240410;151514;165.2;30;10087760989;S
20240410;151514;165.28;1000;10087761021;B
20240410;151515;165.26;10;10087761133;S
20240410;151516;165.26;40;10087761336;S
20240410;151517;165.18;400;10087761362;S
20240410;151517;165.22;10;10087761402;B
20240410;151517;165.24;20;10087761406;S
20240410;151520;165.22;10;10087761756;B
20240410;151520;165.24;40;10087761800;B
20240410;151522;165.24;40;10087762060;B
20240410;151522;165.26;10;10087762061;B
20240410;151522;165.26;90;10087762062;B
20240410;151523;165.22;10;10087762176;S
20240410;151523;165.2;40;10087762177;S
20240410;151523;165.2;20;10087762274;S
20240410;151524;165.24;10;10087762308;B
20240410;151524;165.26;460;10087762309;B
20240410;151524;165.2;30;10087762407;S
20240410;151524;165.2;20;10087762428;S
20240410;151526;165.22;90;10087762765;B
20240410;151527;165.2;40;10087762840;S
20240410;151527;165.22;10;10087762847;B
20240410;151527;165.24;90;10087762848;B
20240410;151527;165.24;10;10087762863;B
20240410;151527;165.26;490;10087762864;B
20240410;151528;165.2;100;10087762925;S
20240410;151528;165.2;50;10087763008;S
20240410;151528;165.2;160;10087763052;S
20240410;151531;165.22;2000;10087763381;B
20240410;151531;165.24;190;10087763382;B
20240410;151533;165.24;910;10087763655;B
20240410;151534;165.24;1100;10087763722;B
20240410;151536;165.2;540;10087763989;S
20240410;151536;165.2;760;10087763990;S
20240410;151539;165.2;150;10087764293;S
20240410;151540;165.2;50;10087764421;S
20240410;151540;165.2;10;10087764436;S
20240410;151540;165.24;100;10087764451;B
20240410;151541;165.22;50;10087764520;S
20240410;151541;165.22;50;10087764521;B
20240410;151541;165.24;10;10087764529;B
20240410;151542;165.24;500;10087764588;B
20240410;151542;165.2;30;10087764604;S
20240410;151542;165.24;10;10087764645;B
20240410;151543;165.24;30;10087764715;B
20240410;151544;165.24;170;10087764814;B
20240410;151545;165.24;30;10087764984;B
20240410;151545;165.22;10;10087764987;S
20240410;151546;165.24;60;10087765054;B
20240410;151548;165.2;100;10087765305;S
20240410;151548;165.24;2770;10087765323;B
20240410;151548;165.24;10;10087765324;B
20240410;151548;165.24;1220;10087765325;B
20240410;151548;165.24;1000;10087765326;B
20240410;151549;165.2;3600;10087765366;S
20240410;151549;165.18;40;10087765367;S
20240410;151549;165.18;200;10087765368;S
20240410;151549;165.14;10;10087765369;S
20240410;151549;165.14;3500;10087765370;S
20240410;151549;165.12;3950;10087765371;S
20240410;151549;165.08;50;10087765386;S
20240410;151550;165.2;300;10087765476;B
20240410;151551;165.2;50;10087765542;B
20240410;151551;165.18;10;10087765589;B
20240410;151552;165.16;10;10087765657;B
20240410;151552;165.16;20;10087765710;B
20240410;151554;165.08;10;10087765814;S
20240410;151554;165.12;10;10087765885;B
20240410;151555;165.12;280;10087765894;B
20240410;151557;165.12;930;10087766061;B
20240410;151557;165.14;1250;10087766062;B
20240410;151557;165.16;170;10087766063;B
20240410;151557;165.16;1530;10087766064;B
20240410;151557;165.16;10;10087766065;B
20240410;151557;165.18;90;10087766066;B
20240410;151557;165.18;1000;10087766067;B
20240410;151557;165.18;20;10087766068;B
20240410;151558;165.1;150;10087766207;S
20240410;151558;165.08;100;10087766208;S
20240410;151558;165.04;500;10087766209;S
20240410;151558;165.04;980;10087766210;S
20240410;151600;165.12;650;10087766377;B
20240410;151601;165.02;60;10087766443;S
20240410;151602;165.02;140;10087766652;S
20240410;151602;165;120;10087766653;S
20240410;151603;165.06;200;10087766796;B
20240410;151603;165.06;800;10087766797;B
20240410;151603;165.06;250;10087766808;B
20240410;151606;165.06;50;10087767105;B
20240410;151611;165.12;1220;10087767485;B
20240410;151611;165.12;330;10087767486;B
20240410;151611;165.1;70;10087767535;B
20240410;151613;165.02;10;10087767702;S
20240410;151613;165.1;10;10087767736;B
20240410;151614;165.1;170;10087767829;B
20240410;151614;165.1;980;10087767830;B
20240410;151614;165.12;1100;10087767831;B
20240410;151614;165.14;90;10087767832;B
20240410;151614;165.18;660;10087767833;B
20240410;151615;165.06;200;10087767874;S
20240410;151615;165.04;1220;10087767875;S
20240410;151615;165.04;660;10087767876;S
20240410;151615;165.02;50;10087767877;S
20240410;151615;165.02;5850;10087767878;S
20240410;151617;165.1;100;10087768033;S
20240410;151624;165.1;40;10087768676;S
20240410;151627;165.12;600;10087768971;B
20240410;151627;165.1;120;10087769056;S
20240410;151628;165.12;3960;10087769157;B
20240410;151628;165.12;10;10087769161;B
20240410;151629;165.12;60;10087769198;B
20240410;151631;165.1;100;10087769353;S
20240410;151632;165.1;80;10087769430;S
20240410;151632;165.1;80;10087769445;S
20240410;151633;165.1;100;10087769608;S
20240410;151634;165.12;2000;10087769742;B
20240410;151636;165.1;380;10087769980;S
20240410;151636;165.1;10;10087769981;S
20240410;151636;165.1;610;10087769982;S
20240410;151636;165.12;10;10087770065;B
20240410;151637;165.1;60;10087770114;S
20240410;151637;165.12;390;10087770115;B
20240410;151637;165.1;60;10087770183;S
20240410;151637;165.12;270;10087770199;B
20240410;151640;165.1;60;10087770474;S
20240410;151640;165.12;10;10087770480;B
20240410;151640;165.1;10;10087770510;S
20240410;151640;165.1;400;10087770589;S
20240410;151640;165.1;600;10087770590;S
20240410;151643;165.12;20;10087771190;B
20240410;151643;165.12;600;10087771195;B
20240410;151645;165.1;100;10087771419;S
20240410;151646;165.1;300;10087771603;S
20240410;151646;165.1;20;10087771605;B
20240410;151647;165.04;30;10087771812;S
20240410;151648;165.08;500;10087772017;B
20240410;151648;165.08;250;10087772018;B
20240410;151648;165.1;120;10087772019;B
20240410;151648;165.1;150;10087772020;B
20240410;151648;165.12;980;10087772021;B
20240410;151649;165.08;80;10087772091;B
20240410;151652;165.08;170;10087772471;B
20240410;151652;165.12;190;10087772472;B
20240410;151652;165.12;30;10087772473;B
20240410;151652;165.12;20;10087772474;B
20240410;151652;165.12;80;10087772475;B
20240410;151652;165.12;400;10087772476;B
20240410;151652;165.14;3110;10087772477;B
20240410;151652;165.14;50;10087772489;B
20240410;151653;165.04;170;10087772592;S
20240410;151653;165.04;280;10087772593;S
20240410;151653;165.04;10;10087772633;S
20240410;151654;165.04;40;10087772817;S
20240410;151654;165.04;30;10087772818;S
20240410;151654;165.12;30;10087772853;B
20240410;151655;165.04;120;10087773052;S
20240410;151655;165.02;1380;10087773053;S
20240410;151656;165.12;20;10087773161;B
20240410;151659;165.08;10;10087773666;B
20240410;151659;165.12;20;10087773667;B
20240410;151702;165.08;10;10087774150;B
20240410;151704;165.08;20;10087774329;B
20240410;151706;165.08;120;10087774576;B
20240410;151706;165.08;1530;10087774577;B
20240410;151706;165.08;1050;10087774578;B
20240410;151710;165.06;100;10087775020;B
20240410;151710;165.08;400;10087775021;B
20240410;151711;165.08;110;10087775200;B
20240410;151712;165.08;1020;10087775311;B
20240410;151712;165.08;620;10087775312;B
20240410;151713;165.02;10;10087775370;S
20240410;151713;165.02;100;10087775395;S
20240410;151714;165.06;10;10087775480;B
20240410;151715;165.06;190;10087775603;B
20240410;151715;165.08;10;10087775604;B
20240410;151716;165.08;20;10087775632;B
20240410;151717;165.08;190;10087775736;B
20240410;151717;165.08;100;10087775737;B
20240410;151718;165.08;20;10087775861;S
20240410;151719;165.1;30;10087775948;B
20240410;151719;165.1;1000;10087775962;B
20240410;151721;165.1;2000;10087776072;B
20240410;151721;165.1;80;10087776078;B
20240410;151722;165.08;40;10087776165;S
20240410;151722;165.1;150;10087776183;B
20240410;151726;165.1;100;10087776613;B
20240410;151726;165.1;1000;10087776646;B
20240410;151728;165.08;20;10087776861;S
20240410;151730;165.1;10;10087777028;B
20240410;151730;165.1;630;10087777157;B
20240410;151730;165.1;370;10087777158;B
20240410;151731;165.08;410;10087777199;S
20240410;151732;165.1;190;10087777347;B
20240410;151733;165.1;10;10087777407;B
20240410;151734;165.08;20;10087777568;S
20240410;151737;165.1;60;10087777841;B
20240410;151737;165.1;20;10087777865;B
20240410;151738;165.08;20;10087777945;S
20240410;151738;165.06;10;10087777946;S
20240410;151738;165.04;70;10087777947;S
20240410;151739;165.1;10;10087778097;B
20240410;151741;165.1;60;10087778246;B
20240410;151741;165.1;10;10087778253;B
20240410;151741;165.08;10;10087778340;B
20240410;151742;165.08;90;10087778364;B
20240410;151742;165.1;270;10087778365;B
20240410;151742;165.1;440;10087778366;B
20240410;151745;165.1;600;10087778614;B
20240410;151746;165.02;40;10087778796;S
20240410;151746;165.02;220;10087778797;S
20240410;151746;165.02;940;10087778798;S
20240410;151747;165.04;150;10087778877;S
20240410;151747;165.02;850;10087778878;S
20240410;151748;165.04;50;10087778894;S
20240410;151748;165.08;40;10087778989;B
20240410;151748;165.1;60;10087778990;B
20240410;151749;165.04;100;10087779065;S
20240410;151749;165.02;1530;10087779066;S
20240410;151749;165.02;1220;10087779067;S
20240410;151749;165.02;2150;10087779068;S
20240410;151750;165.08;150;10087779131;B
20240410;151750;165.08;10;10087779132;B
20240410;151750;165.1;250;10087779133;B
20240410;151751;165.08;30;10087779202;B
20240410;151751;165.04;1000;10087779207;S
20240410;151751;165.08;50;10087779282;B
20240410;151753;165.08;70;10087779440;B
20240410;151755;165.1;690;10087780174;B
20240410;151755;165.1;1650;10087780175;B
20240410;151756;165.12;10;10087780367;B
20240410;151800;165.06;10;10087780713;S
20240410;151809;165.08;170;10087781592;S
20240410;151812;165.08;460;10087781804;S
20240410;151812;165.04;230;10087781805;S
20240410;151812;165.02;510;10087781806;S
20240410;151814;165.08;30;10087782017;B
20240410;151815;165.1;1000;10087782086;B
20240410;151815;165.1;1000;10087782087;B
20240410;151816;165.12;10;10087782173;B
20240410;151816;165.08;100;10087782192;S
20240410;151817;165.12;2400;10087782206;B
20240410;151817;165.12;30;10087782207;B
20240410;151819;165.12;20;10087782355;B
20240410;151819;165.12;10;10087782358;B
20240410;151821;165.12;40;10087782530;B
20240410;151822;165.08;50;10087782694;S
20240410;151822;165.08;50;10087782695;S
20240410;151824;165.12;2500;10087782887;B
20240410;151824;165.12;440;10087782888;B
20240410;151824;165.12;100;10087782889;B
20240410;151825;165.16;200;10087782956;B
20240410;151825;165.16;50;10087782957;B
20240410;151825;165.18;840;10087782958;B
20240410;151825;165.18;200;10087782959;B
20240410;151825;165.2;200;10087782960;B
20240410;151825;165.2;500;10087782961;B
20240410;151825;165.12;10;10087782987;B
20240410;151826;165.2;10;10087783032;B
20240410;151826;165.2;20;10087783033;B
20240410;151826;165.2;220;10087783034;B
20240410;151827;165.2;10;10087783160;B
20240410;151829;165.1;100;10087783278;S
20240410;151831;165.2;10;10087783538;B
20240410;151833;165.2;10;10087783653;B
20240410;151835;165.2;100;10087783885;B
20240410;151836;165.2;10;10087783937;B
20240410;151836;165.2;120;10087783985;B
20240410;151840;165.2;2500;10087784328;B
20240410;151841;165.14;10;10087784421;S
20240410;151841;165.2;20;10087784441;B
20240410;151841;165.2;10;10087784442;B
20240410;151843;165.22;30;10087784564;B
20240410;151843;165.22;60;10087784565;B
20240410;151843;165.22;90;10087784662;B
20240410;151843;165.22;10;10087784663;B
20240410;151843;165.24;650;10087784664;B
20240410;151843;165.24;1750;10087784665;B
20240410;151844;165.24;100;10087784688;B
20240410;151844;165.24;10;10087784711;B
20240410;151844;165.24;20;10087784715;B
20240410;151846;165.24;100;10087784879;B
20240410;151846;165.22;100;10087784965;S
20240410;151848;165.2;20;10087785198;B
20240410;151851;165.2;30;10087785641;B
20240410;151853;165.2;300;10087785858;B
20240410;151853;165.24;200;10087785897;B
20240410;151855;165.2;300;10087786108;S
20240410;151855;165.16;200;10087786109;S
20240410;151856;165.2;120;10087786223;B
20240410;151857;165.2;40;10087786348;B
20240410;151859;165.2;10;10087786604;B
20240410;151859;165.2;20;10087786645;B
20240410;151900;165.24;1070;10087786788;B
20240410;151900;165.24;100;10087786789;B
20240410;151901;165.24;20;10087786942;B
20240410;151904;165.24;3150;10087787211;B
20240410;151904;165.26;1000;10087787212;B
20240410;151904;165.26;1710;10087787213;B
20240410;151904;165.28;1380;10087787214;B
20240410;151904;165.28;500;10087787215;B
20240410;151904;165.28;3500;10087787216;B
20240410;151904;165.3;1230;10087787217;B
20240410;151904;165.3;1000;10087787218;B
20240410;151904;165.3;50;10087787219;B
20240410;151904;165.3;1480;10087787220;B
20240410;151906;165.24;50;10087787392;B
20240410;151906;165.24;10;10087787393;B
20240410;151906;165.3;40;10087787394;B
20240410;151913;165.26;40;10087788161;S
20240410;151914;165.26;110;10087788432;S
20240410;151914;165.26;10;10087788433;S
20240410;151914;165.22;200;10087788434;S
20240410;151915;165.28;40;10087788440;B
20240410;151915;165.3;910;10087788441;B
20240410;151915;165.22;50;10087788511;S
20240410;151919;165.22;200;10087788822;S
20240410;151919;165.28;30;10087788887;B
20240410;151921;165.28;50;10087789068;B
20240410;151921;165.22;470;10087789101;S
20240410;151921;165.22;150;10087789102;S
20240410;151921;165.2;1220;10087789103;S
20240410;151921;165.2;1530;10087789104;S
20240410;151921;165.2;1630;10087789105;S
20240410;151924;165.22;30;10087789301;S
20240410;151926;165.28;10;10087789496;B
20240410;151926;165.28;20;10087789520;B
20240410;151926;165.3;280;10087789521;B
20240410;151928;165.28;10;10087789666;B
20240410;151928;165.28;10;10087789721;B
20240410;151930;165.28;10;10087789901;B
20240410;151930;165.28;70;10087789967;B
20240410;151930;165.24;1080;10087789988;S
20240410;151930;165.24;10;10087789989;S
20240410;151930;165.22;120;10087789990;S
20240410;151930;165.22;1530;10087789991;S
20240410;151930;165.22;1220;10087789992;S
20240410;151930;165.22;100;10087789993;S
20240410;151930;165.2;4420;10087789994;S
20240410;151930;165.18;10;10087789995;S
20240410;151930;165.18;460;10087789996;S
20240410;151930;165.16;2630;10087789997;S
20240410;151931;165.22;10;10087790030;B
20240410;151931;165.22;100;10087790071;B
20240410;151931;165.22;40;10087790093;B
20240410;151931;165.28;360;10087790094;B
20240410;151932;165.16;10;10087790135;S
20240410;151935;165.26;10;10087790455;B
20240410;151936;165.26;10;10087790560;B
20240410;151938;165.26;10;10087790816;B
20240410;151938;165.26;10;10087790821;B
20240410;151939;165.24;10;10087790951;S
20240410;151939;165.18;190;10087790952;S
20240410;151940;165.26;10;10087790983;B
20240410;151940;165.28;10;10087790984;B
20240410;151940;165.16;10;10087791019;S
20240410;151943;165.2;30;10087791345;B
20240410;151944;165.2;270;10087791460;B
20240410;151947;165.26;10;10087791804;B
20240410;151947;165.26;10;10087791805;B
20240410;151948;165.26;10;10087791886;B
20240410;151950;165.26;10;10087792102;B
20240410;151951;165.26;100;10087792249;B
20240410;151954;165.26;70;10087792628;B
20240410;151954;165.28;50;10087792629;B
20240410;151954;165.28;10;10087792630;B
20240410;151954;165.28;170;10087792631;B
20240410;151954;165.28;1290;10087792647;B
20240410;151954;165.28;30;10087792648;B
20240410;151954;165.3;2290;10087792649;B
20240410;151954;165.3;10;10087792650;B
20240410;151954;165.3;90;10087792651;B
20240410;151954;165.3;90;10087792652;B
20240410;151955;165.3;10;10087792696;B
20240410;151956;165.3;200;10087792797;B
20240410;151956;165.26;20;10087792800;S
20240410;151959;165.3;10;10087793012;B
20240410;151959;165.3;140;10087793075;B
20240410;151959;165.3;10;10087793076;B
20240410;151959;165.3;10;10087793077;B
20240410;151959;165.3;20;10087793078;B
20240410;152001;165.3;20;10087793265;B
20240410;152002;165.3;10;10087793438;B
20240410;152003;165.26;280;10087793441;S
20240410;152003;165.26;70;10087793442;S
20240410;152003;165.28;70;10087793475;B
20240410;152003;165.3;130;10087793476;B
20240410;152003;165.26;10;10087793492;S
20240410;152003;165.28;10;10087793576;B
20240410;152004;165.3;30;10087793663;B
20240410;152009;165.3;30;10087794285;B
20240410;152011;165.3;10;10087794403;B
20240410;152012;165.3;1500;10087794513;B
20240410;152013;165.3;50;10087794643;B
20240410;152013;165.3;50;10087794644;B
20240410;152014;165.3;10;10087794703;B
20240410;152015;165.3;100;10087794758;B
20240410;152017;165.26;70;10087794957;S
20240410;152017;165.26;40;10087794958;S
20240410;152017;165.26;140;10087794959;S
20240410;152017;165.24;1220;10087794960;S
20240410;152017;165.22;120;10087794961;S
20240410;152017;165.22;20;10087794962;S
20240410;152019;165.28;70;10087795137;B
20240410;152019;165.3;30;10087795138;B
20240410;152019;165.3;10;10087795184;B
20240410;152020;165.22;10;10087795206;S
20240410;152020;165.28;10;10087795227;B
20240410;152021;165.3;10;10087795329;B
20240410;152021;165.24;10;10087795348;S
20240410;152023;165.3;10;10087795535;B
20240410;152025;165.24;630;10087795862;S
20240410;152025;165.22;140;10087795863;S
20240410;152025;165.2;640;10087795864;S
20240410;152025;165.2;290;10087795865;S
20240410;152025;165.2;1220;10087795866;S
20240410;152025;165.18;10;10087795867;S
20240410;152025;165.18;870;10087795868;S
20240410;152025;165.18;1040;10087795869;S
20240410;152025;165.16;160;10087795870;S
20240410;152027;165.28;100;10087796073;B
20240410;152028;165.28;40;10087796223;B
20240410;152028;165.28;250;10087796224;B
20240410;152028;165.28;90;10087796275;B
20240410;152028;165.2;10;10087796278;S
20240410;152028;165.18;400;10087796279;S
20240410;152028;165.28;70;10087796288;B
20240410;152030;165.28;140;10087796432;S
20240410;152030;165.3;980;10087796482;B
20240410;152030;165.3;10;10087796483;B
20240410;152030;165.3;860;10087796484;B
20240410;152030;165.28;10;10087796509;S
20240410;152032;165.3;10;10087796625;B
20240410;152033;165.3;230;10087796730;B
20240410;152033;165.3;10;10087796731;B
20240410;152033;165.28;70;10087796755;S
20240410;152034;165.3;10;10087796794;B
20240410;152036;165.3;10;10087797027;B
20240410;152037;165.3;1290;10087797146;B
20240410;152037;165.3;10;10087797147;B
20240410;152037;165.3;50;10087797148;B
20240410;152037;165.3;10;10087797149;B
20240410;152037;165.3;10;10087797150;B
20240410;152037;165.3;50;10087797151;B
20240410;152037;165.3;2000;10087797152;B
20240410;152037;165.32;10;10087797153;B
20240410;152037;165.32;50;10087797154;B
20240410;152037;165.32;100;10087797155;B
20240410;152037;165.32;10;10087797156;B
20240410;152037;165.32;20;10087797157;B
20240410;152037;165.32;10;10087797158;B
20240410;152037;165.32;10;10087797159;B
20240410;152037;165.34;100;10087797160;B
20240410;152037;165.34;50;10087797161;B
20240410;152037;165.34;10;10087797162;B
20240410;152037;165.34;100;10087797163;B
20240410;152037;165.34;50;10087797164;B
20240410;152037;165.34;500;10087797165;B
20240410;152037;165.34;10;10087797166;B
20240410;152037;165.34;10;10087797167;B
20240410;152037;165.34;1090;10087797168;B
20240410;152037;165.36;1500;10087797169;B
20240410;152037;165.36;750;10087797170;B
20240410;152037;165.36;1000;10087797171;B
20240410;152037;165.36;3000;10087797172;B
20240410;152037;165.36;1800;10087797173;B
20240410;152038;165.36;100;10087797205;B
20240410;152038;165.3;100;10087797260;S
20240410;152039;165.3;190;10087797388;S
20240410;152039;165.3;110;10087797389;S
20240410;152039;165.28;800;10087797390;S
20240410;152040;165.28;500;10087797443;S
20240410;152040;165.28;410;10087797457;S
20240410;152040;165.26;90;10087797458;S
20240410;152041;165.26;10;10087797573;S
20240410;152045;165.26;10;10087797878;S
20240410;152045;165.32;200;10087797879;B
20240410;152046;165.32;150;10087797956;B
20240410;152046;165.26;40;10087798006;S
20240410;152046;165.22;60;10087798007;S
20240410;152052;165.26;200;10087798640;S
20240410;152052;165.22;1180;10087798641;S
20240410;152052;165.22;150;10087798642;S
20240410;152052;165.2;10;10087798643;S
20240410;152052;165.2;840;10087798644;S
20240410;152052;165.2;620;10087798645;S
20240410;152053;165.22;150;10087798745;S
20240410;152054;165.3;20;10087798817;B
20240410;152055;165.22;230;10087798889;S
20240410;152055;165.2;770;10087798890;S
20240410;152056;165.3;30;10087799043;B
20240410;152056;165.32;150;10087799044;B
20240410;152056;165.32;850;10087799045;B
20240410;152102;165.24;40;10087799780;S
20240410;152102;165.22;40;10087799781;S
20240410;152102;165.22;390;10087799782;S
20240410;152102;165.2;610;10087799783;S
20240410;152106;165.22;540;10087800140;S
20240410;152106;165.22;960;10087800141;S
20240410;152112;165.26;20;10087800695;B
20240410;152112;165.26;1200;10087800763;B
20240410;152112;165.28;100;10087800764;B
20240410;152114;165.22;40;10087800889;S
20240410;152114;165.2;960;10087800890;S
20240410;152117;165.24;30;10087801129;B
20240410;152119;165.2;3430;10087801312;S
20240410;152119;165.2;220;10087801313;S
20240410;152120;165.22;10;10087801426;B
20240410;152120;165.22;50;10087801452;B
20240410;152120;165.22;20;10087801467;B
20240410;152122;165.2;30;10087801620;B
20240410;152122;165.22;20;10087801621;B
20240410;152126;165.22;40;10087802024;B
20240410;152127;165.22;10;10087802108;B
20240410;152127;165.22;70;10087802109;B
20240410;152128;165.22;10;10087802127;B
20240410;152129;165.16;20;10087802219;S
20240410;152134;165.16;10;10087802688;S
20240410;152134;165.22;10;10087802715;B
20240410;152134;165.22;10;10087802721;B
20240410;152135;165.22;40;10087802755;B
20240410;152135;165.22;10;10087802767;B
20240410;152135;165.22;20;10087802866;B
20240410;152136;165.22;10;10087802934;B
20240410;152138;165.16;300;10087803137;S
20240410;152139;165.2;500;10087803173;B
20240410;152140;165.16;510;10087803233;S
20240410;152140;165.16;10;10087803234;S
20240410;152140;165.14;80;10087803235;S
20240410;152141;165.14;2450;10087803372;S
20240410;152142;165.2;10;10087803411;B
20240410;152143;165.2;10;10087803463;B
20240410;152143;165.14;50;10087803484;S
20240410;152148;165.16;100;10087804087;S
20240410;152148;165.14;500;10087804088;S
20240410;152148;165.2;420;10087804243;B
20240410;152148;165.2;80;10087804244;B
20240410;152151;165.14;1000;10087804717;S
20240410;152151;165.16;20;10087804726;B
20240410;152154;165.16;120;10087805034;B
20240410;152154;165.2;1220;10087805035;B
20240410;152156;165.2;10;10087805276;S
20240410;152157;165.22;10;10087805365;B
20240410;152159;165.22;10;10087805499;B
20240410;152159;165.22;50;10087805534;B
20240410;152159;165.26;740;10087805535;B
20240410;152200;165.26;10;10087805635;B
20240410;152202;165.2;10;10087805934;S
20240410;152202;165.2;10;10087806020;S
20240410;152203;165.2;200;10087806121;S
20240410;152203;165.26;780;10087806216;B
20240410;152203;165.28;200;10087806217;B
20240410;152203;165.28;20;10087806218;B
20240410;152203;165.28;1000;10087806219;B
20240410;152204;165.2;100;10087806300;S
20240410;152204;165.28;20;10087806309;B
20240410;152205;165.2;150;10087806370;S
20240410;152205;165.2;10;10087806477;S
20240410;152206;165.28;40;10087806612;B
20240410;152206;165.28;30;10087806660;B
20240410;152206;165.28;10;10087806709;B
20240410;152207;165.28;10;10087806778;B
20240410;152208;165.28;100;10087806808;B
20240410;152208;165.28;50;10087806831;B
20240410;152210;165.2;150;10087806954;S
20240410;152211;165.26;10;10087807034;B
20240410;152215;165.26;1210;10087807352;B
20240410;152216;165.26;290;10087807458;S
20240410;152216;165.2;20;10087807459;S
20240410;152216;165.2;10;10087807460;S
20240410;152216;165.2;1220;10087807461;S
20240410;152216;165.18;150;10087807462;S
20240410;152216;165.18;370;10087807463;S
20240410;152216;165.16;1000;10087807464;S
20240410;152216;165.16;440;10087807465;S
20240410;152222;165.22;10;10087807929;B
20240410;152225;165.22;50;10087808171;B
20240410;152225;165.22;90;10087808173;B
20240410;152225;165.24;30;10087808174;B
20240410;152225;165.24;10;10087808191;B
20240410;152226;165.24;10;10087808262;B
20240410;152231;165.2;150;10087808628;S
20240410;152231;165.2;10;10087808629;S
20240410;152231;165.18;150;10087808630;S
20240410;152231;165.16;40;10087808631;S
20240410;152231;165.16;650;10087808632;S
20240410;152231;165.22;10;10087808636;B
20240410;152231;165.22;20;10087808637;B
20240410;152233;165.16;500;10087808832;S
20240410;152234;165.22;10;10087808958;B
20240410;152235;165.22;10;10087809111;B
20240410;152236;165.22;110;10087809168;B
20240410;152237;165.16;40;10087809244;S
20240410;152240;165.24;100;10087809448;B
20240410;152240;165.24;10;10087809471;B
20240410;152242;165.2;100;10087809655;B
20240410;152242;165.24;550;10087809656;B
20240410;152244;165.24;10;10087809792;B
20240410;152244;165.16;180;10087809800;S
20240410;152244;165.16;220;10087809801;S
20240410;152244;165.24;10;10087809856;B
20240410;152246;165.24;100;10087809921;B
20240410;152246;165.22;30;10087809925;S
20240410;152246;165.18;90;10087809926;S
20240410;152246;165.16;270;10087809927;S
20240410;152246;165.16;850;10087809928;S
20240410;152249;165.2;20;10087810183;B
20240410;152250;165.2;60;10087810356;B
20240410;152253;165.2;200;10087810510;B
20240410;152253;165.2;20;10087810524;B
20240410;152253;165.24;100;10087810525;B
20240410;152253;165.24;80;10087810526;B
20240410;152253;165.16;100;10087810534;S
20240410;152253;165.16;500;10087810535;S
20240410;152253;165.16;1220;10087810536;S
20240410;152253;165.16;50;10087810537;S
20240410;152253;165.16;130;10087810538;S
20240410;152254;165.16;100;10087810642;S
20240410;152254;165.24;170;10087810666;B
20240410;152254;165.26;130;10087810667;B
20240410;152257;165.2;10;10087810865;S
20240410;152257;165.18;90;10087810866;S
20240410;152257;165.28;20;10087810869;B
20240410;152257;165.28;440;10087810870;B
20240410;152257;165.28;500;10087810871;B
20240410;152257;165.28;40;10087810872;B
20240410;152259;165.2;220;10087810985;B
20240410;152259;165.2;100;10087810993;B
20240410;152300;165.18;10;10087811094;S
20240410;152301;165.18;100;10087811139;S
20240410;152301;165.16;10;10087811140;S
20240410;152301;165.16;20;10087811141;S
20240410;152301;165.16;370;10087811142;S
20240410;152304;165.2;980;10087811554;B
20240410;152304;165.24;1020;10087811555;B
20240410;152308;165.24;10;10087811975;S
20240410;152308;165.22;150;10087811976;S
20240410;152308;165.22;740;10087811977;S
20240410;152308;165.2;100;10087811978;S
20240410;152309;165.24;90;10087812107;B
20240410;152309;165.2;20;10087812120;S
20240410;152309;165.24;60;10087812179;B
20240410;152309;165.26;200;10087812180;B
20240410;152309;165.28;600;10087812181;B
20240410;152309;165.28;390;10087812182;B
20240410;152309;165.28;1480;10087812183;B
20240410;152309;165.3;10;10087812184;B
20240410;152309;165.3;1260;10087812185;B
20240410;152312;165.3;1000;10087812621;B
20240410;152314;165.26;10;10087812822;S
20240410;152314;165.18;150;10087812823;S
20240410;152314;165.18;10;10087812824;S
20240410;152314;165.18;130;10087812825;S
20240410;152317;165.26;10;10087813295;B
20240410;152317;165.26;10;10087813309;B
20240410;152318;165.26;10;10087813454;B
20240410;152319;165.26;100;10087813712;B
20240410;152319;165.26;300;10087813713;B
20240410;152320;165.26;300;10087813807;B
20240410;152321;165.18;70;10087813905;S
20240410;152321;165.18;130;10087813906;S
20240410;152323;165.2;10;10087814167;S
20240410;152324;165.26;10;10087814363;B
20240410;152325;165.2;20;10087814538;S
20240410;152325;165.2;30;10087814539;S
20240410;152327;165.26;10;10087814765;B
20240410;152331;165.22;10;10087815140;S
20240410;152331;165.2;190;10087815141;S
20240410;152333;165.24;50;10087815404;B
20240410;152333;165.26;950;10087815405;B
20240410;152334;165.2;10;10087815452;S
20240410;152334;165.28;100;10087815456;B
20240410;152335;165.2;10;10087815624;S
20240410;152337;165.26;300;10087815795;B
20240410;152340;165.28;50;10087816202;B
20240410;152340;165.28;50;10087816203;B
20240410;152342;165.22;100;10087816385;S
20240410;152342;165.2;740;10087816386;S
20240410;152342;165.2;160;10087816387;S
20240410;152343;165.26;20;10087816407;B
20240410;152343;165.2;10;10087816442;S
20240410;152344;165.26;10;10087816497;B
20240410;152345;165.26;100;10087816564;B
20240410;152345;165.26;50;10087816565;B
20240410;152345;165.26;10;10087816612;B
20240410;152346;165.26;20;10087816657;B
20240410;152347;165.26;10;10087816832;B
20240410;152348;165.2;70;10087816988;S
20240410;152349;165.26;10;10087817104;B
20240410;152349;165.26;10;10087817105;B
20240410;152350;165.2;1310;10087817191;S
20240410;152350;165.2;40;10087817192;S
20240410;152350;165.18;20;10087817193;S
20240410;152350;165.18;10;10087817194;S
20240410;152350;165.18;20;10087817195;S
20240410;152350;165.18;330;10087817196;S
20240410;152350;165.18;50;10087817197;S
20240410;152350;165.18;10;10087817198;S
20240410;152350;165.16;1210;10087817199;S
20240410;152352;165.22;20;10087817389;B
20240410;152354;165.2;20;10087817580;S
20240410;152356;165.2;180;10087817747;S
20240410;152356;165.18;20;10087817748;S
20240410;152357;165.22;30;10087817856;B
20240410;152357;165.22;50;10087817943;B
20240410;152401;165.2;50;10087818280;B
20240410;152402;165.18;130;10087818429;S
20240410;152402;165.18;10;10087818430;S
20240410;152402;165.16;10;10087818431;S
20240410;152402;165.14;10;10087818432;S
20240410;152402;165.14;40;10087818433;S
20240410;152403;165.18;40;10087818470;B
20240410;152403;165.18;550;10087818471;B
20240410;152403;165.18;450;10087818476;B
20240410;152403;165.18;420;10087818506;B
20240410;152404;165.14;30;10087818576;S
20240410;152409;165.14;100;10087819043;S
20240410;152409;165.16;100;10087819120;B
20240410;152409;165.18;20;10087819130;B
20240410;152412;165.18;50;10087819322;B
20240410;152412;165.18;1040;10087819338;B
20240410;152412;165.18;130;10087819339;B
20240410;152412;165.18;1220;10087819340;B
20240410;152412;165.18;120;10087819341;B
20240410;152412;165.2;4950;10087819342;B
20240410;152412;165.2;200;10087819343;B
20240410;152412;165.2;350;10087819344;B
20240410;152413;165.14;5080;10087819411;S
20240410;152414;165.2;10;10087819518;B
20240410;152415;165.2;10;10087819566;B
20240410;152416;165.2;10;10087819633;B
20240410;152417;165.2;120;10087819757;B
20240410;152417;165.22;80;10087819758;B
20240410;152417;165.22;100;10087819767;B
20240410;152418;165.16;10;10087819846;S
20240410;152418;165.16;200;10087819847;S
20240410;152418;165.14;310;10087819848;S
20240410;152419;165.2;200;10087820000;B
20240410;152419;165.22;1040;10087820001;B
20240410;152419;165.22;1530;10087820002;B
20240410;152419;165.24;600;10087820003;B
20240410;152419;165.24;1080;10087820004;B
20240410;152419;165.24;20;10087820005;B
20240410;152419;165.24;100;10087820006;B
20240410;152419;165.24;430;10087820007;B
20240410;152420;165.24;20;10087820058;B
20240410;152423;165.2;10;10087820215;B
20240410;152423;165.22;10;10087820243;B
20240410;152423;165.26;70;10087820244;B
20240410;152424;165.18;10;10087820352;S
20240410;152430;165.18;140;10087820791;S
20240410;152430;165.18;200;10087820792;S
20240410;152430;165.18;700;10087820793;S
20240410;152430;165.16;1460;10087820794;S
20240410;152431;165.22;30;10087820898;B
20240410;152431;165.16;10;10087820931;S
20240410;152431;165.16;150;10087820932;S
20240410;152431;165.16;350;10087820933;S
20240410;152431;165.14;90;10087820934;S
20240410;152436;165.18;20;10087821493;B
20240410;152437;165.22;1190;10087821606;B
20240410;152437;165.22;50;10087821607;B
20240410;152437;165.22;1530;10087821608;B
20240410;152437;165.24;10;10087821609;B
20240410;152437;165.24;10;10087821610;B
20240410;152437;165.24;20;10087821611;B
20240410;152437;165.24;1000;10087821612;B
20240410;152437;165.24;90;10087821613;B
20240410;152441;165.22;10;10087822270;B
20240410;152443;165.22;30;10087822562;B
20240410;152446;165.22;110;10087822906;B
20240410;152446;165.22;40;10087822907;B
20240410;152446;165.22;60;10087822918;B
20240410;152449;165.22;140;10087823133;B
20240410;152449;165.22;40;10087823134;B
20240410;152449;165.22;10;10087823162;B
20240410;152449;165.18;10;10087823183;S
20240410;152449;165.18;10;10087823184;S
20240410;152449;165.16;10;10087823185;S
20240410;152449;165.16;30;10087823186;S
20240410;152449;165.16;200;10087823187;S
20240410;152449;165.16;20;10087823188;S
20240410;152449;165.16;100;10087823189;S
20240410;152449;165.16;170;10087823190;S
20240410;152449;165.16;10;10087823191;S
20240410;152449;165.14;140;10087823192;S
20240410;152450;165.2;20;10087823260;S
20240410;152450;165.2;20;10087823263;S
20240410;152450;165.22;10;10087823280;B
20240410;152451;165.2;60;10087823363;S
20240410;152451;165.18;150;10087823364;S
20240410;152451;165.16;590;10087823365;S
20240410;152452;165.2;20;10087823394;B
20240410;152454;165.18;10;10087823676;B
20240410;152456;165.14;10;10087823798;S
20240410;152459;165.18;10;10087824232;B
20240410;152459;165.18;10;10087824272;B
20240410;152501;165.18;80;10087824420;B
20240410;152502;165.2;100;10087824566;B
20240410;152504;165.2;10;10087824781;B
20240410;152505;165.2;10;10087824850;B
20240410;152506;165.18;100;10087824871;S
20240410;152506;165.18;120;10087824884;S
20240410;152507;165.18;150;10087824940;S
20240410;152507;165.2;10;10087825025;B
20240410;152510;165.18;550;10087825330;S
20240410;152510;165.18;50;10087825331;S
20240410;152510;165.16;90;10087825332;S
20240410;152510;165.16;20;10087825333;S
20240410;152510;165.14;12360;10087825334;S
20240410;152510;165.14;290;10087825335;S
20240410;152510;165.14;150;10087825336;S
20240410;152510;165.12;250;10087825337;S
20240410;152510;165.1;10;10087825338;S
20240410;152510;165.1;10;10087825339;S
20240410;152510;165.1;3200;10087825340;S
20240410;152510;165.1;100;10087825341;S
20240410;152510;165.1;40;10087825342;S
20240410;152510;165.1;10;10087825343;S
20240410;152510;165.1;100;10087825344;S
20240410;152510;165.1;160;10087825345;S
20240410;152510;165.1;10;10087825346;S
20240410;152510;165.08;10000;10087825347;S
20240410;152510;165.06;10;10087825348;S
20240410;152510;165.06;10;10087825349;S
20240410;152510;165.06;10000;10087825350;S
20240410;152510;165.06;10000;10087825351;S
20240410;152510;165.06;2000;10087825352;S
20240410;152510;165.06;580;10087825353;S
20240410;152510;165.16;40;10087825360;S
20240410;152512;165.1;150;10087825558;B
20240410;152512;165.1;40;10087825559;B
20240410;152512;165.12;370;10087825560;B
20240410;152515;165.06;50;10087825909;S
20240410;152522;165.1;10;10087827162;B
20240410;152522;165.1;10;10087827185;B
20240410;152527;165.06;500;10087828266;S
20240410;152528;165.08;1000;10087828384;S
20240410;152528;165.06;450;10087828385;S
20240410;152528;165.06;200;10087828386;S
20240410;152528;165.06;410;10087828387;S
20240410;152528;165.04;10;10087828388;S
20240410;152528;165.04;60;10087828389;S
20240410;152528;165.04;20;10087828390;S
20240410;152528;165.02;470;10087828391;S
20240410;152528;165.02;2770;10087828392;S
20240410;152528;165.02;120;10087828412;S
20240410;152530;165.08;50;10087828549;B
20240410;152531;165.08;120;10087828618;B
20240410;152531;165.08;20;10087828653;B
20240410;152532;165.08;10;10087828716;B
20240410;152532;165.04;20;10087828771;S
20240410;152534;165.04;1000;10087829003;S
20240410;152536;165.06;1530;10087829247;B
20240410;152536;165.06;1220;10087829248;B
20240410;152536;165.08;1250;10087829249;B
20240410;152537;165.08;70;10087829358;B
20240410;152539;165.02;190;10087829476;S
20240410;152539;165.02;10;10087829498;S
20240410;152542;165.04;200;10087829909;S
20240410;152542;165.02;30;10087829913;S
20240410;152543;165.08;3000;10087830096;B
20240410;152544;165.04;1080;10087830245;S
20240410;152545;165.02;160;10087830335;S
20240410;152546;165.06;10;10087830464;B
20240410;152546;165.04;10;10087830577;S
20240410;152546;165.02;470;10087830578;S
20240410;152546;165.02;18000;10087830579;S
20240410;152546;165.02;40;10087830580;S
20240410;152546;165.02;200;10087830581;S
20240410;152546;165.02;10;10087830582;S
20240410;152546;165.02;10;10087830583;S
20240410;152546;165.02;9990;10087830584;S
20240410;152546;165.02;1220;10087830585;S
20240410;152546;165;650;10087830586;S
20240410;152546;165;100;10087830587;S
20240410;152546;165;10;10087830588;S
20240410;152546;165;10;10087830589;S
20240410;152546;165;1470;10087830590;S
20240410;152546;165;220;10087830591;S
20240410;152546;165;50;10087830592;S
20240410;152546;165;3000;10087830593;S
20240410;152546;165;10;10087830594;S
20240410;152546;165;20;10087830595;S
20240410;152546;165;100;10087830596;S
20240410;152546;165;20;10087830597;S
20240410;152546;165;70;10087830598;S
20240410;152546;165;20;10087830599;S
20240410;152546;165;60;10087830600;S
20240410;152546;165;200;10087830601;S
20240410;152546;165;10;10087830602;S
20240410;152546;165;10;10087830603;S
20240410;152546;165;40;10087830604;S
20240410;152546;165;50;10087830605;S
20240410;152546;165;1900;10087830606;S
20240410;152546;165;20490;10087830607;S
20240410;152546;165;160;10087830608;S
20240410;152546;165;870;10087830609;S
20240410;152546;165;22790;10087830610;S
20240410;152547;165.06;10;10087830660;B
20240410;152547;165;300;10087830679;S
20240410;152547;165;1700;10087830682;S
20240410;152547;165;50;10087830684;S
20240410;152547;165;2000;10087830687;S
20240410;152547;165;70;10087830692;S
20240410;152547;165;50;10087830698;S
20240410;152547;165.06;130;10087830707;B
20240410;152547;165;15200;10087830721;S
20240410;152548;165.04;40;10087830809;B
20240410;152548;165;7840;10087830822;S
20240410;152548;165;1600;10087830823;S
20240410;152548;165;8560;10087830824;S
20240410;152548;165;1440;10087830826;S
20240410;152548;165;120;10087830827;S
20240410;152548;165;990;10087830828;S
20240410;152548;165;1560;10087830829;S
20240410;152548;165;40;10087830830;S
20240410;152548;165;300;10087830890;S
20240410;152549;165;1790;10087830917;S
20240410;152549;165;1250;10087831029;S
20240410;152550;165;1800;10087831091;S
20240410;152550;165;1000;10087831172;S
20240410;152550;165;60;10087831241;S
20240410;152550;165;10;10087831242;S
20240410;152554;165;1200;10087831721;S
20240410;152554;165;10;10087831722;S
20240410;152554;164.98;10;10087831723;S
20240410;152554;164.96;120;10087831724;S
20240410;152554;164.96;10;10087831725;S
20240410;152554;164.96;180;10087831726;S
20240410;152554;164.94;20;10087831733;S
20240410;152554;164.94;10;10087831742;S
20240410;152554;164.94;20;10087831745;S
20240410;152554;164.94;50;10087831749;S
20240410;152554;164.94;200;10087831790;B
20240410;152554;164.94;450;10087831791;B
20240410;152555;164.94;40;10087831959;B
20240410;152556;164.94;200;10087832021;B
20240410;152556;164.94;100;10087832028;B
20240410;152559;164.9;500;10087832278;S
20240410;152601;164.94;10;10087832605;B
20240410;152602;164.94;60;10087832763;B
20240410;152602;164.96;10;10087832777;B
20240410;152602;164.92;50;10087832778;S
20240410;152603;164.92;50;10087832919;S
20240410;152604;164.94;10;10087833027;B
20240410;152605;164.94;10;10087833101;B
20240410;152605;164.94;30;10087833181;B
20240410;152608;164.94;10;10087833420;B
20240410;152608;164.92;10;10087833453;S
20240410;152610;164.94;10;10087833593;B
20240410;152611;164.92;10;10087833726;S
20240410;152615;164.92;100;10087834211;S
20240410;152615;164.94;20;10087834255;B
20240410;152618;164.94;2410;10087834544;B
20240410;152618;164.94;590;10087834545;B
20240410;152619;164.92;10;10087834712;S
20240410;152620;164.92;90;10087834740;S
20240410;152620;164.9;160;10087834741;S
20240410;152625;164.94;100;10087835180;B
20240410;152628;164.92;20;10087835397;S
20240410;152628;164.92;50;10087835426;S
20240410;152629;164.96;40;10087835523;B
20240410;152631;164.96;10;10087835741;B
20240410;152632;164.96;10;10087835877;B
20240410;152636;164.96;10;10087836226;B
20240410;152637;164.96;200;10087836265;B
20240410;152641;164.92;20;10087836616;S
20240410;152641;164.96;130;10087836638;B
20240410;152641;164.96;70;10087836639;B
20240410;152642;164.92;100;10087836696;S
20240410;152644;164.96;140;10087836786;B
20240410;152645;164.96;10;10087836877;B
20240410;152647;164.96;10;10087837027;B
20240410;152647;164.96;10;10087837086;B
20240410;152649;164.96;270;10087837283;B
20240410;152649;164.96;1000;10087837284;B
20240410;152649;164.98;1730;10087837285;B
20240410;152649;164.92;110;10087837286;S
20240410;152649;164.92;1220;10087837287;S
20240410;152649;164.9;1340;10087837288;S
20240410;152649;164.9;500;10087837289;S
20240410;152649;164.86;10;10087837290;S
20240410;152649;164.86;190;10087837291;S
20240410;152649;164.86;10;10087837292;S
20240410;152649;164.84;10;10087837293;S
20240410;152649;164.84;500;10087837294;S
20240410;152649;164.84;20;10087837295;S
20240410;152649;164.84;10;10087837296;S
20240410;152649;164.84;500;10087837297;S
20240410;152649;164.82;10;10087837298;S
20240410;152649;164.82;10;10087837299;S
20240410;152649;164.82;380;10087837300;S
20240410;152649;164.82;200;10087837301;S
20240410;152649;164.82;980;10087837302;S
20240410;152650;164.86;280;10087837391;S
20240410;152650;164.84;200;10087837392;S
20240410;152650;164.82;1220;10087837393;S
20240410;152650;164.82;1530;10087837394;S
20240410;152650;164.8;10;10087837395;S
20240410;152650;164.8;1760;10087837396;S
20240410;152650;164.82;190;10087837425;S
20240410;152650;164.82;10;10087837453;S
20240410;152650;164.82;1530;10087837454;S
20240410;152650;164.8;860;10087837455;S
20240410;152651;164.82;800;10087837634;S
20240410;152652;164.88;20;10087837883;B
20240410;152655;164.84;10;10087838133;S
20240410;152655;164.8;2380;10087838134;S
20240410;152655;164.8;10;10087838135;S
20240410;152655;164.8;200;10087838136;S
20240410;152655;164.8;10;10087838137;S
20240410;152655;164.78;10;10087838138;S
20240410;152655;164.78;10;10087838139;S
20240410;152655;164.78;2830;10087838140;S
20240410;152655;164.78;500;10087838141;S
20240410;152655;164.78;470;10087838142;S
20240410;152655;164.78;10;10087838149;S
20240410;152658;164.78;200;10087838476;S
20240410;152658;164.76;50;10087838477;S
20240410;152658;164.76;180;10087838478;S
20240410;152658;164.76;170;10087838479;S
20240410;152658;164.76;170;10087838480;S
20240410;152658;164.76;170;10087838481;S
20240410;152658;164.76;60;10087838482;S
20240410;152700;164.86;60;10087838757;B
20240410;152700;164.86;40;10087838905;B
20240410;152700;164.86;10;10087838906;B
20240410;152701;164.86;10;10087838935;B
20240410;152701;164.8;100;10087838944;S
20240410;152701;164.78;200;10087838945;S
20240410;152701;164.88;30;10087838961;B
20240410;152701;164.78;600;10087838989;S
20240410;152702;164.78;40;10087839057;S
20240410;152705;164.8;100;10087839266;S
20240410;152707;164.88;10;10087839480;B
20240410;152708;164.8;100;10087839513;S
20240410;152709;164.88;140;10087839598;B
20240410;152712;164.8;200;10087839794;B
20240410;152712;164.82;200;10087839795;B
20240410;152712;164.86;100;10087839796;B
20240410;152712;164.88;20;10087839797;B
20240410;152712;164.88;400;10087839798;B
20240410;152712;164.88;1200;10087839799;B
20240410;152712;164.88;200;10087839800;B
20240410;152712;164.9;680;10087839801;B
20240410;152714;164.88;10;10087839961;B
20240410;152717;164.88;80;10087840171;B
20240410;152718;164.82;100;10087840204;S
20240410;152718;164.82;200;10087840205;S
20240410;152719;164.8;100;10087840452;S
20240410;152719;164.8;50;10087840453;S
20240410;152720;164.88;50;10087840523;B
20240410;152722;164.88;10;10087840638;B
20240410;152724;164.88;50;10087840843;B
20240410;152724;164.88;50;10087840844;B
20240410;152724;164.88;20;10087840845;B
20240410;152724;164.9;150;10087840846;B
20240410;152726;164.88;200;10087840986;B
20240410;152726;164.88;200;10087840987;B
20240410;152726;164.9;130;10087840988;B
20240410;152728;164.9;10;10087841181;B
20240410;152732;164.9;10;10087841504;B
20240410;152733;164.9;40;10087841580;B
20240410;152733;164.92;110;10087841581;B
20240410;152734;164.92;10;10087841615;B
20240410;152734;164.92;980;10087841631;B
20240410;152734;164.92;10;10087841632;B
20240410;152734;164.94;10;10087841633;B
20240410;152736;164.88;40;10087841799;S
20240410;152736;164.88;10;10087841800;S
20240410;152738;164.9;100;10087841986;S
20240410;152740;164.96;500;10087842096;B
20240410;152740;164.96;500;10087842099;B
20240410;152743;164.96;100;10087842303;B
20240410;152745;164.96;190;10087842461;B
20240410;152745;164.96;180;10087842478;B
20240410;152745;164.96;200;10087842497;B
20240410;152749;164.96;10;10087842870;B
20240410;152749;164.98;70;10087842871;B
20240410;152749;164.94;10;10087842887;S
20240410;152751;164.98;3000;10087843107;B
20240410;152751;164.96;100;10087843123;S
20240410;152751;164.96;30;10087843124;S
20240410;152751;164.94;290;10087843125;S
20240410;152751;164.9;150;10087843126;S
20240410;152751;164.9;200;10087843127;S
20240410;152751;164.88;930;10087843128;S
20240410;152754;164.94;10;10087843319;B
20240410;152754;164.94;20;10087843379;B
20240410;152755;164.94;2500;10087843500;B
20240410;152756;164.88;20;10087843514;S
20240410;152757;164.94;1120;10087843686;B
20240410;152757;164.94;200;10087843687;B
20240410;152757;164.96;1680;10087843688;B
20240410;152758;164.96;1020;10087843778;B
20240410;152758;164.96;150;10087843779;B
20240410;152758;164.96;1000;10087843780;B
20240410;152758;164.96;1000;10087843781;B
20240410;152758;164.98;1830;10087843782;B
20240410;152758;164.96;50;10087843819;S
20240410;152759;164.94;150;10087843950;B
20240410;152759;164.94;140;10087843951;B
20240410;152759;164.98;350;10087843952;B
20240410;152802;164.92;10;10087844378;S
20240410;152803;164.92;90;10087844529;S
20240410;152803;164.9;10;10087844530;S
20240410;152803;164.98;60;10087844592;B
20240410;152803;164.98;10;10087844612;B
20240410;152804;164.98;100;10087844727;B
20240410;152807;164.94;100;10087844954;B
20240410;152807;164.92;60;10087844970;S
20240410;152808;164.94;10;10087845021;B
20240410;152810;164.94;30;10087845145;B
20240410;152816;164.92;20;10087845654;S
20240410;152816;164.92;100;10087845655;S
20240410;152816;164.9;100;10087845656;S
20240410;152816;164.88;20;10087845657;S
20240410;152818;164.92;590;10087845789;B
20240410;152818;164.94;360;10087845790;B
20240410;152818;164.96;500;10087845791;B
20240410;152818;164.96;380;10087845792;B
20240410;152818;164.98;970;10087845793;B
20240410;152828;164.92;100;10087846613;S
20240410;152828;164.9;40;10087846614;S
20240410;152828;164.9;100;10087846615;S
20240410;152828;164.9;10;10087846616;S
20240410;152828;164.9;30;10087846617;S
20240410;152828;164.9;770;10087846618;S
20240410;152828;164.88;950;10087846619;S
20240410;152828;164.94;200;10087846674;B
20240410;152828;164.98;100;10087846675;B
20240410;152830;164.88;1010;10087846788;S
20240410;152830;164.88;10;10087846789;S
20240410;152830;164.86;20;10087846790;S
20240410;152830;164.86;150;10087846791;S
20240410;152830;164.84;50;10087846792;S
20240410;152830;164.84;1060;10087846793;S
20240410;152830;164.9;150;10087846796;B
20240410;152830;164.92;150;10087846797;B
20240410;152830;164.9;50;10087846839;S
20240410;152830;164.84;150;10087846840;S
20240410;152830;164.84;1220;10087846841;S
20240410;152830;164.82;1000;10087846842;S
20240410;152830;164.82;3660;10087846843;S
20240410;152830;164.82;20;10087846844;S
20240410;152830;164.82;10;10087846845;S
20240410;152830;164.82;10;10087846846;S
20240410;152830;164.8;100;10087846847;S
20240410;152830;164.78;160;10087846848;S
20240410;152830;164.78;50;10087846849;S
20240410;152830;164.78;3660;10087846850;S
20240410;152830;164.78;1320;10087846851;S
20240410;152830;164.78;8090;10087846852;S
20240410;152830;164.8;100;10087846895;S
20240410;152830;164.78;190;10087846896;S
20240410;152830;164.78;310;10087846897;S
20240410;152831;164.9;10;10087846926;B
20240410;152831;164.88;100;10087846985;B
20240410;152831;164.9;150;10087846986;B
20240410;152831;164.9;20;10087846987;B
20240410;152835;164.88;70;10087847322;B
20240410;152835;164.88;10;10087847346;B
20240410;152837;164.88;100;10087847495;B
20240410;152838;164.86;10;10087847557;B
20240410;152838;164.88;20;10087847558;B
20240410;152841;164.86;10;10087847826;B
20240410;152843;164.82;100;10087847962;S
20240410;152843;164.8;100;10087847963;S
20240410;152843;164.8;20;10087847964;S
20240410;152843;164.78;80;10087847965;S
20240410;152845;164.78;830;10087848119;S
20240410;152845;164.78;170;10087848120;S
20240410;152845;164.86;10;10087848190;B
20240410;152848;164.86;10;10087848445;B
20240410;152848;164.88;30;10087848446;B
20240410;152850;164.8;390;10087848511;S
20240410;152850;164.8;150;10087848512;S
20240410;152850;164.78;960;10087848513;S
20240410;152851;164.88;20;10087848622;B
20240410;152851;164.88;40;10087848635;B
20240410;152853;164.8;100;10087848746;S
20240410;152854;164.88;150;10087848865;B
20240410;152854;164.86;10;10087848876;B
20240410;152854;164.86;30;10087848883;B
20240410;152855;164.78;100;10087848985;S
20240410;152856;164.78;10;10087849113;S
20240410;152857;164.78;80;10087849182;S
20240410;152857;164.78;120;10087849183;S
20240410;152857;164.84;10;10087849233;B
20240410;152858;164.78;40;10087849317;S
20240410;152858;164.78;60;10087849318;S
20240410;152858;164.78;1220;10087849319;S
20240410;152858;164.78;290;10087849320;S
20240410;152859;164.78;50;10087849469;S
20240410;152901;164.82;10;10087849712;B
20240410;152901;164.84;90;10087849713;B
20240410;152901;164.84;100;10087849714;B
20240410;152902;164.82;70;10087849724;B
20240410;152902;164.82;20;10087849736;B
20240410;152902;164.84;100;10087849737;B
20240410;152902;164.84;30;10087849738;B
20240410;152902;164.84;10;10087849790;B
20240410;152902;164.84;60;10087849805;B
20240410;152903;164.84;10;10087849841;B
20240410;152904;164.88;20;10087849963;B
20240410;152908;164.84;670;10087850273;S
20240410;152909;164.88;770;10087850431;B
20240410;152909;164.88;10;10087850432;B
20240410;152910;164.86;150;10087850455;S
20240410;152910;164.84;1530;10087850456;S
20240410;152910;164.84;320;10087850457;S
20240410;152912;164.84;80;10087850654;S
20240410;152914;164.84;10;10087850879;S
20240410;152915;164.88;150;10087851052;B
20240410;152915;164.88;300;10087851053;B
20240410;152917;164.9;10;10087851239;B
20240410;152917;164.9;10;10087851276;B
20240410;152919;164.86;100;10087851392;S
20240410;152920;164.86;50;10087851674;S
20240410;152920;164.86;200;10087851675;S
20240410;152920;164.84;810;10087851676;S
20240410;152920;164.84;1530;10087851677;S
20240410;152920;164.82;3910;10087851678;S
20240410;152922;164.88;10;10087851839;B
20240410;152922;164.88;30;10087851921;B
20240410;152924;164.88;50;10087852174;B
20240410;152925;164.9;90;10087852259;B
20240410;152925;164.84;10;10087852288;S
20240410;152925;164.84;90;10087852313;S
20240410;152925;164.82;40;10087852314;S
20240410;152927;164.9;20;10087852492;B
20240410;152929;164.9;40;10087852695;B
20240410;152932;164.9;3660;10087853115;B
20240410;152932;164.84;10;10087853129;S
20240410;152935;164.9;510;10087853368;B
20240410;152935;164.9;20;10087853439;B
20240410;152936;164.9;10;10087853546;B
20240410;152938;164.84;10;10087853812;S
20240410;152938;164.84;40;10087853832;S
20240410;152941;164.84;40;10087854314;S
20240410;152941;164.84;200;10087854315;S
20240410;152941;164.84;1220;10087854316;S
20240410;152941;164.82;60;10087854317;S
20240410;152941;164.82;200;10087854318;S
20240410;152941;164.82;100;10087854319;S
20240410;152941;164.82;100;10087854320;S
20240410;152941;164.82;80;10087854321;S
20240410;152941;164.9;300;10087854341;B
20240410;152946;164.88;200;10087854727;B
20240410;152946;164.88;100;10087854728;B
20240410;152946;164.88;30;10087854729;B
20240410;152946;164.88;20;10087854798;B
20240410;152948;164.88;50;10087854932;B
20240410;152948;164.88;100;10087854933;B
20240410;152948;164.88;300;10087854934;B
20240410;152948;164.9;2660;10087854935;B
20240410;152948;164.9;100;10087854936;B
20240410;152948;164.9;50;10087854937;B
20240410;152948;164.9;200;10087854938;B
20240410;152948;164.9;3340;10087854939;B
20240410;152948;164.82;20;10087855022;S
20240410;152948;164.82;40;10087855023;S
20240410;152949;164.82;60;10087855069;S
20240410;152949;164.82;110;10087855070;S
20240410;152949;164.82;200;10087855071;S
20240410;152949;164.8;150;10087855072;S
20240410;152949;164.8;580;10087855073;S
20240410;152950;164.88;20;10087855210;B
20240410;152953;164.86;100;10087855498;B
20240410;152954;164.84;20;10087855674;S
20240410;152956;164.86;10;10087855901;B
20240410;152958;164.86;30;10087856053;B
20240410;152959;164.84;50;10087856154;S
20240410;153001;164.86;60;10087856293;B
20240410;153001;164.88;530;10087856294;B
20240410;153001;164.88;10;10087856348;B
20240410;153001;164.88;50;10087856366;B
20240410;153002;164.88;50;10087856441;B
20240410;153005;164.86;30;10087856955;B
20240410;153005;164.88;340;10087856956;B
20240410;153005;164.88;100;10087856957;B
20240410;153005;164.9;320;10087856958;B
20240410;153005;164.9;3660;10087856959;B
20240410;153005;164.9;50;10087856960;B
20240410;153005;164.92;4850;10087856961;B
20240410;153005;164.92;10;10087856962;B
20240410;153005;164.94;640;10087856963;B
20240410;153006;164.84;30;10087857043;S
20240410;153006;164.84;30;10087857044;S
20240410;153012;164.92;150;10087858004;B
20240410;153012;164.96;50;10087858081;B
20240410;153015;164.98;10;10087858361;B
20240410;153015;164.98;10;10087858547;B
20240410;153017;164.96;70;10087858702;S
20240410;153021;164.96;100;10087859121;S
20240410;153022;164.96;10;10087859177;S
20240410;153023;164.98;10;10087859303;B
20240410;153026;164.96;430;10087859578;S
20240410;153028;164.98;30;10087859684;B
20240410;153028;164.98;3000;10087859685;B
20240410;153028;164.98;10;10087859691;B
20240410;153030;164.98;510;10087859934;B
20240410;153030;164.98;30;10087859935;B
20240410;153030;164.98;120;10087859936;B
20240410;153030;165;300;10087859937;B
20240410;153030;165;100;10087859938;B
20240410;153030;165;200;10087859939;B
20240410;153030;165;100;10087859940;B
20240410;153030;165;300;10087859941;B
20240410;153030;165;1000;10087859942;B
20240410;153030;165;20;10087859943;B
20240410;153030;165;10;10087859944;B
20240410;153030;165;100;10087859945;B
20240410;153030;165;290;10087859946;B
20240410;153030;165;90;10087859947;B
20240410;153030;165;300;10087859948;B
20240410;153030;165;10;10087859949;B
20240410;153030;165.02;100;10087859950;B
20240410;153030;165.02;10;10087859951;B
20240410;153030;165.02;10;10087859952;B
20240410;153030;165.02;1000;10087859953;B
20240410;153030;165.04;50;10087859954;B
20240410;153030;165.04;200;10087859955;B
20240410;153030;165.06;250;10087859956;B
20240410;153030;165.06;60;10087859962;S
20240410;153034;165.08;10;10087860451;B
20240410;153034;165.08;30;10087860483;B
20240410;153035;165.08;220;10087860750;B
20240410;153036;165.08;10;10087860805;B
20240410;153038;165.08;100;10087861013;B
20240410;153038;165.08;10;10087861068;B
20240410;153041;165.08;620;10087861321;B
20240410;153041;165.1;200;10087861322;B
20240410;153041;165.1;80;10087861323;B
20240410;153041;165.1;70;10087861324;B
20240410;153041;165.12;20;10087861325;B
20240410;153041;165.14;10;10087861326;B
20240410;153041;165.16;10;10087861337;B
20240410;153041;165.16;10;10087861358;B
20240410;153041;165.16;100;10087861364;B
20240410;153041;165.16;90;10087861382;B
20240410;153042;165.16;1250;10087861509;B
20240410;153045;165.16;20;10087861780;B
20240410;153048;165.14;10;10087862103;S
20240410;153049;165.14;150;10087862147;S
20240410;153050;165.16;400;10087862239;B
20240410;153050;165.14;10;10087862241;S
20240410;153050;165.14;90;10087862248;S
20240410;153050;165.14;510;10087862249;S
20240410;153050;165.16;8130;10087862261;B
20240410;153050;165.2;600;10087862262;B
20240410;153050;165.2;400;10087862263;B
20240410;153050;165.2;200;10087862264;B
20240410;153050;165.2;200;10087862265;B
20240410;153050;165.2;1620;10087862266;B
20240410;153050;165.22;100;10087862267;B
20240410;153050;165.22;2700;10087862268;B
20240410;153051;165.2;10;10087862321;S
20240410;153051;165.22;70;10087862324;B
20240410;153051;165.22;10;10087862373;B
20240410;153052;165.22;200;10087862385;B
20240410;153054;165.2;90;10087862586;S
20240410;153054;165.2;100;10087862587;S
20240410;153054;165.18;310;10087862588;S
20240410;153054;165.22;10;10087862590;B
20240410;153055;165.22;60;10087862626;B
20240410;153055;165.18;1530;10087862649;S
20240410;153055;165.18;100;10087862650;S
20240410;153055;165.16;150;10087862651;S
20240410;153055;165.16;220;10087862652;S
20240410;153055;165.2;30;10087862657;B
20240410;153057;165.2;120;10087862944;B
20240410;153057;165.2;1220;10087862945;B
20240410;153057;165.22;280;10087862946;B
20240410;153057;165.22;10;10087862947;B
20240410;153057;165.22;250;10087862948;B
20240410;153057;165.22;150;10087862949;B
20240410;153057;165.22;900;10087862950;B
20240410;153057;165.22;70;10087862951;B
20240410;153059;165.22;10;10087863100;B
20240410;153059;165.18;100;10087863101;S
20240410;153059;165.16;30;10087863102;S
20240410;153101;165.16;50;10087863209;S
20240410;153102;165.16;20;10087863288;S
20240410;153102;165.16;30;10087863289;S
20240410;153103;165.22;20;10087863416;B
20240410;153106;165.22;100;10087863592;B
20240410;153112;165.22;30;10087864110;B
20240410;153113;165.22;20;10087864189;B
20240410;153116;165.22;10;10087864510;B
20240410;153117;165.22;390;10087864526;B
20240410;153117;165.22;100;10087864527;B
20240410;153117;165.22;50;10087864528;B
20240410;153117;165.22;1530;10087864530;S
20240410;153118;165.24;10;10087864628;B
20240410;153118;165.22;200;10087864634;S
20240410;153123;165.22;2000;10087865014;S
20240410;153124;165.24;10;10087865066;B
20240410;153124;165.24;10;10087865067;B
20240410;153126;165.22;3100;10087865263;S
20240410;153126;165.24;20;10087865277;B
20240410;153130;165.24;10;10087865578;B
20240410;153130;165.24;10;10087865595;B
20240410;153130;165.24;400;10087865596;B
20240410;153130;165.24;10900;10087865597;B
20240410;153130;165.24;50;10087865598;B
20240410;153130;165.24;200;10087865599;B
20240410;153130;165.24;1220;10087865600;B
20240410;153130;165.24;1530;10087865601;B
20240410;153130;165.24;20;10087865602;B
20240410;153135;165.24;10;10087866202;S
20240410;153135;165.22;90;10087866203;S
20240410;153137;165.22;350;10087866487;S
20240410;153138;165.24;30;10087866532;B
20240410;153138;165.22;100;10087866534;S
20240410;153139;165.24;650;10087866603;B
20240410;153140;165.24;10;10087866685;B
20240410;153141;165.22;1000;10087866771;S
20240410;153141;165.24;10;10087866784;B
20240410;153141;165.24;180;10087866850;B
20240410;153142;165.24;10;10087866883;B
20240410;153146;165.22;40;10087867316;S
20240410;153147;165.22;850;10087867539;S
20240410;153147;165.22;150;10087867540;S
20240410;153148;165.24;10;10087867688;B
20240410;153153;165.24;50;10087868101;B
20240410;153154;165.24;40;10087868152;B
20240410;153155;165.24;500;10087868284;B
20240410;153156;165.24;10;10087868324;B
20240410;153156;165.24;1520;10087868332;B
20240410;153156;165.24;10;10087868333;B
20240410;153156;165.24;1000;10087868334;B
20240410;153156;165.24;4840;10087868335;B
20240410;153156;165.24;1220;10087868336;B
20240410;153156;165.26;10;10087868337;B
20240410;153156;165.26;500;10087868338;B
20240410;153156;165.26;900;10087868339;B
20240410;153200;165.24;30;10087868953;B
20240410;153201;165.22;50;10087869014;S
20240410;153201;165.22;200;10087869015;S
20240410;153201;165.2;100;10087869016;S
20240410;153201;165.2;150;10087869017;S
20240410;153201;165.2;500;10087869018;S
20240410;153201;165.24;20;10087869037;B
20240410;153202;165.2;500;10087869131;S
20240410;153204;165.2;5010;10087869354;S
20240410;153204;165.2;10000;10087869355;S
20240410;153204;165.22;480;10087869368;B
20240410;153205;165.22;150;10087869395;S
20240410;153207;165.22;370;10087869570;S
20240410;153207;165.2;4630;10087869571;S
20240410;153207;165.2;100;10087869574;S
20240410;153207;165.2;10;10087869589;S
20240410;153208;165.2;500;10087869687;S
20240410;153209;165.24;10;10087869855;B
20240410;153211;165.22;10;10087870097;B
20240410;153215;165.22;90;10087870537;B
20240410;153215;165.22;230;10087870538;B
20240410;153217;165.2;220;10087870655;S
20240410;153217;165.22;10;10087870666;B
20240410;153217;165.22;100;10087870667;B
20240410;153217;165.24;200;10087870668;B
20240410;153218;165.2;1120;10087870716;S
20240410;153218;165.2;100;10087870717;S
20240410;153218;165.2;5910;10087870740;S
20240410;153218;165.18;100;10087870741;S
20240410;153218;165.18;20;10087870742;S
20240410;153218;165.18;100;10087870743;S
20240410;153218;165.18;2150;10087870744;S
20240410;153219;165.18;500;10087870794;S
20240410;153219;165.18;100;10087870828;S
20240410;153219;165.24;1000;10087870871;B
20240410;153222;165.22;30;10087871316;S
20240410;153222;165.18;20;10087871317;S
20240410;153223;165.22;60;10087871376;B
20240410;153223;165.22;170;10087871435;B
20240410;153224;165.18;50;10087871483;B
20240410;153227;165.18;1170;10087871724;B
20240410;153227;165.2;4800;10087871725;B
20240410;153228;165.2;1000;10087871769;S
20240410;153229;165.2;300;10087871833;S
20240410;153234;165.22;40;10087872243;B
20240410;153234;165.22;20;10087872244;B
20240410;153234;165.24;150;10087872245;B
20240410;153234;165.24;10;10087872246;B
20240410;153234;165.24;50;10087872247;B
20240410;153234;165.24;1530;10087872248;B
20240410;153234;165.24;90;10087872249;B
20240410;153234;165.24;110;10087872250;B
20240410;153237;165.24;70;10087872584;B
20240410;153239;165.2;2470;10087872757;S
20240410;153239;165.24;10;10087872830;B
20240410;153241;165.2;10;10087873048;S
20240410;153242;165.24;30;10087873093;B
20240410;153242;165.24;10;10087873138;B
20240410;153243;165.24;50;10087873229;B
20240410;153246;165.24;20;10087873483;B
20240410;153247;165.24;10;10087873554;B
20240410;153248;165.24;20;10087873721;B
20240410;153250;165.2;10;10087874041;S
20240410;153251;165.2;3840;10087874074;S
20240410;153251;165.2;1000;10087874075;S
20240410;153251;165.2;200;10087874076;S
20240410;153252;165.18;10;10087874255;B
20240410;153254;165.18;10;10087874512;B
20240410;153254;165.18;1200;10087874536;B
20240410;153254;165.2;300;10087874537;B
20240410;153254;165.16;50;10087874549;S
20240410;153254;165.16;50;10087874568;S
20240410;153254;165.18;10;10087874593;B
20240410;153256;165.18;10;10087874845;B
20240410;153259;165.16;20;10087875167;S
20240410;153300;165.18;10;10087875182;B
20240410;153301;165.18;890;10087875313;B
20240410;153303;165.16;40;10087875472;S
20240410;153304;165.18;30;10087875575;B
20240410;153304;165.18;200;10087875640;B
20240410;153307;165.16;70;10087875929;S
20240410;153312;165.16;10;10087876496;S
20240410;153312;165.18;10;10087876500;B
20240410;153312;165.16;350;10087876595;S
20240410;153312;165.16;3250;10087876601;S
20240410;153312;165.18;360;10087876611;B
20240410;153312;165.18;1210;10087876612;B
20240410;153312;165.2;260;10087876613;B
20240410;153317;165.2;10;10087877166;B
20240410;153319;165.2;100;10087877383;B
20240410;153320;165.18;80;10087877460;S
20240410;153320;165.16;20;10087877461;S
20240410;153322;165.2;170;10087877715;B
20240410;153323;165.2;10;10087877749;B
20240410;153325;165.18;400;10087877959;S
20240410;153325;165.18;100;10087877973;S
20240410;153326;165.18;30;10087878075;S
20240410;153327;165.2;110;10087878375;B
20240410;153327;165.2;490;10087878376;B
20240410;153330;165.2;200;10087878582;B
20240410;153330;165.2;200;10087878583;B
20240410;153330;165.2;10;10087878584;B
20240410;153330;165.2;390;10087878585;B
20240410;153331;165.18;50;10087878697;S
20240410;153333;165.18;20;10087878952;S
20240410;153333;165.18;30;10087878953;S
20240410;153333;165.16;23640;10087878954;S
20240410;153333;165.16;100;10087878955;S
20240410;153333;165.16;1710;10087878956;S
20240410;153333;165.16;90;10087878957;S
20240410;153333;165.16;1630;10087878958;S
20240410;153333;165.14;40;10087878959;S
20240410;153333;165.16;870;10087879006;B
20240410;153333;165.18;50;10087879007;B
20240410;153333;165.18;580;10087879008;B
20240410;153334;165.18;20;10087879119;B
20240410;153335;165.18;10;10087879179;B
20240410;153335;165.18;610;10087879185;B
20240410;153335;165.18;1530;10087879186;B
20240410;153335;165.2;4610;10087879187;B
20240410;153335;165.2;30;10087879188;B
20240410;153335;165.2;1000;10087879189;B
20240410;153335;165.2;120;10087879190;B
20240410;153335;165.22;2470;10087879191;B
20240410;153336;165.22;30;10087879340;B
20240410;153337;165.22;90;10087879385;B
20240410;153338;165.2;130;10087879544;S
20240410;153338;165.12;100;10087879545;S
20240410;153338;165.12;20;10087879546;S
20240410;153338;165.12;350;10087879547;S
20240410;153341;165.14;250;10087879850;S
20240410;153341;165.08;10;10087879851;S
20240410;153341;165.08;20;10087879852;S
20240410;153341;165.08;10;10087879853;S
20240410;153341;165.08;200;10087879854;S
20240410;153341;165.08;210;10087879855;S
20240410;153342;165.2;20;10087879889;B
20240410;153344;165.08;40;10087880078;S
20240410;153344;165.06;100;10087880079;S
20240410;153344;165.06;20;10087880080;S
20240410;153344;165.06;200;10087880081;S
20240410;153344;165.04;100;10087880082;S
20240410;153344;165.04;140;10087880083;S
20240410;153344;165.14;50;10087880144;B
20240410;153345;165;180;10087880195;S
20240410;153345;165.12;50;10087880235;B
20240410;153346;165.14;30;10087880307;B
20240410;153346;165;20;10087880315;S
20240410;153346;165;20;10087880316;S
20240410;153346;165;30;10087880317;S
20240410;153346;165;30;10087880318;S
20240410;153346;165;30;10087880319;S
20240410;153346;165;200;10087880320;S
20240410;153346;165;1270;10087880321;S
20240410;153350;165.1;100;10087880813;B
20240410;153353;165.08;1000;10087881006;S
20240410;153353;165.02;200;10087881007;S
20240410;153353;165.1;100;10087881022;B
20240410;153353;165.12;350;10087881023;B
20240410;153357;165.02;100;10087881530;S
20240410;153357;165;900;10087881531;S
20240410;153358;165.04;10;10087881614;S
20240410;153358;165.1;200;10087881623;B
20240410;153358;165.1;100;10087881624;B
20240410;153400;165.04;10;10087881896;S
20240410;153402;165.08;10;10087882090;B
20240410;153403;165.04;180;10087882193;S
20240410;153403;165.02;5000;10087882194;S
20240410;153403;165.02;1000;10087882195;S
20240410;153403;165;1100;10087882196;S
20240410;153403;165;10;10087882197;S
20240410;153403;165;270;10087882198;S
20240410;153403;165;10;10087882199;S
20240410;153405;165;1260;10087882537;B
20240410;153405;165;10;10087882538;B
20240410;153406;165;30;10087882683;B
20240410;153406;164.96;30;10087882711;S
20240410;153408;164.98;200;10087882932;B
20240410;153408;165;120;10087882933;B
20240410;153410;164.98;10;10087883079;B
20240410;153410;164.98;30;10087883166;B
20240410;153410;164.92;10;10087883178;S
20240410;153412;164.98;10;10087883338;B
20240410;153413;165;40;10087883449;B
20240410;153413;165;90;10087883450;B
20240410;153413;165;10;10087883451;B
20240410;153413;165;30;10087883452;B
20240410;153413;165;100;10087883453;B
20240410;153413;165.02;5790;10087883454;B
20240410;153413;164.98;90;10087883529;B
20240410;153413;165;410;10087883530;B
20240410;153416;164.9;10;10087883832;S
20240410;153416;164.9;10;10087883833;S
20240410;153416;164.9;10;10087883834;S
20240410;153416;164.9;20;10087883835;S
20240410;153416;164.9;20;10087883836;S
20240410;153416;164.9;30;10087883837;S
20240410;153416;164.9;10;10087883854;S
20240410;153417;164.9;110;10087883920;S
20240410;153417;164.9;40;10087883968;S
20240410;153417;164.88;960;10087883969;S
20240410;153418;164.88;100;10087884026;S
20240410;153421;164.96;40;10087884361;B
20240410;153421;164.96;20;10087884390;B
20240410;153422;164.96;40;10087884410;B
20240410;153422;164.98;200;10087884411;B
20240410;153422;164.98;100;10087884412;B
20240410;153422;164.98;280;10087884413;B
20240410;153423;164.96;40;10087884595;B
20240410;153423;164.98;50;10087884596;B
20240410;153423;165;60;10087884597;B
20240410;153426;164.92;100;10087884778;S
20240410;153426;164.92;200;10087884779;S
20240410;153426;164.92;100;10087884780;S
20240410;153427;164.9;50;10087884919;S
20240410;153427;164.88;60;10087884920;S
20240410;153427;164.86;20;10087884921;S
20240410;153427;164.86;1000;10087884922;S
20240410;153427;164.86;190;10087884923;S
20240410;153427;164.84;100;10087884924;S
20240410;153427;164.82;10;10087884925;S
20240410;153427;164.82;1170;10087884926;S
20240410;153427;164.8;10;10087884927;S
20240410;153427;164.8;3660;10087884928;S
20240410;153427;164.8;100;10087884929;S
20240410;153427;164.8;10;10087884994;B
20240410;153428;164.8;20;10087885015;B
20240410;153429;164.8;1100;10087885169;B
20240410;153429;164.82;190;10087885170;B
20240410;153429;164.84;2200;10087885171;B
20240410;153431;164.84;10;10087885331;B
20240410;153435;164.82;100;10087885616;S
20240410;153436;164.82;230;10087885682;B
20240410;153436;164.82;110;10087885683;B
20240410;153436;164.84;160;10087885684;B
20240410;153437;164.78;10;10087885734;S
20240410;153438;164.84;20;10087885834;B
20240410;153441;164.84;10;10087886128;B
20240410;153443;164.84;60;10087886251;B
20240410;153444;164.84;100;10087886361;B
20240410;153445;164.82;500;10087886437;S
20240410;153445;164.84;400;10087886454;B
20240410;153448;164.84;10;10087886634;B
20240410;153449;164.84;20;10087886746;B
20240410;153450;164.82;30;10087886787;S
20240410;153450;164.84;10;10087886840;B
20240410;153450;164.84;20;10087886854;B
20240410;153452;164.84;600;10087887020;B
20240410;153452;164.82;1200;10087887066;S
20240410;153453;164.82;200;10087887125;S
20240410;153453;164.84;10;10087887158;B
20240410;153453;164.82;200;10087887179;S
20240410;153454;164.84;500;10087887198;B
20240410;153454;164.84;3000;10087887231;B
20240410;153455;164.82;30;10087887258;S
20240410;153455;164.82;100;10087887265;S
20240410;153456;164.84;300;10087887382;S
20240410;153456;164.84;100;10087887383;S
20240410;153500;164.92;40;10087887726;B
20240410;153500;164.92;10;10087887727;B
20240410;153501;164.92;240;10087887749;B
20240410;153501;164.94;10;10087887750;B
20240410;153501;164.94;410;10087887751;B
20240410;153501;164.94;690;10087887752;B
20240410;153501;164.96;50;10087887858;B
20240410;153501;164.96;10;10087887862;B
20240410;153501;164.86;300;10087887871;S
20240410;153501;164.96;100;10087887894;B
20240410;153501;164.86;1000;10087887895;S
20240410;153502;164.96;100;10087888223;B
20240410;153503;164.88;10;10087888299;S
20240410;153503;164.86;10;10087888300;S
20240410;153503;164.86;1530;10087888301;S
20240410;153503;164.84;820;10087888302;S
20240410;153503;164.84;180;10087888303;S
20240410;153503;164.84;640;10087888304;S
20240410;153503;164.84;2180;10087888305;S
20240410;153503;164.84;20;10087888306;S
20240410;153503;164.82;940;10087888307;S
20240410;153503;164.82;3660;10087888308;S
20240410;153503;164.82;10;10087888309;S
20240410;153503;164.82;950;10087888310;S
20240410;153503;164.8;50;10087888311;S
20240410;153504;164.94;180;10087888425;B
20240410;153504;164.94;400;10087888426;B
20240410;153506;164.86;200;10087888622;S
20240410;153506;164.86;250;10087888623;S
20240410;153506;164.86;200;10087888624;S
20240410;153506;164.84;1220;10087888625;S
20240410;153506;164.84;140;10087888626;S
20240410;153506;164.84;1420;10087888627;S
20240410;153507;164.84;1220;10087888712;S
20240410;153507;164.82;280;10087888713;S
20240410;153509;164.92;40;10087888946;B
20240410;153510;164.9;40;10087889056;S
20240410;153510;164.84;10;10087889057;S
20240410;153510;164.82;150;10087889058;S
20240410;153510;164.92;10;10087889158;B
20240410;153511;164.92;200;10087889267;B
20240410;153511;164.92;250;10087889268;B
20240410;153511;164.92;200;10087889269;B
20240410;153511;164.92;100;10087889270;B
20240410;153511;164.94;200;10087889271;B
20240410;153511;164.94;2050;10087889272;B
20240410;153514;164.84;180;10087889551;S
20240410;153514;164.84;100;10087889552;S
20240410;153514;164.84;200;10087889553;S
20240410;153514;164.84;250;10087889554;S
20240410;153514;164.82;250;10087889555;S
20240410;153514;164.82;200;10087889556;S
20240410;153514;164.82;820;10087889557;S
20240410;153515;164.92;200;10087889777;B
20240410;153515;164.92;20;10087889778;B
20240410;153516;164.92;150;10087889848;B
20240410;153516;164.92;30;10087889897;B
20240410;153516;164.92;100;10087889898;B
20240410;153516;164.92;250;10087889899;B
20240410;153516;164.94;120;10087889900;B
20240410;153518;164.94;10;10087890028;B
20240410;153520;164.86;100;10087890217;S
20240410;153520;164.86;250;10087890218;S
20240410;153520;164.84;200;10087890219;S
20240410;153520;164.84;200;10087890220;S
20240410;153520;164.84;90;10087890221;S
20240410;153520;164.82;1160;10087890222;S
20240410;153522;164.88;20;10087890591;B
20240410;153523;164.88;200;10087890694;B
20240410;153523;164.88;250;10087890695;B
20240410;153523;164.9;50;10087890696;B
20240410;153525;164.9;130;10087890795;B
20240410;153525;164.9;170;10087890796;B
20240410;153530;164.84;250;10087891369;S
20240410;153530;164.82;1020;10087891370;S
20240410;153530;164.82;200;10087891371;S
20240410;153530;164.82;40;10087891372;S
20240410;153530;164.82;200;10087891373;S
20240410;153530;164.82;20;10087891374;S
20240410;153530;164.8;50;10087891375;S
20240410;153530;164.8;10;10087891376;S
20240410;153530;164.8;1600;10087891377;S
20240410;153530;164.8;1110;10087891378;S
20240410;153530;164.8;2500;10087891379;S
20240410;153531;164.8;100;10087891481;S
20240410;153533;164.8;750;10087891675;S
20240410;153533;164.88;40;10087891698;B
20240410;153533;164.88;60;10087891699;B
20240410;153536;164.88;20;10087892040;B
20240410;153536;164.86;40;10087892114;B
20240410;153536;164.88;60;10087892115;B
20240410;153536;164.88;60;10087892188;B
20240410;153536;164.88;40;10087892189;B
20240410;153537;164.8;90;10087892336;S
20240410;153537;164.8;100;10087892337;S
20240410;153537;164.8;10;10087892338;S
20240410;153537;164.8;20;10087892339;S
20240410;153537;164.8;200;10087892340;S
20240410;153537;164.78;20;10087892341;S
20240410;153537;164.78;1560;10087892342;S
20240410;153539;164.8;10;10087892519;S
20240410;153539;164.78;490;10087892520;S
20240410;153540;164.78;580;10087892661;S
20240410;153541;164.8;50;10087892761;B
20240410;153541;164.78;240;10087892774;S
20240410;153545;164.8;10;10087893249;B
20240410;153546;164.8;40;10087893346;B
20240410;153549;164.8;50;10087893822;B
20240410;153551;164.8;30;10087894140;B
20240410;153552;164.78;1020;10087894170;S
20240410;153552;164.78;250;10087894171;S
20240410;153554;164.76;110;10087894525;S
20240410;153554;164.76;50;10087894526;S
20240410;153554;164.76;70;10087894527;S
20240410;153555;164.76;40;10087894658;S
20240410;153555;164.76;160;10087894659;S
20240410;153555;164.76;160;10087894660;S
20240410;153555;164.76;150;10087894661;S
20240410;153555;164.76;150;10087894662;S
20240410;153555;164.76;150;10087894663;S
20240410;153555;164.76;140;10087894664;S
20240410;153555;164.76;140;10087894665;S
20240410;153555;164.76;130;10087894666;S
20240410;153555;164.76;130;10087894667;S
20240410;153555;164.76;120;10087894668;S
20240410;153555;164.76;110;10087894669;S
20240410;153555;164.76;110;10087894670;S
20240410;153555;164.76;100;10087894671;S
20240410;153555;164.76;100;10087894672;S
20240410;153555;164.76;100;10087894673;S
20240410;153555;164.76;90;10087894674;S
20240410;153555;164.76;90;10087894675;S
20240410;153555;164.76;80;10087894676;S
20240410;153555;164.76;80;10087894677;S
20240410;153555;164.76;80;10087894678;S
20240410;153555;164.76;80;10087894679;S
20240410;153555;164.76;80;10087894680;S
20240410;153555;164.76;80;10087894681;S
20240410;153555;164.76;70;10087894682;S
20240410;153555;164.76;60;10087894683;S
20240410;153555;164.76;60;10087894684;S
20240410;153555;164.76;60;10087894685;S
20240410;153555;164.76;60;10087894686;S
20240410;153555;164.76;60;10087894687;S
20240410;153555;164.76;60;10087894688;S
20240410;153555;164.76;60;10087894689;S
20240410;153555;164.76;50;10087894690;S
20240410;153555;164.76;50;10087894691;S
20240410;153555;164.76;50;10087894692;S
20240410;153555;164.76;50;10087894693;S
20240410;153555;164.76;50;10087894694;S
20240410;153555;164.76;50;10087894695;S
20240410;153555;164.76;50;10087894696;S
20240410;153555;164.76;50;10087894697;S
20240410;153555;164.76;50;10087894698;S
20240410;153555;164.76;50;10087894699;S
20240410;153555;164.76;50;10087894700;S
20240410;153555;164.76;50;10087894701;S
20240410;153555;164.76;50;10087894702;S
20240410;153555;164.76;50;10087894703;S
20240410;153555;164.76;50;10087894704;S
20240410;153555;164.76;50;10087894705;S
20240410;153555;164.76;50;10087894706;S
20240410;153555;164.76;50;10087894707;S
20240410;153555;164.76;50;10087894708;S
20240410;153555;164.76;40;10087894709;S
20240410;153555;164.76;40;10087894710;S
20240410;153555;164.76;40;10087894711;S
20240410;153555;164.76;40;10087894712;S
20240410;153555;164.76;40;10087894713;S
20240410;153555;164.76;40;10087894714;S
20240410;153555;164.76;30;10087894715;S
20240410;153555;164.76;20;10087894716;S
20240410;153555;164.76;20;10087894717;S
20240410;153555;164.76;20;10087894718;S
20240410;153555;164.76;20;10087894719;S
20240410;153555;164.76;20;10087894720;S
20240410;153555;164.76;20;10087894721;S
20240410;153555;164.76;20;10087894722;S
20240410;153555;164.76;10;10087894723;S
20240410;153555;164.76;10;10087894724;S
20240410;153555;164.76;10;10087894725;S
20240410;153555;164.76;10;10087894726;S
20240410;153555;164.76;10;10087894727;S
20240410;153555;164.76;10;10087894728;S
20240410;153555;164.76;10;10087894729;S
20240410;153555;164.76;10;10087894730;S
20240410;153555;164.76;10;10087894731;S
20240410;153555;164.76;10;10087894732;S
20240410;153555;164.76;100;10087894733;S
20240410;153555;164.76;300;10087894734;S
20240410;153557;164.78;100;10087894895;B
20240410;153557;164.76;300;10087894906;S
20240410;153557;164.78;30;10087894921;B
20240410;153558;164.78;70;10087894942;B
20240410;153559;164.76;90;10087895060;S
20240410;153559;164.76;40;10087895061;S
20240410;153559;164.76;10;10087895062;S
20240410;153559;164.76;10;10087895063;S
20240410;153559;164.76;50;10087895064;S
20240410;153559;164.76;10;10087895065;S
20240410;153559;164.76;90;10087895066;S
20240410;153559;164.76;10;10087895067;S
20240410;153559;164.76;150;10087895068;S
20240410;153559;164.76;10;10087895069;S
20240410;153559;164.76;10;10087895070;S
20240410;153559;164.76;10;10087895071;S
20240410;153559;164.76;10;10087895072;S
20240410;153559;164.76;10;10087895073;S
20240410;153559;164.76;10;10087895074;S
20240410;153559;164.76;10;10087895075;S
20240410;153559;164.76;1470;10087895076;S
20240410;153600;164.78;420;10087895154;B
20240410;153600;164.78;30;10087895171;S
20240410;153600;164.78;200;10087895212;S
20240410;153600;164.76;400;10087895213;S
20240410;153601;164.8;40;10087895231;B
20240410;153602;164.76;10;10087895306;S
20240410;153602;164.78;50;10087895414;B
20240410;153603;164.76;200;10087895463;S
20240410;153603;164.78;50;10087895480;B
20240410;153604;164.78;1250;10087895519;B
20240410;153607;164.76;10;10087895781;S
20240410;153609;164.78;100;10087895965;B
20240410;153609;164.76;50;10087896025;S
20240410;153613;164.78;10;10087896441;B
20240410;153613;164.78;120;10087896465;B
20240410;153616;164.76;30;10087896700;S
20240410;153620;164.76;600;10087897033;S
20240410;153621;164.78;1500;10087897104;B
20240410;153624;164.76;1800;10087897408;S
20240410;153624;164.76;10;10087897409;S
20240410;153624;164.76;10;10087897410;S
20240410;153624;164.76;10;10087897411;S
20240410;153624;164.76;10;10087897412;S
20240410;153624;164.76;10;10087897413;S
20240410;153624;164.76;10;10087897414;S
20240410;153624;164.76;10;10087897415;S
20240410;153624;164.76;10;10087897416;S
20240410;153624;164.76;10;10087897417;S
20240410;153624;164.76;10;10087897418;S
20240410;153624;164.76;10;10087897419;S
20240410;153624;164.76;10;10087897420;S
20240410;153624;164.76;10;10087897421;S
20240410;153624;164.76;10;10087897422;S
20240410;153624;164.76;10;10087897423;S
20240410;153624;164.76;10;10087897424;S
20240410;153624;164.76;10;10087897425;S
20240410;153624;164.76;10;10087897426;S
20240410;153624;164.76;10;10087897427;S
20240410;153624;164.76;10;10087897428;S
20240410;153624;164.76;10;10087897429;S
20240410;153624;164.76;10;10087897430;S
20240410;153624;164.76;150;10087897431;S
20240410;153624;164.76;10;10087897432;S
20240410;153624;164.76;10;10087897433;S
20240410;153624;164.76;220;10087897434;S
20240410;153624;164.76;10;10087897435;S
20240410;153624;164.76;10;10087897436;S
20240410;153624;164.76;10;10087897437;S
20240410;153626;164.76;120;10087897696;S
20240410;153626;164.76;80;10087897697;S
20240410;153627;164.78;100;10087897768;B
20240410;153628;164.76;90;10087897851;S
20240410;153628;164.76;10;10087897852;S
20240410;153628;164.76;10;10087897853;S
20240410;153628;164.76;10;10087897854;S
20240410;153628;164.76;10;10087897855;S
20240410;153628;164.76;10;10087897856;S
20240410;153628;164.76;10;10087897857;S
20240410;153628;164.76;10;10087897858;S
20240410;153628;164.76;10;10087897859;S
20240410;153628;164.76;10;10087897860;S
20240410;153628;164.76;10;10087897861;S
20240410;153628;164.76;10;10087897862;S
20240410;153628;164.76;10;10087897863;S
20240410;153628;164.76;10;10087897864;S
20240410;153628;164.76;10;10087897865;S
20240410;153628;164.76;10;10087897866;S
20240410;153628;164.76;80;10087897867;S
20240410;153628;164.76;10;10087897868;S
20240410;153628;164.76;10;10087897869;S
20240410;153628;164.76;10;10087897870;S
20240410;153628;164.76;10;10087897871;S
20240410;153628;164.76;10;10087897872;S
20240410;153628;164.76;80;10087897873;S
20240410;153628;164.76;10;10087897874;S
20240410;153628;164.76;10;10087897875;S
20240410;153628;164.76;10;10087897876;S
20240410;153628;164.76;10;10087897877;S
20240410;153628;164.76;10;10087897878;S
20240410;153628;164.76;10;10087897879;S
20240410;153628;164.76;10;10087897880;S
20240410;153628;164.76;10;10087897881;S
20240410;153628;164.76;10;10087897882;S
20240410;153628;164.76;10;10087897883;S
20240410;153628;164.76;10;10087897884;S
20240410;153628;164.76;70;10087897885;S
20240410;153628;164.76;10;10087897886;S
20240410;153628;164.76;10;10087897887;S
20240410;153628;164.76;10;10087897888;S
20240410;153630;164.78;10;10087897981;B
20240410;153632;164.76;50;10087898147;S
20240410;153632;164.76;10;10087898148;S
20240410;153632;164.76;10;10087898149;S
20240410;153632;164.76;10;10087898150;S
20240410;153632;164.76;10;10087898151;S
20240410;153632;164.76;10;10087898152;S
20240410;153632;164.76;10;10087898153;S
20240410;153632;164.76;10;10087898154;S
20240410;153632;164.76;10;10087898155;S
20240410;153632;164.76;10;10087898156;S
20240410;153632;164.76;10;10087898157;S
20240410;153632;164.76;10;10087898158;S
20240410;153632;164.76;10;10087898159;S
20240410;153632;164.76;10;10087898160;S
20240410;153632;164.76;10;10087898161;S
20240410;153632;164.76;10;10087898162;S
20240410;153632;164.76;70;10087898163;S
20240410;153632;164.76;10;10087898164;S
20240410;153632;164.76;10;10087898165;S
20240410;153632;164.76;10;10087898166;S
20240410;153632;164.76;70;10087898167;S
20240410;153632;164.76;10;10087898168;S
20240410;153632;164.76;10;10087898169;S
20240410;153632;164.76;10;10087898170;S
20240410;153632;164.78;20;10087898190;B
20240410;153632;164.76;10;10087898232;S
20240410;153632;164.76;10;10087898233;S
20240410;153632;164.76;280;10087898234;S
20240410;153633;164.78;290;10087898261;B
20240410;153633;164.78;440;10087898262;B
20240410;153635;164.78;140;10087898474;S
20240410;153635;164.8;20;10087898482;B
20240410;153637;164.8;290;10087898663;B
20240410;153637;164.8;120;10087898670;B
20240410;153638;164.78;130;10087898769;S
20240410;153638;164.76;670;10087898770;S
20240410;153638;164.76;10;10087898771;S
20240410;153638;164.76;10;10087898772;S
20240410;153638;164.76;10;10087898773;S
20240410;153638;164.76;10;10087898774;S
20240410;153638;164.76;10;10087898775;S
20240410;153638;164.76;10;10087898776;S
20240410;153638;164.76;10;10087898777;S
20240410;153638;164.76;10;10087898778;S
20240410;153638;164.76;10;10087898779;S
20240410;153638;164.76;10;10087898780;S
20240410;153638;164.76;10;10087898781;S
20240410;153638;164.76;590;10087898782;S
20240410;153647;164.8;10;10087899577;B
20240410;153651;164.76;150;10087900232;S
20240410;153653;164.8;50;10087900355;B
20240410;153657;164.78;10;10087900973;S
20240410;153657;164.78;10;10087900974;S
20240410;153657;164.76;10;10087900975;S
20240410;153658;164.76;560;10087901083;S
20240410;153659;164.76;10;10087901097;S
20240410;153703;164.78;10;10087901638;B
20240410;153704;164.78;1210;10087901663;B
20240410;153704;164.78;80;10087901664;B
20240410;153704;164.8;1090;10087901665;B
20240410;153704;164.8;10;10087901666;B
20240410;153704;164.8;300;10087901667;B
20240410;153704;164.8;40;10087901668;B
20240410;153704;164.8;1000;10087901669;B
20240410;153704;164.8;100;10087901670;B
20240410;153704;164.82;10;10087901671;B
20240410;153704;164.82;160;10087901672;B
20240410;153704;164.82;330;10087901673;B
20240410;153704;164.82;10;10087901674;B
20240410;153704;164.84;1530;10087901675;B
20240410;153704;164.84;20;10087901676;B
20240410;153704;164.84;10;10087901677;B
20240410;153705;164.86;50;10087901712;B
20240410;153705;164.86;10;10087901718;B
20240410;153707;164.86;2500;10087901952;B
20240410;153708;164.84;230;10087902054;S
20240410;153709;164.86;1000;10087902081;B
20240410;153709;164.86;1440;10087902153;B
20240410;153709;164.86;10;10087902154;B
20240410;153709;164.86;20;10087902155;B
20240410;153709;164.88;10;10087902156;B
20240410;153709;164.88;40;10087902157;B
20240410;153710;164.86;10;10087902173;S
20240410;153710;164.86;1220;10087902174;S
20240410;153710;164.86;1530;10087902175;S
20240410;153710;164.84;7240;10087902176;S
20240410;153710;164.9;10;10087902182;B
20240410;153710;164.9;540;10087902183;B
20240410;153710;164.94;650;10087902184;B
20240410;153712;164.86;650;10087902298;S
20240410;153712;164.86;1220;10087902299;S
20240410;153712;164.86;10;10087902300;S
20240410;153712;164.84;94340;10087902301;S
20240410;153712;164.84;150;10087902302;S
20240410;153713;164.82;100;10087902388;B
20240410;153713;164.84;1200;10087902428;B
20240410;153714;164.78;200;10087902494;S
20240410;153714;164.76;100;10087902495;S
20240410;153714;164.76;240;10087902509;S
20240410;153714;164.76;10;10087902510;S
20240410;153714;164.76;10;10087902511;S
20240410;153714;164.76;1820;10087902512;S
20240410;153714;164.76;10;10087902513;S
20240410;153714;164.76;10;10087902514;S
20240410;153714;164.76;10;10087902515;S
20240410;153714;164.76;10;10087902516;S
20240410;153714;164.76;10;10087902517;S
20240410;153714;164.76;280;10087902518;S
20240410;153714;164.76;10;10087902519;S
20240410;153714;164.76;10;10087902520;S
20240410;153714;164.76;50;10087902521;S
20240410;153714;164.76;10;10087902522;S
20240410;153714;164.76;10;10087902523;S
20240410;153714;164.76;90;10087902524;S
20240410;153714;164.76;280;10087902525;S
20240410;153714;164.76;10;10087902526;S
20240410;153714;164.76;10;10087902527;S
20240410;153714;164.76;40;10087902528;S
20240410;153714;164.76;10;10087902529;S
20240410;153714;164.76;10;10087902530;S
20240410;153714;164.76;10;10087902531;S
20240410;153714;164.76;50;10087902532;S
20240410;153714;164.76;10;10087902533;S
20240410;153714;164.76;10;10087902534;S
20240410;153714;164.76;10;10087902535;S
20240410;153714;164.76;10;10087902536;S
20240410;153714;164.76;880;10087902537;S
20240410;153714;164.76;10;10087902538;S
20240410;153714;164.76;10;10087902539;S
20240410;153714;164.76;10;10087902540;S
20240410;153714;164.76;10;10087902541;S
20240410;153714;164.76;10;10087902542;S
20240410;153714;164.76;10;10087902543;S
20240410;153714;164.76;10;10087902544;S
20240410;153714;164.76;10;10087902545;S
20240410;153714;164.76;10;10087902546;S
20240410;153714;164.76;10;10087902547;S
20240410;153714;164.76;110;10087902548;S
20240410;153714;164.76;10;10087902549;S
20240410;153714;164.76;10;10087902550;S
20240410;153714;164.76;10;10087902551;S
20240410;153714;164.76;10;10087902552;S
20240410;153714;164.76;10;10087902553;S
20240410;153714;164.76;10;10087902554;S
20240410;153714;164.76;10;10087902555;S
20240410;153714;164.76;10;10087902556;S
20240410;153714;164.76;10;10087902557;S
20240410;153714;164.76;50;10087902558;S
20240410;153714;164.76;10;10087902559;S
20240410;153714;164.76;10;10087902560;S
20240410;153714;164.76;40;10087902561;S
20240410;153714;164.76;10;10087902562;S
20240410;153714;164.76;540;10087902563;S
20240410;153714;164.76;10;10087902564;S
20240410;153714;164.76;200;10087902565;S
20240410;153714;164.76;170;10087902566;S
20240410;153714;164.76;880;10087902567;S
20240410;153714;164.76;40;10087902568;S
20240410;153714;164.76;50;10087902569;S
20240410;153714;164.76;210;10087902570;S
20240410;153714;164.76;10;10087902571;S
20240410;153714;164.76;10;10087902572;S
20240410;153714;164.76;10;10087902573;S
20240410;153714;164.76;50;10087902574;S
20240410;153714;164.76;30;10087902575;S
20240410;153714;164.76;10;10087902576;S
20240410;153714;164.76;14180;10087902577;S
20240410;153714;164.76;200;10087902585;S
20240410;153715;164.82;10;10087902622;B
20240410;153716;164.76;620;10087902681;S
20240410;153716;164.74;10;10087902682;S
20240410;153716;164.74;10;10087902683;S
20240410;153716;164.74;200;10087902684;S
20240410;153716;164.72;50;10087902685;S
20240410;153716;164.72;10;10087902686;S
20240410;153716;164.72;300;10087902687;S
20240410;153716;164.72;530;10087902688;S
20240410;153716;164.72;10;10087902689;S
20240410;153716;164.7;10;10087902690;S
20240410;153716;164.7;10;10087902691;S
20240410;153716;164.7;740;10087902692;S
20240410;153716;164.7;30;10087902693;S
20240410;153716;164.7;100;10087902710;S
20240410;153716;164.72;10;10087902732;B
20240410;153716;164.72;10;10087902740;B
20240410;153718;164.72;20;10087902828;B
20240410;153718;164.7;150;10087902838;S
20240410;153718;164.7;100;10087902860;S
20240410;153718;164.7;20;10087902888;S
20240410;153720;164.7;3860;10087902999;S
20240410;153720;164.7;5000;10087903000;S
20240410;153720;164.7;3140;10087903001;S
20240410;153722;164.78;200;10087903112;B
20240410;153722;164.78;800;10087903113;B
20240410;153723;164.76;200;10087903178;B
20240410;153723;164.76;70;10087903179;B
20240410;153729;164.76;10;10087903687;B
20240410;153734;164.72;70;10087904005;S
20240410;153734;164.72;530;10087904006;S
20240410;153735;164.72;10;10087904054;S
20240410;153735;164.76;140;10087904070;B
20240410;153735;164.76;20;10087904071;B
20240410;153735;164.76;40;10087904072;B
20240410;153735;164.72;1930;10087904091;S
20240410;153735;164.7;6250;10087904092;S
20240410;153735;164.7;1000;10087904093;S
20240410;153735;164.7;500;10087904094;S
20240410;153735;164.7;10;10087904095;S
20240410;153735;164.7;90;10087904096;S
20240410;153735;164.7;20;10087904097;S
20240410;153735;164.7;10000;10087904098;S
20240410;153735;164.7;5000;10087904099;S
20240410;153735;164.7;5000;10087904100;S
20240410;153735;164.7;200;10087904101;S
20240410;153736;164.7;150;10087904140;S
20240410;153737;164.7;200;10087904300;S
20240410;153738;164.76;20;10087904400;B
20240410;153738;164.74;10;10087904416;B
20240410;153738;164.7;15760;10087904438;S
20240410;153738;164.7;2000;10087904439;S
20240410;153738;164.7;7240;10087904440;S
20240410;153738;164.7;5000;10087904441;S
20240410;153739;164.7;1520;10087904472;S
20240410;153740;164.76;180;10087904550;B
20240410;153740;164.76;20;10087904551;B
20240410;153740;164.7;1240;10087904576;S
20240410;153740;164.7;1890;10087904577;S
20240410;153741;164.7;600;10087904655;S
20240410;153746;164.74;10;10087904962;B
20240410;153746;164.7;21780;10087904997;S
20240410;153746;164.7;34000;10087904998;S
20240410;153746;164.7;4000;10087904999;S
20240410;153746;164.7;200;10087905000;S
20240410;153746;164.7;20000;10087905001;S
20240410;153746;164.7;20;10087905002;S
20240410;153748;164.7;140;10087905154;S
20240410;153752;164.72;30;10087905406;B
20240410;153753;164.7;200;10087905442;S
20240410;153754;164.7;200;10087905498;S
20240410;153756;164.72;10;10087905624;B
20240410;153756;164.72;60;10087905664;B
20240410;153757;164.7;190;10087905767;S
20240410;153757;164.7;210;10087905768;S
20240410;153757;164.7;100;10087905787;S
20240410;153758;164.7;25430;10087905864;S
20240410;153758;164.7;36220;10087905865;S
20240410;153758;164.7;9600;10087905866;S
20240410;153758;164.7;8750;10087905867;S
20240410;153758;164.7;100;10087905876;S
20240410;153758;164.74;30;10087905924;B
20240410;153800;164.74;10;10087906235;B
20240410;153800;164.74;50;10087906272;B
20240410;153801;164.74;10;10087906287;B
20240410;153801;164.7;600;10087906307;S
20240410;153803;164.7;80;10087906527;S
20240410;153803;164.7;80;10087906528;S
20240410;153803;164.7;1000;10087906529;S
20240410;153803;164.7;920;10087906530;S
20240410;153803;164.7;920;10087906532;S
20240410;153803;164.7;1000;10087906533;S
20240410;153803;164.7;80;10087906534;S
20240410;153803;164.7;80;10087906535;S
20240410;153803;164.7;1000;10087906536;S
20240410;153803;164.7;920;10087906537;S
20240410;153803;164.7;920;10087906538;S
20240410;153803;164.7;1000;10087906539;S
20240410;153803;164.7;80;10087906540;S
20240410;153803;164.7;80;10087906541;S
20240410;153803;164.7;1000;10087906542;S
20240410;153803;164.7;920;10087906543;S
20240410;153803;164.7;920;10087906544;S
20240410;153803;164.7;1000;10087906545;S
20240410;153803;164.7;80;10087906546;S
20240410;153803;164.7;80;10087906547;S
20240410;153803;164.7;480;10087906548;S
20240410;153803;164.7;4370;10087906578;S
20240410;153804;164.7;70;10087906679;S
20240410;153804;164.7;580;10087906680;S
20240410;153804;164.72;1220;10087906689;B
20240410;153804;164.74;100;10087906690;B
20240410;153804;164.74;20;10087906691;B
20240410;153804;164.74;1780;10087906692;B
20240410;153804;164.78;1000;10087906693;B
20240410;153804;164.78;1530;10087906694;B
20240410;153804;164.8;4000;10087906695;B
20240410;153804;164.8;350;10087906696;B
20240410;153804;164.7;15000;10087906753;S
20240410;153806;164.76;10;10087906855;B
20240410;153808;164.7;8420;10087907016;S
20240410;153808;164.7;20;10087907017;S
20240410;153808;164.7;10;10087907018;S
20240410;153808;164.66;360;10087907019;S
20240410;153808;164.64;100;10087907020;S
20240410;153808;164.64;890;10087907021;S
20240410;153808;164.62;4000;10087907022;S
20240410;153808;164.6;10;10087907023;S
20240410;153808;164.6;10;10087907024;S
20240410;153808;164.6;20;10087907025;S
20240410;153808;164.6;20;10087907026;S
20240410;153808;164.6;100;10087907027;S
20240410;153808;164.6;1700;10087907028;S
20240410;153808;164.6;50;10087907029;S
20240410;153808;164.6;100;10087907030;S
20240410;153808;164.6;100;10087907031;S
20240410;153808;164.6;1000;10087907032;S
20240410;153808;164.6;400;10087907033;S
20240410;153808;164.6;10000;10087907034;S
20240410;153808;164.6;10000;10087907035;S
20240410;153808;164.6;350;10087907036;S
20240410;153808;164.58;50;10087907037;S
20240410;153808;164.58;200;10087907038;S
20240410;153808;164.56;20;10087907039;S
20240410;153808;164.56;10;10087907040;S
20240410;153808;164.56;16180;10087907041;S
20240410;153808;164.56;100;10087907042;S
20240410;153808;164.56;10000;10087907043;S
20240410;153808;164.56;10000;10087907044;S
20240410;153808;164.56;50;10087907045;S
20240410;153808;164.56;100;10087907046;S
20240410;153808;164.56;5630;10087907047;S
20240410;153808;164.54;10;10087907049;S
20240410;153808;164.54;200;10087907050;S
20240410;153808;164.54;10;10087907051;S
20240410;153808;164.52;690;10087907052;S
20240410;153808;164.52;90;10087907053;S
20240410;153808;164.52;10;10087907093;S
20240410;153808;164.52;90;10087907094;S
20240410;153808;164.52;200;10087907109;S
20240410;153809;164.52;210;10087907133;S
20240410;153809;164.52;100;10087907134;S
20240410;153809;164.52;200;10087907135;S
20240410;153809;164.52;2500;10087907136;S
20240410;153809;164.5;20;10087907137;S
20240410;153809;164.5;1050;10087907138;S
20240410;153809;164.5;600;10087907139;S
20240410;153809;164.5;610;10087907140;S
20240410;153809;164.5;10;10087907141;S
20240410;153809;164.5;40;10087907142;S
20240410;153809;164.5;10;10087907143;S
20240410;153809;164.5;50;10087907144;S
20240410;153809;164.5;10;10087907145;S
20240410;153809;164.5;30;10087907146;S
20240410;153809;164.5;200;10087907147;S
20240410;153809;164.5;50;10087907148;S
20240410;153809;164.5;300;10087907149;S
20240410;153809;164.5;10;10087907150;S
20240410;153809;164.5;10;10087907151;S
20240410;153809;164.5;30;10087907152;S
20240410;153809;164.5;80;10087907153;S
20240410;153809;164.5;700;10087907159;B
20240410;153809;164.48;50;10087907160;S
20240410;153809;164.48;100;10087907161;S
20240410;153809;164.46;450;10087907162;S
20240410;153809;164.46;50;10087907163;S
20240410;153809;164.46;500;10087907164;S
20240410;153809;164.44;100;10087907165;S
20240410;153809;164.42;20;10087907166;S
20240410;153809;164.42;10;10087907167;S
20240410;153809;164.42;500;10087907168;S
20240410;153809;164.42;10;10087907169;S
20240410;153809;164.4;10;10087907170;S
20240410;153809;164.4;20;10087907171;S
20240410;153809;164.4;280;10087907172;S
20240410;153809;164.48;10;10087907199;B
20240410;153809;164.42;150;10087907204;S
20240410;153809;164.4;20;10087907219;S
20240410;153809;164.4;10;10087907220;S
20240410;153809;164.4;50;10087907221;S
20240410;153809;164.4;50;10087907222;S
20240410;153809;164.4;20;10087907223;S
20240410;153809;164.4;100;10087907224;S
20240410;153809;164.4;100;10087907225;S
20240410;153809;164.38;1220;10087907226;S
20240410;153809;164.36;300;10087907227;S
20240410;153809;164.36;100;10087907228;S
20240410;153809;164.36;10;10087907239;S
20240410;153809;164.36;590;10087907240;S
20240410;153809;164.36;20;10087907241;S
20240410;153809;164.34;10;10087907242;S
20240410;153810;164.34;100;10087907280;S
20240410;153810;164.36;100;10087907286;B
20240410;153810;164.46;10;10087907335;B
20240410;153810;164.46;90;10087907388;B
20240410;153814;164.46;10;10087907641;B
20240410;153814;164.46;10;10087907675;B
20240410;153816;164.44;1220;10087907838;S
20240410;153816;164.44;100;10087907839;S
20240410;153816;164.44;820;10087907840;S
20240410;153818;164.44;200;10087908063;S
20240410;153818;164.44;1220;10087908064;S
20240410;153818;164.44;3350;10087908065;S
20240410;153818;164.44;3150;10087908066;S
20240410;153818;164.42;10000;10087908067;S
20240410;153818;164.4;100;10087908068;S
20240410;153818;164.34;100;10087908069;S
20240410;153818;164.32;80;10087908070;S
20240410;153818;164.32;10;10087908071;S
20240410;153818;164.32;100;10087908072;S
20240410;153818;164.32;50;10087908073;S
20240410;153818;164.32;500;10087908074;S
20240410;153818;164.32;500;10087908075;S
20240410;153818;164.32;1530;10087908076;S
20240410;153818;164.32;440;10087908077;S
20240410;153818;164.3;1120;10087908078;S
20240410;153818;164.3;500;10087908079;S
20240410;153818;164.3;10;10087908080;S
20240410;153818;164.3;10;10087908081;S
20240410;153818;164.3;40;10087908082;S
20240410;153818;164.3;20;10087908083;S
20240410;153818;164.3;2600;10087908084;S
20240410;153818;164.3;50;10087908085;S
20240410;153818;164.28;1000;10087908086;S
20240410;153818;164.28;100;10087908087;S
20240410;153818;164.28;10000;10087908088;S
20240410;153818;164.28;10000;10087908089;S
20240410;153818;164.26;50;10087908090;S
20240410;153818;164.26;50;10087908091;S
20240410;153818;164.26;390;10087908092;S
20240410;153818;164.26;2730;10087908093;S
20240410;153818;164.3;100;10087908107;S
20240410;153819;164.3;500;10087908129;S
20240410;153819;164.28;300;10087908191;S
20240410;153819;164.38;10;10087908196;B
20240410;153820;164.3;10;10087908268;S
20240410;153820;164.3;100;10087908269;S
20240410;153820;164.28;140;10087908270;S
20240410;153820;164.26;350;10087908271;S
20240410;153820;164.24;60;10087908272;S
20240410;153820;164.24;50;10087908273;S
20240410;153820;164.24;50;10087908274;S
20240410;153820;164.24;1220;10087908275;S
20240410;153820;164.24;2000;10087908276;S
20240410;153820;164.22;20;10087908277;S
20240410;153821;164.24;100;10087908307;S
20240410;153821;164.36;10;10087908308;B
20240410;153821;164.24;500;10087908360;S
20240410;153822;164.24;620;10087908530;S
20240410;153822;164.22;310;10087908531;S
20240410;153822;164.22;50;10087908532;S
20240410;153822;164.22;380;10087908533;S
20240410;153822;164.22;200;10087908534;S
20240410;153822;164.22;1530;10087908535;S
20240410;153822;164.22;40;10087908536;S
20240410;153822;164.2;2000;10087908537;S
20240410;153822;164.2;10;10087908538;S
20240410;153822;164.2;10;10087908539;S
20240410;153822;164.2;90;10087908540;S
20240410;153822;164.2;1600;10087908541;S
20240410;153822;164.2;200;10087908542;S
20240410;153822;164.2;10;10087908543;S
20240410;153822;164.2;120;10087908544;S
20240410;153822;164.2;3600;10087908545;S
20240410;153822;164.2;310;10087908546;S
20240410;153822;164.2;100;10087908547;S
20240410;153822;164.2;350;10087908567;S
20240410;153823;164.2;800;10087908594;S
20240410;153823;164.28;20;10087908671;B
20240410;153827;164.26;10;10087909017;B
20240410;153828;164.24;200;10087909133;S
20240410;153828;164.24;800;10087909134;S
20240410;153828;164.26;10;10087909145;B
20240410;153828;164.24;5400;10087909148;S
20240410;153828;164.24;1220;10087909149;S
20240410;153828;164.22;1530;10087909150;S
20240410;153828;164.22;20;10087909151;S
20240410;153828;164.2;6450;10087909152;S
20240410;153828;164.2;5000;10087909153;S
20240410;153828;164.2;350;10087909154;S
20240410;153828;164.2;100;10087909155;S
20240410;153828;164.2;400;10087909156;S
20240410;153828;164.2;200;10087909157;S
20240410;153828;164.18;10;10087909158;S
20240410;153828;164.18;50;10087909159;S
20240410;153828;164.18;220;10087909160;S
20240410;153828;164.18;110;10087909161;S
20240410;153828;164.18;200;10087909162;S
20240410;153828;164.18;3990;10087909163;S
20240410;153828;164.16;80;10087909164;S
20240410;153828;164.16;1000;10087909165;S
20240410;153828;164.16;200;10087909166;S
20240410;153828;164.16;1500;10087909167;S
20240410;153828;164.16;1970;10087909168;S
20240410;153828;164.26;480;10087909185;B
20240410;153828;164.26;500;10087909186;B
20240410;153828;164.26;20;10087909187;B
20240410;153828;164.26;30;10087909210;B
20240410;153829;164.34;10;10087909242;B
20240410;153829;164.24;80;10087909255;S
20240410;153830;164.32;10;10087909281;B
20240410;153830;164.28;10;10087909333;B
20240410;153831;164.24;10;10087909361;S
20240410;153831;164.22;100;10087909362;S
20240410;153831;164.2;400;10087909363;S
20240410;153831;164.18;200;10087909364;S
20240410;153831;164.18;10;10087909365;S
20240410;153831;164.16;200;10087909366;S
20240410;153831;164.16;1530;10087909367;S
20240410;153831;164.16;1220;10087909368;S
20240410;153831;164.14;220;10087909369;S
20240410;153831;164.14;50;10087909370;S
20240410;153831;164.14;210;10087909371;S
20240410;153831;164.14;500;10087909372;S
20240410;153831;164.14;100;10087909373;S
20240410;153831;164.14;20;10087909374;S
20240410;153831;164.14;5000;10087909375;S
20240410;153831;164.14;400;10087909376;S
20240410;153831;164.14;5310;10087909377;S
20240410;153831;164.26;190;10087909395;B
20240410;153831;164.28;190;10087909396;B
20240410;153831;164.28;620;10087909397;B
20240410;153832;164.14;600;10087909437;S
20240410;153833;164.18;10;10087909560;B
20240410;153833;164.2;10;10087909561;B
20240410;153833;164.26;30;10087909562;B
20240410;153834;164.26;100;10087909652;B
20240410;153836;164.2;10;10087909763;S
20240410;153836;164.16;100;10087909764;S
20240410;153836;164.14;90;10087909765;S
20240410;153836;164.14;530;10087909772;S
20240410;153836;164.14;1530;10087909773;S
20240410;153836;164.14;400;10087909774;S
20240410;153836;164.12;1500;10087909775;S
20240410;153836;164.12;100;10087909776;S
20240410;153836;164.12;940;10087909777;S
20240410;153837;164.24;500;10087909835;B
20240410;153837;164.2;20;10087909891;B
20240410;153838;164.2;180;10087909938;B
20240410;153841;164.2;220;10087910272;S
20240410;153844;164.2;50;10087910537;S
20240410;153845;164.2;50;10087910615;B
20240410;153846;164.2;150;10087910734;S
20240410;153846;164.16;100;10087910735;S
20240410;153846;164.16;20;10087910736;S
20240410;153846;164.14;20;10087910737;S
20240410;153846;164.14;10;10087910738;S
20240410;153848;164.18;10;10087910987;B
20240410;153848;164.14;1520;10087911041;S
20240410;153848;164.14;40;10087911042;S
20240410;153848;164.12;1560;10087911043;S
20240410;153848;164.12;4100;10087911044;S
20240410;153848;164.12;50;10087911045;S
20240410;153848;164.1;10;10087911046;S
20240410;153848;164.1;280;10087911047;S
20240410;153848;164.1;50;10087911048;S
20240410;153848;164.1;150;10087911049;S
20240410;153848;164.1;50;10087911050;S
20240410;153848;164.1;10;10087911051;S
20240410;153848;164.1;10;10087911052;S
20240410;153848;164.1;10;10087911053;S
20240410;153848;164.1;10;10087911054;S
20240410;153848;164.1;10;10087911055;S
20240410;153848;164.08;20;10087911056;S
20240410;153848;164.08;50;10087911057;S
20240410;153848;164.08;500;10087911058;S
20240410;153848;164.08;100;10087911059;S
20240410;153848;164.06;220;10087911060;S
20240410;153848;164.06;70;10087911061;S
20240410;153848;164.06;1180;10087911062;S
20240410;153848;164.18;10;10087911126;B
20240410;153849;164.1;20;10087911128;S
20240410;153849;164.14;10;10087911166;S
20240410;153849;164.14;190;10087911168;S
20240410;153849;164.14;1000;10087911195;S
20240410;153850;164.14;500;10087911258;S
20240410;153851;164.14;440;10087911357;S
20240410;153851;164.16;10;10087911358;B
20240410;153852;164.16;390;10087911394;B
20240410;153852;164.18;180;10087911395;B
20240410;153852;164.2;2430;10087911396;B
20240410;153852;164.14;800;10087911403;S
20240410;153853;164.16;200;10087911512;S
20240410;153854;164.16;10;10087911588;S
20240410;153855;164.18;100;10087911714;B
20240410;153855;164.16;730;10087911758;S
20240410;153855;164.16;730;10087911772;S
20240410;153856;164.16;150;10087911898;S
20240410;153856;164.16;150;10087911899;S
20240410;153856;164.18;20;10087911975;B
20240410;153856;164.18;480;10087911976;B
20240410;153856;164.16;70;10087911994;S
20240410;153856;164.16;70;10087912033;S
20240410;153857;164.16;390;10087912109;S
20240410;153857;164.14;60;10087912110;S
20240410;153857;164.12;100;10087912170;S
20240410;153857;164.1;20;10087912171;S
20240410;153857;164.1;10;10087912172;S
20240410;153857;164.1;20;10087912173;S
20240410;153858;164.14;20;10087912271;B
20240410;153858;164.14;130;10087912272;B
20240410;153858;164.14;70;10087912273;B
20240410;153858;164.12;60;10087912305;S
20240410;153858;164.1;80;10087912306;S
20240410;153858;164.1;110;10087912307;S
20240410;153859;164.12;10;10087912451;S
20240410;153859;164.1;360;10087912452;S
20240410;153859;164.12;20;10087912553;B
20240410;153901;164.1;1530;10087912753;S
20240410;153901;164.08;10;10087912754;S
20240410;153901;164.08;70;10087912755;S
20240410;153901;164.08;60;10087912802;B
20240410;153901;164.08;200;10087912804;B
20240410;153905;164.08;910;10087913074;B
20240410;153905;164.08;10;10087913075;B
20240410;153905;164.08;80;10087913076;B
20240410;153905;164.08;20;10087913089;B
20240410;153905;164.1;480;10087913090;B
20240410;153905;164.08;320;10087913127;S
20240410;153906;164.1;130;10087913158;B
20240410;153906;164.1;3000;10087913182;B
20240410;153906;164.08;1210;10087913209;S
20240410;153906;164.08;880;10087913210;S
20240410;153906;164.06;1880;10087913211;S
20240410;153906;164.06;1000;10087913212;S
20240410;153906;164.06;2880;10087913213;S
20240410;153906;164.04;4000;10087913214;S
20240410;153906;164.04;10;10087913215;S
20240410;153906;164.04;100;10087913216;S
20240410;153906;164.04;10;10087913217;S
20240410;153906;164.04;300;10087913218;S
20240410;153906;164.04;50;10087913219;S
20240410;153906;164.04;200;10087913220;S
20240410;153906;164.02;10;10087913221;S
20240410;153906;164.02;10;10087913222;S
20240410;153906;164.02;50;10087913223;S
20240410;153906;164.02;500;10087913224;S
20240410;153906;164.02;2500;10087913225;S
20240410;153906;164.02;10;10087913226;S
20240410;153906;164.02;50;10087913227;S
20240410;153906;164.02;280;10087913228;S
20240410;153906;164.02;150;10087913229;S
20240410;153906;164.02;20;10087913230;S
20240410;153906;164.02;200;10087913231;S
20240410;153906;164.02;10;10087913232;S
20240410;153906;164.02;250;10087913233;S
20240410;153906;164.02;500;10087913234;S
20240410;153906;164.02;10;10087913235;S
20240410;153906;164.02;400;10087913236;S
20240410;153906;164.02;20;10087913237;S
20240410;153906;164.02;100;10087913238;S
20240410;153906;164.02;400;10087913239;S
20240410;153906;164.02;100;10087913240;S
20240410;153906;164.02;300;10087913241;S
20240410;153906;164.02;130;10087913242;S
20240410;153906;164.02;500;10087913243;S
20240410;153906;164.02;500;10087913244;S
20240410;153906;164.02;480;10087913245;S
20240410;153906;164.04;100;10087913251;S
20240410;153907;164.1;20;10087913285;B
20240410;153907;164.06;100;10087913287;S
20240410;153907;164.06;400;10087913305;S
20240410;153907;164.04;1430;10087913306;S
20240410;153907;164.02;1520;10087913307;S
20240410;153907;164.02;60;10087913308;S
20240410;153907;164.02;200;10087913309;S
20240410;153907;164.02;390;10087913310;S
20240410;153908;164.08;2500;10087913392;S
20240410;153908;164.06;1530;10087913393;S
20240410;153908;164.04;7500;10087913394;S
20240410;153908;164.02;50;10087913395;S
20240410;153908;164;10;10087913396;S
20240410;153908;164;20;10087913397;S
20240410;153908;164;3000;10087913398;S
20240410;153908;164;10;10087913399;S
20240410;153908;164;10;10087913400;S
20240410;153908;164;20;10087913401;S
20240410;153908;164;520;10087913402;S
20240410;153908;164;30;10087913403;S
20240410;153908;164;80;10087913404;S
20240410;153908;164;10;10087913405;S
20240410;153908;164;1900;10087913406;S
20240410;153908;164;270;10087913407;S
20240410;153908;164;20;10087913408;S
20240410;153908;164;10;10087913409;S
20240410;153908;164;100;10087913410;S
20240410;153908;164;300;10087913411;S
20240410;153908;164;50;10087913412;S
20240410;153908;164;20;10087913413;S
20240410;153908;164;10;10087913414;S
20240410;153908;164;50;10087913415;S
20240410;153908;164;20;10087913416;S
20240410;153908;164;50;10087913417;S
20240410;153908;164;10;10087913418;S
20240410;153908;164;500;10087913419;S
20240410;153908;164;1400;10087913420;S
20240410;153908;164.02;1530;10087913426;S
20240410;153908;164;480;10087913427;S
20240410;153908;164.02;260;10087913434;S
20240410;153908;164;1120;10087913435;S
20240410;153908;164;50;10087913436;S
20240410;153908;164;100;10087913437;S
20240410;153908;164;500;10087913438;S
20240410;153908;164;50;10087913439;S
20240410;153908;164;10;10087913440;S
20240410;153908;164;10;10087913441;S
20240410;153908;164;100;10087913449;S
20240410;153908;164;100;10087913450;S
20240410;153908;164;30;10087913451;S
20240410;153908;164;10;10087913452;S
20240410;153908;164;100;10087913453;S
20240410;153908;164;100;10087913454;S
20240410;153908;164;50;10087913455;S
20240410;153908;164;100;10087913456;S
20240410;153908;164;10;10087913457;S
20240410;153908;164;10;10087913458;S
20240410;153908;164;50;10087913459;S
20240410;153908;164;10;10087913460;S
20240410;153908;164;80;10087913461;S
20240410;153908;164;10;10087913462;S
20240410;153908;164;10;10087913463;S
20240410;153908;164;10;10087913464;S
20240410;153908;164;100;10087913465;S
20240410;153908;164;1000;10087913466;S
20240410;153908;164;400;10087913467;S
20240410;153908;164;10;10087913468;S
20240410;153908;164;1170;10087913469;S
20240410;153908;164;30;10087913470;S
20240410;153908;164;50;10087913471;S
20240410;153908;164;10;10087913472;S
20240410;153908;164;150;10087913473;S
20240410;153908;164;100;10087913474;S
20240410;153908;164;1000;10087913475;S
20240410;153908;164;10;10087913476;S
20240410;153908;164;500;10087913477;S
20240410;153908;164;40;10087913478;S
20240410;153908;164;90;10087913479;S
20240410;153908;164;10;10087913480;S
20240410;153908;164;180;10087913481;S
20240410;153908;164;9870;10087913482;S
20240410;153908;164;30;10087913507;S
20240410;153908;164;10;10087913508;S
20240410;153908;164;100;10087913513;S
20240410;153908;164;350;10087913515;S
20240410;153908;164;40;10087913516;S
20240410;153909;164;500;10087913524;S
20240410;153909;164;100;10087913526;S
20240410;153909;164;16770;10087913527;S
20240410;153909;164;50;10087913528;S
20240410;153909;164;30;10087913529;S
20240410;153909;164;40;10087913530;S
20240410;153909;164;5000;10087913531;S
20240410;153909;164;10;10087913532;S
20240410;153909;164;20;10087913533;S
20240410;153909;164;50;10087913534;S
20240410;153909;164;1000;10087913535;S
20240410;153909;164;500;10087913536;S
20240410;153909;164;10;10087913537;S
20240410;153909;164;2000;10087913538;S
20240410;153909;164;10;10087913539;S
20240410;153909;164;20;10087913540;S
20240410;153909;164;20;10087913541;S
20240410;153909;164;40;10087913542;S
20240410;153909;164;40;10087913543;S
20240410;153909;164;500;10087913544;S
20240410;153909;164;100;10087913545;S
20240410;153909;164;50;10087913546;S
20240410;153909;164;10;10087913547;S
20240410;153909;164;100;10087913548;S
20240410;153909;164;10;10087913549;S
20240410;153909;164;20;10087913550;S
20240410;153909;164;250;10087913551;S
20240410;153909;164;500;10087913552;S
20240410;153909;164;150;10087913553;S
20240410;153909;164;300;10087913554;S
20240410;153909;164;300;10087913555;S
20240410;153909;164;500;10087913556;S
20240410;153909;164;700;10087913557;S
20240410;153909;164;10;10087913558;S
20240410;153909;164;10;10087913559;S
20240410;153909;164;10;10087913560;S
20240410;153909;164;10;10087913561;S
20240410;153909;164;10;10087913562;S
20240410;153909;164;10;10087913563;S
20240410;153909;164;100;10087913564;S
20240410;153909;164;20;10087913565;S
20240410;153909;164;10;10087913566;S
20240410;153909;164;10;10087913567;S
20240410;153909;164;10;10087913568;S
20240410;153909;164;10;10087913569;S
20240410;153909;164;340;10087913570;S
20240410;153909;164;100;10087913571;S
20240410;153909;164;70;10087913572;S
20240410;153909;164;20;10087913573;S
20240410;153909;164;10;10087913574;S
20240410;153909;164;200;10087913575;S
20240410;153909;164;70;10087913576;S
20240410;153909;164;13870;10087913577;S
20240410;153909;164;550;10087913581;S
20240410;153909;164;10;10087913587;B
20240410;153909;164;20;10087913588;B
20240410;153909;163.98;2290;10087913590;S
20240410;153909;163.98;250;10087913593;S
20240410;153909;163.98;250;10087913595;S
20240410;153909;163.98;400;10087913597;S
20240410;153909;163.98;10;10087913598;S
20240410;153909;163.98;3600;10087913599;S
20240410;153909;164;40;10087913601;B
20240410;153909;164;10;10087913602;B
20240410;153909;163.98;4650;10087913603;S
20240410;153909;163.98;200;10087913604;S
20240410;153909;164;700;10087913605;B
20240410;153909;163.98;270;10087913614;S
20240410;153909;164;30;10087913615;B
20240410;153909;163.98;500;10087913621;S
20240410;153909;164;100;10087913630;B
20240410;153909;163.98;10;10087913634;S
20240410;153909;163.98;1220;10087913637;S
20240410;153909;163.98;50;10087913641;S
20240410;153909;164;20;10087913643;B
20240410;153909;163.98;20;10087913644;S
20240410;153909;164;100;10087913646;B
20240410;153909;163.98;100;10087913652;S
20240410;153909;163.98;50;10087913654;S
20240410;153909;163.98;8670;10087913664;S
20240410;153909;163.96;10;10087913665;S
20240410;153909;163.96;100;10087913666;S
20240410;153909;163.96;500;10087913667;S
20240410;153909;163.96;100;10087913668;S
20240410;153909;163.96;30;10087913669;S
20240410;153909;163.96;20;10087913670;S
20240410;153909;163.94;10;10087913671;S
20240410;153909;163.94;100;10087913672;S
20240410;153909;163.94;10;10087913673;S
20240410;153909;163.92;300;10087913674;S
20240410;153909;163.92;10;10087913675;S
20240410;153909;163.92;20;10087913676;S
20240410;153909;163.92;10;10087913677;S
20240410;153909;163.92;220;10087913678;S
20240410;153909;163.9;1000;10087913679;S
20240410;153909;163.9;20;10087913680;S
20240410;153909;163.9;10;10087913681;S
20240410;153909;163.9;20;10087913682;S
20240410;153909;163.9;10;10087913683;S
20240410;153909;163.9;10;10087913684;S
20240410;153909;163.9;100;10087913685;S
20240410;153909;163.9;500;10087913686;S
20240410;153909;163.9;110;10087913687;S
20240410;153909;163.9;200;10087913688;S
20240410;153909;163.9;50;10087913689;S
20240410;153909;163.9;10;10087913690;S
20240410;153909;163.9;6000;10087913691;S
20240410;153909;163.88;1850;10087913692;S
20240410;153910;163.88;2150;10087913699;S
20240410;153910;163.88;1370;10087913700;S
20240410;153910;163.9;70;10087913705;B
20240410;153910;163.9;30;10087913706;B
20240410;153910;163.88;630;10087913708;S
20240410;153910;163.86;10;10087913709;S
20240410;153910;163.86;300;10087913710;S
20240410;153910;163.86;350;10087913711;S
20240410;153910;163.84;200;10087913712;S
20240410;153910;163.82;10;10087913713;S
20240410;153910;163.82;10;10087913723;S
20240410;153910;163.82;10;10087913724;S
20240410;153910;163.88;200;10087913726;B
20240410;153910;163.9;50;10087913727;B
20240410;153910;163.9;80;10087913728;B
20240410;153910;163.9;2000;10087913735;S
20240410;153910;163.9;180;10087913739;S
20240410;153910;163.9;510;10087913764;S
20240410;153910;163.9;700;10087913765;S
20240410;153910;163.94;200;10087913768;B
20240410;153910;163.96;1300;10087913769;B
20240410;153910;163.9;20;10087913773;S
20240410;153910;163.9;260;10087913775;S
20240410;153910;163.84;650;10087913776;S
20240410;153910;163.82;1890;10087913777;S
20240410;153910;163.9;100;10087913783;S
20240410;153910;163.82;2300;10087913784;S
20240410;153910;163.9;30;10087913789;S
20240410;153910;163.84;90;10087913790;S
20240410;153910;163.84;310;10087913799;S
20240410;153910;163.82;380;10087913800;S
20240410;153910;163.82;310;10087913801;S
20240410;153910;163.84;870;10087913809;S
20240410;153911;163.84;20;10087913818;S
20240410;153911;163.86;30;10087913831;S
20240410;153911;163.86;70;10087913835;S
20240410;153911;163.84;30;10087913836;S
20240410;153911;163.86;30;10087913864;S
20240410;153911;163.88;100;10087913889;S
20240410;153911;163.86;70;10087913890;S
20240410;153911;163.84;1080;10087913891;S
20240410;153911;163.84;200;10087913892;S
20240410;153911;163.84;200;10087913893;S
20240410;153911;163.84;2000;10087913894;S
20240410;153911;163.82;90;10087913895;S
20240410;153911;163.82;10;10087913896;S
20240410;153911;163.82;5000;10087913897;S
20240410;153911;163.82;320;10087913898;S
20240410;153911;163.82;200;10087913899;S
20240410;153911;163.82;20;10087913900;S
20240410;153911;163.8;200;10087913901;S
20240410;153911;163.8;10;10087913902;S
20240410;153911;163.8;10;10087913903;S
20240410;153911;163.8;3080;10087913904;S
20240410;153911;163.8;10;10087913905;S
20240410;153911;163.8;10;10087913906;S
20240410;153911;163.8;10;10087913907;S
20240410;153911;163.8;500;10087913908;S
20240410;153911;163.8;10;10087913909;S
20240410;153911;163.8;220;10087913910;S
20240410;153911;163.8;200;10087913911;S
20240410;153911;163.8;10;10087913912;S
20240410;153911;163.8;80;10087913913;S
20240410;153911;163.8;300;10087913914;S
20240410;153911;163.8;20;10087913915;S
20240410;153911;163.8;2000;10087913916;S
20240410;153911;163.8;200;10087913917;S
20240410;153911;163.8;3840;10087913918;S
20240410;153911;163.92;100;10087913925;B
20240410;153911;163.88;50;10087913927;B
20240410;153911;163.8;100;10087913931;S
20240410;153912;163.86;2000;10087913948;S
20240410;153912;163.82;100;10087913961;S
20240410;153912;163.82;100;10087913962;S
20240410;153912;163.82;400;10087913968;S
20240410;153912;163.8;680;10087913969;S
20240410;153912;163.86;10;10087913972;S
20240410;153912;163.8;490;10087913973;S
20240410;153912;163.8;2390;10087913976;S
20240410;153912;163.8;30;10087913977;S
20240410;153912;163.78;100;10087913978;S
20240410;153912;163.78;210;10087913979;S
20240410;153912;163.78;300;10087913980;S
20240410;153912;163.78;30;10087913981;S
20240410;153912;163.76;10;10087913982;S
20240410;153912;163.76;100;10087913983;S
20240410;153912;163.74;20;10087913984;S
20240410;153912;163.74;100;10087913985;S
20240410;153912;163.74;60;10087913986;S
20240410;153912;163.74;2000;10087913987;S
20240410;153912;163.74;80;10087913988;S
20240410;153912;163.74;200;10087913989;S
20240410;153912;163.72;100;10087913990;S
20240410;153912;163.72;10;10087913991;S
20240410;153912;163.72;260;10087913992;S
20240410;153912;163.72;200;10087914008;S
20240410;153912;163.8;30;10087914022;B
20240410;153912;163.82;200;10087914023;B
20240410;153912;163.84;1770;10087914024;B
20240410;153912;163.74;100;10087914034;S
20240410;153912;163.8;10;10087914038;S
20240410;153912;163.78;60;10087914039;S
20240410;153912;163.74;50;10087914041;S
20240410;153912;163.78;10;10087914043;B
20240410;153913;163.74;100;10087914060;S
20240410;153913;163.72;900;10087914061;S
20240410;153913;163.72;1140;10087914093;S
20240410;153913;163.72;1560;10087914094;S
20240410;153913;163.74;200;10087914095;B
20240410;153913;163.74;1150;10087914098;B
20240410;153913;163.74;850;10087914099;B
20240410;153913;163.74;10;10087914100;B
20240410;153913;163.74;640;10087914116;B
20240410;153913;163.76;950;10087914125;S
20240410;153913;163.76;800;10087914142;S
20240410;153914;163.76;10;10087914160;S
20240410;153914;163.76;500;10087914176;S
20240410;153914;163.76;2100;10087914198;S
20240410;153914;163.76;50;10087914199;S
20240410;153914;163.76;200;10087914200;S
20240410;153914;163.74;1310;10087914201;S
20240410;153914;163.76;200;10087914241;S
20240410;153914;163.76;320;10087914242;S
20240410;153914;163.74;130;10087914243;S
20240410;153914;163.78;120;10087914282;B
20240410;153914;163.78;80;10087914283;B
20240410;153915;163.76;1000;10087914318;S
20240410;153915;163.76;400;10087914319;S
20240410;153915;163.74;6060;10087914320;S
20240410;153915;163.74;2000;10087914321;S
20240410;153915;163.74;10;10087914322;S
20240410;153915;163.74;200;10087914323;S
20240410;153915;163.72;330;10087914324;S
20240410;153915;163.78;120;10087914354;B
20240410;153915;163.82;200;10087914404;B
20240410;153915;163.84;250;10087914405;B
20240410;153916;163.86;20;10087914424;B
20240410;153916;163.86;50;10087914531;B
20240410;153917;163.86;500;10087914608;B
20240410;153917;163.88;10;10087914612;B
20240410;153917;163.84;100;10087914643;S
20240410;153917;163.84;1950;10087914655;S
20240410;153917;163.84;50;10087914656;S
20240410;153917;163.88;100;10087914667;B
20240410;153917;163.88;90;10087914668;B
20240410;153917;163.92;10;10087914669;B
20240410;153919;163.86;10;10087914769;S
20240410;153919;163.84;50;10087914770;S
20240410;153919;163.84;40;10087914771;S
20240410;153920;163.9;10;10087914941;B
20240410;153921;163.9;10;10087914983;B
20240410;153921;163.9;200;10087914984;B
20240410;153921;163.9;400;10087914985;B
20240410;153921;163.92;60;10087914986;B
20240410;153921;163.92;830;10087914987;B
20240410;153921;163.88;290;10087915049;S
20240410;153922;163.88;20;10087915191;S
20240410;153923;163.9;100;10087915282;B
20240410;153923;163.92;10;10087915283;B
20240410;153923;163.92;190;10087915284;B
20240410;153923;163.92;10;10087915287;B
20240410;153923;163.88;290;10087915314;S
20240410;153923;163.86;110;10087915315;S
20240410;153925;163.9;200;10087915590;B
20240410;153925;163.92;200;10087915591;B
20240410;153925;163.92;100;10087915592;B
20240410;153925;163.92;150;10087915593;B
20240410;153925;163.94;110;10087915594;B
20240410;153925;163.96;150;10087915595;B
20240410;153925;163.96;160;10087915596;B
20240410;153925;163.98;100;10087915597;B
20240410;153925;163.98;1830;10087915598;B
20240410;153925;163.88;190;10087915626;S
20240410;153929;163.94;100;10087916025;B
20240410;153929;163.94;100;10087916026;B
20240410;153929;163.96;100;10087916027;B
20240410;153929;163.96;7220;10087916028;B
20240410;153929;163.9;10;10087916036;S
20240410;153929;163.88;60;10087916037;S
20240410;153929;163.88;20;10087916038;S
20240410;153929;163.88;100;10087916039;S
20240410;153929;163.88;690;10087916040;S
20240410;153929;163.86;90;10087916041;S
20240410;153929;163.86;310;10087916042;S
20240410;153929;163.86;20;10087916043;S
20240410;153929;163.86;500;10087916044;S
20240410;153929;163.84;10;10087916045;S
20240410;153929;163.84;410;10087916046;S
20240410;153930;163.88;200;10087916193;S
20240410;153931;163.92;100;10087916247;B
20240410;153931;163.94;100;10087916248;B
20240410;153931;163.94;10;10087916249;B
20240410;153931;163.96;90;10087916250;B
20240410;153931;163.96;300;10087916251;B
20240410;153931;163.96;10;10087916304;B
20240410;153931;163.9;100;10087916311;S
20240410;153931;163.9;10;10087916312;S
20240410;153931;163.88;890;10087916313;S
20240410;153931;163.96;80;10087916317;B
20240410;153931;163.96;200;10087916318;B
20240410;153931;163.96;500;10087916319;B
20240410;153931;163.98;840;10087916320;B
20240410;153932;163.98;500;10087916346;B
20240410;153934;163.98;50;10087916485;B
20240410;153934;163.98;1000;10087916536;B
20240410;153934;163.98;20;10087916550;B
20240410;153934;163.98;7470;10087916552;B
20240410;153934;164;180;10087916553;B
20240410;153934;164;500;10087916554;B
20240410;153934;164;50;10087916555;B
20240410;153934;164;500;10087916556;B
20240410;153934;164;100;10087916557;B
20240410;153934;164;150;10087916558;B
20240410;153934;164;1050;10087916559;B
20240410;153935;163.92;40;10087916629;S
20240410;153935;163.98;500;10087916678;B
20240410;153935;164;500;10087916679;B
20240410;153936;163.94;10;10087916724;S
20240410;153936;163.92;160;10087916725;S
20240410;153936;163.92;330;10087916726;S
20240410;153936;163.92;670;10087916759;S
20240410;153936;163.92;330;10087916760;S
20240410;153936;164;10;10087916763;B
20240410;153937;163.98;100;10087916807;B
20240410;153937;164;440;10087916808;B
20240410;153937;164;2000;10087916809;B
20240410;153937;164;460;10087916810;B
20240410;153937;164;350;10087916849;B
20240410;153937;164;1190;10087916884;B
20240410;153937;164;2000;10087916885;B
20240410;153937;164;2000;10087916886;B
20240410;153937;164;2000;10087916887;B
20240410;153940;164.04;100;10087917110;B
20240410;153941;163.98;300;10087917126;S
20240410;153941;163.94;500;10087917127;S
20240410;153941;163.92;50;10087917128;S
20240410;153941;163.92;150;10087917129;S
20240410;153941;164.02;60;10087917197;B
20240410;153942;164;100;10087917334;B
20240410;153942;164;10;10087917335;B
20240410;153944;164.04;50;10087917460;B
20240410;153944;163.96;50;10087917490;S
20240410;153944;163.96;200;10087917518;S
20240410;153944;163.94;980;10087917519;S
20240410;153944;163.94;500;10087917520;S
20240410;153944;163.92;200;10087917521;S
20240410;153944;163.92;980;10087917522;S
20240410;153944;163.92;200;10087917523;S
20240410;153944;163.92;540;10087917524;S
20240410;153944;163.92;2400;10087917525;S
20240410;153944;163.9;50;10087917526;S
20240410;153944;163.9;100;10087917527;S
20240410;153944;163.9;500;10087917528;S
20240410;153944;163.9;60;10087917529;S
20240410;153944;163.88;1410;10087917530;S
20240410;153944;163.88;10;10087917531;S
20240410;153944;163.88;1420;10087917532;S
20240410;153944;163.88;100;10087917533;S
20240410;153944;163.88;200;10087917534;S
20240410;153944;163.86;50;10087917535;S
20240410;153944;163.86;2000;10087917536;S
20240410;153944;163.86;400;10087917537;S
20240410;153944;163.84;6880;10087917538;S
20240410;153944;163.84;50;10087917539;S
20240410;153944;163.82;1000;10087917540;S
20240410;153944;163.82;2000;10087917541;S
20240410;153944;163.82;1000;10087917542;S
20240410;153944;163.82;250;10087917543;S
20240410;153944;163.82;6520;10087917544;S
20240410;153944;163.94;500;10087917545;S
20240410;153944;163.92;200;10087917547;B
20240410;153944;163.94;190;10087917548;B
20240410;153947;163.96;100;10087917766;B
20240410;153947;163.96;50;10087917767;B
20240410;153947;163.96;10;10087917768;B
20240410;153947;163.96;250;10087917769;B
20240410;153947;163.98;90;10087917770;B
20240410;153947;163.88;20;10087917792;S
20240410;153947;163.96;10;10087917801;B
20240410;153948;163.92;10;10087917904;S
20240410;153948;163.88;80;10087917905;S
20240410;153948;163.82;200;10087917906;S
20240410;153948;163.82;490;10087917907;S
20240410;153948;163.82;20;10087917908;S
20240410;153948;163.82;480;10087917924;S
20240410;153948;163.82;200;10087917925;S
20240410;153948;163.8;120;10087917926;S
20240410;153949;163.88;100;10087918037;B
20240410;153949;163.92;200;10087918038;B
20240410;153949;163.92;250;10087918039;B
20240410;153950;163.84;250;10087918135;S
20240410;153950;163.82;500;10087918136;S
20240410;153950;163.8;250;10087918137;S
20240410;153950;163.9;40;10087918138;B
20240410;153950;163.92;60;10087918139;B
20240410;153951;163.88;20;10087918218;B
20240410;153951;163.82;30;10087918222;S
20240410;153951;163.88;20;10087918248;B
20240410;153951;163.82;10;10087918252;S
20240410;153951;163.82;460;10087918296;S
20240410;153951;163.8;4630;10087918297;S
20240410;153951;163.8;200;10087918298;S
20240410;153951;163.8;50;10087918299;S
20240410;153951;163.8;1500;10087918300;S
20240410;153951;163.78;3160;10087918301;S
20240410;153952;163.88;50;10087918353;B
20240410;153952;163.88;20;10087918368;B
20240410;153953;163.82;200;10087918471;S
20240410;153953;163.82;100;10087918519;S
20240410;153956;163.84;410;10087918952;S
20240410;153956;163.88;10;10087919009;B
20240410;153959;163.88;20;10087919304;B
20240410;153959;163.92;180;10087919305;B
20240410;153959;163.84;90;10087919307;S
20240410;153959;163.84;170;10087919308;S
20240410;153959;163.84;30;10087919319;S
20240410;153959;163.84;250;10087919320;S
20240410;153959;163.84;500;10087919321;S
20240410;153959;163.82;890;10087919322;S
20240410;153959;163.82;2170;10087919323;S
20240410;153959;163.8;200;10087919324;S
20240410;153959;163.8;200;10087919325;S
20240410;153959;163.8;200;10087919326;S
20240410;153959;163.78;1810;10087919327;S
20240410;154000;163.86;50;10087919400;S
20240410;154000;163.8;200;10087919401;S
20240410;154000;163.8;500;10087919402;S
20240410;154000;163.8;90;10087919403;S
20240410;154000;163.86;100;10087919410;S
20240410;154000;163.8;160;10087919411;S
20240410;154000;163.8;500;10087919412;S
20240410;154000;163.78;1140;10087919413;S
20240410;154000;163.9;20;10087919417;B
20240410;154000;163.9;50;10087919430;B
20240410;154001;163.9;60;10087919472;B
20240410;154001;163.9;10;10087919543;B
20240410;154001;163.8;50;10087919544;S
20240410;154002;163.88;10;10087919602;B
20240410;154003;163.88;10;10087919672;B
20240410;154003;163.86;200;10087919752;S
20240410;154005;163.88;10;10087919979;B
20240410;154006;163.84;200;10087920031;S
20240410;154006;163.88;170;10087920045;B
20240410;154006;163.88;200;10087920046;B
20240410;154006;163.88;130;10087920047;B
20240410;154007;163.84;300;10087920089;S
20240410;154007;163.82;50;10087920090;S
20240410;154007;163.88;360;10087920127;B
20240410;154007;163.88;390;10087920128;B
20240410;154007;163.88;110;10087920156;B
20240410;154007;163.9;60;10087920157;B
20240410;154007;163.9;150;10087920158;B
20240410;154007;163.9;880;10087920159;S
20240410;154007;163.9;70;10087920162;B
20240410;154007;163.9;120;10087920166;B
20240410;154009;163.9;10;10087920293;B
20240410;154009;163.92;150;10087920294;B
20240410;154009;163.9;100;10087920338;B
20240410;154011;163.9;100;10087920536;B
20240410;154011;163.92;200;10087920537;B
20240410;154011;163.9;1000;10087920557;S
20240410;154012;163.92;100;10087920609;B
20240410;154012;163.86;100;10087920698;S
20240410;154012;163.88;140;10087920703;B
20240410;154015;163.88;100;10087921002;B
20240410;154015;163.88;70;10087921003;B
20240410;154015;163.92;100;10087921004;B
20240410;154015;163.92;100;10087921005;B
20240410;154015;163.92;100;10087921006;B
20240410;154015;163.92;70;10087921007;B
20240410;154015;163.92;20;10087921008;B
20240410;154015;163.92;10;10087921009;B
20240410;154015;163.88;30;10087921075;S
20240410;154015;163.9;250;10087921092;B
20240410;154015;163.92;390;10087921093;B
20240410;154015;163.94;170;10087921094;B
20240410;154016;163.94;100;10087921122;B
20240410;154016;163.94;60;10087921148;B
20240410;154016;163.84;100;10087921180;S
20240410;154016;163.84;150;10087921181;S
20240410;154017;163.94;370;10087921254;B
20240410;154017;163.94;1140;10087921255;B
20240410;154017;163.92;100;10087921279;B
20240410;154017;163.94;2520;10087921320;B
20240410;154017;163.94;3320;10087921321;B
20240410;154018;163.94;10;10087921369;B
20240410;154019;164;20;10087921514;B
20240410;154019;164;80;10087921515;B
20240410;154020;163.92;10;10087921564;S
20240410;154020;163.92;140;10087921565;S
20240410;154020;164.02;50;10087921616;B
20240410;154021;164.02;10;10087921701;B
20240410;154022;164.02;440;10087921836;B
20240410;154022;164.04;50;10087921837;B
20240410;154022;164.04;360;10087921838;B
20240410;154024;164;10;10087921973;S
20240410;154024;164.06;80;10087921977;B
20240410;154025;164;170;10087922195;S
20240410;154026;164.04;50;10087922287;B
20240410;154026;164.04;170;10087922288;B
20240410;154026;164.06;420;10087922289;B
20240410;154026;164.06;390;10087922290;B
20240410;154026;164.08;330;10087922291;B
20240410;154026;164.1;530;10087922292;B
20240410;154026;164.1;20;10087922330;B
20240410;154026;164.1;800;10087922345;B
20240410;154027;164;70;10087922399;S
20240410;154027;164;30;10087922400;S
20240410;154028;164.06;40;10087922476;B
20240410;154028;164.08;200;10087922477;B
20240410;154028;164.1;490;10087922478;B
20240410;154028;164.1;10000;10087922479;B
20240410;154028;164.1;1000;10087922480;B
20240410;154028;164.1;10000;10087922481;B
20240410;154028;164.12;2000;10087922482;B
20240410;154028;164.14;4500;10087922483;B
20240410;154028;164.16;500;10087922484;B
20240410;154028;164.16;40;10087922485;B
20240410;154028;164.16;50;10087922486;B
20240410;154028;164.16;10000;10087922487;B
20240410;154028;164.16;10000;10087922488;B
20240410;154028;164.16;3500;10087922489;B
20240410;154028;164.18;50;10087922494;B
20240410;154028;164.2;70;10087922495;B
20240410;154028;164.2;500;10087922496;B
20240410;154028;164.2;200;10087922497;B
20240410;154028;164.2;680;10087922498;B
20240410;154028;164.14;200;10087922523;S
20240410;154028;164.12;3660;10087922524;S
20240410;154028;164.12;1990;10087922525;S
20240410;154028;164.12;810;10087922536;S
20240410;154028;164.2;20;10087922541;B
20240410;154029;164.14;500;10087922592;S
20240410;154029;164.14;350;10087922593;S
20240410;154029;164.16;400;10087922626;B
20240410;154029;164.16;180;10087922627;B
20240410;154029;164.18;600;10087922628;B
20240410;154029;164.18;200;10087922629;B
20240410;154029;164.22;200;10087922630;B
20240410;154029;164.22;5000;10087922631;B
20240410;154029;164.22;50;10087922632;B
20240410;154029;164.24;150;10087922633;B
20240410;154029;164.26;100;10087922634;B
20240410;154029;164.26;2800;10087922635;B
20240410;154029;164.28;320;10087922636;B
20240410;154030;164.26;20;10087922667;B
20240410;154030;164.14;10;10087922679;S
20240410;154031;164.24;20;10087922760;B
20240410;154031;164.24;10;10087922779;B
20240410;154031;164.24;170;10087922785;B
20240410;154031;164.24;50;10087922786;B
20240410;154031;164.24;400;10087922787;B
20240410;154031;164.26;1340;10087922788;B
20240410;154034;164.2;200;10087922976;S
20240410;154034;164.22;400;10087923003;B
20240410;154034;164.22;100;10087923004;B
20240410;154035;164.2;200;10087923143;S
20240410;154035;164.2;50;10087923144;S
20240410;154036;164.2;50;10087923271;B
20240410;154036;164.18;200;10087923291;S
20240410;154036;164.16;50;10087923297;S
20240410;154036;164.16;120;10087923298;S
20240410;154036;164.14;130;10087923299;S
20240410;154037;164.2;50;10087923325;B
20240410;154037;164.2;10;10087923326;B
20240410;154037;164.2;40;10087923327;B
20240410;154037;164.14;10;10087923347;S
20240410;154038;164.18;10;10087923400;B
20240410;154038;164.16;70;10087923459;B
20240410;154038;164.16;10;10087923463;B
20240410;154038;164.16;10;10087923476;B
20240410;154039;164.16;40;10087923537;B
20240410;154041;164.12;100;10087923731;S
20240410;154042;164.12;20;10087923871;S
20240410;154042;164.12;480;10087923872;S
20240410;154043;164.12;70;10087923927;S
20240410;154043;164.12;130;10087923966;S
20240410;154043;164.12;1000;10087923967;S
20240410;154043;164.1;430;10087923968;S
20240410;154044;164.1;10;10087924087;S
20240410;154044;164.06;100;10087924088;S
20240410;154044;164.06;90;10087924089;S
20240410;154044;164.14;50;10087924114;B
20240410;154044;164.14;20;10087924115;B
20240410;154044;164.14;10;10087924116;B
20240410;154044;164.14;320;10087924117;B
20240410;154044;164.16;70;10087924118;B
20240410;154044;164.16;140;10087924119;B
20240410;154044;164.16;660;10087924120;B
20240410;154044;164.16;200;10087924121;B
20240410;154044;164.2;160;10087924122;B
20240410;154044;164.2;50;10087924123;B
20240410;154044;164.2;190;10087924124;B
20240410;154044;164.1;60;10087924143;S
20240410;154044;164.08;40;10087924144;S
20240410;154046;164.12;30;10087924294;B
20240410;154047;164.12;220;10087924365;B
20240410;154047;164.12;200;10087924366;B
20240410;154047;164.12;80;10087924367;B
20240410;154047;164.12;130;10087924370;B
20240410;154047;164.06;30;10087924401;S
20240410;154048;164.12;190;10087924424;B
20240410;154048;164.14;100;10087924425;B
20240410;154048;164.14;510;10087924426;S
20240410;154048;164.16;200;10087924479;B
20240410;154048;164.16;100;10087924480;B
20240410;154048;164.16;100;10087924481;B
20240410;154048;164.16;210;10087924482;B
20240410;154048;164.06;70;10087924489;S
20240410;154048;164.16;150;10087924497;B
20240410;154050;164.06;10;10087924584;S
20240410;154050;164.06;30;10087924585;S
20240410;154050;164.06;20;10087924586;S
20240410;154050;164.06;250;10087924602;S
20240410;154050;164.06;40;10087924603;S
20240410;154051;164.1;250;10087924775;B
20240410;154051;164.12;100;10087924776;B
20240410;154051;164.12;200;10087924777;B
20240410;154051;164.12;250;10087924778;B
20240410;154051;164.14;100;10087924779;B
20240410;154051;164.14;400;10087924780;B
20240410;154051;164.14;50;10087924781;B
20240410;154051;164.16;680;10087924782;B
20240410;154051;164.16;50;10087924783;B
20240410;154051;164.16;200;10087924784;B
20240410;154051;164.18;7720;10087924785;B
20240410;154051;164.06;60;10087924810;S
20240410;154051;164.06;200;10087924811;S
20240410;154051;164.06;540;10087924812;S
20240410;154051;164.04;700;10087924813;S
20240410;154053;164.12;10;10087924954;B
20240410;154053;164.12;70;10087924981;S
20240410;154053;164.1;130;10087924982;S
20240410;154053;164.12;50;10087925024;S
20240410;154053;164.14;100;10087925052;B
20240410;154053;164.14;10;10087925053;B
20240410;154053;164.16;200;10087925054;B
20240410;154053;164.18;1250;10087925055;B
20240410;154053;164.2;3480;10087925056;B
20240410;154053;164.2;7000;10087925057;B
20240410;154053;164.22;100;10087925058;B
20240410;154053;164.24;2860;10087925059;B
20240410;154054;164.24;30;10087925099;B
20240410;154055;164.14;2040;10087925179;S
20240410;154056;164.24;10;10087925438;B
20240410;154057;164.24;50;10087925562;B
20240410;154058;164.24;1000;10087925680;B
20240410;154101;164.24;250;10087925941;B
20240410;154102;164.18;200;10087925994;S
20240410;154102;164.18;50;10087925995;S
20240410;154104;164.24;360;10087926158;B
20240410;154104;164.18;10;10087926183;S
20240410;154105;164.24;40;10087926234;B
20240410;154108;164.18;70;10087926506;B
20240410;154108;164.2;10;10087926507;B
20240410;154108;164.24;100;10087926522;B
20240410;154109;164.22;50;10087926630;S
20240410;154109;164.22;70;10087926648;S
20240410;154109;164.2;200;10087926649;S
20240410;154109;164.18;860;10087926650;S
20240410;154109;164.16;490;10087926651;S
20240410;154110;164.2;10;10087926700;B
20240410;154110;164.22;200;10087926701;B
20240410;154110;164.24;40;10087926702;B
20240410;154112;164.18;10;10087926912;S
20240410;154112;164.18;50;10087926913;S
20240410;154115;164.18;590;10087927118;S
20240410;154115;164.16;200;10087927147;S
20240410;154117;164.18;100;10087927242;B
20240410;154118;164.16;310;10087927315;S
20240410;154118;164.16;200;10087927316;S
20240410;154118;164.16;430;10087927317;S
20240410;154118;164.16;60;10087927318;S
20240410;154118;164.18;10;10087927405;B
20240410;154119;164.18;20;10087927448;B
20240410;154119;164.16;40;10087927451;S
20240410;154119;164.14;460;10087927452;S
20240410;154120;164.18;150;10087927643;B
20240410;154122;164.16;100;10087927801;B
20240410;154122;164.18;290;10087927802;B
20240410;154125;164.16;10;10087928083;B
20240410;154126;164.18;70;10087928163;B
20240410;154127;164.14;10;10087928265;S
20240410;154127;164.14;10;10087928266;S
20240410;154127;164.14;170;10087928267;S
20240410;154129;164.12;700;10087928423;S
20240410;154132;164.14;100;10087928595;B
20240410;154132;164.16;100;10087928596;B
20240410;154132;164.16;20;10087928597;B
20240410;154132;164.18;270;10087928598;B
20240410;154132;164.18;350;10087928599;B
20240410;154132;164.2;100;10087928600;B
20240410;154132;164.2;200;10087928601;B
20240410;154132;164.2;400;10087928602;B
20240410;154132;164.2;200;10087928603;B
20240410;154132;164.2;190;10087928604;B
20240410;154132;164.2;100;10087928605;B
20240410;154132;164.22;650;10087928606;B
20240410;154132;164.22;330;10087928607;B
20240410;154133;164.22;40;10087928682;B
20240410;154133;164.16;130;10087928686;S
20240410;154135;164.24;60;10087928908;B
20240410;154136;164.24;10;10087929039;B
20240410;154137;164.24;10;10087929116;B
20240410;154138;164.24;40;10087929135;B
20240410;154140;164.2;10;10087929349;B
20240410;154140;164.24;170;10087929350;B
20240410;154143;164.24;40;10087929593;B
20240410;154144;164.18;50;10087929709;S
20240410;154144;164.18;50;10087929710;S
20240410;154146;164.22;10;10087929870;B
20240410;154152;164.22;40;10087930336;B
20240410;154152;164.22;50;10087930337;B
20240410;154152;164.22;50;10087930338;B
20240410;154152;164.22;10;10087930339;B
20240410;154152;164.22;750;10087930340;B
20240410;154152;164.24;320;10087930341;B
20240410;154154;164.2;110;10087930451;B
20240410;154155;164.18;10;10087930605;S
20240410;154155;164.18;100;10087930606;S
20240410;154200;164.18;30;10087930900;S
20240410;154204;164.2;60;10087931141;B
20240410;154206;164.2;30;10087931258;B
20240410;154206;164.2;10;10087931259;B
20240410;154206;164.24;290;10087931260;B
20240410;154206;164.24;60;10087931261;B
20240410;154206;164.24;20;10087931262;B
20240410;154206;164.24;500;10087931263;B
20240410;154206;164.24;50;10087931264;B
20240410;154206;164.24;600;10087931265;B
20240410;154206;164.24;1000;10087931266;B
20240410;154206;164.24;1030;10087931267;B
20240410;154206;164.24;20;10087931326;B
20240410;154208;164.22;20;10087931496;B
20240410;154208;164.18;50;10087931499;S
20240410;154208;164.18;50;10087931500;S
20240410;154213;164.24;10;10087931836;B
20240410;154216;164.2;10;10087932083;S
20240410;154218;164.24;810;10087932254;B
20240410;154218;164.24;1140;10087932255;B
20240410;154218;164.24;10;10087932256;B
20240410;154218;164.24;970;10087932257;B
20240410;154218;164.26;50;10087932258;B
20240410;154218;164.26;50;10087932259;B
20240410;154218;164.28;50;10087932260;B
20240410;154218;164.28;1920;10087932261;B
20240410;154218;164.24;100;10087932296;S
20240410;154221;164.28;110;10087932565;B
20240410;154221;164.28;3060;10087932566;B
20240410;154221;164.28;10;10087932567;B
20240410;154221;164.28;160;10087932568;S
20240410;154221;164.26;70;10087932574;S
20240410;154222;164.28;70;10087932662;B
20240410;154222;164.3;10000;10087932664;B
20240410;154224;164.3;30;10087932826;B
20240410;154224;164.28;30;10087932835;S
20240410;154224;164.26;130;10087932836;S
20240410;154224;164.26;2340;10087932837;S
20240410;154225;164.28;10;10087932908;B
20240410;154228;164.28;10;10087933133;B
20240410;154229;164.24;50;10087933172;S
20240410;154231;164.28;90;10087933393;B
20240410;154231;164.28;20;10087933394;B
20240410;154231;164.28;30;10087933395;B
20240410;154232;164.28;90;10087933410;B
20240410;154233;164.28;20;10087933499;S
20240410;154233;164.3;70;10087933534;B
20240410;154234;164.3;3130;10087933573;B
20240410;154235;164.28;10;10087933654;S
20240410;154236;164.3;100;10087933766;B
20240410;154236;164.3;10;10087933821;B
20240410;154237;164.28;350;10087933851;S
20240410;154237;164.28;30;10087933911;S
20240410;154237;164.3;100;10087933918;B
20240410;154241;164.3;10;10087934157;B
20240410;154242;164.3;10;10087934185;B
20240410;154243;164.28;130;10087934270;S
20240410;154243;164.28;20;10087934320;S
20240410;154243;164.28;30;10087934356;S
20240410;154248;164.3;50;10087934664;B
20240410;154248;164.28;50;10087934695;S
20240410;154248;164.28;50;10087934696;S
20240410;154248;164.3;10;10087934703;B
20240410;154248;164.3;970;10087934717;B
20240410;154249;164.28;400;10087934764;S
20240410;154249;164.24;100;10087934765;S
20240410;154249;164.24;100;10087934766;S
20240410;154249;164.24;100;10087934767;S
20240410;154249;164.22;10;10087934768;S
20240410;154249;164.22;200;10087934769;S
20240410;154249;164.22;20;10087934770;S
20240410;154249;164.22;50;10087934771;S
20240410;154249;164.22;780;10087934772;S
20240410;154249;164.28;150;10087934779;B
20240410;154249;164.3;2150;10087934780;B
20240410;154249;164.28;10;10087934782;B
20240410;154251;164.28;40;10087934891;B
20240410;154251;164.28;10;10087934892;B
20240410;154252;164.22;100;10087934975;S
20240410;154253;164.28;90;10087935010;B
20240410;154253;164.28;20;10087935011;B
20240410;154253;164.28;100;10087935012;B
20240410;154255;164.28;2000;10087935161;S
20240410;154256;164.28;50;10087935278;S
20240410;154259;164.3;50;10087935412;B
20240410;154259;164.3;10;10087935413;B
20240410;154259;164.3;100;10087935414;B
20240410;154259;164.3;100;10087935415;B
20240410;154259;164.3;100;10087935416;B
20240410;154259;164.3;3000;10087935419;B
20240410;154259;164.3;200;10087935420;B
20240410;154259;164.3;160;10087935421;B
20240410;154259;164.3;1300;10087935422;B
20240410;154259;164.34;100;10087935423;B
20240410;154259;164.34;1090;10087935424;B
20240410;154259;164.36;60;10087935449;B
20240410;154259;164.36;250;10087935467;B
20240410;154301;164.36;190;10087935593;B
20240410;154301;164.36;610;10087935594;B
20240410;154307;164.36;190;10087936145;B
20240410;154307;164.36;20;10087936154;B
20240410;154307;164.36;3000;10087936169;B
20240410;154307;164.34;50;10087936194;S
20240410;154307;164.32;150;10087936195;S
20240410;154307;164.32;50;10087936196;S
20240410;154307;164.32;50;10087936197;S
20240410;154308;164.32;10;10087936262;S
20240410;154309;164.36;180;10087936296;B
20240410;154309;164.36;150;10087936297;B
20240410;154309;164.36;200;10087936298;B
20240410;154309;164.38;970;10087936299;B
20240410;154312;164.38;200;10087936498;B
20240410;154312;164.38;200;10087936503;B
20240410;154312;164.36;10;10087936520;S
20240410;154320;164.36;10;10087937001;S
20240410;154320;164.38;30;10087937033;B
20240410;154321;164.38;10;10087937136;B
20240410;154322;164.36;10;10087937176;S
20240410;154331;164.38;50;10087938314;B
20240410;154332;164.36;160;10087938461;S
20240410;154334;164.38;20;10087938718;B
20240410;154335;164.38;2000;10087938730;B
20240410;154339;164.38;10;10087939256;B
20240410;154339;164.38;550;10087939310;B
20240410;154340;164.38;230;10087939330;B
20240410;154340;164.38;30;10087939342;B
20240410;154341;164.38;30;10087939490;B
20240410;154343;164.36;340;10087939638;S
20240410;154346;164.38;50;10087939832;B
20240410;154348;164.38;300;10087940037;B
20240410;154348;164.38;10;10087940038;B
20240410;154350;164.36;90;10087940230;S
20240410;154352;164.38;290;10087940428;B
20240410;154352;164.38;20;10087940429;B
20240410;154352;164.38;50;10087940430;B
20240410;154352;164.38;150;10087940431;B
20240410;154352;164.38;30;10087940432;B
20240410;154352;164.4;160;10087940433;B
20240410;154354;164.36;250;10087940648;S
20240410;154354;164.36;100;10087940680;S
20240410;154358;164.38;100;10087941100;B
20240410;154359;164.38;40;10087941201;B
20240410;154359;164.36;100;10087941230;S
20240410;154400;164.36;140;10087941413;S
20240410;154401;164.36;200;10087941476;S
20240410;154401;164.36;2990;10087941477;S
20240410;154401;164.36;10;10087941478;S
20240410;154401;164.36;10;10087941479;S
20240410;154401;164.36;70;10087941480;S
20240410;154401;164.34;150;10087941481;S
20240410;154401;164.34;10;10087941482;S
20240410;154401;164.32;20;10087941483;S
20240410;154402;164.32;40;10087941581;B
20240410;154403;164.3;200;10087941699;S
20240410;154403;164.3;800;10087941700;S
20240410;154404;164.32;1700;10087941780;B
20240410;154404;164.32;200;10087941781;B
20240410;154404;164.34;150;10087941782;B
20240410;154404;164.34;1220;10087941783;B
20240410;154404;164.36;1360;10087941784;B
20240410;154404;164.36;20;10087941785;B
20240410;154404;164.36;2000;10087941786;B
20240410;154404;164.38;10;10087941787;B
20240410;154404;164.38;3660;10087941788;B
20240410;154404;164.38;10000;10087941839;S
20240410;154405;164.4;1500;10087941907;B
20240410;154407;164.4;20;10087942121;B
20240410;154408;164.38;220;10087942149;S
20240410;154410;164.4;100;10087942329;B
20240410;154410;164.4;30;10087942345;B
20240410;154413;164.4;30;10087942540;B
20240410;154417;164.38;5000;10087942903;S
20240410;154418;164.38;70;10087943012;S
20240410;154420;164.4;50;10087943167;B
20240410;154420;164.4;100;10087943168;B
20240410;154420;164.4;100;10087943169;B
20240410;154420;164.4;100;10087943170;B
20240410;154420;164.4;100;10087943171;B
20240410;154420;164.38;10;10087943173;S
20240410;154420;164.4;1710;10087943177;B
20240410;154420;164.4;3500;10087943178;B
20240410;154420;164.4;500;10087943179;B
20240410;154420;164.4;500;10087943180;B
20240410;154420;164.4;1220;10087943181;B
20240410;154422;164.4;50;10087943338;S
20240410;154423;164.42;10;10087943371;B
20240410;154428;164.42;50;10087943773;B
20240410;154428;164.42;410;10087943774;B
20240410;154428;164.42;270;10087943816;B
20240410;154428;164.44;530;10087943817;B
20240410;154430;164.4;400;10087943973;S
20240410;154433;164.44;140;10087944202;B
20240410;154434;164.4;100;10087944284;S
20240410;154434;164.4;100;10087944285;S
20240410;154437;164.44;80;10087944625;B
20240410;154440;164.44;10;10087944819;B
20240410;154440;164.4;100;10087944852;S
20240410;154441;164.44;40;10087944898;B
20240410;154443;164.44;10;10087945041;B
20240410;154444;164.4;60;10087945153;S
20240410;154446;164.44;20;10087945357;B
20240410;154449;164.44;10;10087945553;B
20240410;154450;164.44;90;10087945605;B
20240410;154451;164.44;1270;10087945768;B
20240410;154451;164.44;50;10087945769;B
20240410;154451;164.44;200;10087945770;B
20240410;154451;164.44;100;10087945771;B
20240410;154453;164.46;30;10087945893;B
20240410;154455;164.44;80;10087946079;S
20240410;154456;164.46;20;10087946222;B
20240410;154456;164.46;10;10087946223;B
20240410;154457;164.44;20;10087946233;S
20240410;154457;164.44;20;10087946275;S
20240410;154457;164.44;50;10087946276;S
20240410;154457;164.44;80;10087946277;S
20240410;154457;164.44;130;10087946278;S
20240410;154457;164.42;120;10087946279;S
20240410;154504;164.46;30;10087946783;B
20240410;154504;164.46;140;10087946784;B
20240410;154504;164.46;230;10087946785;B
20240410;154504;164.46;10;10087946786;B
20240410;154504;164.46;120;10087946787;B
20240410;154504;164.46;120;10087946788;B
20240410;154505;164.46;120;10087946917;S
20240410;154505;164.46;10;10087946951;S
20240410;154507;164.48;10;10087947022;B
20240410;154507;164.48;50;10087947023;B
20240410;154507;164.48;40;10087947024;B
20240410;154509;164.46;100;10087947211;S
20240410;154515;164.48;30;10087947573;B
20240410;154516;164.46;1220;10087947635;S
20240410;154517;164.46;610;10087947691;S
20240410;154517;164.46;610;10087947692;S
20240410;154520;164.46;100;10087947936;S
20240410;154522;164.48;100;10087948007;B
20240410;154523;164.46;290;10087948123;S
20240410;154523;164.46;800;10087948124;S
20240410;154523;164.42;30;10087948125;S
20240410;154523;164.42;600;10087948126;S
20240410;154523;164.42;1280;10087948127;S
20240410;154526;164.42;150;10087948414;S
20240410;154526;164.4;3440;10087948415;S
20240410;154526;164.4;300;10087948416;S
20240410;154526;164.4;1000;10087948417;S
20240410;154526;164.38;10110;10087948418;S
20240410;154527;164.4;1510;10087948474;S
20240410;154528;164.4;400;10087948556;S
20240410;154530;164.38;3070;10087948695;S
20240410;154531;164.38;1200;10087948731;S
20240410;154531;164.38;800;10087948732;S
20240410;154531;164.38;2000;10087948745;S
20240410;154531;164.38;2000;10087948755;S
20240410;154531;164.38;2000;10087948783;S
20240410;154531;164.38;1060;10087948785;S
20240410;154532;164.38;2000;10087948800;S
20240410;154532;164.38;1180;10087948806;S
20240410;154532;164.38;10;10087948807;S
20240410;154535;164.36;180;10087949030;B
20240410;154535;164.38;1220;10087949031;B
20240410;154535;164.38;900;10087949032;B
20240410;154535;164.38;30;10087949033;B
20240410;154535;164.36;130;10087949051;S
20240410;154536;164.36;20;10087949144;S
20240410;154536;164.3;70;10087949145;S
20240410;154539;164.4;10;10087949392;B
20240410;154542;164.36;100;10087949615;S
20240410;154543;164.36;50;10087949689;S
20240410;154545;164.4;90;10087949798;B
20240410;154545;164.4;10;10087949799;B
20240410;154546;164.4;90;10087949878;B
20240410;154546;164.44;50;10087949879;B
20240410;154546;164.44;110;10087949880;B
20240410;154546;164.38;400;10087949907;S
20240410;154552;164.38;10;10087950265;S
20240410;154553;164.38;290;10087950318;S
20240410;154553;164.36;50;10087950319;S
20240410;154553;164.36;100;10087950320;S
20240410;154553;164.36;20;10087950321;S
20240410;154553;164.36;20;10087950322;S
20240410;154553;164.34;520;10087950323;S
20240410;154555;164.4;20;10087950460;B
20240410;154555;164.42;1220;10087950461;B
20240410;154555;164.44;340;10087950462;B
20240410;154555;164.44;100;10087950463;B
20240410;154555;164.44;440;10087950464;B
20240410;154555;164.44;20;10087950465;B
20240410;154555;164.46;590;10087950466;B
20240410;154555;164.46;960;10087950467;B
20240410;154556;164.38;50;10087950510;S
20240410;154601;164.36;20;10087950798;S
20240410;154601;164.34;200;10087950799;S
20240410;154601;164.34;180;10087950800;S
20240410;154601;164.34;20;10087950843;S
20240410;154604;164.36;100;10087951058;S
20240410;154606;164.34;180;10087951221;S
20240410;154606;164.3;30;10087951222;S
20240410;154606;164.3;10;10087951223;S
20240410;154606;164.3;780;10087951224;S
20240410;154606;164.38;1000;10087951263;B
20240410;154606;164.38;200;10087951264;B
20240410;154606;164.42;100;10087951265;B
20240410;154606;164.44;230;10087951266;B
20240410;154606;164.44;10;10087951267;B
20240410;154606;164.44;20;10087951268;B
20240410;154606;164.44;20;10087951269;B
20240410;154606;164.46;5780;10087951270;B
20240410;154608;164.38;190;10087951395;S
20240410;154608;164.38;310;10087951396;S
20240410;154609;164.38;20;10087951513;S
20240410;154609;164.36;1440;10087951514;S
20240410;154609;164.34;340;10087951515;S
20240410;154610;164.44;10;10087951521;B
20240410;154613;164.42;10;10087951754;B
20240410;154622;164.36;20;10087952470;S
20240410;154622;164.34;10;10087952471;S
20240410;154622;164.34;20;10087952472;S
20240410;154623;164.34;70;10087952618;S
20240410;154623;164.38;180;10087952619;B
20240410;154623;164.4;250;10087952620;B
20240410;154623;164.42;10;10087952621;B
20240410;154623;164.42;1220;10087952622;B
20240410;154623;164.42;280;10087952623;B
20240410;154623;164.44;1500;10087952624;B
20240410;154623;164.46;220;10087952625;B
20240410;154624;164.36;100;10087952633;S
20240410;154624;164.44;190;10087952634;B
20240410;154624;164.46;1310;10087952635;B
20240410;154624;164.46;30;10087952636;B
20240410;154624;164.46;470;10087952637;B
20240410;154624;164.34;160;10087952652;S
20240410;154624;164.34;40;10087952653;S
20240410;154624;164.34;150;10087952679;S
20240410;154624;164.34;360;10087952680;S
20240410;154626;164.44;190;10087952820;B
20240410;154626;164.44;20;10087952821;B
20240410;154626;164.46;1470;10087952822;B
20240410;154626;164.46;1220;10087952823;B
20240410;154626;164.46;1530;10087952824;B
20240410;154626;164.46;360;10087952825;B
20240410;154626;164.48;210;10087952826;B
20240410;154630;164.36;100;10087953157;S
20240410;154632;164.36;10;10087953239;S
20240410;154633;164.4;10;10087953363;B
20240410;154635;164.38;10;10087953505;B
20240410;154635;164.4;190;10087953506;B
20240410;154635;164.4;270;10087953507;B
20240410;154635;164.42;10;10087953508;B
20240410;154635;164.42;100;10087953509;B
20240410;154635;164.44;990;10087953510;B
20240410;154635;164.44;140;10087953511;B
20240410;154635;164.46;1530;10087953512;B
20240410;154635;164.46;760;10087953513;B
20240410;154636;164.46;10;10087953516;B
20240410;154636;164.46;10;10087953517;B
20240410;154638;164.44;10;10087953630;S
20240410;154639;164.46;10;10087953671;B
20240410;154643;164.42;20;10087954061;S
20240410;154644;164.46;10;10087954154;B
20240410;154648;164.46;290;10087954412;B
20240410;154649;164.44;100;10087954499;S
20240410;154650;164.46;10;10087954545;B
20240410;154651;164.46;60;10087954574;B
20240410;154652;164.46;10;10087954693;B
20240410;154700;164.44;60;10087955228;S
20240410;154700;164.42;40;10087955229;S
20240410;154712;164.44;320;10087956121;B
20240410;154715;164.42;20;10087956281;S
20240410;154721;164.42;10;10087956738;B
20240410;154721;164.4;200;10087956751;S
20240410;154721;164.38;10;10087956752;S
20240410;154721;164.36;200;10087956753;S
20240410;154721;164.36;200;10087956754;S
20240410;154721;164.36;10;10087956755;S
20240410;154721;164.36;250;10087956756;S
20240410;154721;164.36;1110;10087956757;S
20240410;154722;164.36;890;10087956771;S
20240410;154722;164.34;290;10087956772;S
20240410;154722;164.34;200;10087956773;S
20240410;154722;164.3;10;10087956795;S
20240410;154723;164.38;10;10087956878;B
20240410;154723;164.3;110;10087956908;S
20240410;154724;164.38;60;10087956977;B
20240410;154724;164.4;40;10087956978;B
20240410;154726;164.32;200;10087957091;S
20240410;154727;164.38;10;10087957137;B
20240410;154727;164.3;10;10087957182;S
20240410;154728;164.3;80;10087957219;S
20240410;154728;164.38;10;10087957253;B
20240410;154728;164.38;1220;10087957254;B
20240410;154728;164.38;100;10087957255;B
20240410;154728;164.38;400;10087957256;B
20240410;154728;164.4;160;10087957257;B
20240410;154728;164.4;30;10087957258;B
20240410;154728;164.4;100;10087957259;B
20240410;154728;164.42;1090;10087957260;B
20240410;154729;164.34;10;10087957319;S
20240410;154732;164.34;10;10087957467;B
20240410;154732;164.32;50;10087957510;S
20240410;154739;164.32;1000;10087957968;B
20240410;154740;164.32;20;10087958080;B
20240410;154742;164.3;20;10087958229;S
20240410;154745;164.32;10;10087958415;B
20240410;154746;164.32;50;10087958516;B
20240410;154751;164.32;20;10087958963;B
20240410;154757;164.3;10;10087959500;S
20240410;154757;164.3;30;10087959501;S
20240410;154757;164.3;340;10087959502;S
20240410;154759;164.3;100;10087959681;B
20240410;154759;164.28;10;10087959688;S
20240410;154759;164.28;100;10087959689;S
20240410;154759;164.28;100;10087959690;S
20240410;154759;164.28;50;10087959691;S
20240410;154759;164.26;500;10087959692;S
20240410;154759;164.26;2000;10087959693;S
20240410;154759;164.22;9740;10087959694;S
20240410;154800;164.2;100;10087959744;S
20240410;154800;164.2;60;10087959745;S
20240410;154800;164.2;40;10087959746;S
20240410;154801;164.2;60;10087959779;S
20240410;154801;164.18;150;10087959780;S
20240410;154801;164.18;790;10087959781;S
20240410;154804;164.22;50;10087960016;S
20240410;154805;164.24;80;10087960065;B
20240410;154805;164.26;160;10087960066;B
20240410;154805;164.26;20;10087960067;B
20240410;154805;164.26;50;10087960068;B
20240410;154805;164.26;50;10087960069;B
20240410;154805;164.26;250;10087960070;B
20240410;154805;164.26;50;10087960071;B
20240410;154805;164.26;60;10087960072;B
20240410;154805;164.28;1220;10087960073;B
20240410;154805;164.28;1530;10087960074;B
20240410;154805;164.28;2380;10087960075;B
20240410;154805;164.26;10;10087960139;B
20240410;154807;164.22;50;10087960220;S
20240410;154807;164.26;10;10087960240;B
20240410;154807;164.26;20;10087960249;B
20240410;154807;164.22;350;10087960277;S
20240410;154807;164.2;180;10087960278;S
20240410;154807;164.2;20;10087960279;S
20240410;154807;164.2;50;10087960280;S
20240410;154807;164.18;200;10087960281;S
20240410;154808;164.26;10;10087960306;B
20240410;154813;164.2;10;10087960640;S
20240410;154814;164.26;10;10087960715;B
20240410;154818;164.24;10;10087960999;B
20240410;154818;164.26;120;10087961000;B
20240410;154818;164.28;370;10087961001;B
20240410;154818;164.26;10;10087961007;B
20240410;154819;164.2;40;10087961085;S
20240410;154819;164.2;50;10087961086;S
20240410;154819;164.2;100;10087961087;S
20240410;154819;164.2;10;10087961088;S
20240410;154826;164.22;500;10087961598;S
20240410;154826;164.22;730;10087961599;S
20240410;154827;164.2;1760;10087961642;S
20240410;154827;164.2;20;10087961643;S
20240410;154827;164.2;50;10087961644;S
20240410;154827;164.2;1530;10087961645;S
20240410;154827;164.2;580;10087961646;S
20240410;154828;164.24;10;10087961706;B
20240410;154828;164.22;520;10087961754;S
20240410;154828;164.2;1480;10087961755;S
20240410;154828;164.22;500;10087961757;S
20240410;154828;164.2;2500;10087961758;S
20240410;154833;164.22;10;10087962193;B
20240410;154833;164.2;40;10087962195;S
20240410;154838;164.2;320;10087962623;S
20240410;154840;164.22;10;10087962698;B
20240410;154840;164.2;70;10087962699;S
20240410;154841;164.2;10;10087962749;S
20240410;154842;164.2;10;10087962832;S
20240410;154843;164.2;290;10087962858;S
20240410;154843;164.22;20;10087962861;B
20240410;154844;164.22;70;10087962892;B
20240410;154844;164.2;450;10087962906;S
20240410;154844;164.2;10;10087962907;S
20240410;154844;164.18;3720;10087962908;S
20240410;154847;164.18;20;10087963118;S
20240410;154847;164.22;10;10087963151;B
20240410;154850;164.18;50;10087963317;S
20240410;154850;164.18;10;10087963346;S
20240410;154851;164.2;10;10087963435;B
20240410;154858;164.18;10;10087964016;S
20240410;154901;164.2;30;10087964226;B
20240410;154902;164.2;1460;10087964286;B
20240410;154902;164.22;140;10087964287;B
20240410;154902;164.22;100;10087964288;B
20240410;154902;164.22;10;10087964289;B
20240410;154902;164.22;200;10087964290;B
20240410;154902;164.24;20;10087964291;B
20240410;154902;164.24;1530;10087964292;B
20240410;154902;164.26;140;10087964293;B
20240410;154902;164.26;1220;10087964294;B
20240410;154902;164.26;3500;10087964295;B
20240410;154902;164.26;10;10087964296;B
20240410;154902;164.28;100;10087964297;B
20240410;154902;164.28;20;10087964298;B
20240410;154902;164.3;7100;10087964299;B
20240410;154907;164.3;50;10087964743;B
20240410;154912;164.24;20;10087965174;S
20240410;154912;164.22;20;10087965175;S
20240410;154915;164.22;80;10087965343;S
20240410;154915;164.22;100;10087965344;S
20240410;154915;164.22;100;10087965345;S
20240410;154915;164.22;100;10087965346;S
20240410;154915;164.22;100;10087965347;S
20240410;154915;164.22;100;10087965348;S
20240410;154915;164.22;20;10087965349;S
20240410;154915;164.2;180;10087965350;S
20240410;154915;164.2;20;10087965351;S
20240410;154915;164.2;360;10087965359;S
20240410;154915;164.2;2640;10087965360;S
20240410;154915;164.2;100;10087965398;S
20240410;154916;164.26;10;10087965467;B
20240410;154916;164.26;10;10087965480;B
20240410;154917;164.26;60;10087965544;B
20240410;154917;164.26;20;10087965545;B
20240410;154917;164.26;20;10087965546;B
20240410;154918;164.24;100;10087965584;B
20240410;154918;164.24;80;10087965602;B
20240410;154918;164.26;50;10087965625;B
20240410;154926;164.28;10;10087966318;B
20240410;154932;164.28;30;10087966808;B
20240410;154935;164.22;190;10087967003;S
20240410;154935;164.22;100;10087967004;S
20240410;154935;164.2;180;10087967005;S
20240410;154935;164.2;530;10087967006;S
20240410;154936;164.24;10;10087967145;B
20240410;154938;164.24;80;10087967224;B
20240410;154938;164.2;20;10087967276;S
20240410;154938;164.18;40;10087967277;S
20240410;154942;164.18;100;10087967550;S
20240410;154945;164.18;10;10087967697;S
20240410;154946;164.2;20;10087967747;B
20240410;154946;164.2;300;10087967753;B
20240410;154952;164.18;130;10087968135;S
20240410;155002;164.18;360;10087968678;S
20240410;155003;164.2;200;10087968777;B
20240410;155003;164.2;280;10087968778;B
20240410;155003;164.22;100;10087968779;B
20240410;155003;164.22;20;10087968780;B
20240410;155003;164.22;400;10087968781;B
20240410;155005;164.22;40;10087968951;B
20240410;155007;164.22;160;10087969088;B
20240410;155009;164.24;40;10087969218;B
20240410;155009;164.22;40;10087969226;S
20240410;155009;164.22;90;10087969227;S
20240410;155009;164.2;1370;10087969228;S
20240410;155009;164.24;60;10087969286;B
20240410;155009;164.26;180;10087969287;B
20240410;155009;164.26;6000;10087969288;B
20240410;155009;164.26;100;10087969289;B
20240410;155009;164.26;100;10087969290;B
20240410;155009;164.3;370;10087969291;B
20240410;155009;164.3;200;10087969292;B
20240410;155009;164.3;2740;10087969293;B
20240410;155009;164.32;10;10087969294;B
20240410;155009;164.32;530;10087969295;B
20240410;155009;164.32;1220;10087969296;B
20240410;155009;164.34;100;10087969297;B
20240410;155009;164.34;1000;10087969298;B
20240410;155009;164.34;2940;10087969299;B
20240410;155010;164.34;80;10087969375;B
20240410;155015;164.34;330;10087969648;B
20240410;155015;164.28;190;10087969650;S
20240410;155015;164.28;100;10087969651;S
20240410;155015;164.28;50;10087969652;S
20240410;155015;164.28;60;10087969653;S
20240410;155017;164.32;190;10087969796;B
20240410;155017;164.34;160;10087969797;B
20240410;155020;164.34;1330;10087970058;B
20240410;155020;164.34;500;10087970059;B
20240410;155020;164.36;170;10087970060;B
20240410;155021;164.32;100;10087970123;S
20240410;155021;164.3;190;10087970124;S
20240410;155021;164.3;910;10087970125;S
20240410;155024;164.32;100;10087970405;S
20240410;155024;164.32;50;10087970449;B
20240410;155025;164.32;10;10087970489;B
20240410;155026;164.32;400;10087970589;B
20240410;155030;164.3;190;10087970909;B
20240410;155038;164.3;100;10087971547;S
20240410;155039;164.3;200;10087971620;S
20240410;155042;164.32;10;10087971844;B
20240410;155044;164.34;60;10087972137;B
20240410;155045;164.34;10;10087972352;B
20240410;155047;164.34;400;10087972484;B
20240410;155048;164.34;5000;10087972521;B
20240410;155050;164.34;2100;10087972669;B
20240410;155050;164.34;200;10087972681;B
20240410;155051;164.34;120;10087972840;B
20240410;155056;164.34;260;10087973193;B
20240410;155058;164.34;100;10087973319;B
20240410;155058;164.34;30;10087973342;B
20240410;155058;164.34;20;10087973352;B
20240410;155100;164.34;120;10087973434;B
20240410;155102;164.34;10;10087973566;B
20240410;155102;164.34;20;10087973606;B
20240410;155104;164.34;20;10087973700;B
20240410;155106;164.32;100;10087973830;S
20240410;155107;164.34;150;10087973932;B
20240410;155107;164.34;300;10087973980;B
20240410;155110;164.34;30;10087974165;B
20240410;155111;164.34;10;10087974213;B
20240410;155114;164.34;10;10087974474;B
20240410;155116;164.32;30;10087974637;S
20240410;155116;164.32;200;10087974638;S
20240410;155116;164.3;1510;10087974639;S
20240410;155116;164.28;200;10087974640;S
20240410;155116;164.26;1220;10087974641;S
20240410;155116;164.26;840;10087974642;S
20240410;155118;164.32;150;10087974813;B
20240410;155118;164.32;1250;10087974814;B
20240410;155122;164.26;10;10087975037;S
20240410;155122;164.26;90;10087975038;S
20240410;155128;164.3;550;10087975464;B
20240410;155128;164.32;50;10087975465;B
20240410;155128;164.32;50;10087975466;B
20240410;155128;164.32;30;10087975501;B
20240410;155130;164.28;30;10087975633;S
20240410;155130;164.26;60;10087975634;S
20240410;155130;164.26;1220;10087975635;S
20240410;155130;164.24;100;10087975636;S
20240410;155130;164.24;20;10087975637;S
20240410;155130;164.24;70;10087975638;S
20240410;155136;164.24;50;10087976276;S
20240410;155136;164.24;100;10087976303;S
20240410;155139;164.24;180;10087976485;S
20240410;155139;164.24;150;10087976486;S
20240410;155139;164.22;220;10087976487;S
20240410;155139;164.22;450;10087976488;S
20240410;155141;164.24;10;10087976620;S
20240410;155142;164.24;20;10087976674;S
20240410;155143;164.3;50;10087976759;B
20240410;155145;164.3;170;10087976860;B
20240410;155145;164.32;110;10087976861;B
20240410;155145;164.24;110;10087976862;S
20240410;155145;164.22;1390;10087976863;S
20240410;155147;164.32;80;10087977012;B
20240410;155148;164.24;10;10087977122;S
20240410;155150;164.3;20;10087977341;B
20240410;155151;164.3;30;10087977387;B
20240410;155151;164.24;40;10087977409;S
20240410;155152;164.3;10;10087977480;B
20240410;155152;164.3;530;10087977518;B
20240410;155153;164.32;30;10087977624;B
20240410;155153;164.32;120;10087977630;B
20240410;155156;164.3;10;10087977792;S
20240410;155158;164.32;2080;10087977982;B
20240410;155158;164.32;90;10087977983;B
20240410;155158;164.32;20;10087977984;B
20240410;155158;164.32;600;10087977985;B
20240410;155158;164.34;6030;10087977986;B
20240410;155158;164.34;20;10087977987;B
20240410;155158;164.34;1160;10087977988;B
20240410;155158;164.34;6450;10087977990;B
20240410;155158;164.34;160;10087977991;B
20240410;155200;164.36;100;10087978235;B
20240410;155201;164.3;50;10087978285;S
20240410;155202;164.3;100;10087978366;S
20240410;155202;164.36;60;10087978367;B
20240410;155204;164.36;670;10087978564;B
20240410;155204;164.38;50;10087978565;B
20240410;155204;164.4;300;10087978566;B
20240410;155204;164.4;520;10087978567;B
20240410;155204;164.42;90;10087978568;B
20240410;155204;164.42;500;10087978569;B
20240410;155204;164.42;1840;10087978570;B
20240410;155204;164.42;620;10087978571;B
20240410;155204;164.42;1220;10087978572;B
20240410;155204;164.44;100;10087978573;B
20240410;155204;164.44;10000;10087978574;B
20240410;155204;164.46;1000;10087978575;B
20240410;155204;164.46;200;10087978576;B
20240410;155204;164.46;120;10087978577;B
20240410;155204;164.48;310;10087978578;B
20240410;155204;164.48;750;10087978579;B
20240410;155204;164.48;20;10087978580;B
20240410;155204;164.48;2000;10087978581;B
20240410;155204;164.48;10000;10087978582;B
20240410;155204;164.5;10;10087978583;B
20240410;155204;164.5;200;10087978584;B
20240410;155204;164.5;3200;10087978585;B
20240410;155204;164.5;5000;10087978586;B
20240410;155204;164.5;100;10087978587;B
20240410;155204;164.5;140;10087978588;B
20240410;155204;164.5;250;10087978589;B
20240410;155204;164.5;10;10087978590;B
20240410;155204;164.5;100;10087978591;B
20240410;155204;164.52;30;10087978592;B
20240410;155204;164.52;30;10087978593;B
20240410;155204;164.52;10000;10087978594;B
20240410;155204;164.52;10000;10087978595;B
20240410;155204;164.52;620;10087978596;B
20240410;155205;164.5;150;10087978631;B
20240410;155205;164.52;850;10087978632;B
20240410;155205;164.54;120;10087978651;B
20240410;155206;164.52;10;10087978705;B
20240410;155207;164.52;1210;10087978794;B
20240410;155207;164.54;3380;10087978795;B
20240410;155207;164.56;2000;10087978796;B
20240410;155207;164.56;1990;10087978797;B
20240410;155207;164.56;110;10087978798;B
20240410;155207;164.56;10;10087978799;B
20240410;155207;164.54;10;10087978829;S
20240410;155209;164.54;100;10087978975;S
20240410;155211;164.62;10;10087979154;B
20240410;155211;164.62;820;10087979160;B
20240410;155211;164.64;1000;10087979161;B
20240410;155211;164.64;10;10087979162;B
20240410;155211;164.64;10;10087979163;B
20240410;155211;164.66;1000;10087979164;B
20240410;155211;164.66;25160;10087979165;B
20240410;155211;164.66;2000;10087979166;B
20240410;155212;164.58;500;10087979211;S
20240410;155213;164.6;70;10087979278;S
20240410;155214;164.66;350;10087979373;B
20240410;155214;164.66;4490;10087979385;B
20240410;155214;164.66;100;10087979386;B
20240410;155214;164.68;100;10087979387;B
20240410;155214;164.68;310;10087979388;B
20240410;155215;164.68;690;10087979516;B
20240410;155215;164.68;1000;10087979517;B
20240410;155215;164.68;110;10087979518;B
20240410;155215;164.72;10;10087979519;B
20240410;155215;164.7;10;10087979531;S
20240410;155216;164.74;100;10087979589;B
20240410;155216;164.76;690;10087979590;B
20240410;155216;164.76;150;10087979591;B
20240410;155216;164.76;2000;10087979592;B
20240410;155216;164.76;100;10087979593;B
20240410;155216;164.78;1000;10087979594;B
20240410;155216;164.8;20;10087979595;B
20240410;155216;164.8;80;10087979628;B
20240410;155216;164.8;1000;10087979629;B
20240410;155216;164.8;110;10087979630;B
20240410;155216;164.82;10;10087979631;B
20240410;155216;164.82;100;10087979632;B
20240410;155216;164.82;310;10087979633;B
20240410;155216;164.84;28390;10087979634;B
20240410;155217;164.84;520;10087979686;B
20240410;155218;164.84;10;10087979773;B
20240410;155218;164.78;10;10087979786;S
20240410;155220;164.82;10;10087980059;B
20240410;155220;164.82;10;10087980060;B
20240410;155221;164.82;10;10087980129;B
20240410;155221;164.82;10;10087980130;B
20240410;155222;164.82;10;10087980163;B
20240410;155222;164.8;70;10087980189;S
20240410;155223;164.82;30;10087980301;B
20240410;155224;164.82;10;10087980359;B
20240410;155225;164.82;40;10087980457;B
20240410;155225;164.84;10;10087980458;B
20240410;155225;164.84;40000;10087980467;B
20240410;155226;164.84;10;10087980505;B
20240410;155226;164.84;100;10087980534;B
20240410;155227;164.8;30;10087980649;S
20240410;155227;164.78;90;10087980650;S
20240410;155227;164.78;80;10087980651;S
20240410;155229;164.82;20;10087980768;B
20240410;155229;164.84;50;10087980769;B
20240410;155229;164.84;80;10087980770;B
20240410;155229;164.86;200;10087980771;B
20240410;155230;164.86;50;10087981000;B
20240410;155231;164.86;30;10087981093;B
20240410;155231;164.86;20;10087981094;B
20240410;155231;164.86;10;10087981140;B
20240410;155232;164.86;10;10087981163;B
20240410;155233;164.86;60;10087981280;B
20240410;155234;164.86;10;10087981321;B
20240410;155236;164.82;10;10087981465;S
20240410;155236;164.86;1990;10087981496;B
20240410;155236;164.86;1730;10087981497;B
20240410;155236;164.86;270;10087981524;B
20240410;155236;164.86;10;10087981525;B
20240410;155236;164.86;30;10087981526;B
20240410;155236;164.88;190;10087981527;B
20240410;155237;164.88;500;10087981545;B
20240410;155239;164.86;160;10087981806;B
20240410;155240;164.84;100;10087981892;S
20240410;155241;164.82;10;10087981972;S
20240410;155241;164.86;110;10087981993;B
20240410;155243;164.86;160;10087982162;B
20240410;155243;164.88;640;10087982163;B
20240410;155244;164.86;20;10087982271;B
20240410;155245;164.86;2760;10087982306;B
20240410;155245;164.88;12240;10087982307;B
20240410;155246;164.86;20;10087982338;B
20240410;155246;164.88;1430;10087982339;B
20240410;155246;164.9;30;10087982340;B
20240410;155246;164.9;70;10087982372;B
20240410;155246;164.9;100;10087982373;B
20240410;155246;164.9;330;10087982374;B
20240410;155246;164.9;170;10087982379;B
20240410;155246;164.94;10;10087982380;B
20240410;155246;164.94;10;10087982381;B
20240410;155246;164.96;300;10087982382;B
20240410;155246;164.96;1220;10087982383;B
20240410;155246;164.96;1530;10087982384;B
20240410;155246;164.96;150;10087982385;B
20240410;155246;164.98;10;10087982386;B
20240410;155246;164.98;10;10087982387;B
20240410;155246;164.98;30;10087982388;B
20240410;155246;164.98;10;10087982389;B
20240410;155246;164.98;10;10087982390;B
20240410;155246;164.98;10;10087982391;B
20240410;155246;164.98;10;10087982392;B
20240410;155246;164.98;1700;10087982393;B
20240410;155246;164.98;100;10087982394;B
20240410;155246;164.98;110;10087982395;B
20240410;155246;165;500;10087982396;B
20240410;155246;165;100;10087982397;B
20240410;155246;165;50;10087982398;B
20240410;155246;165;50;10087982399;B
20240410;155246;165;200;10087982400;B
20240410;155246;165;1100;10087982401;B
20240410;155246;165;20;10087982402;B
20240410;155246;165;10;10087982403;B
20240410;155246;165;100;10087982404;B
20240410;155246;165;250;10087982405;B
20240410;155246;165;10;10087982406;B
20240410;155246;165;100;10087982407;B
20240410;155246;165;500;10087982408;B
20240410;155246;165;100;10087982409;B
20240410;155246;165;100;10087982410;B
20240410;155246;165;200;10087982411;B
20240410;155246;165;10;10087982412;B
20240410;155246;165;10;10087982413;B
20240410;155246;165;600;10087982414;B
20240410;155246;165;200;10087982415;B
20240410;155246;165;400;10087982416;B
20240410;155246;165;10;10087982417;B
20240410;155246;165;10;10087982418;B
20240410;155246;165;10;10087982419;B
20240410;155246;165;20;10087982420;B
20240410;155246;165;1000;10087982421;B
20240410;155246;165;3950;10087982422;B
20240410;155247;165.08;10;10087982433;B
20240410;155247;165.08;10;10087982434;B
20240410;155247;165.08;380;10087982435;B
20240410;155247;165;220;10087982476;S
20240410;155248;164.98;15000;10087982481;B
20240410;155248;164.98;200;10087982485;B
20240410;155248;164.98;20;10087982544;B
20240410;155249;164.96;10;10087982577;S
20240410;155250;164.96;90;10087982666;S
20240410;155250;164.96;10;10087982667;B
20240410;155250;164.98;20;10087982668;B
20240410;155251;164.94;200;10087982748;S
20240410;155251;164.9;100;10087982749;S
20240410;155251;164.9;200;10087982750;S
20240410;155252;164.96;10;10087982774;B
20240410;155252;164.9;200;10087982791;S
20240410;155257;164.96;100;10087983182;B
20240410;155258;164.96;10;10087983286;B
20240410;155259;164.9;90;10087983308;S
20240410;155301;164.92;200;10087983442;B
20240410;155301;164.92;400;10087983446;B
20240410;155301;164.92;70;10087983461;B
20240410;155301;164.92;40;10087983463;B
20240410;155301;164.92;10;10087983464;B
20240410;155301;164.92;300;10087983465;B
20240410;155301;164.92;20;10087983484;B
20240410;155302;164.92;1220;10087983539;B
20240410;155302;164.92;500;10087983540;B
20240410;155302;164.94;4940;10087983541;B
20240410;155302;164.96;80;10087983542;B
20240410;155302;164.96;2000;10087983543;B
20240410;155302;164.98;70;10087983544;B
20240410;155302;164.98;110;10087983545;B
20240410;155302;165;50;10087983546;B
20240410;155302;165;20;10087983547;B
20240410;155302;165.02;140;10087983548;B
20240410;155302;165.02;280;10087983549;B
20240410;155302;165.04;500;10087983550;B
20240410;155302;165.04;1530;10087983551;B
20240410;155302;165.04;1000;10087983552;B
20240410;155302;165.04;1400;10087983553;B
20240410;155302;165.04;1600;10087983554;B
20240410;155302;165.04;2400;10087983555;B
20240410;155302;165.06;10000;10087983556;B
20240410;155302;165.06;2160;10087983557;B
20240410;155302;164.92;500;10087983558;B
20240410;155304;164.98;200;10087983655;S
20240410;155304;164.94;500;10087983656;S
20240410;155305;165.02;100;10087983740;S
20240410;155305;165;100;10087983741;S
20240410;155305;164.96;20;10087983742;S
20240410;155305;164.96;330;10087983743;S
20240410;155307;165.04;10;10087983850;B
20240410;155307;165.06;200;10087983851;B
20240410;155307;165.06;190;10087983852;B
20240410;155307;165.06;20;10087983853;B
20240410;155307;165.06;300;10087983854;B
20240410;155307;165.08;1530;10087983855;B
20240410;155307;165.08;1220;10087983856;B
20240410;155307;165.1;10;10087983857;B
20240410;155307;165.1;1600;10087983858;B
20240410;155307;165.1;1000;10087983859;B
20240410;155307;165.1;100;10087983860;B
20240410;155307;165.1;1000;10087983861;B
20240410;155307;165.12;10000;10087983862;B
20240410;155307;165.12;2820;10087983863;B
20240410;155309;165.04;100;10087983995;S
20240410;155309;165.02;200;10087983996;S
20240410;155309;165.02;20;10087983997;S
20240410;155309;165;2680;10087983998;S
20240410;155310;165;50;10087984071;S
20240410;155313;165.04;10;10087984287;B
20240410;155314;165;150;10087984350;S
20240410;155314;165;1220;10087984367;B
20240410;155314;165.04;200;10087984368;B
20240410;155314;165.04;80;10087984369;B
20240410;155316;164.92;100;10087984457;S
20240410;155316;164.92;100;10087984460;S
20240410;155316;164.98;150;10087984479;B
20240410;155318;164.98;30;10087984629;B
20240410;155318;164.94;50;10087984630;B
20240410;155318;164.92;15000;10087984644;S
20240410;155318;164.92;100;10087984652;S
20240410;155322;164.96;200;10087984871;B
20240410;155322;164.9;30;10087984876;S
20240410;155322;164.9;200;10087984877;S
20240410;155322;164.9;1960;10087984878;S
20240410;155322;164.88;10000;10087984879;S
20240410;155322;164.84;8000;10087984880;S
20240410;155322;164.84;10000;10087984881;S
20240410;155322;164.84;1000;10087984882;S
20240410;155322;164.84;2000;10087984883;S
20240410;155322;164.82;900;10087984884;S
20240410;155322;164.8;20;10087984885;S
20240410;155322;164.8;20;10087984886;S
20240410;155322;164.8;8880;10087984887;S
20240410;155323;164.82;10;10087984971;B
20240410;155324;164.78;100;10087985063;S
20240410;155325;164.78;140;10087985123;S
20240410;155325;164.8;20;10087985136;B
20240410;155327;164.82;190;10087985272;B
20240410;155327;164.82;500;10087985273;B
20240410;155327;164.82;250;10087985314;S
20240410;155327;164.78;400;10087985352;S
20240410;155331;164.78;500;10087985666;S
20240410;155331;164.78;150;10087985667;S
20240410;155333;164.8;50;10087985769;B
20240410;155333;164.8;190;10087985770;B
20240410;155336;164.8;1030;10087985960;B
20240410;155336;164.8;1530;10087985961;B
20240410;155337;164.82;10;10087986010;B
20240410;155337;164.82;40;10087986014;B
20240410;155337;164.82;160;10087986015;B
20240410;155339;164.82;10;10087986100;B
20240410;155341;164.82;20;10087986302;B
20240410;155342;164.8;100;10087986355;S
20240410;155342;164.82;10;10087986365;B
20240410;155342;164.8;200;10087986397;S
20240410;155343;164.82;810;10087986443;B
20240410;155344;164.8;3640;10087986478;S
20240410;155344;164.78;1110;10087986479;S
20240410;155344;164.78;10;10087986480;S
20240410;155344;164.76;200;10087986481;S
20240410;155344;164.7;40;10087986482;S
20240410;155345;164.6;200;10087986556;S
20240410;155345;164.58;1800;10087986557;S
20240410;155345;164.56;10;10087986563;S
20240410;155350;164.62;60;10087987004;B
20240410;155351;164.62;10;10087987052;B
20240410;155353;164.62;130;10087987217;B
20240410;155353;164.62;300;10087987218;B
20240410;155353;164.62;920;10087987251;B
20240410;155353;164.62;200;10087987252;B
20240410;155353;164.64;1530;10087987253;B
20240410;155353;164.64;1000;10087987254;B
20240410;155353;164.64;4480;10087987255;B
20240410;155353;164.66;6870;10087987256;B
20240410;155353;164.56;140;10087987303;S
20240410;155356;164.7;20;10087987591;B
20240410;155356;164.78;110;10087987608;B
20240410;155356;164.78;1530;10087987609;B
20240410;155356;164.8;2000;10087987610;B
20240410;155356;164.82;2330;10087987611;B
20240410;155356;164.82;4500;10087987612;B
20240410;155356;164.82;7530;10087987613;B
20240410;155356;164.9;10;10087987631;B
20240410;155403;164.9;40;10087988240;B
20240410;155403;164.9;580;10087988241;B
20240410;155403;164.9;210;10087988242;B
20240410;155403;164.92;170;10087988243;B
20240410;155404;164.92;80;10087988314;B
20240410;155404;164.92;40;10087988319;B
20240410;155404;164.92;200;10087988328;B
20240410;155404;164.86;100;10087988342;S
20240410;155405;164.84;100;10087988376;S
20240410;155405;164.84;100;10087988377;S
20240410;155405;164.92;10;10087988429;B
20240410;155406;164.82;10;10087988451;S
20240410;155407;164.82;10;10087988574;S
20240410;155409;164.9;20;10087988760;B
20240410;155410;164.82;20;10087988819;S
20240410;155411;164.9;10;10087988897;B
20240410;155412;164.9;80;10087988936;B
20240410;155412;164.82;10;10087988994;S
20240410;155412;164.88;490;10087988998;B
20240410;155413;164.88;10;10087989006;B
20240410;155413;164.9;40;10087989007;B
20240410;155413;164.88;10;10087989011;B
20240410;155413;164.88;200;10087989057;B
20240410;155414;164.88;10;10087989156;B
20240410;155415;164.88;40;10087989215;B
20240410;155418;164.82;20;10087989443;S
20240410;155422;164.88;20;10087989873;B
20240410;155422;164.88;200;10087989971;B
20240410;155423;164.82;50;10087990082;S
20240410;155423;164.8;200;10087990083;S
20240410;155423;164.78;200;10087990084;S
20240410;155423;164.78;50;10087990085;S
20240410;155424;164.84;100;10087990479;B
20240410;155426;164.84;20;10087990686;B
20240410;155432;164.8;20;10087991234;S
20240410;155432;164.8;70;10087991246;S
20240410;155434;164.76;10;10087991394;B
20240410;155441;164.8;30;10087992002;B
20240410;155442;164.8;70;10087992037;B
20240410;155443;164.8;100;10087992102;B
20240410;155443;164.8;170;10087992103;B
20240410;155443;164.82;10;10087992104;B
20240410;155443;164.82;50;10087992105;B
20240410;155443;164.82;50;10087992106;B
20240410;155443;164.82;70;10087992107;B
20240410;155443;164.74;3000;10087992148;S
20240410;155443;164.72;200;10087992149;S
20240410;155443;164.72;300;10087992150;S
20240410;155443;164.82;130;10087992154;B
20240410;155443;164.82;230;10087992155;B
20240410;155443;164.84;1220;10087992156;B
20240410;155443;164.84;430;10087992157;B
20240410;155443;164.86;640;10087992158;B
20240410;155443;164.86;320;10087992159;B
20240410;155445;164.86;10;10087992307;B
20240410;155447;164.86;10;10087992381;B
20240410;155447;164.82;10;10087992483;S
20240410;155449;164.84;10;10087992673;S
20240410;155450;164.86;10;10087992694;B
20240410;155451;164.86;10;10087992786;B
20240410;155454;164.86;10;10087993082;B
20240410;155455;164.86;10;10087993165;B
20240410;155501;164.84;90;10087993584;S
20240410;155501;164.82;20;10087993585;S
20240410;155501;164.8;100;10087993586;S
20240410;155501;164.8;100;10087993587;S
20240410;155501;164.78;100;10087993588;S
20240410;155501;164.78;640;10087993589;S
20240410;155501;164.78;100;10087993590;S
20240410;155501;164.78;100;10087993591;S
20240410;155501;164.78;1050;10087993592;S
20240410;155502;164.86;30;10087993634;B
20240410;155502;164.86;10;10087993654;B
20240410;155505;164.8;300;10087993969;S
20240410;155505;164.76;200;10087993970;S
20240410;155505;164.76;100;10087993971;S
20240410;155505;164.76;100;10087993972;S
20240410;155505;164.76;50;10087993973;S
20240410;155505;164.74;3660;10087993974;S
20240410;155505;164.72;4000;10087993975;S
20240410;155505;164.72;2000;10087993976;S
20240410;155505;164.7;10000;10087993977;S
20240410;155505;164.7;10000;10087993978;S
20240410;155505;164.7;10000;10087993979;S
20240410;155505;164.68;1000;10087993980;S
20240410;155505;164.68;9670;10087993981;S
20240410;155505;164.64;100;10087993987;S
20240410;155505;164.62;10;10087993988;S
20240410;155505;164.62;200;10087993989;S
20240410;155505;164.6;50;10087993990;S
20240410;155505;164.6;10;10087993991;S
20240410;155505;164.72;10;10087994000;B
20240410;155507;164.6;10;10087994120;B
20240410;155507;164.56;50;10087994125;S
20240410;155507;164.56;400;10087994126;S
20240410;155509;164.56;10;10087994233;B
20240410;155510;164.56;10;10087994284;B
20240410;155510;164.56;10;10087994285;B
20240410;155511;164.56;280;10087994337;B
20240410;155515;164.56;800;10087994622;B
20240410;155518;164.52;10;10087994763;S
20240410;155521;164.52;1660;10087995032;S
20240410;155521;164.52;100;10087995033;S
20240410;155521;164.5;100;10087995034;S
20240410;155521;164.5;10;10087995035;S
20240410;155521;164.54;10;10087995046;B
20240410;155522;164.52;100;10087995109;B
20240410;155525;164.52;100;10087995249;B
20240410;155525;164.54;190;10087995250;B
20240410;155525;164.56;40;10087995251;B
20240410;155525;164.5;20;10087995278;S
20240410;155525;164.5;300;10087995295;S
20240410;155527;164.54;190;10087995549;B
20240410;155527;164.56;60;10087995550;B
20240410;155529;164.56;10;10087995974;B
20240410;155529;164.5;20;10087996078;S
20240410;155529;164.5;180;10087996079;S
20240410;155533;164.56;20;10087996316;B
20240410;155534;164.56;190;10087996393;B
20240410;155535;164.56;20;10087996421;B
20240410;155538;164.52;50;10087996823;S
20240410;155538;164.52;10;10087996862;S
20240410;155541;164.52;20;10087997065;S
20240410;155545;164.56;200;10087997371;B
20240410;155548;164.56;10;10087997572;B
20240410;155549;164.56;10;10087997582;B
20240410;155549;164.52;20;10087997621;S
20240410;155549;164.52;30;10087997622;S
20240410;155552;164.52;210;10087997873;B
20240410;155554;164.52;10;10087997982;B
20240410;155554;164.52;10;10087998040;B
20240410;155556;164.52;10;10087998127;B
20240410;155556;164.52;10;10087998160;B
20240410;155556;164.5;20;10087998171;S
20240410;155556;164.52;80;10087998182;B
20240410;155557;164.5;300;10087998303;S
20240410;155557;164.5;50;10087998335;S
20240410;155557;164.5;10;10087998336;S
20240410;155557;164.5;10;10087998337;S
20240410;155557;164.46;500;10087998338;S
20240410;155557;164.44;30;10087998339;S
20240410;155558;164.46;300;10087998391;S
20240410;155600;164.44;100;10087998548;S
20240410;155602;164.44;210;10087998683;S
20240410;155603;164.5;30;10087998759;B
20240410;155603;164.5;470;10087998760;B
20240410;155606;164.48;10;10087999140;B
20240410;155606;164.44;270;10087999161;S
20240410;155606;164.42;10;10087999162;S
20240410;155606;164.42;220;10087999163;S
20240410;155606;164.48;40;10087999167;B
20240410;155607;164.42;10;10087999284;S
20240410;155608;164.46;20;10087999369;B
20240410;155608;164.48;50;10087999370;B
20240410;155608;164.48;30;10087999371;B
20240410;155609;164.48;20;10087999394;B
20240410;155609;164.48;100;10087999395;B
20240410;155609;164.46;20;10087999433;S
20240410;155612;164.46;100;10087999683;S
20240410;155613;164.5;30;10087999754;B
20240410;155613;164.5;10;10087999758;B
20240410;155613;164.5;10;10087999787;B
20240410;155615;164.46;100;10087999900;S
20240410;155617;164.5;10;10088000057;B
20240410;155618;164.46;10;10088000117;S
20240410;155618;164.5;10;10088000147;B
20240410;155618;164.46;1300;10088000167;S
20240410;155619;164.46;20;10088000173;S
20240410;155619;164.48;20;10088000200;B
20240410;155620;164.48;40;10088000261;B
20240410;155621;164.48;10;10088000343;B
20240410;155624;164.48;10;10088000568;B
20240410;155625;164.48;100;10088000650;B
20240410;155628;164.48;1310;10088000823;B
20240410;155628;164.46;300;10088000849;S
20240410;155630;164.5;10;10088000956;B
20240410;155631;164.5;10;10088001019;B
20240410;155631;164.5;50;10088001020;B
20240410;155633;164.5;1000;10088001285;B
20240410;155638;164.46;50;10088001917;S
20240410;155638;164.46;10;10088001918;S
20240410;155638;164.44;50;10088001919;S
20240410;155644;164.44;100;10088002555;S
20240410;155646;164.5;10;10088003039;B
20240410;155648;164.44;50;10088003167;S
20240410;155649;164.44;10;10088003242;S
20240410;155650;164.5;90;10088003352;B
20240410;155654;164.5;10;10088003839;B
20240410;155654;164.44;1000;10088003855;S
20240410;155655;164.5;10;10088003909;B
20240410;155659;164.44;50;10088004295;S
20240410;155659;164.44;50;10088004296;S
20240410;155659;164.44;20;10088004297;S
20240410;155659;164.42;180;10088004298;S
20240410;155701;164.48;80;10088004580;B
20240410;155701;164.48;30;10088004584;B
20240410;155703;164.42;70;10088004724;S
20240410;155703;164.44;810;10088004764;S
20240410;155704;164.5;20;10088004827;B
20240410;155705;164.5;90;10088004916;B
20240410;155705;164.5;60;10088004917;B
20240410;155705;164.42;100;10088004942;S
20240410;155707;164.44;10;10088005093;S
20240410;155708;164.5;50;10088005128;B
20240410;155710;164.48;10;10088005277;B
20240410;155711;164.5;10;10088005354;B
20240410;155711;164.5;90;10088005355;B
20240410;155711;164.5;100;10088005356;B
20240410;155711;164.5;20;10088005357;B
20240410;155711;164.52;620;10088005358;B
20240410;155711;164.52;500;10088005359;B
20240410;155713;164.52;30;10088005502;B
20240410;155713;164.52;40;10088005542;B
20240410;155715;164.52;10;10088005699;B
20240410;155716;164.52;10;10088005796;B
20240410;155716;164.52;80;10088005827;B
20240410;155718;164.52;30;10088005915;B
20240410;155720;164.5;10;10088006105;S
20240410;155722;164.52;10;10088006398;B
20240410;155727;164.52;290;10088006819;B
20240410;155727;164.52;20;10088006820;B
20240410;155727;164.54;790;10088006821;B
20240410;155732;164.52;170;10088007219;S
20240410;155733;164.56;100;10088007322;B
20240410;155736;164.52;200;10088007497;S
20240410;155739;164.56;380;10088007715;B
20240410;155739;164.56;2900;10088007716;B
20240410;155739;164.56;1000;10088007717;B
20240410;155739;164.56;300;10088007718;B
20240410;155739;164.58;100;10088007719;B
20240410;155739;164.58;10000;10088007720;B
20240410;155739;164.6;30;10088007721;B
20240410;155739;164.64;3500;10088007722;B
20240410;155739;164.66;10;10088007723;B
20240410;155739;164.66;1780;10088007724;B
20240410;155745;164.66;50;10088008294;S
20240410;155747;164.68;20;10088008608;B
20240410;155748;164.66;60;10088008658;S
20240410;155748;164.68;20;10088008701;B
20240410;155749;164.66;10;10088008766;S
20240410;155750;164.68;10;10088008817;B
20240410;155750;164.66;50;10088008830;S
20240410;155754;164.68;50;10088009104;B
20240410;155754;164.7;100;10088009105;B
20240410;155754;164.74;170;10088009106;B
20240410;155754;164.76;9000;10088009107;B
20240410;155754;164.76;3660;10088009108;B
20240410;155754;164.76;400;10088009109;B
20240410;155754;164.78;4740;10088009110;B
20240410;155755;164.7;30;10088009168;S
20240410;155755;164.7;120;10088009189;S
20240410;155755;164.68;1220;10088009190;S
20240410;155755;164.68;1380;10088009191;S
20240410;155755;164.68;1000;10088009192;S
20240410;155755;164.66;30;10088009193;S
20240410;155755;164.66;1280;10088009194;S
20240410;155755;164.66;3660;10088009195;S
20240410;155755;164.66;3660;10088009196;S
20240410;155755;164.64;10000;10088009197;S
20240410;155755;164.62;4500;10088009198;S
20240410;155755;164.6;10000;10088009199;S
20240410;155755;164.56;10000;10088009200;S
20240410;155755;164.54;10000;10088009201;S
20240410;155755;164.54;4180;10088009202;S
20240410;155755;164.56;140;10088009205;S
20240410;155755;164.56;60;10088009219;S
20240410;155755;164.52;10;10088009220;S
20240410;155755;164.52;1220;10088009221;S
20240410;155755;164.52;1530;10088009222;S
20240410;155755;164.5;5940;10088009223;S
20240410;155756;164.52;1220;10088009226;S
20240410;155756;164.5;3630;10088009227;S
20240410;155756;164.5;90;10088009228;S
20240410;155756;164.5;1140;10088009229;S
20240410;155756;164.5;10;10088009230;S
20240410;155756;164.5;200;10088009231;S
20240410;155756;164.42;1010;10088009232;S
20240410;155756;164.42;2580;10088009233;S
20240410;155756;164.4;10;10088009234;S
20240410;155756;164.4;10;10088009235;S
20240410;155756;164.4;10;10088009236;S
20240410;155756;164.4;10;10088009237;S
20240410;155756;164.4;50;10088009238;S
20240410;155756;164.38;20;10088009239;S
20240410;155756;164.38;1530;10088009240;S
20240410;155756;164.38;500;10088009241;S
20240410;155756;164.36;1000;10088009242;S
20240410;155756;164.36;50;10088009243;S
20240410;155756;164.36;10;10088009244;S
20240410;155756;164.36;500;10088009245;S
20240410;155756;164.36;1300;10088009246;S
20240410;155756;164.36;90;10088009247;S
20240410;155756;164.34;1000;10088009248;S
20240410;155756;164.34;20;10088009249;S
20240410;155756;164.34;10000;10088009250;S
20240410;155756;164.34;10000;10088009251;S
20240410;155756;164.34;10000;10088009252;S
20240410;155756;164.32;110;10088009253;S
20240410;155756;164.32;10;10088009254;S
20240410;155756;164.32;500;10088009255;S
20240410;155756;164.3;14420;10088009256;S
20240410;155756;164.32;500;10088009259;S
20240410;155756;164.32;1220;10088009260;S
20240410;155756;164.32;300;10088009262;B
20240410;155756;164.32;200;10088009264;B
20240410;155756;164.3;30;10088009268;S
20240410;155756;164.3;5550;10088009272;S
20240410;155756;164.3;20;10088009273;S
20240410;155756;164.3;20;10088009274;S
20240410;155756;164.3;190;10088009275;S
20240410;155756;164.3;1220;10088009276;S
20240410;155756;164.26;1530;10088009277;S
20240410;155756;164.24;10;10088009278;S
20240410;155756;164.24;1400;10088009279;S
20240410;155756;164.24;2400;10088009280;S
20240410;155756;164.22;50;10088009281;S
20240410;155756;164.22;70;10088009282;S
20240410;155756;164.22;110;10088009283;S
20240410;155756;164.22;500;10088009284;S
20240410;155756;164.2;30;10088009285;S
20240410;155756;164.2;2000;10088009286;S
20240410;155756;164.2;40;10088009287;S
20240410;155756;164.2;200;10088009288;S
20240410;155756;164.18;2970;10088009289;S
20240410;155756;164.22;200;10088009290;B
20240410;155756;164.2;730;10088009293;S
20240410;155756;164.2;1530;10088009294;S
20240410;155756;164.2;300;10088009295;S
20240410;155756;164.18;1590;10088009296;S
20240410;155756;164.18;30;10088009297;S
20240410;155756;164.18;50;10088009298;S
20240410;155756;164.18;600;10088009299;S
20240410;155756;164.18;460;10088009300;S
20240410;155756;164.18;50;10088009301;S
20240410;155756;164.16;50;10088009302;S
20240410;155756;164.16;10;10088009303;S
20240410;155756;164.16;10;10088009304;S
20240410;155756;164.16;10;10088009305;S
20240410;155756;164.16;10;10088009306;S
20240410;155756;164.16;10;10088009307;S
20240410;155756;164.16;10;10088009308;S
20240410;155756;164.16;10;10088009309;S
20240410;155756;164.16;10;10088009310;S
20240410;155756;164.16;10;10088009311;S
20240410;155756;164.14;1000;10088009312;S
20240410;155756;164.14;10;10088009313;S
20240410;155756;164.14;500;10088009314;S
20240410;155756;164.14;1510;10088009315;S
20240410;155756;164.12;150;10088009316;S
20240410;155756;164.12;30;10088009317;S
20240410;155756;164.12;180;10088009318;S
20240410;155756;164.1;20;10088009319;S
20240410;155756;164.1;20;10088009320;S
20240410;155756;164.1;15000;10088009321;S
20240410;155756;164.1;110;10088009322;S
20240410;155756;164.1;50;10088009323;S
20240410;155756;164.1;200;10088009324;S
20240410;155756;164.06;10000;10088009325;S
20240410;155756;164.06;10000;10088009326;S
20240410;155756;164.04;2000;10088009327;S
20240410;155756;164.04;50;10088009328;S
20240410;155756;164.04;10;10088009329;S
20240410;155756;164.04;200;10088009330;S
20240410;155756;164.04;300;10088009331;S
20240410;155756;164.02;20;10088009332;S
20240410;155756;164.02;10;10088009333;S
20240410;155756;164.02;10;10088009334;S
20240410;155756;164.02;14170;10088009335;S
20240410;155756;164.1;500;10088009336;B
20240410;155756;164.08;200;10088009337;B
20240410;155756;164.12;100;10088009338;B
20240410;155756;164.1;200;10088009344;B
20240410;155756;164.16;50;10088009345;B
20240410;155756;164.06;270;10088009346;S
20240410;155756;164.04;1220;10088009347;S
20240410;155756;164.04;1530;10088009348;S
20240410;155756;164.02;830;10088009349;S
20240410;155756;164.02;110;10088009350;S
20240410;155756;164;50;10088009351;S
20240410;155756;164;30;10088009352;S
20240410;155756;164;970;10088009353;S
20240410;155756;164;300;10088009354;S
20240410;155756;164;130;10088009355;S
20240410;155756;164;10;10088009356;S
20240410;155756;164;10;10088009357;S
20240410;155756;164;60;10088009358;S
20240410;155756;164;10;10088009359;S
20240410;155756;164;10;10088009360;S
20240410;155756;164;10;10088009361;S
20240410;155756;164;200;10088009362;S
20240410;155756;164;20;10088009363;S
20240410;155756;164;10;10088009364;S
20240410;155756;164;1000;10088009365;S
20240410;155756;164;100;10088009366;S
20240410;155756;164;500;10088009367;S
20240410;155756;164;110;10088009368;S
20240410;155756;164;300;10088009369;S
20240410;155756;164;20;10088009370;S
20240410;155756;164;4260;10088009371;S
20240410;155756;164;10;10088009372;S
20240410;155756;164;30;10088009373;S
20240410;155756;164;60;10088009374;S
20240410;155756;164;6090;10088009375;S
20240410;155756;164;50;10088009376;S
20240410;155756;164;700;10088009377;S
20240410;155756;164.02;1220;10088009385;S
20240410;155756;164.02;1530;10088009386;S
20240410;155756;164;500;10088009387;S
20240410;155756;164;1600;10088009388;S
20240410;155756;164;800;10088009389;S
20240410;155756;163.98;50;10088009390;S
20240410;155756;163.98;330;10088009391;S
20240410;155756;163.98;1000;10088009392;S
20240410;155756;163.98;1600;10088009393;S
20240410;155756;163.96;200;10088009394;S
20240410;155756;163.96;10;10088009395;S
20240410;155756;163.96;3780;10088009396;S
20240410;155756;163.96;200;10088009397;S
20240410;155756;163.94;50;10088009398;S
20240410;155756;163.94;330;10088009399;S
20240410;155756;163.92;100;10088009400;S
20240410;155756;163.9;10;10088009401;S
20240410;155756;163.9;50;10088009402;S
20240410;155756;163.9;30;10088009403;S
20240410;155756;163.9;4920;10088009404;S
20240410;155756;163.9;1000;10088009405;S
20240410;155756;163.92;40;10088009406;S
20240410;155756;163.98;200;10088009438;B
20240410;155756;164;1000;10088009439;B
20240410;155756;164.02;800;10088009440;B
20240410;155756;164;100;10088009445;B
20240410;155757;163.92;500;10088009449;S
20240410;155757;163.9;1530;10088009450;S
20240410;155757;163.9;1220;10088009451;S
20240410;155757;163.88;100;10088009452;S
20240410;155757;163.88;1000;10088009453;S
20240410;155757;163.88;1710;10088009454;S
20240410;155757;163.86;1000;10088009455;S
20240410;155757;163.86;20;10088009456;S
20240410;155757;163.86;10;10088009457;S
20240410;155757;163.86;10000;10088009458;S
20240410;155757;163.84;10;10088009459;S
20240410;155757;163.84;10;10088009460;S
20240410;155757;163.84;1200;10088009461;S
20240410;155757;164;100;10088009465;B
20240410;155757;164;100;10088009466;B
20240410;155757;163.98;150;10088009467;B
20240410;155757;164;1850;10088009468;B
20240410;155757;164;100;10088009477;B
20240410;155757;163.9;200;10088009483;S
20240410;155757;163.88;1220;10088009484;S
20240410;155757;163.88;1530;10088009485;S
20240410;155757;163.86;640;10088009486;S
20240410;155757;163.84;4900;10088009487;S
20240410;155757;163.84;9820;10088009488;S
20240410;155757;163.98;200;10088009489;B
20240410;155757;164;50;10088009493;B
20240410;155757;164;200;10088009494;B
20240410;155757;164;1750;10088009495;B
20240410;155757;164.08;100;10088009497;B
20240410;155757;164.18;400;10088009499;B
20240410;155757;164.24;100;10088009506;B
20240410;155757;164.12;150;10088009510;S
20240410;155757;164.2;100;10088009511;B
20240410;155757;164.22;180;10088009518;S
20240410;155757;164.22;670;10088009525;S
20240410;155757;164.26;100;10088009533;S
20240410;155758;164.32;100;10088009569;B
20240410;155758;164.26;100;10088009573;S
20240410;155758;164.26;100;10088009574;S
20240410;155758;164.24;1220;10088009575;S
20240410;155758;164.24;200;10088009576;S
20240410;155758;164.24;20;10088009577;S
20240410;155758;164.22;1650;10088009578;S
20240410;155758;164.18;200;10088009579;S
20240410;155758;164.18;1530;10088009580;S
20240410;155758;164.16;200;10088009581;S
20240410;155758;164.16;200;10088009582;S
20240410;155758;164.16;580;10088009583;S
20240410;155758;164.24;1000;10088009618;B
20240410;155758;164.3;20;10088009619;B
20240410;155759;164.24;500;10088009688;S
20240410;155759;164.24;1500;10088009723;B
20240410;155759;164.26;250;10088009724;B
20240410;155759;164.28;200;10088009725;B
20240410;155759;164.28;1290;10088009726;B
20240410;155800;164.22;10;10088009745;S
20240410;155800;164.2;500;10088009796;S
20240410;155800;164.2;500;10088009797;S
20240410;155800;164.18;1220;10088009798;S
20240410;155800;164.18;1220;10088009810;S
20240410;155800;164.16;20;10088009811;S
20240410;155801;164.2;50;10088009832;B
20240410;155801;164.16;30;10088009854;S
20240410;155801;164.16;30;10088009872;S
20240410;155801;164.16;30;10088009884;S
20240410;155801;164.16;30;10088009897;S
20240410;155801;164.16;30;10088009915;S
20240410;155801;164.16;50;10088009922;S
20240410;155802;164.12;30;10088009923;S
20240410;155802;164.12;30;10088009955;S
20240410;155802;164.12;30;10088009990;S
20240410;155802;164.12;110;10088010011;S
20240410;155802;164.12;390;10088010012;S
20240410;155802;164.12;30;10088010031;S
20240410;155803;164.12;120;10088010051;S
20240410;155803;164.12;120;10088010078;S
20240410;155803;164.12;120;10088010095;S
20240410;155804;164.12;120;10088010200;S
20240410;155804;164.12;60;10088010226;S
20240410;155804;164.12;200;10088010227;S
20240410;155805;164.1;3040;10088010296;S
20240410;155805;164.12;10;10088010316;B
20240410;155806;164.12;30;10088010396;B
20240410;155806;164.12;200;10088010397;B
20240410;155806;164.14;150;10088010398;B
20240410;155807;164.14;100;10088010420;B
20240410;155807;164.1;1820;10088010432;S
20240410;155807;164.1;1140;10088010461;S
20240410;155807;164.1;10;10088010462;S
20240410;155808;164.1;90;10088010479;B
20240410;155808;164.04;200;10088010501;S
20240410;155808;164.02;100;10088010502;S
20240410;155808;164.02;200;10088010503;S
20240410;155808;164.08;10;10088010531;B
20240410;155809;164.04;200;10088010626;S
20240410;155809;164;100;10088010627;S
20240410;155809;164;20;10088010628;S
20240410;155809;164;20;10088010629;S
20240410;155809;164;200;10088010630;S
20240410;155809;164;460;10088010631;S
20240410;155810;164.06;400;10088010693;S
20240410;155810;164;40;10088010694;S
20240410;155810;163.98;60;10088010695;S
20240410;155810;164.06;100;10088010726;S
20240410;155810;164;480;10088010727;S
20240410;155810;163.98;20;10088010728;S
20240410;155811;164;10;10088010817;B
20240410;155811;163.98;600;10088010875;S
20240410;155812;163.98;600;10088010897;S
20240410;155812;163.98;600;10088010913;S
20240410;155812;163.98;120;10088010927;S
20240410;155812;164;200;10088010934;B
20240410;155812;164;90;10088010936;B
20240410;155812;164.04;190;10088010937;B
20240410;155812;164.12;220;10088010938;B
20240410;155812;163.98;600;10088010946;S
20240410;155812;164.04;10;10088010963;B
20240410;155812;163.98;600;10088010964;S
20240410;155812;164.04;10;10088010970;B
20240410;155813;164.02;600;10088010987;S
20240410;155813;164.02;40;10088011011;S
20240410;155813;164.02;400;10088011012;S
20240410;155813;163.98;160;10088011013;S
20240410;155813;164;60;10088011043;S
20240410;155813;164.04;200;10088011045;B
20240410;155813;164;140;10088011048;S
20240410;155813;163.98;460;10088011049;S
20240410;155813;163.98;180;10088011054;S
20240410;155813;163.94;200;10088011055;S
20240410;155813;163.94;220;10088011056;S
20240410;155813;163.94;60;10088011062;S
20240410;155814;163.94;60;10088011077;S
20240410;155815;163.96;120;10088011154;S
20240410;155815;163.96;60;10088011183;S
20240410;155815;163.96;20;10088011203;S
20240410;155815;163.92;40;10088011204;S
20240410;155815;163.92;120;10088011205;S
20240410;155815;163.92;60;10088011223;S
20240410;155816;163.98;200;10088011237;B
20240410;155816;163.98;60;10088011246;S
20240410;155816;163.98;120;10088011277;S
20240410;155817;164;90;10088011334;B
20240410;155817;164;500;10088011410;B
20240410;155819;163.98;220;10088011529;S
20240410;155819;163.98;50;10088011530;S
20240410;155819;163.98;50;10088011531;S
20240410;155819;163.98;1000;10088011573;B
20240410;155820;163.96;10;10088011636;S
20240410;155820;163.92;110;10088011637;S
20240410;155821;163.96;100;10088011687;B
20240410;155821;163.96;50;10088011688;B
20240410;155821;163.96;50;10088011689;B
20240410;155821;163.96;20;10088011690;B
20240410;155821;163.98;50;10088011691;B
20240410;155821;163.98;100;10088011692;B
20240410;155821;163.98;100;10088011693;B
20240410;155824;163.98;10;10088012001;B
20240410;155825;163.98;10;10088012104;B
20240410;155825;163.98;1980;10088012111;B
20240410;155825;163.98;3020;10088012112;B
20240410;155826;163.98;980;10088012171;B
20240410;155826;164;970;10088012172;B
20240410;155826;164;610;10088012193;B
20240410;155826;164;460;10088012215;B
20240410;155826;164;50;10088012220;B
20240410;155827;163.96;80;10088012352;S
20240410;155827;163.96;100;10088012353;S
20240410;155827;163.96;50;10088012354;S
20240410;155827;163.96;20;10088012355;B
20240410;155828;163.96;10;10088012450;B
20240410;155829;163.94;400;10088012461;S
20240410;155829;163.94;50;10088012462;S
20240410;155829;163.92;50;10088012463;S
20240410;155829;163.96;600;10088012477;B
20240410;155829;163.96;300;10088012561;B
20240410;155830;163.96;350;10088012634;B
20240410;155832;163.94;20;10088012876;S
20240410;155832;163.94;100;10088012877;S
20240410;155832;163.92;150;10088012878;S
20240410;155832;163.92;200;10088012879;S
20240410;155832;163.92;1220;10088012880;S
20240410;155832;163.92;1530;10088012881;S
20240410;155832;163.9;10;10088012882;S
20240410;155832;163.9;200;10088012883;S
20240410;155832;163.9;240;10088012884;S
20240410;155832;163.9;330;10088012885;S
20240410;155833;163.94;50;10088012904;B
20240410;155834;163.94;100;10088013024;B
20240410;155835;163.94;10;10088013103;B
20240410;155835;163.92;500;10088013133;S
20240410;155837;163.92;10;10088013332;S
20240410;155839;163.94;30;10088013473;B
20240410;155839;163.92;710;10088013501;S
20240410;155839;163.92;10;10088013502;S
20240410;155839;163.92;500;10088013503;B
20240410;155840;163.92;1220;10088013515;S
20240410;155840;163.9;4670;10088013516;S
20240410;155840;163.86;20;10088013517;S
20240410;155840;163.86;410;10088013518;S
20240410;155840;163.84;200;10088013519;S
20240410;155840;163.84;200;10088013520;S
20240410;155840;163.84;1530;10088013521;S
20240410;155840;163.84;120;10088013522;S
20240410;155840;163.82;670;10088013523;S
20240410;155840;163.82;300;10088013524;S
20240410;155840;163.82;300;10088013525;S
20240410;155840;163.82;50;10088013526;S
20240410;155840;163.82;400;10088013527;S
20240410;155840;163.82;5000;10088013528;S
20240410;155840;163.8;50;10088013529;S
20240410;155840;163.8;10;10088013530;S
20240410;155840;163.8;10;10088013531;S
20240410;155840;163.8;10;10088013532;S
20240410;155840;163.8;100;10088013533;S
20240410;155840;163.8;500;10088013534;S
20240410;155840;163.8;10;10088013535;S
20240410;155840;163.8;50;10088013536;S
20240410;155840;163.8;500;10088013537;S
20240410;155840;163.8;500;10088013538;S
20240410;155840;163.8;13660;10088013539;S
20240410;155840;163.92;60;10088013556;S
20240410;155840;163.9;500;10088013557;S
20240410;155840;163.82;440;10088013558;S
20240410;155840;163.9;20;10088013578;B
20240410;155840;163.92;80;10088013579;B
20240410;155841;163.92;60;10088013661;B
20240410;155842;163.92;50;10088013728;B
20240410;155842;163.86;690;10088013747;S
20240410;155842;163.86;60;10088013748;S
20240410;155842;163.84;380;10088013749;S
20240410;155842;163.9;10;10088013784;B
20240410;155843;163.9;30;10088013818;B
20240410;155844;163.9;330;10088013941;B
20240410;155845;163.9;30;10088013992;B
20240410;155845;163.9;70;10088013993;B
20240410;155846;163.9;130;10088014108;B
20240410;155846;163.9;10;10088014117;B
20240410;155846;163.92;10;10088014118;B
20240410;155847;163.92;130;10088014233;B
20240410;155847;163.88;10;10088014235;S
20240410;155847;163.86;40;10088014236;S
20240410;155847;163.92;1000;10088014256;B
20240410;155848;163.88;90;10088014266;B
20240410;155849;163.88;50;10088014327;S
20240410;155849;163.86;50;10088014328;S
20240410;155850;163.88;400;10088014560;S
20240410;155850;163.86;310;10088014561;S
20240410;155850;163.86;1000;10088014562;S
20240410;155850;163.84;20;10088014563;S
20240410;155850;163.84;300;10088014564;S
20240410;155850;163.84;10;10088014565;S
20240410;155850;163.82;300;10088014566;S
20240410;155850;163.82;960;10088014567;S
20240410;155851;163.92;60;10088014649;B
20240410;155855;163.88;40;10088014981;B
20240410;155855;163.88;30;10088014991;B
20240410;155855;163.88;10;10088015024;B
20240410;155855;163.84;100;10088015039;S
20240410;155856;163.84;50;10088015074;S
20240410;155856;163.84;30;10088015075;S
20240410;155856;163.82;510;10088015076;S
20240410;155856;163.82;2410;10088015077;S
20240410;155856;163.88;130;10088015124;B
20240410;155856;163.9;640;10088015125;B
20240410;155856;163.92;230;10088015126;B
20240410;155857;163.86;200;10088015200;S
20240410;155857;163.84;20;10088015201;S
20240410;155857;163.84;920;10088015202;S
20240410;155857;163.84;50;10088015203;S
20240410;155857;163.84;5480;10088015204;S
20240410;155857;163.82;1810;10088015205;S
20240410;155857;163.84;200;10088015213;S
20240410;155857;163.82;6100;10088015214;S
20240410;155900;163.84;10;10088015444;S
20240410;155900;163.84;10;10088015445;S
20240410;155900;163.82;4980;10088015446;S
20240410;155900;163.82;1000;10088015465;S
20240410;155900;163.82;200;10088015466;S
20240410;155900;163.88;60;10088015484;B
20240410;155901;163.86;10;10088015533;B
20240410;155901;163.9;20;10088015552;B
20240410;155902;163.88;80;10088015621;S
20240410;155902;163.88;20;10088015659;S
20240410;155902;163.88;80;10088015660;S
20240410;155903;163.88;20;10088015731;S
20240410;155903;163.88;10;10088015732;S
20240410;155904;163.86;90;10088015805;S
20240410;155904;163.86;100;10088015806;S
20240410;155904;163.86;400;10088015807;S
20240410;155904;163.84;10;10088015808;S
20240410;155904;163.84;250;10088015809;S
20240410;155904;163.82;5150;10088015810;S
20240410;155904;163.88;70;10088015813;B
20240410;155905;163.88;30;10088015900;B
20240410;155907;163.88;10;10088015999;B
20240410;155907;163.82;5870;10088016007;S
20240410;155907;163.82;2010;10088016013;S
20240410;155907;163.82;1390;10088016014;S
20240410;155907;163.88;10;10088016033;B
20240410;155907;163.82;17820;10088016039;S
20240410;155907;163.8;6340;10088016040;S
20240410;155907;163.8;1400;10088016041;S
20240410;155907;163.8;200;10088016042;S
20240410;155907;163.8;100;10088016043;S
20240410;155907;163.8;30;10088016044;S
20240410;155907;163.8;10;10088016045;S
20240410;155907;163.8;200;10088016046;S
20240410;155907;163.78;2830;10088016047;S
20240410;155907;163.78;100;10088016048;S
20240410;155907;163.78;10;10088016049;S
20240410;155907;163.78;150;10088016050;S
20240410;155907;163.78;400;10088016051;S
20240410;155907;163.76;10;10088016052;S
20240410;155907;163.76;200;10088016053;S
20240410;155907;163.76;200;10088016054;S
20240410;155909;163.78;50;10088016121;S
20240410;155909;163.76;9800;10088016122;S
20240410;155909;163.74;10000;10088016123;S
20240410;155909;163.74;80;10088016124;S
20240410;155909;163.74;200;10088016125;S
20240410;155909;163.72;110;10088016126;S
20240410;155909;163.72;1000;10088016127;S
20240410;155909;163.72;200;10088016128;S
20240410;155909;163.72;1500;10088016129;S
20240410;155909;163.7;10;10088016130;S
20240410;155909;163.7;110;10088016131;S
20240410;155909;163.7;10;10088016132;S
20240410;155909;163.7;500;10088016133;S
20240410;155909;163.7;10;10088016134;S
20240410;155909;163.7;10;10088016135;S
20240410;155909;163.7;10;10088016136;S
20240410;155909;163.7;100;10088016137;S
20240410;155909;163.7;2640;10088016138;S
20240410;155909;163.72;50;10088016141;S
20240410;155909;163.7;150;10088016142;S
20240410;155909;163.82;100;10088016155;S
20240410;155909;163.74;1500;10088016158;S
20240410;155909;163.7;200;10088016159;S
20240410;155909;163.7;50;10088016160;S
20240410;155909;163.7;2000;10088016161;S
20240410;155909;163.8;50;10088016177;B
20240410;155909;163.8;50;10088016178;B
20240410;155909;163.74;1000;10088016192;S
20240410;155909;163.7;510;10088016193;S
20240410;155909;163.76;100;10088016194;S
20240410;155909;163.7;1900;10088016195;S
20240410;155909;163.7;2550;10088016234;S
20240410;155909;163.7;50;10088016235;S
20240410;155909;163.7;5000;10088016236;S
20240410;155909;163.68;10;10088016237;S
20240410;155909;163.68;100;10088016238;S
20240410;155909;163.68;10;10088016239;S
20240410;155909;163.68;10;10088016240;S
20240410;155909;163.68;10;10088016241;S
20240410;155909;163.68;20;10088016242;S
20240410;155909;163.68;100;10088016243;S
20240410;155909;163.68;50;10088016244;S
20240410;155909;163.68;200;10088016245;S
20240410;155909;163.68;100;10088016246;S
20240410;155909;163.68;200;10088016247;S
20240410;155909;163.68;200;10088016248;S
20240410;155909;163.68;710;10088016249;S
20240410;155910;163.78;100;10088016257;B
20240410;155910;163.78;100;10088016258;B
20240410;155910;163.78;100;10088016259;S
20240410;155910;163.8;100;10088016260;B
20240410;155910;163.8;100;10088016261;B
20240410;155910;163.74;100;10088016295;S
20240410;155915;163.7;50;10088016755;S
20240410;155915;163.7;1000;10088016756;S
20240410;155915;163.7;100;10088016757;S
20240410;155915;163.7;50;10088016758;B
20240410;155915;163.7;50;10088016759;B
20240410;155915;163.7;50;10088016760;B
20240410;155915;163.7;200;10088016795;B
20240410;155917;163.7;500;10088016900;B
20240410;155917;163.7;200;10088016901;B
20240410;155917;163.7;4430;10088016902;B
20240410;155918;163.7;20;10088016932;B
20240410;155918;163.7;10;10088016934;B
20240410;155918;163.68;10;10088016959;S
20240410;155918;163.7;40;10088016965;B
20240410;155919;163.7;10;10088017017;B
20240410;155920;163.7;10;10088017137;B
20240410;155920;163.7;400;10088017170;B
20240410;155920;163.7;10;10088017178;B
20240410;155922;163.68;40;10088017274;S
20240410;155922;163.68;860;10088017275;S
20240410;155922;163.7;70;10088017290;B
20240410;155922;163.7;200;10088017291;B
20240410;155922;163.7;40;10088017292;B
20240410;155922;163.72;10;10088017304;B
20240410;155922;163.72;190;10088017310;B
20240410;155922;163.72;210;10088017317;S
20240410;155922;163.7;1290;10088017318;S
20240410;155922;163.74;40;10088017320;B
20240410;155922;163.76;10;10088017321;B
20240410;155922;163.76;130;10088017322;B
20240410;155923;163.76;70;10088017330;B
20240410;155923;163.78;40;10088017346;B
20240410;155923;163.78;200;10088017354;B
20240410;155924;163.78;200;10088017407;B
20240410;155926;163.76;230;10088017529;S
20240410;155926;163.76;1200;10088017530;S
20240410;155926;163.76;100;10088017531;S
20240410;155926;163.74;3090;10088017532;S
20240410;155926;163.72;380;10088017533;S
20240410;155927;163.78;60;10088017636;B
20240410;155927;163.78;530;10088017637;S
20240410;155927;163.78;50;10088017639;S
20240410;155928;163.86;10;10088017720;B
20240410;155928;163.86;180;10088017721;B
20240410;155928;163.88;10;10088017722;B
20240410;155929;163.86;200;10088017827;B
20240410;155929;163.88;190;10088017828;B
20240410;155929;163.88;100;10088017829;B
20240410;155929;163.88;5510;10088017830;B
20240410;155930;163.8;100;10088017864;S
20240410;155930;163.8;640;10088017865;S
20240410;155930;163.78;600;10088017866;S
20240410;155930;163.88;23500;10088017888;B
20240410;155930;163.88;3660;10088017889;B
20240410;155930;163.88;3660;10088017890;B
20240410;155930;163.88;19180;10088017891;B
20240410;155932;163.9;1000;10088018086;B
20240410;155932;163.9;2000;10088018095;B
20240410;155932;163.9;200;10088018103;B
20240410;155932;163.88;10;10088018111;S
20240410;155934;163.9;70;10088018249;B
20240410;155936;163.9;20;10088018388;B
20240410;155937;163.9;600;10088018493;B
20240410;155938;163.9;50;10088018552;B
20240410;155938;163.9;1350;10088018564;B
20240410;155938;163.9;30;10088018567;B
20240410;155939;163.88;660;10088018616;S
20240410;155940;163.9;680;10088018644;B
20240410;155940;163.96;320;10088018645;B
20240410;155941;163.96;20;10088018693;B
20240410;155941;163.96;30;10088018713;B
20240410;155942;163.92;100;10088018753;S
20240410;155942;163.92;50;10088018754;S
20240410;155942;163.9;950;10088018755;S
20240410;155942;163.96;120;10088018757;B
20240410;155942;163.96;50;10088018758;B
20240410;155942;163.96;190;10088018759;B
20240410;155942;163.96;640;10088018760;B
20240410;155942;163.96;240;10088018761;B
20240410;155942;163.96;300;10088018774;B
20240410;155942;163.96;1800;10088018785;B
20240410;155942;164;320;10088018786;B
20240410;155942;164;10000;10088018787;B
20240410;155942;164;5000;10088018788;B
20240410;155942;164;220;10088018789;B
20240410;155942;164;50;10088018790;B
20240410;155942;164.02;710;10088018791;B
20240410;155942;164.04;10000;10088018792;B
20240410;155942;164.04;1900;10088018793;B
20240410;155943;164.12;40;10088018862;B
20240410;155944;164.08;10;10088019005;B
20240410;155946;164.08;200;10088019167;B
20240410;155947;164.08;10;10088019170;B
20240410;155947;164.08;10;10088019202;B
20240410;155948;164.06;100;10088019276;S
20240410;155948;164.08;100;10088019291;B
20240410;155951;164.08;10;10088019494;B
20240410;155951;164.06;100;10088019515;S
20240410;155951;164.06;10;10088019516;S
20240410;155951;164.06;500;10088019517;S
20240410;155951;164.06;100;10088019518;S
20240410;155951;164.04;200;10088019519;S
20240410;155951;164.02;1000;10088019520;S
20240410;155951;164.02;8090;10088019521;S
20240410;155952;164;100;10088019601;S
20240410;155952;163.96;150;10088019602;S
20240410;155952;163.94;200;10088019603;S
20240410;155952;163.92;100;10088019604;S
20240410;155952;163.92;100;10088019605;S
20240410;155952;163.92;1350;10088019606;S
20240410;155953;163.92;1000;10088019657;S
20240410;155953;164.02;100;10088019666;B
20240410;155953;164.04;200;10088019667;B
20240410;155953;164.04;200;10088019668;B
20240410;155955;164;20;10088019812;B
20240410;155955;164;40;10088019813;B
20240410;155956;164;10;10088019890;B
20240410;155956;164;50;10088019916;B
20240410;155958;163.98;50;10088020062;B
20240410;155958;164;100;10088020063;B
20240410;155958;164;50;10088020064;B
20240410;155958;164;50;10088020065;B
20240410;155958;164;250;10088020066;B
20240410;155958;164;10;10088020069;B
20240410;160000;164;100;10088020281;B
20240410;160000;163.98;50;10088020324;S
20240410;160000;164;100;10088020325;B
20240410;160000;164;100;10088020329;B
20240410;160000;164;10;10088020331;B
20240410;160002;164;10;10088020513;B
20240410;160003;164;20;10088020589;B
20240410;160003;164;500;10088020618;B
20240410;160003;164;50;10088020619;B
20240410;160003;164.02;200;10088020620;B
20240410;160003;164.02;400;10088020621;B
20240410;160003;164.02;270;10088020622;B
20240410;160003;164.04;80;10088020623;B
20240410;160005;164.04;1020;10088020734;S
20240410;160005;164.06;10;10088020814;B
20240410;160009;164.04;410;10088021198;S
20240410;160009;164.04;100;10088021199;S
20240410;160009;164;100;10088021200;S
20240410;160009;164;10;10088021201;S
20240410;160009;164;40;10088021202;S
20240410;160009;163.98;10000;10088021203;S
20240410;160009;163.98;200;10088021204;S
20240410;160009;163.96;1500;10088021205;S
20240410;160009;163.96;2000;10088021206;S
20240410;160009;163.92;420;10088021207;S
20240410;160009;163.92;100;10088021208;S
20240410;160009;163.92;2660;10088021209;S
20240410;160009;163.92;2000;10088021210;S
20240410;160009;163.9;3370;10088021211;S
20240410;160009;163.9;100;10088021212;S
20240410;160009;163.9;210;10088021213;S
20240410;160009;163.9;20;10088021214;S
20240410;160009;163.9;5000;10088021215;S
20240410;160009;163.9;10000;10088021216;S
20240410;160009;163.9;10000;10088021217;S
20240410;160009;163.88;100;10088021218;S
20240410;160009;163.88;1000;10088021219;S
20240410;160009;163.88;20;10088021220;S
20240410;160009;163.88;640;10088021221;S
20240410;160010;164;40;10088021277;B
20240410;160011;163.96;50;10088021343;B
20240410;160014;163.94;10;10088021628;B
20240410;160017;163.92;10;10088021823;B
20240410;160018;163.9;50;10088021912;S
20240410;160018;163.9;1250;10088021913;S
20240410;160018;163.92;40;10088021950;B
20240410;160018;163.92;10;10088021951;B
20240410;160018;163.92;290;10088021952;B
20240410;160020;163.9;750;10088022118;S
20240410;160020;163.88;10;10088022119;S
20240410;160020;163.86;50;10088022120;S
20240410;160020;163.84;50;10088022121;S
20240410;160020;163.84;100;10088022122;S
20240410;160020;163.84;20;10088022123;S
20240410;160020;163.84;100;10088022124;S
20240410;160020;163.82;100;10088022125;S
20240410;160020;163.82;100;10088022126;S
20240410;160020;163.82;200;10088022127;S
20240410;160020;163.82;320;10088022128;S
20240410;160022;163.86;910;10088022222;B
20240410;160022;163.88;200;10088022223;B
20240410;160022;163.88;420;10088022224;B
20240410;160023;163.82;20;10088022250;S
20240410;160027;163.88;80;10088022493;B
20240410;160027;163.88;150;10088022494;B
20240410;160027;163.9;20;10088022495;B
20240410;160032;163.82;900;10088022929;S
20240410;160032;163.82;150;10088022941;S
20240410;160035;163.84;200;10088023127;S
20240410;160035;163.82;610;10088023128;S
20240410;160035;163.8;200;10088023145;S
20240410;160037;163.82;10;10088023230;B
20240410;160041;163.82;10;10088023489;B
20240410;160042;163.82;90;10088023575;B
20240410;160043;163.82;1080;10088023640;B
20240410;160043;163.86;50;10088023641;B
20240410;160043;163.88;200;10088023642;B
20240410;160043;163.88;500;10088023643;B
20240410;160043;163.88;1550;10088023644;B
20240410;160043;163.88;2620;10088023645;B
20240410;160045;163.82;200;10088023768;S
20240410;160045;163.8;100;10088023769;S
20240410;160046;163.9;10;10088023785;B
20240410;160049;163.9;90;10088023977;B
20240410;160049;163.9;100;10088023978;B
20240410;160049;163.9;70;10088023979;B
20240410;160053;163.92;120;10088024362;B
20240410;160054;163.9;10;10088024462;S
20240410;160054;163.88;10;10088024463;S
20240410;160054;163.86;10;10088024464;S
20240410;160054;163.84;10;10088024465;S
20240410;160055;163.82;640;10088024509;S
20240410;160055;163.82;100;10088024510;S
20240410;160055;163.82;10;10088024511;S
20240410;160055;163.82;250;10088024512;S
20240410;160056;163.82;1000;10088024552;S
20240410;160056;163.88;10;10088024596;B
20240410;160057;163.88;30;10088024660;B
20240410;160106;163.88;10;10088025509;B
20240410;160107;163.88;250;10088025577;B
20240410;160107;163.88;10;10088025601;B
20240410;160108;163.88;10;10088025680;B
20240410;160108;163.88;10;10088025682;B
20240410;160109;163.88;10;10088025705;B
20240410;160110;163.86;10;10088025789;S
20240410;160110;163.86;10;10088025790;S
20240410;160110;163.84;10;10088025791;S
20240410;160110;163.84;10;10088025792;S
20240410;160110;163.84;400;10088025793;S
20240410;160110;163.82;220;10088025794;S
20240410;160110;163.82;2340;10088025795;S
20240410;160110;163.82;300;10088025849;S
20240410;160111;163.82;400;10088026064;S
20240410;160111;163.82;100;10088026065;S
20240410;160111;163.8;500;10088026066;S
20240410;160112;163.86;30;10088026123;B
20240410;160113;163.84;10;10088026289;B
20240410;160113;163.82;10;10088026425;S
20240410;160113;163.82;510;10088026426;S
20240410;160113;163.8;980;10088026427;S
20240410;160115;163.84;50;10088026660;B
20240410;160119;163.8;220;10088027012;S
20240410;160119;163.8;200;10088027013;S
20240410;160119;163.8;10;10088027014;S
20240410;160119;163.8;570;10088027015;S
20240410;160119;163.82;60;10088027025;B
20240410;160120;163.82;30;10088027063;B
20240410;160123;163.82;310;10088027274;B
20240410;160123;163.82;50;10088027289;B
20240410;160124;163.8;17580;10088027320;S
20240410;160124;163.8;100;10088027321;S
20240410;160124;163.8;100;10088027322;S
20240410;160124;163.78;3760;10088027323;S
20240410;160124;163.78;200;10088027324;S
20240410;160124;163.76;2000;10088027325;S
20240410;160124;163.76;30;10088027326;S
20240410;160124;163.78;1270;10088027335;B
20240410;160124;163.78;200;10088027336;B
20240410;160124;163.8;160;10088027337;B
20240410;160125;163.74;50;10088027435;S
20240410;160125;163.74;50;10088027436;S
20240410;160125;163.78;10;10088027449;B
20240410;160125;163.78;10;10088027454;B
20240410;160125;163.74;50;10088027455;S
20240410;160125;163.74;330;10088027456;S
20240410;160127;163.78;200;10088027563;B
20240410;160128;163.76;10;10088027637;B
20240410;160128;163.74;10;10088027666;S
20240410;160130;163.76;10;10088027914;B
20240410;160130;163.76;990;10088027939;B
20240410;160130;163.76;200;10088027940;B
20240410;160130;163.76;250;10088027941;B
20240410;160130;163.76;10;10088027942;B
20240410;160130;163.76;480;10088027943;B
20240410;160130;163.78;20;10088027944;B
20240410;160130;163.78;670;10088027945;B
20240410;160130;163.8;2380;10088027946;B
20240410;160131;163.78;50;10088027981;B
20240410;160135;163.78;7330;10088028306;B
20240410;160135;163.8;22670;10088028307;B
20240410;160135;163.8;200;10088028308;B
20240410;160136;163.8;1000;10088028393;B
20240410;160137;163.8;30;10088028549;B
20240410;160139;163.8;5780;10088028685;B
20240410;160139;163.8;4220;10088028686;B
20240410;160139;163.8;70;10088028749;B
20240410;160141;163.78;100;10088028835;S
20240410;160141;163.78;1100;10088028849;S
20240410;160141;163.78;1270;10088028850;S
20240410;160141;163.78;30;10088028870;S
20240410;160141;163.76;1300;10088028871;S
20240410;160141;163.74;660;10088028872;S
20240410;160141;163.74;200;10088028873;S
20240410;160141;163.74;2310;10088028874;S
20240410;160141;163.74;500;10088028875;S
20240410;160144;163.78;140;10088029102;B
20240410;160144;163.78;20;10088029150;B
20240410;160146;163.78;30;10088029300;B
20240410;160148;163.78;10;10088029442;B
20240410;160148;163.78;190;10088029443;B
20240410;160149;163.74;1000;10088029513;S
20240410;160149;163.74;400;10088029514;S
20240410;160149;163.78;200;10088029526;B
20240410;160149;163.78;50;10088029527;B
20240410;160149;163.78;100;10088029567;B
20240410;160149;163.78;10;10088029594;B
20240410;160153;163.76;10;10088030035;B
20240410;160155;163.76;60;10088030281;B
20240410;160155;163.76;130;10088030299;B
20240410;160155;163.78;2180;10088030300;B
20240410;160155;163.78;2270;10088030361;B
20240410;160155;163.8;3480;10088030362;B
20240410;160158;163.8;10;10088030749;B
20240410;160158;163.8;10;10088030817;B
20240410;160159;163.8;40;10088030874;B
20240410;160159;163.78;650;10088030877;S
20240410;160159;163.76;2200;10088030878;S
20240410;160159;163.74;100;10088030879;S
20240410;160159;163.74;8000;10088030880;S
20240410;160159;163.74;10;10088030881;S
20240410;160159;163.74;50;10088030882;S
20240410;160159;163.74;10;10088030883;S
20240410;160159;163.72;1430;10088030884;S
20240410;160159;163.72;1000;10088030885;S
20240410;160159;163.72;6550;10088030886;S
20240410;160200;163.8;40;10088030977;B
20240410;160201;163.78;10;10088031072;S
20240410;160201;163.74;90;10088031073;S
20240410;160201;163.8;10;10088031093;B
20240410;160204;163.78;10;10088031558;B
20240410;160205;163.78;500;10088031668;B
20240410;160205;163.8;2120;10088031669;B
20240410;160205;163.82;10;10088031670;B
20240410;160205;163.82;100;10088031671;B
20240410;160207;163.8;900;10088031834;B
20240410;160208;163.8;10;10088031882;B
20240410;160210;163.8;10;10088032054;B
20240410;160213;163.8;10;10088032323;B
20240410;160213;163.78;10;10088032351;S
20240410;160213;163.76;30;10088032352;S
20240410;160213;163.74;280;10088032353;S
20240410;160213;163.74;640;10088032354;S
20240410;160213;163.72;1040;10088032355;S
20240410;160216;163.78;10;10088032768;B
20240410;160226;163.78;20;10088033635;S
20240410;160227;163.8;70;10088033664;B
20240410;160227;163.8;20;10088033694;B
20240410;160227;163.8;80;10088033695;B
20240410;160227;163.8;40;10088033699;B
20240410;160230;163.8;20;10088033920;B
20240410;160230;163.78;380;10088033921;S
20240410;160230;163.76;150;10088033922;S
20240410;160230;163.74;70;10088033923;S
20240410;160231;163.74;200;10088034025;S
20240410;160231;163.74;550;10088034026;S
20240410;160231;163.72;80;10088034027;S
20240410;160233;163.72;2330;10088034252;S
20240410;160233;163.72;200;10088034253;S
20240410;160233;163.72;1330;10088034254;S
20240410;160233;163.72;100;10088034255;S
20240410;160233;163.72;20;10088034256;S
20240410;160233;163.72;580;10088034257;S
20240410;160233;163.72;10;10088034258;S
20240410;160234;163.76;50;10088034355;B
20240410;160235;163.76;440;10088034416;B
20240410;160235;163.78;200;10088034417;B
20240410;160235;163.78;1200;10088034418;B
20240410;160235;163.8;200;10088034419;B
20240410;160235;163.8;3500;10088034420;B
20240410;160235;163.82;3180;10088034421;B
20240410;160235;163.84;3660;10088034422;B
20240410;160235;163.86;1000;10088034423;B
20240410;160235;163.86;90;10088034424;B
20240410;160235;163.86;1670;10088034425;B
20240410;160235;163.86;5500;10088034426;B
20240410;160235;163.86;2000;10088034427;B
20240410;160235;163.88;10000;10088034428;B
20240410;160235;163.88;500;10088034429;B
20240410;160235;163.88;100;10088034430;B
20240410;160235;163.9;10000;10088034431;B
20240410;160235;163.9;10;10088034432;B
20240410;160235;163.9;10000;10088034433;B
20240410;160235;163.92;6750;10088034434;B
20240410;160235;163.9;300;10088034440;S
20240410;160237;163.9;200;10088034583;S
20240410;160237;163.94;30;10088034630;B
20240410;160239;163.9;400;10088034804;S
20240410;160240;163.94;10;10088034913;B
20240410;160242;163.94;40;10088035100;B
20240410;160243;163.94;220;10088035199;B
20240410;160243;163.94;300;10088035200;B
20240410;160243;163.96;50;10088035201;B
20240410;160243;163.96;200;10088035202;B
20240410;160243;163.96;400;10088035203;B
20240410;160243;163.98;3660;10088035204;B
20240410;160243;163.98;25170;10088035205;B
20240410;160243;164;250;10088035213;B
20240410;160244;164;1750;10088035239;B
20240410;160244;164;30;10088035240;B
20240410;160244;164;720;10088035241;B
20240410;160244;163.92;200;10088035267;S
20240410;160244;163.92;10;10088035268;S
20240410;160244;163.9;290;10088035269;S
20240410;160244;163.96;10;10088035298;B
20240410;160245;163.96;10;10088035346;B
20240410;160245;163.96;10;10088035369;B
20240410;160249;163.94;10;10088035659;S
20240410;160249;163.92;190;10088035660;S
20240410;160249;163.96;270;10088035732;B
20240410;160249;163.96;650;10088035733;B
20240410;160249;163.98;200;10088035734;B
20240410;160249;164;10;10088035735;B
20240410;160249;164;15000;10088035736;B
20240410;160249;164;990;10088035737;B
20240410;160249;164;660;10088035738;B
20240410;160249;164;100;10088035739;B
20240410;160249;164.06;500;10088035740;B
20240410;160249;164.08;10000;10088035741;B
20240410;160249;164.08;1620;10088035742;B
20240410;160249;164;570;10088035756;S
20240410;160249;163.98;680;10088035757;S
20240410;160250;164.1;500;10088035815;B
20240410;160250;164.12;10;10088035816;B
20240410;160250;164.12;200;10088035817;B
20240410;160250;164.12;10;10088035818;B
20240410;160250;164.12;1350;10088035819;B
20240410;160250;164.14;2160;10088035820;B
20240410;160250;164.14;300;10088035821;B
20240410;160250;164.14;10;10088035822;B
20240410;160250;164.14;10000;10088035823;B
20240410;160250;164.14;5460;10088035824;B
20240410;160251;164.06;10;10088035838;S
20240410;160251;164.16;200;10088035908;B
20240410;160252;164.16;10;10088035909;B
20240410;160252;164.16;790;10088036044;B
20240410;160252;164.16;50;10088036045;B
20240410;160252;164.16;10;10088036046;B
20240410;160252;164.16;20;10088036047;B
20240410;160254;164.08;30;10088036218;S
20240410;160254;164.16;50;10088036238;B
20240410;160258;164.14;10;10088036487;B
20240410;160259;164.14;30;10088036621;B
20240410;160301;164.12;10;10088036701;S
20240410;160301;164.1;10;10088036702;S
20240410;160301;164.08;170;10088036703;S
20240410;160301;164.08;280;10088036704;S
20240410;160301;164.08;100;10088036705;S
20240410;160302;164.04;900;10088036783;S
20240410;160302;164;100;10088036836;S
20240410;160305;164.04;10;10088037074;B
20240410;160305;164.02;10;10088037085;S
20240410;160305;164;20;10088037086;S
20240410;160305;163.96;200;10088037087;S
20240410;160305;163.96;1000;10088037088;S
20240410;160305;163.96;2770;10088037089;S
20240410;160306;164.04;10;10088037185;B
20240410;160307;164.04;10;10088037304;B
20240410;160307;164.02;10;10088037357;S
20240410;160307;164;10;10088037358;S
20240410;160307;163.96;10;10088037359;S
20240410;160308;164.04;170;10088037402;B
20240410;160308;164.04;10;10088037403;B
20240410;160308;164.06;20;10088037404;B
20240410;160309;164.06;100;10088037504;B
20240410;160313;164.06;10;10088037997;B
20240410;160313;164.06;10;10088038018;B
20240410;160313;164.06;10;10088038034;B
20240410;160314;164.06;10;10088038093;B
20240410;160314;164.06;40;10088038103;B
20240410;160314;164.06;1710;10088038104;B
20240410;160314;164.08;760;10088038105;B
20240410;160314;164.08;10;10088038106;B
20240410;160314;164.1;1400;10088038107;B
20240410;160314;164.1;1000;10088038108;B
20240410;160314;164.1;10;10088038109;B
20240410;160314;164.14;200;10088038110;B
20240410;160314;164.14;130;10088038111;B
20240410;160314;164.14;1690;10088038112;B
20240410;160314;164.16;1880;10088038113;B
20240410;160314;164.16;2770;10088038114;B
20240410;160314;164.18;20;10088038115;B
20240410;160314;164.18;100;10088038116;B
20240410;160314;164.18;10;10088038117;B
20240410;160314;164.18;500;10088038118;B
20240410;160314;164.18;10000;10088038119;B
20240410;160314;164.18;1220;10088038120;B
20240410;160314;164.2;1200;10088038121;B
20240410;160314;164.2;5000;10088038122;B
20240410;160314;164.2;350;10088038123;B
20240410;160316;164.12;30;10088038286;S
20240410;160316;164.2;200;10088038288;B
20240410;160321;164.18;20;10088038747;B
20240410;160322;164.18;50;10088038792;B
20240410;160322;164.14;50;10088038812;S
20240410;160322;164.14;940;10088038813;S
20240410;160322;164.12;170;10088038814;S
20240410;160322;164.12;1220;10088038815;S
20240410;160322;164.12;20000;10088038816;S
20240410;160323;164.12;500;10088038914;B
20240410;160324;164.12;100;10088038960;B
20240410;160324;164.12;100;10088038967;B
20240410;160324;164.1;10;10088039002;S
20240410;160325;164.12;20;10088039026;B
20240410;160327;164.12;10;10088039185;B
20240410;160331;164.1;100;10088039507;S
20240410;160332;164.1;270;10088039561;S
20240410;160332;164.1;120;10088039611;S
20240410;160332;164.06;10;10088039612;S
20240410;160332;164.04;2870;10088039613;S
20240410;160334;164.04;100;10088039756;S
20240410;160334;164.04;100;10088039757;S
20240410;160334;164;7000;10088039804;S
20240410;160335;164.08;50;10088039837;B
20240410;160335;164.08;10;10088039838;B
20240410;160335;164.08;50;10088039839;B
20240410;160335;164.1;200;10088039840;B
20240410;160335;164.1;1220;10088039841;B
20240410;160335;164.1;1120;10088039842;B
20240410;160335;164.1;1690;10088039843;B
20240410;160335;164.1;50;10088039844;B
20240410;160335;164.12;6410;10088039845;B
20240410;160335;164.12;100;10088039846;B
20240410;160335;164.16;2880;10088039847;B
20240410;160335;164.16;10000;10088039848;B
20240410;160335;164.16;10000;10088039849;B
20240410;160335;164.18;30;10088039850;B
20240410;160335;164.18;10000;10088039851;B
20240410;160335;164.2;200;10088039852;B
20240410;160335;164.2;50;10088039853;B
20240410;160335;164.2;200;10088039854;B
20240410;160335;164.2;30;10088039855;B
20240410;160335;164.22;500;10088039856;B
20240410;160335;164.22;210;10088039857;B
20240410;160336;164.12;20;10088039941;S
20240410;160337;164.2;20;10088040086;B
20240410;160340;164.14;80;10088040210;S
20240410;160343;164.18;10;10088040555;B
20240410;160344;164.18;10;10088040613;B
20240410;160347;164.18;10;10088040849;B
20240410;160348;164.18;10;10088040876;B
20240410;160348;164.18;60;10088040898;B
20240410;160348;164.2;480;10088040899;B
20240410;160348;164.2;100;10088040900;B
20240410;160348;164.22;210;10088040901;B
20240410;160348;164.22;10;10088040902;B
20240410;160348;164.24;500;10088040903;B
20240410;160348;164.24;200;10088040904;B
20240410;160348;164.24;200;10088040905;B
20240410;160348;164.26;100;10088040906;B
20240410;160348;164.26;40;10088040907;B
20240410;160348;164.26;1220;10088040908;B
20240410;160348;164.26;790;10088040909;B
20240410;160348;164.28;2500;10088040910;B
20240410;160348;164.28;100;10088040911;B
20240410;160348;164.3;500;10088040912;B
20240410;160348;164.3;10;10088040913;B
20240410;160348;164.3;500;10088040914;B
20240410;160348;164.3;2000;10088040915;B
20240410;160348;164.32;10;10088040916;B
20240410;160348;164.32;6090;10088040917;B
20240410;160348;164.32;10;10088040918;B
20240410;160348;164.32;4370;10088040919;B
20240410;160349;164.24;200;10088040961;S
20240410;160349;164.22;80;10088040962;S
20240410;160349;164.24;140;10088040973;S
20240410;160349;164.2;150;10088040985;S
20240410;160349;164.2;140;10088040999;S
20240410;160350;164.2;380;10088041005;S
20240410;160350;164.22;50;10088041044;S
20240410;160350;164.2;2150;10088041045;S
20240410;160351;164.24;200;10088041084;S
20240410;160351;164.2;2360;10088041085;S
20240410;160354;164.32;200;10088041286;B
20240410;160354;164.32;100;10088041287;B
20240410;160355;164.32;10;10088041405;B
20240410;160357;164.32;90;10088041522;B
20240410;160407;164.22;150;10088042659;S
20240410;160408;164.22;150;10088042708;S
20240410;160408;164.22;10;10088042709;S
20240410;160408;164.2;10;10088042710;S
20240410;160408;164.2;30;10088042711;S
20240410;160408;164.2;300;10088042712;S
20240410;160408;164.2;2310;10088042713;S
20240410;160408;164.2;10000;10088042714;S
20240410;160408;164.18;200;10088042732;S
20240410;160408;164.16;20;10088042733;S
20240410;160409;164.16;860;10088042785;S
20240410;160409;164.12;7270;10088042786;S
20240410;160409;164.1;30;10088042787;S
20240410;160409;164.1;200;10088042788;S
20240410;160409;164.08;100;10088042789;S
20240410;160409;164.08;1540;10088042790;S
20240410;160409;164.16;200;10088042793;B
20240410;160409;164.16;400;10088042794;B
20240410;160409;164.18;1220;10088042795;B
20240410;160409;164.18;180;10088042796;B
20240410;160410;164.16;10;10088042832;B
20240410;160411;164.08;180;10088042916;S
20240410;160411;164.16;190;10088042918;B
20240410;160411;164.18;410;10088042919;B
20240410;160412;164.18;940;10088042931;B
20240410;160412;164.18;60;10088042932;B
20240410;160415;164.18;80;10088043136;B
20240410;160416;164.1;380;10088043151;S
20240410;160416;164.08;2120;10088043152;S
20240410;160419;164.16;20;10088043422;B
20240410;160422;164.16;20;10088043660;B
20240410;160430;164.16;30;10088044459;B
20240410;160431;164.16;10;10088044812;B
20240410;160433;164.16;20;10088045101;B
20240410;160434;164.16;10;10088045162;B
20240410;160438;164.1;2400;10088046018;S
20240410;160440;164.1;200;10088046302;S
20240410;160440;164.1;500;10088046303;S
20240410;160440;164.08;100;10088046304;S
20240410;160440;164.08;200;10088046305;S
20240410;160441;164.14;120;10088046462;B
20240410;160441;164.12;20;10088046517;B
20240410;160442;164.12;60;10088046545;B
20240410;160445;164.1;80;10088046997;B
20240410;160445;164.1;50;10088047010;B
20240410;160446;164.06;200;10088047050;S
20240410;160446;164.1;100;10088047051;B
20240410;160446;164.1;10;10088047055;B
20240410;160446;164.06;100;10088047080;S
20240410;160446;164.1;10;10088047116;B
20240410;160446;164.08;20;10088047145;B
20240410;160447;164.06;100;10088047256;S
20240410;160447;164.06;10;10088047257;S
20240410;160447;164.06;4890;10088047258;S
20240410;160448;164.06;20;10088047347;B
20240410;160449;164.04;10000;10088047362;S
20240410;160459;164.04;80;10088048268;B
20240410;160500;164.04;250;10088048408;S
20240410;160500;164.06;200;10088048420;B
20240410;160502;164.06;380;10088048611;S
20240410;160502;164.06;540;10088048612;S
20240410;160502;164.04;5470;10088048613;S
20240410;160507;164.1;10;10088048975;B
20240410;160507;164.04;510;10088049017;S
20240410;160507;164.04;200;10088049018;S
20240410;160507;164.04;950;10088049019;S
20240410;160507;164.02;340;10088049020;S
20240410;160508;164.04;10;10088049071;S
20240410;160508;164.04;20;10088049088;S
20240410;160508;164.04;10;10088049117;S
20240410;160509;164.06;10;10088049199;B
20240410;160515;164.06;50;10088049720;B
20240410;160518;164.06;10;10088049951;B
20240410;160519;164.06;60;10088049999;B
20240410;160519;164.06;120;10088050000;B
20240410;160519;164.06;300;10088050001;B
20240410;160519;164.1;160;10088050002;B
20240410;160519;164.1;190;10088050003;B
20240410;160526;164.08;110;10088050383;B
20240410;160527;164.04;10;10088050408;S
20240410;160527;164.04;150;10088050409;S
20240410;160527;164.04;10;10088050410;S
20240410;160527;164.04;30;10088050411;S
20240410;160529;164.06;750;10088050538;S
20240410;160529;164.04;220;10088050539;S
20240410;160529;164.02;50;10088050540;S
20240410;160529;164.02;100;10088050541;S
20240410;160529;164.02;100;10088050542;S
20240410;160529;164.02;280;10088050543;S
20240410;160534;164.04;10;10088051224;S
20240410;160534;164.08;90;10088051226;B
20240410;160534;164.1;10;10088051227;B
20240410;160534;164.1;10;10088051228;B
20240410;160534;164.1;200;10088051229;B
20240410;160534;164.12;20;10088051230;B
20240410;160534;164.08;40;10088051268;S
20240410;160538;164.14;10;10088051658;B
20240410;160538;164.14;1530;10088051659;B
20240410;160538;164.14;450;10088051660;B
20240410;160538;164.08;30;10088051679;S
20240410;160540;164.08;50;10088051779;S
20240410;160540;164.08;10;10088051780;S
20240410;160540;164.06;40;10088051781;S
20240410;160541;164.12;40;10088051858;B
20240410;160541;164.14;200;10088051859;B
20240410;160543;164.08;10;10088051936;S
20240410;160543;164.08;300;10088051937;S
20240410;160543;164.08;190;10088051938;S
20240410;160546;164.12;10;10088052142;B
20240410;160547;164.08;50;10088052230;S
20240410;160549;164.08;220;10088052348;S
20240410;160549;164.12;80;10088052364;B
20240410;160550;164.12;10;10088052423;B
20240410;160551;164.08;120;10088052563;S
20240410;160551;164.06;160;10088052564;S
20240410;160551;164.06;20;10088052565;S
20240410;160553;164.06;310;10088052665;S
20240410;160553;164.06;190;10088052666;S
20240410;160553;164.04;9500;10088052667;S
20240410;160554;164.06;20;10088052800;S
20240410;160554;164.02;250;10088052801;S
20240410;160554;164.02;7410;10088052802;S
20240410;160554;164.02;720;10088052803;S
20240410;160554;164.02;1600;10088052804;S
20240410;160556;164.02;2060;10088053041;S
20240410;160556;164;5000;10088053042;S
20240410;160556;164;10;10088053043;S
20240410;160556;164;10;10088053044;S
20240410;160556;164;1000;10088053045;S
20240410;160556;164;1920;10088053046;S
20240410;160557;164;30;10088053149;S
20240410;160558;164;10;10088053210;S
20240410;160601;164.04;10;10088053375;B
20240410;160603;164.04;180;10088053549;B
20240410;160604;164.04;10;10088053658;B
20240410;160604;164.04;200;10088053659;B
20240410;160604;164.08;890;10088053660;B
20240410;160604;164.08;1220;10088053661;B
20240410;160604;164.1;680;10088053662;B
20240410;160606;164.06;20;10088053918;B
20240410;160608;164.02;200;10088054047;S
20240410;160608;164.02;690;10088054048;S
20240410;160608;164;4040;10088054049;S
20240410;160608;164;1000;10088054050;S
20240410;160608;163.96;40;10088054051;S
20240410;160608;163.96;4030;10088054052;S
20240410;160608;164.02;160;10088054068;B
20240410;160609;164.02;80;10088054162;B
20240410;160614;163.94;10;10088054644;S
20240410;160620;163.94;30;10088055111;S
20240410;160620;163.92;1000;10088055112;S
20240410;160620;163.92;200;10088055113;S
20240410;160620;163.92;10;10088055114;S
20240410;160620;163.9;10;10088055115;S
20240410;160620;163.9;70;10088055116;S
20240410;160620;163.9;200;10088055117;S
20240410;160620;163.9;50;10088055118;S
20240410;160620;163.88;8430;10088055119;S
20240410;160620;163.96;30;10088055122;B
20240410;160620;163.96;150;10088055123;B
20240410;160620;163.96;1220;10088055124;B
20240410;160620;163.96;3480;10088055125;S
20240410;160622;163.98;20;10088055316;B
20240410;160623;163.96;50;10088055376;B
20240410;160623;163.98;50;10088055377;B
20240410;160624;163.98;130;10088055458;B
20240410;160624;164;200;10088055459;B
20240410;160624;164;410;10088055460;B
20240410;160625;163.92;200;10088055530;S
20240410;160625;163.92;350;10088055531;S
20240410;160625;163.92;200;10088055532;S
20240410;160625;163.9;9250;10088055533;S
20240410;160625;163.96;500;10088055538;B
20240410;160626;163.96;700;10088055579;B
20240410;160626;163.84;10;10088055599;S
20240410;160626;163.84;190;10088055627;S
20240410;160626;163.84;50;10088055628;S
20240410;160626;163.84;260;10088055629;S
20240410;160629;163.98;10;10088055998;B
20240410;160632;163.92;5000;10088056227;S
20240410;160632;163.9;1220;10088056228;S
20240410;160632;163.9;170;10088056229;S
20240410;160632;163.88;3610;10088056230;S
20240410;160633;163.86;90;10088056282;S
20240410;160633;163.84;70;10088056283;S
20240410;160635;163.86;100;10088056478;B
20240410;160636;163.86;100;10088056576;B
20240410;160636;163.88;200;10088056577;B
20240410;160636;163.9;1110;10088056578;B
20240410;160637;163.88;30;10088056930;B
20240410;160638;163.82;40;10088057004;S
20240410;160639;163.88;10;10088057184;B
20240410;160640;163.88;20;10088057206;B
20240410;160641;163.82;130;10088057291;S
20240410;160641;163.82;100;10088057292;S
20240410;160641;163.8;10;10088057293;S
20240410;160641;163.8;20;10088057294;S
20240410;160641;163.8;1000;10088057295;S
20240410;160641;163.8;50;10088057296;S
20240410;160641;163.8;100;10088057297;S
20240410;160641;163.8;40;10088057298;S
20240410;160641;163.78;400;10088057299;S
20240410;160641;163.78;50;10088057300;S
20240410;160641;163.78;1220;10088057301;S
20240410;160641;163.78;1530;10088057302;S
20240410;160641;163.76;80;10088057303;S
20240410;160641;163.76;200;10088057304;S
20240410;160641;163.76;70;10088057305;S
20240410;160642;163.86;170;10088057490;B
20240410;160643;163.78;40;10088057550;S
20240410;160643;163.76;20;10088057551;S
20240410;160643;163.76;180;10088057625;S
20240410;160643;163.74;10000;10088057626;S
20240410;160643;163.74;50;10088057627;S
20240410;160643;163.74;200;10088057628;S
20240410;160643;163.72;670;10088057629;S
20240410;160643;163.72;520;10088057630;S
20240410;160643;163.72;50;10088057631;S
20240410;160643;163.72;20;10088057632;S
20240410;160643;163.72;10;10088057633;S
20240410;160643;163.72;4500;10088057634;S
20240410;160643;163.72;3800;10088057635;S
20240410;160644;163.72;50;10088057723;S
20240410;160644;163.72;50;10088057735;S
20240410;160644;163.8;100;10088057761;B
20240410;160644;163.8;390;10088057762;B
20240410;160644;163.8;70;10088057763;B
20240410;160644;163.8;10;10088057764;B
20240410;160644;163.82;200;10088057765;B
20240410;160644;163.82;1220;10088057766;B
20240410;160644;163.82;3660;10088057767;B
20240410;160644;163.84;2000;10088057768;B
20240410;160644;163.84;1530;10088057769;B
20240410;160644;163.84;820;10088057770;B
20240410;160644;163.82;200;10088057771;B
20240410;160644;163.84;740;10088057772;B
20240410;160644;163.84;80;10088057773;B
20240410;160646;163.9;1000;10088057875;B
20240410;160646;163.9;1220;10088057876;B
20240410;160646;163.92;10000;10088057877;B
20240410;160646;163.96;6400;10088057878;B
20240410;160646;163.98;4500;10088057879;B
20240410;160646;164;12000;10088057880;B
20240410;160646;164;10000;10088057881;B
20240410;160646;164;10000;10088057882;B
20240410;160646;164.02;30;10088057883;B
20240410;160646;164.04;20;10088057884;B
20240410;160646;164.06;1000;10088057885;B
20240410;160646;164.06;10000;10088057886;B
20240410;160646;164.08;10000;10088057887;B
20240410;160646;164.12;80;10088057888;B
20240410;160646;164.12;460;10088057889;B
20240410;160646;164.12;10;10088057890;B
20240410;160646;164.14;10;10088057891;B
20240410;160646;164.16;10;10088057892;B
20240410;160646;164.18;340;10088057893;B
20240410;160646;164.18;10;10088057894;B
20240410;160646;164.2;10;10088057895;B
20240410;160646;164.2;100;10088057896;B
20240410;160646;164.2;10;10088057897;B
20240410;160646;164.24;10;10088057898;B
20240410;160646;164.26;10;10088057899;B
20240410;160646;164.26;200;10088057900;B
20240410;160646;164.28;3320;10088057901;B
20240410;160646;164.28;300;10088057902;B
20240410;160646;164.3;5000;10088057903;B
20240410;160646;164.32;6100;10088057904;B
20240410;160646;164.36;500;10088057905;B
20240410;160646;164.38;4320;10088057906;B
20240410;160646;164.4;300;10088057907;B
20240410;160646;164.4;200;10088057908;B
20240410;160646;164.4;20;10088057909;B
20240410;160646;164.4;200;10088057910;B
20240410;160646;164.4;100;10088057911;B
20240410;160646;164.42;10;10088057912;B
20240410;160646;164.44;10;10088057913;B
20240410;160646;164.44;1000;10088057914;B
20240410;160646;164.44;3660;10088057915;B
20240410;160646;164.48;1000;10088057916;B
20240410;160646;164.48;4000;10088057917;B
20240410;160646;164.48;300;10088057918;B
20240410;160646;164.5;10;10088057919;B
20240410;160646;164.5;10;10088057920;B
20240410;160646;164.5;100;10088057921;B
20240410;160646;164.5;1300;10088057922;S
20240410;160646;164.52;600;10088057923;B
20240410;160646;164.52;100;10088057924;B
20240410;160646;164.52;1220;10088057925;B
20240410;160646;164.52;100;10088057926;S
20240410;160646;164.5;400;10088057927;S
20240410;160646;164.5;500;10088057928;S
20240410;160646;164.52;1220;10088057929;B
20240410;160646;164.5;300;10088057930;S
20240410;160646;164.5;500;10088057931;S
20240410;160646;164.5;300;10088057932;S
20240410;160646;164.52;1220;10088057933;B
20240410;160646;164.54;1000;10088057934;B
20240410;160646;164.54;500;10088057935;B
20240410;160647;164.52;200;10088057993;S
20240410;160647;164.52;50;10088057994;S
20240410;160647;164.5;1750;10088057995;S
20240410;160647;164.54;1000;10088058005;B
20240410;160647;164.5;200;10088058019;S
20240410;160648;164.5;200;10088058086;S
20240410;160648;164.5;750;10088058092;S
20240410;160649;164.5;630;10088058101;S
20240410;160649;164.5;10;10088058106;S
20240410;160649;164.5;5000;10088058131;S
20240410;160650;164.5;20;10088058183;S
20240410;160650;164.5;890;10088058209;S
20240410;160650;164.5;200;10088058241;S
20240410;160651;164.5;10000;10088058256;S
20240410;160651;164.5;200;10088058257;S
20240410;160651;164.52;640;10088058280;B
20240410;160651;164.52;50;10088058281;B
20240410;160651;164.52;50;10088058282;B
20240410;160651;164.52;2260;10088058283;S
20240410;160651;164.5;16660;10088058284;S
20240410;160651;164.46;520;10088058285;S
20240410;160651;164.38;200;10088058319;S
20240410;160651;164.38;1000;10088058320;S
20240410;160651;164.38;300;10088058321;S
20240410;160651;164.4;100;10088058323;S
20240410;160651;164.36;780;10088058331;S
20240410;160651;164.36;720;10088058332;S
20240410;160652;164.36;50;10088058340;B
20240410;160652;164.38;200;10088058341;B
20240410;160652;164.4;200;10088058342;B
20240410;160652;164.42;1220;10088058343;B
20240410;160652;164.44;500;10088058344;B
20240410;160652;164.46;830;10088058345;B
20240410;160653;164.4;50;10088058510;S
20240410;160654;164.4;50;10088058646;S
20240410;160654;164.38;640;10088058647;S
20240410;160654;164.36;200;10088058648;S
20240410;160654;164.36;200;10088058649;S
20240410;160654;164.34;610;10088058650;S
20240410;160654;164.44;10;10088058653;B
20240410;160654;164.34;100;10088058709;S
20240410;160655;164.32;50;10088058835;S
20240410;160656;164.32;50;10088058863;S
20240410;160656;164.32;50;10088058884;S
20240410;160656;164.32;50;10088058893;S
20240410;160656;164.32;90;10088058894;S
20240410;160656;164.32;50;10088058908;S
20240410;160656;164.32;50;10088058920;S
20240410;160657;164.32;50;10088058931;S
20240410;160657;164.42;200;10088059017;B
20240410;160657;164.44;40;10088059018;B
20240410;160657;164.44;160;10088059019;B
20240410;160659;164.34;20;10088059118;S
20240410;160701;164.34;40;10088059214;S
20240410;160701;164.34;60;10088059261;S
20240410;160702;164.34;500;10088059290;S
20240410;160703;164.34;70;10088059372;S
20240410;160705;164.36;10;10088059601;B
20240410;160706;164.34;1430;10088059766;S
20240410;160706;164.34;10;10088059767;S
20240410;160706;164.32;560;10088059768;S
20240410;160707;164.36;10;10088060049;B
20240410;160707;164.38;20;10088060050;B
20240410;160708;164.34;10;10088060148;B
20240410;160709;164.32;1440;10088060215;S
20240410;160709;164.3;330;10088060216;S
20240410;160709;164.26;200;10088060217;S
20240410;160709;164.26;1030;10088060218;S
20240410;160710;164.32;200;10088060249;B
20240410;160710;164.32;370;10088060250;B
20240410;160710;164.34;430;10088060251;B
20240410;160710;164.28;100;10088060317;S
20240410;160717;164.34;10;10088060820;B
20240410;160717;164.3;200;10088060896;S
20240410;160717;164.28;520;10088060897;S
20240410;160718;164.28;500;10088060915;S
20240410;160719;164.3;200;10088061069;S
20240410;160719;164.32;1220;10088061071;B
20240410;160719;164.34;380;10088061072;B
20240410;160721;164.32;1220;10088061236;B
20240410;160722;164.32;430;10088061301;S
20240410;160722;164.28;880;10088061302;S
20240410;160726;164.26;20;10088061869;B
20240410;160730;164.26;10;10088062784;S
20240410;160733;164.26;300;10088063147;B
20240410;160734;164.26;10;10088063450;B
20240410;160739;164.22;30;10088063830;S
20240410;160741;164.22;60;10088063977;S
20240410;160743;164.26;10;10088064144;B
20240410;160744;164.26;50;10088064179;B
20240410;160744;164.26;10;10088064193;B
20240410;160745;164.26;480;10088064247;B
20240410;160745;164.22;1000;10088064299;S
20240410;160747;164.22;340;10088064401;S
20240410;160756;164.24;10;10088065284;B
20240410;160757;164.22;20;10088065298;S
20240410;160758;164.26;100;10088065394;B
20240410;160758;164.26;200;10088065395;B
20240410;160759;164.24;10;10088065473;B
20240410;160759;164.26;10;10088065474;B
20240410;160804;164.24;20;10088066123;B
20240410;160805;164.26;10;10088066185;B
20240410;160807;164.22;50;10088066316;S
20240410;160808;164.22;10;10088066351;S
20240410;160810;164.26;10;10088066521;B
20240410;160811;164.22;120;10088066563;S
20240410;160812;164.26;990;10088066718;B
20240410;160812;164.26;880;10088066719;B
20240410;160813;164.22;370;10088066805;S
20240410;160813;164.2;630;10088066806;S
20240410;160814;164.2;1370;10088066837;S
20240410;160814;164.18;2000;10088066838;S
20240410;160814;164.18;8230;10088066839;S
20240410;160814;164.16;1000;10088066840;S
20240410;160814;164.16;2000;10088066841;S
20240410;160814;164.16;200;10088066842;S
20240410;160814;164.14;500;10088066843;S
20240410;160814;164.14;4500;10088066844;S
20240410;160814;164.14;10;10088066845;S
20240410;160814;164.12;10000;10088066846;S
20240410;160814;164.12;2000;10088066847;S
20240410;160814;164.12;50;10088066848;S
20240410;160814;164.12;1900;10088066849;S
20240410;160814;164.1;1220;10088066850;S
20240410;160814;164.1;10;10088066851;S
20240410;160814;164.08;10000;10088066852;S
20240410;160814;164.06;50;10088066853;S
20240410;160814;164.06;10000;10088066854;S
20240410;160814;164.04;9500;10088066855;S
20240410;160814;164.04;10000;10088066856;S
20240410;160814;164.04;10000;10088066857;S
20240410;160814;164.02;80;10088066858;S
20240410;160814;164.02;10;10088066859;S
20240410;160814;164;2000;10088066860;S
20240410;160814;164;1000;10088066861;S
20240410;160814;164;40;10088066862;S
20240410;160814;164;2330;10088066863;B
20240410;160814;164;100;10088066864;B
20240410;160814;163.98;50;10088066866;S
20240410;160814;163.96;20;10088066867;B
20240410;160814;163.98;10;10088066873;B
20240410;160815;163.98;190;10088066949;B
20240410;160815;163.98;1000;10088066950;B
20240410;160815;163.98;310;10088066951;B
20240410;160817;163.98;40;10088067144;B
20240410;160817;163.98;10;10088067150;B
20240410;160820;163.96;50;10088067381;S
20240410;160820;163.94;100;10088067382;S
20240410;160820;163.94;50;10088067383;S
20240410;160820;163.92;200;10088067384;S
20240410;160821;163.96;30;10088067427;B
20240410;160822;163.96;90;10088067529;B
20240410;160823;163.96;40;10088067588;B
20240410;160823;163.96;550;10088067589;B
20240410;160823;163.98;10;10088067643;B
20240410;160826;163.98;40;10088067894;B
20240410;160827;163.94;50;10088067937;S
20240410;160827;163.92;50;10088067938;S
20240410;160827;163.9;10;10088067939;S
20240410;160827;163.9;50;10088067940;S
20240410;160827;163.9;1220;10088067941;S
20240410;160827;163.88;50;10088067942;S
20240410;160827;163.88;250;10088067943;S
20240410;160827;163.88;500;10088067944;S
20240410;160827;163.88;170;10088067945;S
20240410;160827;163.86;200;10088067946;S
20240410;160827;163.86;820;10088067947;S
20240410;160833;163.92;10;10088068422;B
20240410;160834;163.86;50;10088068505;S
20240410;160837;163.9;100;10088068705;S
20240410;160837;163.92;30;10088068706;B
20240410;160838;163.92;50;10088068860;B
20240410;160839;163.9;150;10088068884;S
20240410;160840;163.9;200;10088069065;S
20240410;160843;163.9;100;10088069446;S
20240410;160845;163.9;300;10088069589;S
20240410;160845;163.9;80;10088069590;S
20240410;160845;163.9;50;10088069591;S
20240410;160845;163.88;70;10088069592;S
20240410;160846;163.88;10;10088069661;S
20240410;160846;163.88;400;10088069691;S
20240410;160846;163.88;740;10088069741;S
20240410;160846;163.88;660;10088069742;S
20240410;160846;163.88;80;10088069744;S
20240410;160849;163.92;10;10088069965;B
20240410;160849;163.96;250;10088069966;B
20240410;160849;163.96;220;10088069967;B
20240410;160849;163.96;400;10088069968;B
20240410;160849;163.98;200;10088069969;B
20240410;160849;163.98;10000;10088069970;B
20240410;160849;164;200;10088069971;B
20240410;160849;164;3500;10088069972;B
20240410;160849;164.04;110;10088069973;B
20240410;160853;164.14;10;10088070257;B
20240410;160854;164.04;400;10088070325;S
20240410;160854;164.02;860;10088070326;S
20240410;160854;164.02;200;10088070327;S
20240410;160854;164.02;1530;10088070328;S
20240410;160854;164;9510;10088070329;S
20240410;160854;164;3500;10088070330;S
20240410;160855;164.04;250;10088070422;S
20240410;160855;164.02;250;10088070423;S
20240410;160857;164.04;10;10088070639;S
20240410;160858;164.08;200;10088070687;B
20240410;160858;164.1;200;10088070688;B
20240410;160858;164.1;250;10088070689;B
20240410;160858;164.12;820;10088070690;B
20240410;160858;164.12;250;10088070691;B
20240410;160858;164.14;1730;10088070692;B
20240410;160858;164.14;400;10088070693;B
20240410;160858;164.14;1150;10088070694;B
20240410;160858;164.1;50;10088070744;B
20240410;160858;164.2;40;10088070745;B
20240410;160900;164.1;70;10088070921;S
20240410;160901;164.1;200;10088071177;S
20240410;160903;164.2;10;10088071541;B
20240410;160913;164.2;30;10088073977;B
20240410;160914;164.2;70;10088074226;B
20240410;160914;164.2;120;10088074227;B
20240410;160917;164.2;10;10088075196;B
20240410;160920;164.14;10;10088076099;S
20240410;160920;164.12;50;10088076100;S
20240410;160920;164.12;910;10088076101;S
20240410;160920;164.1;500;10088076102;S
20240410;160920;164.08;200;10088076103;S
20240410;160920;164.08;500;10088076104;S
20240410;160920;164.08;250;10088076105;S
20240410;160920;164.06;3660;10088076106;S
20240410;160920;164.06;20;10088076107;S
20240410;160920;164.06;1220;10088076108;S
20240410;160920;164.04;3660;10088076109;S
20240410;160920;164.04;1530;10088076110;S
20240410;160920;164.04;10000;10088076111;S
20240410;160920;164.04;10000;10088076112;S
20240410;160920;164.02;6840;10088076113;S
20240410;160920;164.02;70;10088076114;S
20240410;160920;164;100470;10088076115;S
20240410;160920;164;10;10088076116;S
20240410;160920;164;10000;10088076117;S
20240410;160920;164;10000;10088076118;S
20240410;160922;164.06;10;10088076604;B
20240410;160922;164.06;10;10088076774;B
20240410;160923;164.06;180;10088076922;B
20240410;160923;164.08;20;10088076923;B
20240410;160925;164.08;60;10088077507;B
20240410;160927;164.02;20;10088077654;S
20240410;160927;164.02;1220;10088077655;S
20240410;160927;164;1000;10088077664;S
20240410;160929;164.04;110;10088077869;B
20240410;160934;164;10;10088078363;S
20240410;160935;164;200;10088078372;S
20240410;160937;164;180;10088078528;S
20240410;160940;164;2000;10088078746;S
20240410;160941;164;8590;10088078816;S
20240410;160941;164;6400;10088078817;S
20240410;160941;164;10;10088078818;S
20240410;160941;164;3260;10088078819;S
20240410;160941;164;3260;10088078820;S
20240410;160941;164;2660;10088078821;S
20240410;160941;164;30;10088078822;S
20240410;160943;164;10;10088078944;S
20240410;160943;164;10;10088078958;S
20240410;160945;164.02;20;10088079190;B
20240410;160946;164;50;10088079278;S
20240410;160946;164;10;10088079279;S
20240410;160947;164;10;10088079357;S
20240410;160949;164;1000;10088079490;S
20240410;160949;164;2300;10088079495;S
20240410;160952;164;10;10088079633;S
20240410;160952;164;180;10088079642;S
20240410;160953;164;10;10088079699;S
20240410;160953;164;50;10088079739;S
20240410;160953;164.02;30;10088079772;B
20240410;160955;164;14960;10088079837;S
20240410;160955;164;20;10088079838;S
20240410;160955;164;20;10088079873;S
20240410;160957;164;500;10088079994;S
20240410;160958;164;80;10088080080;S
20240410;161002;164.02;10;10088080363;B
20240410;161003;164.02;10;10088080429;B
20240410;161003;164;10;10088080451;S
20240410;161003;164;80;10088080462;S
20240410;161004;164;100;10088080483;S
20240410;161004;164;120;10088080494;S
20240410;161005;164;150;10088080559;S
20240410;161007;164;100;10088080760;S
20240410;161007;164;3800;10088080777;S
20240410;161007;164;10;10088080784;S
20240410;161009;164.02;60;10088080922;B
20240410;161009;164;20;10088080961;S
20240410;161010;164;20;10088081007;S
20240410;161010;164;440;10088081020;S
20240410;161010;164;60;10088081021;S
20240410;161011;164;300;10088081039;S
20240410;161011;164.02;100;10088081069;B
20240410;161012;164;200;10088081087;S
20240410;161013;164;200;10088081124;S
20240410;161013;164;10;10088081135;S
20240410;161014;164.02;40;10088081236;B
20240410;161014;164.02;200;10088081237;B
20240410;161014;164.02;290;10088081238;B
20240410;161014;164.02;100;10088081239;B
20240410;161015;164.02;50;10088081262;S
20240410;161015;164.04;10;10088081264;B
20240410;161016;164.04;180;10088081355;B
20240410;161016;164.06;120;10088081356;B
20240410;161016;164.06;10;10088081357;B
20240410;161017;164.06;1690;10088081395;S
20240410;161017;164.04;200;10088081396;S
20240410;161017;164.04;460;10088081397;S
20240410;161017;164.02;4320;10088081398;S
20240410;161017;164.02;100;10088081399;S
20240410;161017;164;3590;10088081400;S
20240410;161017;164;300;10088081401;S
20240410;161017;164;10;10088081402;S
20240410;161017;164;500;10088081403;S
20240410;161017;164;4330;10088081404;S
20240410;161018;164.02;120;10088081456;S
20240410;161018;164;180;10088081457;S
20240410;161018;164;500;10088081468;S
20240410;161019;164;1000;10088081525;S
20240410;161021;164;1000;10088081588;S
20240410;161021;164;3340;10088081603;S
20240410;161024;164.04;10;10088081778;B
20240410;161025;164.02;20;10088081832;S
20240410;161025;164.04;30;10088081855;B
20240410;161027;164.02;1500;10088081970;S
20240410;161027;164.02;700;10088081985;S
20240410;161031;164.04;10;10088082210;B
20240410;161032;164.02;20;10088082272;S
20240410;161032;164.02;2760;10088082302;S
20240410;161032;164.02;5000;10088082303;S
20240410;161032;164.02;120;10088082304;S
20240410;161032;164;7620;10088082305;S
20240410;161032;164;130;10088082306;S
20240410;161033;164;14490;10088082348;S
20240410;161033;164;10;10088082349;S
20240410;161033;164;500;10088082350;S
20240410;161033;164;5460;10088082368;S
20240410;161033;164.04;150;10088082372;B
20240410;161033;164.04;10;10088082373;B
20240410;161033;164.04;50;10088082374;B
20240410;161033;164.04;1220;10088082375;B
20240410;161033;164.06;200;10088082376;B
20240410;161033;164.06;10;10088082377;B
20240410;161033;164.06;50;10088082378;B
20240410;161033;164.06;1550;10088082379;B
20240410;161033;164.08;1530;10088082380;B
20240410;161033;164.08;50;10088082381;B
20240410;161033;164.1;50;10088082382;B
20240410;161033;164.1;270;10088082383;B
20240410;161033;164.1;9860;10088082384;B
20240410;161034;164.04;10;10088082414;S
20240410;161034;164;440;10088082415;S
20240410;161035;164.02;60;10088082495;S
20240410;161035;164.02;190;10088082500;S
20240410;161035;164;60;10088082501;S
20240410;161036;164.02;100;10088082555;S
20240410;161037;164.02;100;10088082601;S
20240410;161037;164.02;120;10088082616;S
20240410;161037;164.02;100;10088082630;S
20240410;161039;164.02;600;10088082703;S
20240410;161039;164.02;3980;10088082712;S
20240410;161039;164;11020;10088082713;S
20240410;161039;164;300;10088082738;S
20240410;161040;164.02;1000;10088082769;S
20240410;161040;164.02;30;10088082817;S
20240410;161044;164.04;800;10088083072;S
20240410;161044;164.02;3970;10088083073;S
20240410;161044;164;10230;10088083074;S
20240410;161045;164.08;10;10088083126;B
20240410;161045;164.02;200;10088083143;S
20240410;161045;164;10;10088083144;S
20240410;161046;164;1000;10088083218;S
20240410;161048;164.02;400;10088083366;B
20240410;161048;164.02;50;10088083367;B
20240410;161048;164.02;20;10088083368;B
20240410;161049;164.04;200;10088083373;B
20240410;161049;164.06;1200;10088083374;B
20240410;161049;164.08;240;10088083375;B
20240410;161049;164.08;10;10088083376;B
20240410;161049;164.02;4530;10088083389;S
20240410;161049;164;8470;10088083390;S
20240410;161049;164.08;100;10088083405;B
20240410;161050;164;10000;10088083451;S
20240410;161050;164.02;100;10088083470;S
20240410;161052;164.02;300;10088083563;S
20240410;161052;164.08;10;10088083603;B
20240410;161054;164.08;60;10088083697;B
20240410;161054;164.08;20;10088083698;B
20240410;161054;164.1;420;10088083699;B
20240410;161054;164.02;600;10088083717;S
20240410;161054;164.02;50;10088083718;S
20240410;161054;164.02;1850;10088083719;S
20240410;161054;164.02;3150;10088083752;S
20240410;161054;164;21350;10088083753;S
20240410;161054;164;500;10088083754;S
20240410;161055;164.02;200;10088083794;S
20240410;161055;164.02;100;10088083795;S
20240410;161055;164;200;10088083796;S
20240410;161057;164.02;200;10088083916;S
20240410;161057;164.02;30;10088083917;S
20240410;161101;164.02;500;10088084151;S
20240410;161102;164.02;450;10088084232;S
20240410;161103;164.02;460;10088084324;S
20240410;161105;164.08;30;10088084488;B
20240410;161105;164.02;3560;10088084522;S
20240410;161105;164.02;1250;10088084523;S
20240410;161105;164.02;1000;10088084524;S
20240410;161105;164.02;100;10088084525;S
20240410;161105;164;17880;10088084526;S
20240410;161105;164;500;10088084527;S
20240410;161105;164;500;10088084528;S
20240410;161105;164;200;10088084529;S
20240410;161105;164;10;10088084530;S
20240410;161106;164;150;10088084570;S
20240410;161108;164;200;10088084732;S
20240410;161108;164;150;10088084738;S
20240410;161109;164.02;80;10088084802;S
20240410;161110;164.02;170;10088084806;S
20240410;161110;164;630;10088084807;S
20240410;161110;164;200;10088084808;S
20240410;161110;164.04;10;10088084837;B
20240410;161116;164.04;10;10088085276;B
20240410;161117;164;30;10088085326;S
20240410;161119;164.02;20;10088085473;B
20240410;161120;164.02;5000;10088085489;B
20240410;161122;164.02;1080;10088085649;B
20240410;161122;164.02;10;10088085650;B
20240410;161122;164.02;200;10088085674;S
20240410;161123;164.02;1000;10088085746;S
20240410;161124;164.02;160;10088085769;S
20240410;161124;164.02;40;10088085770;S
20240410;161124;164.04;180;10088085790;B
20240410;161124;164.04;10;10088085791;B
20240410;161124;164.06;200;10088085792;B
20240410;161124;164.08;1530;10088085793;B
20240410;161124;164.08;460;10088085794;B
20240410;161124;164.1;50;10088085795;B
20240410;161124;164.1;1000;10088085796;B
20240410;161124;164.1;4070;10088085797;B
20240410;161125;164.08;170;10088085860;B
20240410;161125;164.12;50;10088085861;B
20240410;161125;164.12;280;10088085862;B
20240410;161125;164.14;20;10088085863;B
20240410;161125;164.14;2480;10088085864;B
20240410;161127;164.04;30;10088085927;S
20240410;161129;164.04;20;10088086031;S
20240410;161130;164.04;60;10088086134;S
20240410;161131;164.14;40;10088086150;B
20240410;161133;164.04;140;10088086315;S
20240410;161133;164.04;460;10088086316;S
20240410;161134;164.04;40;10088086473;S
20240410;161137;164.12;100;10088086677;B
20240410;161137;164.12;390;10088086678;B
20240410;161137;164.12;10;10088086679;B
20240410;161137;164.04;860;10088086683;S
20240410;161137;164.04;40;10088086684;S
20240410;161137;164.04;50;10088086685;S
20240410;161137;164.02;50;10088086686;S
20240410;161138;164.12;40;10088086711;B
20240410;161138;164.16;20;10088086712;B
20240410;161138;164.16;40;10088086713;B
20240410;161139;164.06;100;10088086942;S
20240410;161139;164.04;400;10088086943;S
20240410;161141;164.12;500;10088087145;B
20240410;161141;164.14;10;10088087216;B
20240410;161144;164.04;200;10088087561;S
20240410;161145;164.04;80;10088087608;S
20240410;161145;164.04;20;10088087609;S
20240410;161146;164.02;300;10088087627;S
20240410;161147;164.04;50;10088087774;S
20240410;161147;164.02;1650;10088087775;S
20240410;161147;164.02;200;10088087776;S
20240410;161147;164.02;90;10088087777;S
20240410;161149;164.02;10;10088087873;S
20240410;161150;164.02;4900;10088087940;S
20240410;161150;164.02;100;10088087941;S
20240410;161150;164.02;100;10088087942;S
20240410;161150;164.02;1500;10088087943;S
20240410;161150;164;4510;10088087944;S
20240410;161151;164;10;10088088037;S
20240410;161151;164;350;10088088053;S
20240410;161151;164;500;10088088086;S
20240410;161154;164;250;10088088293;S
20240410;161154;164.02;750;10088088294;S
20240410;161156;164.02;3720;10088088419;S
20240410;161157;164.04;10;10088088467;B
20240410;161157;164.04;20;10088088479;B
20240410;161157;164.04;10;10088088485;B
20240410;161157;164.02;530;10088088526;S
20240410;161157;164;4210;10088088527;S
20240410;161157;164;10;10088088528;S
20240410;161157;164;6360;10088088529;S
20240410;161158;164;80;10088088550;S
20240410;161158;164;770;10088088609;S
20240410;161200;164;60;10088088855;S
20240410;161201;164;890;10088088935;S
20240410;161201;164.02;100;10088088947;B
20240410;161201;164;11840;10088089012;S
20240410;161201;164;500;10088089013;S
20240410;161201;164;200;10088089014;S
20240410;161201;164;20;10088089015;S
20240410;161201;164;20;10088089016;S
20240410;161201;164;1100;10088089017;S
20240410;161203;164;200;10088089240;S
20240410;161204;164;650;10088089345;S
20240410;161204;164;10;10088089346;S
20240410;161204;164;1820;10088089347;S
20240410;161205;164;80;10088089394;S
20240410;161205;164;10;10088089395;S
20240410;161205;164.02;700;10088089402;B
20240410;161209;164.02;800;10088089798;S
20240410;161209;164;9060;10088089799;S
20240410;161209;164;10;10088089800;S
20240410;161209;163.94;240;10088089803;S
20240410;161209;163.94;100;10088089804;S
20240410;161209;163.94;200;10088089805;S
20240410;161209;163.92;10;10088089806;S
20240410;161209;163.92;50;10088089807;S
20240410;161209;163.9;20;10088089808;S
20240410;161209;163.9;100;10088089809;S
20240410;161209;163.9;210;10088089810;S
20240410;161209;163.9;30;10088089811;S
20240410;161209;163.88;500;10088089812;S
20240410;161209;163.88;280;10088089813;S
20240410;161209;163.88;240;10088089814;S
20240410;161209;163.88;10;10088089815;S
20240410;161209;163.88;1260;10088089818;S
20240410;161209;163.88;100;10088089830;S
20240410;161209;163.88;100;10088089832;S
20240410;161209;163.88;250;10088089833;S
20240410;161209;163.88;2000;10088089834;S
20240410;161209;163.88;100;10088089836;S
20240410;161209;163.98;20;10088089841;B
20240410;161210;163.9;10;10088089868;S
20240410;161210;163.9;250;10088089918;S
20240410;161210;163.9;500;10088089986;S
20240410;161211;163.9;570;10088090081;S
20240410;161213;163.94;20;10088090185;B
20240410;161213;163.9;100;10088090215;S
20240410;161215;163.9;390;10088090407;S
20240410;161218;163.94;20;10088090572;B
20240410;161219;163.9;40;10088090657;S
20240410;161222;163.9;20;10088090952;S
20240410;161222;163.9;120;10088090971;S
20240410;161222;163.9;10;10088090972;S
20240410;161222;163.88;270;10088090973;S
20240410;161223;163.94;100;10088091012;B
20240410;161223;163.96;1440;10088091013;B
20240410;161223;163.98;180;10088091014;B
20240410;161223;163.98;1530;10088091015;B
20240410;161223;163.98;3030;10088091016;B
20240410;161223;163.98;1220;10088091017;B
20240410;161223;164;10000;10088091018;B
20240410;161223;164;200;10088091019;B
20240410;161224;164.04;20;10088091117;S
20240410;161225;164.06;10;10088091136;B
20240410;161225;164.08;110;10088091137;B
20240410;161225;164.08;90;10088091184;B
20240410;161225;164.08;30;10088091185;B
20240410;161225;164.08;30;10088091210;B
20240410;161226;164.08;20;10088091282;S
20240410;161226;164.08;180;10088091283;S
20240410;161226;164.1;200;10088091301;B
20240410;161230;164.16;10;10088091561;B
20240410;161230;164.16;50;10088091569;B
20240410;161230;164.18;100;10088091570;B
20240410;161230;164.18;180;10088091571;B
20240410;161230;164.2;200;10088091572;B
20240410;161230;164.2;20;10088091573;B
20240410;161230;164.2;50;10088091574;B
20240410;161230;164.2;20;10088091575;B
20240410;161230;164.2;10;10088091576;B
20240410;161230;164.2;370;10088091577;B
20240410;161231;164.2;210;10088091675;B
20240410;161231;164.2;10;10088091676;B
20240410;161231;164.2;200;10088091677;B
20240410;161231;164.22;20;10088091678;B
20240410;161231;164.22;2900;10088091679;B
20240410;161231;164.24;300;10088091727;B
20240410;161231;164.24;700;10088091728;B
20240410;161232;164.18;100;10088091761;S
20240410;161232;164.26;1120;10088091784;B
20240410;161232;164.26;400;10088091785;B
20240410;161232;164.28;690;10088091786;B
20240410;161232;164.28;10;10088091787;B
20240410;161232;164.28;10;10088091788;B
20240410;161232;164.28;760;10088091789;B
20240410;161232;164.28;2960;10088091790;B
20240410;161232;164.3;50;10088091791;B
20240410;161232;164.3;70;10088091792;B
20240410;161232;164.3;2000;10088091793;B
20240410;161232;164.3;1930;10088091794;B
20240410;161232;164.18;100;10088091802;S
20240410;161233;164.3;200;10088091846;B
20240410;161233;164.3;10000;10088091847;B
20240410;161233;164.32;8400;10088091848;B
20240410;161233;164.34;610;10088091849;B
20240410;161233;164.34;500;10088091850;B
20240410;161233;164.34;10;10088091851;B
20240410;161233;164.34;10000;10088091852;B
20240410;161233;164.34;10000;10088091853;B
20240410;161233;164.34;500;10088091854;S
20240410;161234;164.36;200;10088091946;B
20240410;161234;164.36;10;10088091996;B
20240410;161235;164.36;10;10088092061;B
20240410;161235;164.34;130;10088092076;S
20240410;161236;164.34;240;10088092129;S
20240410;161237;164.34;1000;10088092216;S
20240410;161237;164.34;3090;10088092238;S
20240410;161238;164.34;10;10088092297;S
20240410;161238;164.34;100;10088092310;S
20240410;161239;164.34;500;10088092388;S
20240410;161240;164.34;100;10088092458;S
20240410;161241;164.36;10;10088092501;B
20240410;161242;164.34;10000;10088092567;S
20240410;161243;164.36;10;10088092664;B
20240410;161243;164.34;500;10088092707;S
20240410;161244;164.34;10;10088092769;S
20240410;161244;164.34;200;10088092833;S
20240410;161245;164.3;2000;10088092993;S
20240410;161246;164.3;40;10088093043;S
20240410;161248;164.26;300;10088093276;B
20240410;161249;164.3;200;10088093312;S
20240410;161249;164.28;100;10088093313;S
20240410;161249;164.32;190;10088093358;B
20240410;161251;164.28;400;10088093508;S
20240410;161252;164.32;10;10088093603;B
20240410;161252;164.32;20;10088093660;B
20240410;161253;164.3;10;10088093680;S
20240410;161253;164.3;150;10088093725;S
20240410;161254;164.3;500;10088093793;S
20240410;161255;164.3;1000;10088093851;S
20240410;161255;164.3;1000;10088093863;S
20240410;161300;164.32;30;10088094276;B
20240410;161302;164.32;10;10088094420;B
20240410;161305;164.32;10;10088094661;B
20240410;161307;164.3;1220;10088094862;B
20240410;161307;164.32;110;10088094863;B
20240410;161307;164.32;220;10088094864;B
20240410;161307;164.32;720;10088094865;B
20240410;161307;164.34;1530;10088094866;B
20240410;161307;164.36;1290;10088094867;B
20240410;161307;164.36;1310;10088094868;B
20240410;161307;164.38;4000;10088094869;B
20240410;161307;164.38;250;10088094870;B
20240410;161307;164.38;2390;10088094871;B
20240410;161309;164.38;100;10088095007;B
20240410;161312;164.38;20;10088095205;B
20240410;161314;164.38;390;10088095353;B
20240410;161316;164.38;10;10088095484;B
20240410;161320;164.36;10;10088095785;B
20240410;161320;164.38;40;10088095786;B
20240410;161321;164.38;30;10088095814;B
20240410;161322;164.38;10;10088095933;B
20240410;161323;164.38;500;10088095986;B
20240410;161330;164.32;40;10088096551;S
20240410;161330;164.32;60;10088096553;S
20240410;161330;164.32;30;10088096554;S
20240410;161332;164.34;10;10088096668;B
20240410;161335;164.3;200;10088096963;S
20240410;161340;164.22;200;10088097764;S
20240410;161340;164.22;300;10088097765;S
20240410;161341;164.26;80;10088097812;B
20240410;161341;164.26;170;10088097813;B
20240410;161345;164.22;10;10088098134;S
20240410;161347;164.18;200;10088098344;S
20240410;161349;164.18;10;10088098467;S
20240410;161353;164.16;100;10088098796;S
20240410;161354;164.16;20;10088099033;S
20240410;161354;164.16;80;10088099034;S
20240410;161354;164.16;200;10088099035;S
20240410;161354;164.14;220;10088099036;S
20240410;161355;164.2;30;10088099221;B
20240410;161359;164.14;840;10088099646;S
20240410;161359;164.14;360;10088099664;S
20240410;161359;164.14;140;10088099665;S
20240410;161359;164.14;110;10088099693;S
20240410;161359;164.14;10;10088099694;S
20240410;161359;164.12;10;10088099695;S
20240410;161359;164.12;370;10088099696;S
20240410;161400;164.2;10;10088099733;B
20240410;161400;164.16;10;10088099780;S
20240410;161402;164.18;10;10088099886;B
20240410;161408;164.12;500;10088100362;S
20240410;161408;164.12;10;10088100363;S
20240410;161409;164.14;200;10088100472;B
20240410;161409;164.14;60;10088100473;B
20240410;161413;164.12;200;10088100725;B
20240410;161413;164.14;1160;10088100726;B
20240410;161413;164.16;200;10088100727;B
20240410;161413;164.16;1330;10088100728;B
20240410;161414;164.18;10;10088100777;B
20240410;161414;164.16;100;10088100786;S
20240410;161416;164.18;260;10088100938;B
20240410;161416;164.18;500;10088101035;B
20240410;161416;164.18;100;10088101054;B
20240410;161417;164.16;500;10088101080;S
20240410;161417;164.18;50;10088101097;B
20240410;161418;164.18;70;10088101177;B
20240410;161418;164.2;10;10088101178;B
20240410;161418;164.2;20;10088101179;B
20240410;161418;164.18;1000;10088101185;S
20240410;161418;164.2;10;10088101194;B
20240410;161419;164.18;400;10088101195;S
20240410;161419;164.18;3620;10088101217;S
20240410;161419;164.2;100;10088101228;B
20240410;161419;164.2;70;10088101239;B
20240410;161420;164.22;10;10088101285;B
20240410;161420;164.22;90;10088101286;B
20240410;161421;164.2;50;10088101355;S
20240410;161421;164.2;50;10088101369;S
20240410;161421;164.22;100;10088101372;B
20240410;161422;164.22;100;10088101416;B
20240410;161423;164.22;90;10088101544;B
20240410;161424;164.22;150;10088101570;B
20240410;161425;164.2;330;10088101628;S
20240410;161425;164.2;10;10088101629;S
20240410;161425;164.2;400;10088101678;S
20240410;161426;164.2;30;10088101709;S
20240410;161427;164.2;30;10088101815;S
20240410;161428;164.2;40;10088101884;S
20240410;161429;164.24;30;10088101922;B
20240410;161429;164.26;420;10088101923;B
20240410;161429;164.22;10;10088101936;S
20240410;161429;164.2;100;10088101962;S
20240410;161430;164.22;60;10088101998;B
20240410;161431;164.26;10;10088102040;B
20240410;161431;164.22;10;10088102049;S
20240410;161432;164.22;230;10088102081;S
20240410;161432;164.2;110;10088102082;S
20240410;161434;164.2;50;10088102170;S
20240410;161434;164.2;400;10088102173;S
20240410;161436;164.2;340;10088102411;S
20240410;161439;164.2;200;10088102627;S
20240410;161443;164.24;40;10088102931;B
20240410;161443;164.24;40;10088102949;B
20240410;161444;164.24;10;10088103034;B
20240410;161444;164.2;10;10088103035;S
20240410;161447;164.24;10;10088103226;B
20240410;161448;164.22;10;10088103243;S
20240410;161449;164.2;280;10088103287;S
20240410;161449;164.2;1000;10088103288;S
20240410;161449;164.2;10;10088103289;S
20240410;161449;164.2;200;10088103290;S
20240410;161449;164.18;1010;10088103291;S
20240410;161449;164.2;50;10088103307;S
20240410;161451;164.22;150;10088103403;B
20240410;161451;164.22;100;10088103404;B
20240410;161451;164.22;100;10088103405;B
20240410;161451;164.18;30;10088103417;S
20240410;161453;164.2;330;10088103544;S
20240410;161459;164.2;870;10088104037;S
20240410;161459;164.18;1430;10088104038;S
20240410;161503;164.2;10;10088104274;B
20240410;161503;164.2;20;10088104308;B
20240410;161504;164.2;10;10088104345;B
20240410;161506;164.2;100;10088104490;B
20240410;161506;164.18;130;10088104584;S
20240410;161507;164.18;30;10088104665;S
20240410;161508;164.2;500;10088104716;B
20240410;161509;164.2;10;10088104753;B
20240410;161511;164.2;10;10088104916;B
20240410;161515;164.2;600;10088105093;B
20240410;161518;164.2;1000;10088105300;B
20240410;161518;164.2;1280;10088105325;B
20240410;161519;164.2;10;10088105462;B
20240410;161523;164.18;10;10088105782;S
20240410;161525;164.18;10;10088105883;S
20240410;161525;164.18;140;10088105884;S
20240410;161525;164.2;1450;10088105897;B
20240410;161525;164.2;20;10088105898;B
20240410;161526;164.2;1170;10088105935;S
20240410;161526;164.2;480;10088105936;S
20240410;161526;164.2;90;10088105968;S
20240410;161527;164.22;10;10088106025;B
20240410;161530;164.22;40;10088106274;B
20240410;161530;164.22;90;10088106275;B
20240410;161530;164.2;30;10088106286;S
20240410;161530;164.22;30;10088106335;B
20240410;161530;164.24;70;10088106336;B
20240410;161534;164.2;620;10088106543;S
20240410;161534;164.2;450;10088106544;S
20240410;161534;164.2;1330;10088106545;S
20240410;161534;164.2;3000;10088106546;S
20240410;161534;164.2;150;10088106547;S
20240410;161534;164.2;1930;10088106548;S
20240410;161534;164.2;2520;10088106549;S
20240410;161535;164.24;40;10088106622;B
20240410;161536;164.24;10;10088106637;B
20240410;161539;164.2;2000;10088106963;S
20240410;161540;164.24;10;10088106981;B
20240410;161540;164.24;50;10088106997;B
20240410;161540;164.2;50;10088106998;S
20240410;161540;164.24;20;10088107032;B
20240410;161543;164.24;100;10088107196;B
20240410;161543;164.24;10;10088107197;B
20240410;161543;164.24;150;10088107198;B
20240410;161543;164.24;150;10088107199;B
20240410;161543;164.26;300;10088107200;B
20240410;161543;164.28;10;10088107201;B
20240410;161543;164.28;50;10088107202;B
20240410;161544;164.22;10;10088107255;S
20240410;161548;164.3;10;10088107621;B
20240410;161548;164.3;100;10088107622;B
20240410;161548;164.32;10;10088107623;B
20240410;161548;164.32;1000;10088107624;B
20240410;161548;164.32;10;10088107625;B
20240410;161550;164.34;20;10088107748;B
20240410;161552;164.32;300;10088107918;S
20240410;161555;164.32;2630;10088108101;S
20240410;161602;164.32;30;10088108842;S
20240410;161603;164.34;70;10088108908;B
20240410;161603;164.36;30;10088108909;B
20240410;161605;164.34;10;10088109059;S
20240410;161605;164.32;90;10088109060;S
20240410;161606;164.32;10;10088109093;S
20240410;161606;164.32;1000;10088109105;S
20240410;161608;164.36;10;10088109236;B
20240410;161611;164.36;10;10088109468;B
20240410;161611;164.36;50;10088109469;B
20240410;161611;164.36;440;10088109470;B
20240410;161616;164.32;110;10088109890;S
20240410;161616;164.34;10;10088109953;B
20240410;161617;164.32;500;10088110000;S
20240410;161618;164.32;10;10088110171;S
20240410;161618;164.32;30;10088110183;S
20240410;161624;164.34;90;10088110705;B
20240410;161625;164.34;10;10088110707;B
20240410;161625;164.32;160;10088110741;S
20240410;161625;164.32;50;10088110742;S
20240410;161625;164.32;160;10088110743;S
20240410;161625;164.34;30;10088110752;B
20240410;161630;164.26;150;10088111151;S
20240410;161630;164.26;100;10088111152;S
20240410;161630;164.24;10;10088111153;S
20240410;161630;164.24;100;10088111154;S
20240410;161630;164.24;40;10088111155;S
20240410;161630;164.22;1130;10088111156;S
20240410;161630;164.22;3290;10088111157;S
20240410;161630;164.22;1490;10088111158;S
20240410;161631;164.22;70;10088111230;S
20240410;161631;164.22;20;10088111231;S
20240410;161633;164.24;50;10088111323;B
20240410;161635;164.26;30;10088111463;B
20240410;161636;164.24;100;10088111534;B
20240410;161638;164.2;10;10088111687;S
20240410;161640;164.24;130;10088111801;B
20240410;161640;164.26;60;10088111802;B
20240410;161640;164.26;60;10088111817;B
20240410;161640;164.26;180;10088111818;B
20240410;161640;164.26;150;10088111819;B
20240410;161640;164.24;20;10088111821;B
20240410;161640;164.26;430;10088111822;B
20240410;161640;164.2;10;10088111824;S
20240410;161640;164.2;20;10088111825;S
20240410;161642;164.26;10;10088111920;B
20240410;161642;164.24;20;10088111927;S
20240410;161643;164.24;30;10088112008;S
20240410;161643;164.2;150;10088112009;S
20240410;161643;164.2;10;10088112021;S
20240410;161644;164.24;100;10088112039;B
20240410;161644;164.2;20;10088112060;S
20240410;161644;164.2;30;10088112061;S
20240410;161649;164.26;80;10088112510;B
20240410;161649;164.2;10;10088112516;S
20240410;161649;164.2;10;10088112517;S
20240410;161649;164.2;280;10088112518;S
20240410;161649;164.26;10;10088112623;B
20240410;161650;164.2;220;10088112645;S
20240410;161650;164.2;310;10088112646;S
20240410;161650;164.2;10;10088112671;S
20240410;161651;164.2;180;10088112796;S
20240410;161651;164.2;500;10088112797;S
20240410;161651;164.2;150;10088112798;S
20240410;161651;164.2;170;10088112799;S
20240410;161651;164.2;10;10088112810;S
20240410;161653;164.2;320;10088112978;S
20240410;161653;164.2;290;10088112979;S
20240410;161653;164.2;210;10088112985;S
20240410;161653;164.2;400;10088112986;S
20240410;161654;164.22;10;10088113060;B
20240410;161654;164.2;10;10088113086;S
20240410;161654;164.2;10;10088113087;S
20240410;161654;164.2;10;10088113088;S
20240410;161654;164.2;10;10088113089;S
20240410;161654;164.18;460;10088113090;S
20240410;161654;164.16;420;10088113091;S
20240410;161655;164.2;10;10088113167;S
20240410;161655;164.2;10;10088113168;S
20240410;161655;164.2;10;10088113169;S
20240410;161655;164.2;10;10088113175;B
20240410;161655;164.2;10;10088113178;B
20240410;161655;164.2;10;10088113179;B
20240410;161655;164.2;10;10088113184;B
20240410;161655;164.2;10;10088113186;B
20240410;161655;164.2;10;10088113187;B
20240410;161655;164.2;10;10088113193;B
20240410;161655;164.2;10;10088113194;B
20240410;161655;164.2;10;10088113195;B
20240410;161655;164.2;10;10088113197;B
20240410;161655;164.2;10;10088113198;B
20240410;161655;164.2;10;10088113206;B
20240410;161656;164.16;680;10088113234;S
20240410;161657;164.2;20;10088113303;B
20240410;161657;164.2;10;10088113305;B
20240410;161657;164.2;10;10088113308;B
20240410;161657;164.16;10;10088113323;S
20240410;161657;164.18;10;10088113325;B
20240410;161657;164.18;10;10088113329;B
20240410;161658;164.18;20;10088113425;B
20240410;161700;164.18;40;10088113584;B
20240410;161701;164.16;100;10088113835;S
20240410;161706;164.18;50;10088114399;B
20240410;161706;164.2;40;10088114400;B
20240410;161707;164.18;60;10088114459;S
20240410;161707;164.16;440;10088114460;S
20240410;161708;164.16;1000;10088114491;S
20240410;161709;164.16;10;10088114605;S
20240410;161709;164.16;70;10088114639;S
20240410;161710;164.2;10;10088114659;B
20240410;161711;164.2;10;10088114706;B
20240410;161711;164.2;10;10088114723;B
20240410;161711;164.2;50;10088114726;B
20240410;161711;164.2;300;10088114737;B
20240410;161714;164.18;250;10088114915;S
20240410;161714;164.18;230;10088114916;S
20240410;161714;164.18;10000;10088114917;S
20240410;161714;164.16;9520;10088114918;S
20240410;161716;164.16;10;10088115101;S
20240410;161716;164.2;10;10088115210;B
20240410;161718;164.18;10000;10088115382;S
20240410;161722;164.18;1530;10088115670;S
20240410;161724;164.2;60;10088115757;B
20240410;161725;164.18;290;10088115836;S
20240410;161728;164.2;10;10088116070;B
20240410;161728;164.18;460;10088116081;S
20240410;161729;164.2;10;10088116290;B
20240410;161731;164.2;10;10088116422;B
20240410;161732;164.18;7720;10088116531;S
20240410;161732;164.18;10000;10088116532;S
20240410;161732;164.16;10280;10088116533;S
20240410;161736;164.18;60;10088116827;B
20240410;161738;164.16;10;10088116945;S
20240410;161738;164.16;140;10088116946;S
20240410;161739;164.18;620;10088117020;B
20240410;161740;164.18;1530;10088117065;B
20240410;161740;164.18;100;10088117066;B
20240410;161740;164.18;1220;10088117067;B
20240410;161742;164.2;20;10088117267;B
20240410;161744;164.18;70;10088117366;S
20240410;161744;164.2;660;10088117372;B
20240410;161744;164.2;10;10088117373;B
20240410;161744;164.2;1000;10088117374;B
20240410;161744;164.2;500;10088117375;B
20240410;161744;164.2;2330;10088117376;B
20240410;161748;164.18;10;10088117759;S
20240410;161750;164.2;1000;10088117850;B
20240410;161751;164.18;500;10088117919;S
20240410;161752;164.18;1900;10088118043;S
20240410;161752;164.18;60;10088118061;S
20240410;161752;164.2;30;10088118065;B
20240410;161753;164.2;2270;10088118087;B
20240410;161754;164.18;300;10088118225;S
20240410;161755;164.18;30;10088118311;S
20240410;161759;164.2;10;10088118582;B
20240410;161806;164.2;80;10088119164;B
20240410;161807;164.2;840;10088119275;B
20240410;161812;164.2;150;10088119655;B
20240410;161814;164.2;230;10088119800;B
20240410;161814;164.2;450;10088119802;B
20240410;161815;164.18;1000;10088119869;S
20240410;161817;164.2;70;10088119995;B
20240410;161819;164.18;50;10088120227;S
20240410;161819;164.2;50;10088120228;B
20240410;161821;164.18;200;10088120310;S
20240410;161822;164.2;30;10088120362;B
20240410;161823;164.18;980;10088120505;S
20240410;161823;164.18;10;10088120506;S
20240410;161823;164.18;250;10088120507;S
20240410;161823;164.18;30;10088120508;S
20240410;161823;164.18;1220;10088120509;S
20240410;161823;164.16;14510;10088120510;S
20240410;161825;164.16;100;10088120683;S
20240410;161825;164.16;200;10088120693;S
20240410;161826;164.18;30;10088120726;B
20240410;161827;164.18;10;10088120883;B
20240410;161829;164.16;10;10088120970;S
20240410;161831;164.18;190;10088121101;B
20240410;161831;164.16;110;10088121102;S
20240410;161833;164.16;10;10088121265;S
20240410;161836;164.18;10;10088121513;B
20240410;161836;164.2;4510;10088121514;B
20240410;161836;164.2;200;10088121515;B
20240410;161836;164.2;40;10088121516;B
20240410;161836;164.24;150;10088121517;B
20240410;161836;164.24;500;10088121518;B
20240410;161836;164.24;100;10088121519;B
20240410;161836;164.24;910;10088121520;B
20240410;161836;164.26;3580;10088121521;B
20240410;161837;164.28;20;10088121557;B
20240410;161837;164.2;20;10088121568;S
20240410;161840;164.2;100;10088121806;S
20240410;161847;164.24;10;10088122370;B
20240410;161847;164.2;80;10088122376;S
20240410;161847;164.2;20;10088122377;S
20240410;161848;164.2;430;10088122468;S
20240410;161848;164.2;710;10088122469;S
20240410;161848;164.2;10;10088122482;S
20240410;161849;164.2;60;10088122506;S
20240410;161849;164.2;190;10088122507;S
20240410;161853;164.26;30;10088122798;B
20240410;161854;164.2;390;10088122850;S
20240410;161854;164.18;2210;10088122851;S
20240410;161857;164.18;1370;10088123091;S
20240410;161857;164.18;190;10088123092;S
20240410;161857;164.2;100;10088123098;B
20240410;161857;164.2;200;10088123099;B
20240410;161857;164.2;200;10088123100;S
20240410;161858;164.2;10;10088123179;B
20240410;161904;164.2;10;10088123502;B
20240410;161904;164.16;10;10088123513;S
20240410;161904;164.16;10;10088123561;S
20240410;161904;164.16;1000;10088123577;S
20240410;161905;164.16;300;10088123624;S
20240410;161906;164.2;70;10088123656;B
20240410;161912;164.16;200;10088124266;S
20240410;161913;164.18;500;10088124327;S
20240410;161913;164.2;10;10088124413;B
20240410;161914;164.16;300;10088124509;S
20240410;161915;164.2;10;10088124560;B
20240410;161915;164.18;500;10088124574;S
20240410;161915;164.2;10;10088124581;B
20240410;161915;164.2;30;10088124606;B
20240410;161919;164.2;10;10088124839;B
20240410;161919;164.2;40;10088124840;B
20240410;161919;164.2;450;10088124841;B
20240410;161919;164.2;30;10088124848;B
20240410;161920;164.2;20;10088124971;B
20240410;161923;164.2;10;10088125170;B
20240410;161923;164.2;210;10088125175;B
20240410;161923;164.22;20;10088125176;B
20240410;161931;164.28;30;10088125952;B
20240410;161933;164.26;210;10088126140;S
20240410;161933;164.26;110;10088126141;S
20240410;161934;164.26;180;10088126183;S
20240410;161934;164.24;500;10088126184;S
20240410;161934;164.22;10;10088126185;S
20240410;161935;164.24;310;10088126275;B
20240410;161935;164.24;10;10088126280;B
20240410;161936;164.24;70;10088126358;B
20240410;161941;164.22;490;10088126833;S
20240410;161941;164.22;100;10088126834;S
20240410;161941;164.2;500;10088126835;S
20240410;161941;164.2;120;10088126836;S
20240410;161942;164.28;10;10088126960;B
20240410;161946;164.28;10;10088127380;B
20240410;161949;164.24;500;10088127628;S
20240410;161949;164.22;500;10088127629;S
20240410;161949;164.28;10;10088127630;B
20240410;161951;164.28;10;10088127848;B
20240410;161954;164.28;410;10088128112;B
20240410;161954;164.28;120;10088128113;B
20240410;161954;164.3;100;10088128114;B
20240410;161954;164.3;250;10088128115;B
20240410;161954;164.3;10;10088128116;B
20240410;161954;164.32;500;10088128117;B
20240410;161954;164.32;110;10088128118;B
20240410;162000;164.32;20;10088128697;B
20240410;162006;164.28;70;10088129183;S
20240410;162006;164.28;80;10088129184;S
20240410;162006;164.3;70;10088129186;B
20240410;162006;164.32;30;10088129187;B
20240410;162008;164.26;10;10088129294;S
20240410;162012;164.3;10;10088129606;B
20240410;162013;164.26;100;10088129629;S
20240410;162018;164.3;10;10088130979;B
20240410;162018;164.3;60;10088131000;B
20240410;162019;164.26;390;10088131035;S
20240410;162019;164.26;1220;10088131036;S
20240410;162019;164.26;10;10088131037;S
20240410;162019;164.24;250;10088131038;S
20240410;162019;164.24;140;10088131039;S
20240410;162021;164.26;10;10088131149;B
20240410;162021;164.26;550;10088131180;B
20240410;162025;164.26;10;10088134397;B
20240410;162025;164.26;20;10088134404;B
20240410;162027;164.26;1000;10088134571;B
20240410;162028;164.26;10;10088134649;B
20240410;162028;164.24;20;10088134666;S
20240410;162030;164.26;1180;10088134948;B
20240410;162034;164.26;30;10088136175;B
20240410;162038;164.24;200;10088138475;S
20240410;162042;164.24;100;10088139098;S
20240410;162042;164.26;500;10088139109;B
20240410;162043;164.24;10;10088139180;S
20240410;162046;164.24;30;10088139386;S
20240410;162046;164.24;150;10088139387;S
20240410;162046;164.24;200;10088139388;S
20240410;162046;164.24;500;10088139389;S
20240410;162046;164.24;20;10088139390;S
20240410;162046;164.24;20;10088139391;S
20240410;162046;164.22;20;10088139392;S
20240410;162046;164.22;10;10088139393;S
20240410;162046;164.22;500;10088139394;S
20240410;162046;164.22;550;10088139395;S
20240410;162046;164.24;10;10088139398;S
20240410;162049;164.22;20;10088140843;S
20240410;162052;164.24;10;10088141092;B
20240410;162052;164.24;50;10088141094;B
20240410;162054;164.22;650;10088141176;S
20240410;162054;164.22;2630;10088141177;S
20240410;162054;164.2;60;10088141178;S
20240410;162054;164.2;410;10088141208;S
20240410;162059;164.24;10;10088141772;B
20240410;162104;164.2;100;10088142873;S
20240410;162105;164.2;30;10088142917;S
20240410;162105;164.2;200;10088142963;S
20240410;162106;164.24;10;10088143015;B
20240410;162108;164.2;1000;10088143125;S
20240410;162110;164.2;100;10088144175;S
20240410;162111;164.22;50;10088145257;B
20240410;162111;164.22;10;10088145353;B
20240410;162113;164.2;200;10088145569;S
20240410;162115;164.2;20;10088145770;S
20240410;162115;164.22;10;10088145784;B
20240410;162119;164.2;1000;10088146166;S
20240410;162119;164.22;130;10088146187;B
20240410;162119;164.22;70;10088146188;B
20240410;162120;164.22;10;10088146305;B
20240410;162124;164.22;10;10088146514;B
20240410;162124;164.2;200;10088146526;S
20240410;162125;164.2;3000;10088146568;S
20240410;162127;164.22;20;10088147387;B
20240410;162128;164.22;10;10088148477;B
20240410;162130;164.22;130;10088148609;B
20240410;162130;164.2;190;10088148620;S
20240410;162131;164.22;10;10088148635;B
20240410;162132;164.2;30;10088148673;S
20240410;162132;164.2;180;10088148718;S
20240410;162134;164.2;400;10088148827;S
20240410;162134;164.2;50;10088148843;S
20240410;162135;164.2;10;10088148894;S
20240410;162138;164.2;350;10088150418;S
20240410;162138;164.22;960;10088150419;B
20240410;162138;164.22;30;10088150420;B
20240410;162146;164.22;220;10088151245;B
20240410;162146;164.22;100;10088151246;B
20240410;162146;164.24;610;10088151247;B
20240410;162146;164.24;140;10088151248;B
20240410;162146;164.24;50;10088151249;B
20240410;162146;164.24;10;10088151250;B
20240410;162146;164.24;1220;10088151251;B
20240410;162146;164.26;2670;10088151252;B
20240410;162146;164.26;150;10088151253;B
20240410;162146;164.26;50;10088151254;B
20240410;162146;164.26;20;10088151255;B
20240410;162146;164.28;20;10088151256;B
20240410;162146;164.28;10;10088151257;B
20240410;162146;164.28;50;10088151258;B
20240410;162146;164.28;100;10088151259;B
20240410;162146;164.28;250;10088151260;B
20240410;162146;164.3;1000;10088151261;B
20240410;162146;164.3;3660;10088151262;B
20240410;162146;164.3;3660;10088151263;B
20240410;162146;164.3;1530;10088151264;B
20240410;162146;164.32;590;10088151265;B
20240410;162146;164.32;3500;10088151266;B
20240410;162146;164.32;390;10088151267;B
20240410;162150;164.24;150;10088152479;S
20240410;162150;164.24;50;10088152480;S
20240410;162150;164.24;800;10088152481;S
20240410;162153;164.26;20;10088153379;S
20240410;162153;164.24;200;10088153380;S
20240410;162153;164.24;2000;10088153381;S
20240410;162153;164.22;380;10088153382;S
20240410;162154;164.22;50;10088153444;S
20240410;162201;164.26;20;10088155569;B
20240410;162207;164.22;500;10088156147;S
20240410;162207;164.26;10;10088156175;B
20240410;162207;164.26;70;10088156186;B
20240410;162208;164.22;40;10088156195;S
20240410;162212;164.26;10;10088156540;B
20240410;162213;164.26;290;10088157413;B
20240410;162213;164.26;10;10088157414;S
20240410;162214;164.26;420;10088157564;S
20240410;162215;164.26;280;10088157748;S
20240410;162217;164.26;10;10088158951;B
20240410;162218;164.26;30;10088159012;B
20240410;162218;164.26;10;10088159068;B
20240410;162219;164.26;370;10088159098;B
20240410;162219;164.28;150;10088159099;B
20240410;162219;164.3;980;10088159100;B
20240410;162220;164.3;10;10088159763;B
20240410;162221;164.24;10;10088159845;S
20240410;162221;164.3;10;10088159875;B
20240410;162223;164.24;200;10088159962;S
20240410;162223;164.24;10;10088159963;S
20240410;162223;164.22;2690;10088159964;S
20240410;162223;164.22;100;10088159965;S
20240410;162224;164.22;30;10088160046;S
20240410;162232;164.28;200;10088162526;B
20240410;162232;164.3;1510;10088162527;B
20240410;162232;164.3;1220;10088162528;B
20240410;162232;164.32;70;10088162529;B
20240410;162234;164.3;10;10088162634;B
20240410;162234;164.3;10;10088162781;B
20240410;162234;164.24;10;10088162808;S
20240410;162238;164.24;10;10088163840;S
20240410;162239;164.24;30;10088164484;S
20240410;162239;164.24;1470;10088164485;S
20240410;162243;164.28;10;10088165388;B
20240410;162245;164.24;400;10088165465;S
20240410;162245;164.3;120;10088165651;B
20240410;162248;164.24;130;10088166049;S
20240410;162248;164.24;200;10088166050;S
20240410;162248;164.24;10;10088166051;S
20240410;162248;164.24;10;10088166052;S
20240410;162248;164.24;10;10088166053;S
20240410;162248;164.24;10;10088166054;S
20240410;162248;164.24;630;10088166055;S
20240410;162251;164.28;10;10088166751;B
20240410;162254;164.24;70;10088166890;S
20240410;162254;164.26;20;10088166896;B
20240410;162254;164.28;30;10088166897;B
20240410;162256;164.24;1000;10088167053;S
20240410;162305;164.24;10;10088170547;S
20240410;162306;164.24;70;10088170688;S
20240410;162309;164.26;10;10088171039;B
20240410;162309;164.24;10;10088171040;S
20240410;162310;164.24;500;10088171202;S
20240410;162312;164.24;710;10088171455;S
20240410;162312;164.24;10;10088171456;S
20240410;162312;164.24;10;10088171457;S
20240410;162312;164.24;10;10088171458;S
20240410;162312;164.22;10;10088171459;S
20240410;162312;164.24;10;10088171462;B
20240410;162312;164.24;10;10088171463;B
20240410;162312;164.24;10;10088171468;B
20240410;162312;164.24;10;10088171469;B
20240410;162313;164.24;10;10088171476;B
20240410;162313;164.24;10;10088171499;B
20240410;162313;164.24;10;10088171504;B
20240410;162313;164.24;10;10088171505;B
20240410;162313;164.24;10;10088171511;B
20240410;162313;164.24;10;10088171556;B
20240410;162316;164.22;100;10088171866;S
20240410;162316;164.24;160;10088171976;B
20240410;162316;164.24;90;10088171977;B
20240410;162318;164.22;50;10088172376;S
20240410;162318;164.22;70;10088172377;S
20240410;162318;164.24;100;10088172494;B
20240410;162318;164.24;600;10088172495;B
20240410;162318;164.26;520;10088172496;B
20240410;162322;164.26;100;10088173501;B
20240410;162323;164.26;30;10088173678;B
20240410;162325;164.26;20;10088177132;B
20240410;162326;164.26;100;10088177297;B
20240410;162329;164.26;220;10088177674;B
20240410;162329;164.26;100;10088177675;B
20240410;162329;164.26;830;10088177676;B
20240410;162329;164.26;70;10088177692;B
20240410;162329;164.26;50;10088177693;B
20240410;162329;164.26;1220;10088177694;B
20240410;162329;164.28;100;10088177695;B
20240410;162329;164.28;60;10088177696;B
20240410;162331;164.28;60;10088177972;B
20240410;162331;164.28;50;10088177989;B
20240410;162332;164.28;20;10088178213;B
20240410;162333;164.22;10;10088178307;S
20240410;162333;164.22;10;10088178308;S
20240410;162333;164.22;70;10088178309;S
20240410;162334;164.28;100;10088178385;B
20240410;162335;164.26;20;10088178573;B
20240410;162336;164.26;30;10088178589;B
20240410;162336;164.26;30;10088178654;B
20240410;162339;164.26;30;10088179883;B
20240410;162339;164.26;70;10088179911;B
20240410;162339;164.28;20;10088179912;B
20240410;162339;164.28;80;10088179913;B
20240410;162341;164.22;430;10088181045;S
20240410;162341;164.22;70;10088181046;S
20240410;162341;164.22;500;10088181047;S
20240410;162341;164.24;250;10088181163;S
20240410;162341;164.22;750;10088181164;S
20240410;162342;164.26;60;10088181279;B
20240410;162348;164.22;20;10088182830;S
20240410;162348;164.2;80;10088182831;S
20240410;162348;164.2;50;10088182892;S
20240410;162349;164.2;20;10088183082;S
20240410;162353;164.24;50;10088184394;B
20240410;162357;164.2;1000;10088185671;S
20240410;162401;164.22;750;10088187113;S
20240410;162401;164.2;1320;10088187114;S
20240410;162401;164.2;500;10088187115;S
20240410;162401;164.2;40;10088187116;S
20240410;162401;164.2;390;10088187117;S
20240410;162404;164.2;110;10088187396;S
20240410;162404;164.2;10;10088187397;S
20240410;162404;164.2;500;10088187398;S
20240410;162404;164.2;10;10088187399;S
20240410;162404;164.2;10;10088187400;S
20240410;162404;164.2;10;10088187401;S
20240410;162404;164.2;2350;10088187402;S
20240410;162405;164.24;10;10088187490;B
20240410;162406;164.2;1000;10088187497;S
20240410;162406;164.24;20;10088187514;B
20240410;162406;164.2;100;10088187518;S
20240410;162407;164.24;10;10088187699;B
20240410;162409;164.24;50;10088187836;B
20240410;162417;164.2;70;10088189511;S
20240410;162417;164.2;150;10088189512;S
20240410;162417;164.2;10;10088189513;S
20240410;162417;164.18;260;10088189514;S
20240410;162417;164.22;10;10088189588;B
20240410;162418;164.18;10;10088189638;S
20240410;162422;164.2;20;10088190923;B
20240410;162422;164.2;980;10088190951;B
20240410;162422;164.22;140;10088190952;B
20240410;162422;164.22;280;10088190953;S
20240410;162423;164.22;500;10088190967;S
20240410;162424;164.22;10;10088191076;S
20240410;162425;164.22;10;10088191179;S
20240410;162429;164.22;80;10088191440;S
20240410;162431;164.2;150;10088193208;S
20240410;162436;164.2;10;10088193749;B
20240410;162438;164.18;400;10088193873;S
20240410;162441;164.18;60;10088195663;S
20240410;162445;164.2;10;10088195927;B
20240410;162449;164.2;380;10088196729;B
20240410;162450;164.2;10;10088196754;B
20240410;162451;164.18;30;10088196879;S
20240410;162453;164.2;20;10088197912;B
20240410;162456;164.18;2000;10088198163;S
20240410;162457;164.18;30;10088198221;S
20240410;162501;164.18;10;10088200339;S
20240410;162502;164.18;10;10088200423;S
20240410;162503;164.2;10;10088200448;B
20240410;162503;164.18;10;10088200471;S
20240410;162504;164.2;10;10088200759;B
20240410;162510;164.18;100;10088201394;S
20240410;162510;164.2;120;10088201401;B
20240410;162514;164.18;80;10088203020;S
20240410;162514;164.2;100;10088203049;B
20240410;162516;164.18;40;10088203316;S
20240410;162518;164.2;180;10088204779;B
20240410;162518;164.2;130;10088204780;B
20240410;162520;164.2;30;10088204871;B
20240410;162520;164.2;1000;10088204872;B
20240410;162520;164.2;10;10088204873;B
20240410;162520;164.2;100;10088204874;B
20240410;162520;164.2;130;10088204875;B
20240410;162520;164.2;730;10088204876;B
20240410;162525;164.2;10;10088205301;B
20240410;162525;164.2;30;10088205311;B
20240410;162529;164.2;10;10088206514;B
20240410;162529;164.18;500;10088207125;S
20240410;162531;164.2;100;10088207446;B
20240410;162531;164.2;10;10088207447;B
20240410;162531;164.22;60;10088207448;B
20240410;162531;164.22;30;10088207449;B
20240410;162542;164.2;1220;10088209354;S
20240410;162543;164.18;200;10088209404;S
20240410;162544;164.2;10;10088209542;B
20240410;162546;164.18;6260;10088209828;S
20240410;162546;164.18;20;10088209829;S
20240410;162546;164.18;50;10088209830;S
20240410;162546;164.18;10;10088209831;S
20240410;162546;164.18;460;10088209832;S
20240410;162546;164.18;10;10088209833;S
20240410;162546;164.18;500;10088209834;S
20240410;162549;164.16;1820;10088210935;S
20240410;162550;164.16;400;10088212298;S
20240410;162552;164.18;20;10088212581;B
20240410;162553;164.18;10;10088212785;B
20240410;162553;164.16;1000;10088212807;S
20240410;162555;164.16;10;10088213170;S
20240410;162556;164.16;1820;10088213202;S
20240410;162557;164.18;30;10088213442;B
20240410;162600;164.16;300;10088214033;S
20240410;162601;164.16;1000;10088215115;S
20240410;162602;164.16;1000;10088215524;S
20240410;162602;164.16;2470;10088215525;S
20240410;162602;164.16;60;10088215526;S
20240410;162602;164.16;60;10088215527;S
20240410;162602;164.16;500;10088215528;S
20240410;162602;164.16;500;10088215529;S
20240410;162602;164.14;500;10088215530;S
20240410;162602;164.14;620;10088215531;S
20240410;162603;164.16;400;10088215538;B
20240410;162603;164.16;10;10088215557;B
20240410;162604;164.16;30;10088215593;B
20240410;162604;164.14;5000;10088215620;S
20240410;162605;164.14;20;10088215945;S
20240410;162605;164.14;4360;10088215955;S
20240410;162605;164.14;500;10088215956;S
20240410;162605;164.12;10000;10088215957;S
20240410;162605;164.12;500;10088215958;S
20240410;162605;164.12;150;10088215959;S
20240410;162605;164.12;90;10088215960;S
20240410;162605;164.1;10;10088215962;S
20240410;162606;164.1;10;10088215994;S
20240410;162606;164.1;10;10088215995;S
20240410;162606;164.1;10;10088215996;S
20240410;162606;164.1;10;10088215997;S
20240410;162606;164.1;20;10088215998;S
20240410;162608;164.1;10;10088216136;S
20240410;162609;164.12;10;10088216188;B
20240410;162610;164.12;30;10088216270;B
20240410;162612;164.1;270;10088216682;S
20240410;162612;164.1;500;10088216683;S
20240410;162612;164.1;480;10088216684;S
20240410;162612;164.1;100;10088216685;S
20240410;162612;164.1;470;10088216686;S
20240410;162614;164.1;500;10088216783;S
20240410;162615;164.1;500;10088216841;S
20240410;162615;164.1;6500;10088216842;S
20240410;162616;164.14;70;10088216898;B
20240410;162616;164.14;20;10088216903;B
20240410;162618;164.08;10;10088217980;S
20240410;162618;164.08;1150;10088217981;S
20240410;162618;164.08;500;10088217982;S
20240410;162618;164.08;10;10088217983;S
20240410;162618;164.08;1670;10088217984;S
20240410;162618;164.08;500;10088217985;S
20240410;162618;164.06;1200;10088217986;S
20240410;162618;164.06;500;10088217987;S
20240410;162618;164.06;50;10088217988;S
20240410;162618;164.06;150;10088217989;S
20240410;162618;164.06;9770;10088217990;S
20240410;162619;164.1;10;10088218101;B
20240410;162619;164.04;1200;10088218108;S
20240410;162619;164.04;50;10088218109;S
20240410;162619;164.04;200;10088218110;S
20240410;162619;164.04;200;10088218111;S
20240410;162619;164.04;500;10088218112;S
20240410;162619;164.02;2000;10088218113;S
20240410;162619;164.02;500;10088218114;S
20240410;162619;164.02;50;10088218115;S
20240410;162619;164.02;200;10088218116;S
20240410;162619;164.02;30;10088218117;S
20240410;162619;164.02;40;10088218118;S
20240410;162619;164.02;30;10088218119;S
20240410;162619;164.02;120;10088218120;S
20240410;162619;164.02;880;10088218121;S
20240410;162619;164.02;10;10088218122;S
20240410;162620;164.02;110;10088218954;S
20240410;162620;164.02;10;10088218955;S
20240410;162620;164.02;10;10088218956;S
20240410;162620;164.02;70;10088218957;S
20240410;162620;164.1;10;10088218959;B
20240410;162621;164.02;10;10088219129;S
20240410;162622;164.02;120;10088219224;S
20240410;162622;164.02;50;10088219225;S
20240410;162622;164.02;30;10088219226;S
20240410;162622;164.02;250;10088219227;S
20240410;162622;164.02;500;10088219228;S
20240410;162622;164.02;90;10088219229;S
20240410;162622;164;1600;10088219230;S
20240410;162622;164;300;10088219236;S
20240410;162622;164;2230;10088219255;S
20240410;162622;164;600;10088219260;S
20240410;162623;164;100;10088219314;S
20240410;162623;164;100;10088219315;S
20240410;162625;164.04;100;10088219544;B
20240410;162628;164.04;20;10088219967;B
20240410;162629;164;6000;10088220005;S
20240410;162630;164.04;10;10088220080;B
20240410;162631;164.02;130;10088220182;S
20240410;162631;164.02;90;10088220183;S
20240410;162634;164.04;10;10088220430;B
20240410;162636;164.04;20;10088220582;B
20240410;162637;164.08;40;10088220748;B
20240410;162638;164.04;500;10088220837;S
20240410;162638;164.04;40;10088220838;S
20240410;162638;164.02;420;10088220839;S
20240410;162638;164.02;500;10088220840;S
20240410;162638;164.02;40;10088220841;S
20240410;162639;164.02;210;10088220969;S
20240410;162639;164;2930;10088220970;S
20240410;162640;164;1380;10088221015;S
20240410;162641;164.02;10;10088221064;S
20240410;162641;164;50;10088221065;S
20240410;162641;164.04;10;10088221068;B
20240410;162641;164;20;10088221130;S
20240410;162645;164.04;10;10088221438;B
20240410;162645;164.02;200;10088221454;S
20240410;162645;164.02;20;10088221455;S
20240410;162646;164.04;80;10088221535;B
20240410;162649;164;320;10088221807;S
20240410;162649;164;500;10088221813;S
20240410;162650;164;60;10088221894;S
20240410;162651;164;500;10088221924;S
20240410;162654;164;3360;10088222170;S
20240410;162655;164;1500;10088222339;S
20240410;162656;164;100;10088222413;S
20240410;162657;164.02;140;10088222460;B
20240410;162657;164;70;10088222483;S
20240410;162657;164;1300;10088222508;S
20240410;162657;164.02;30;10088222514;B
20240410;162658;164;50;10088222565;S
20240410;162659;164;10;10088222726;S
20240410;162701;164;80;10088222976;S
20240410;162701;164.02;100;10088222984;B
20240410;162704;164.02;10;10088223185;B
20240410;162707;164;100;10088223411;S
20240410;162708;164;10;10088223528;S
20240410;162709;164;10;10088223564;S
20240410;162709;164.02;70;10088223600;B
20240410;162710;164;70;10088223637;S
20240410;162710;164;190;10088223653;S
20240410;162711;164;32500;10088223685;S
20240410;162711;164.02;450;10088223699;B
20240410;162712;164;970;10088223760;S
20240410;162713;164.02;20;10088223788;B
20240410;162716;164;10;10088224002;S
20240410;162716;164;100;10088224005;S
20240410;162717;164.02;880;10088224067;B
20240410;162717;164.02;640;10088224068;B
20240410;162717;164.02;500;10088224069;B
20240410;162717;164.02;1540;10088224070;B
20240410;162717;164.04;100;10088224071;B
20240410;162717;164.04;100;10088224072;B
20240410;162717;164.04;370;10088224073;B
20240410;162718;164;1620;10088224095;S
20240410;162718;164.02;10;10088224123;B
20240410;162718;164;1820;10088224133;S
20240410;162718;164.02;1500;10088224146;B
20240410;162719;164.02;10;10088224202;B
20240410;162720;164;510;10088224240;S
20240410;162720;164.02;20;10088224266;B
20240410;162722;164.02;600;10088224405;B
20240410;162722;164.02;400;10088224406;B
20240410;162722;164.02;820;10088224447;B
20240410;162723;164.02;180;10088224523;S
20240410;162723;164;820;10088224524;S
20240410;162724;164.04;10;10088224567;B
20240410;162725;164.02;10;10088224631;S
20240410;162725;164.02;10;10088224639;S
20240410;162725;164;32360;10088224640;S
20240410;162726;164.02;60;10088224695;B
20240410;162726;164.02;210;10088224706;B
20240410;162729;164.02;40;10088224845;B
20240410;162729;164;50;10088224857;S
20240410;162730;164.02;50;10088224900;B
20240410;162731;164;6700;10088224976;S
20240410;162731;164.02;10;10088224984;B
20240410;162731;164.02;20;10088225015;B
20240410;162732;164;10;10088225090;S
20240410;162732;164;10000;10088225095;S
20240410;162733;164;500;10088225121;S
20240410;162733;164;40;10088225122;S
20240410;162734;164.02;240;10088225205;B
20240410;162735;164.02;120;10088225272;B
20240410;162735;164;1000;10088225280;S
20240410;162736;164;1330;10088225324;S
20240410;162737;164;900;10088225389;S
20240410;162738;164;910;10088225411;S
20240410;162738;164.02;50;10088225447;B
20240410;162739;164;1000;10088225466;S
20240410;162740;164;10000;10088225532;S
20240410;162741;164;50;10088225602;S
20240410;162741;164.02;20;10088225613;B
20240410;162742;164.02;10;10088225675;B
20240410;162745;164;1240;10088225907;S
20240410;162745;164;1000;10088225925;S
20240410;162745;164;500;10088225929;S
20240410;162745;164;450;10088225958;S
20240410;162745;164;80;10088225959;S
20240410;162747;164;10000;10088226061;S
20240410;162747;164.02;10;10088226067;B
20240410;162748;164;960;10088226131;S
20240410;162749;164;2500;10088226246;S
20240410;162751;164;50;10088226351;S
20240410;162753;164;10;10088226967;S
20240410;162754;164.02;10;10088227096;B
20240410;162755;164;1000;10088227174;S
20240410;162756;164.02;100;10088227234;B
20240410;162759;164;80;10088227462;S
20240410;162759;164;10;10088227500;S
20240410;162801;164;320;10088227678;S
20240410;162801;164;300;10088227679;S
20240410;162802;164.02;60;10088227695;B
20240410;162802;164;10;10088227702;S
20240410;162802;164;1500;10088227710;S
20240410;162804;164.02;200;10088227849;B
20240410;162806;164;10;10088228052;S
20240410;162807;164.02;10;10088228128;B
20240410;162807;164.02;10;10088228166;B
20240410;162810;164.02;20;10088228382;B
20240410;162810;164;10;10088228383;S
20240410;162812;164.02;10;10088228444;B
20240410;162814;164;170;10088228889;S
20240410;162815;164;20;10088228931;S
20240410;162815;164.02;80;10088228961;B
20240410;162815;164.02;50;10088228962;B
20240410;162815;164.02;870;10088228963;B
20240410;162815;164.02;130;10088228997;B
20240410;162815;164.02;870;10088228998;B
20240410;162815;164.02;130;10088229011;B
20240410;162815;164.02;870;10088229012;B
20240410;162815;164.02;130;10088229025;B
20240410;162815;164.02;100;10088229026;B
20240410;162815;164.02;770;10088229027;B
20240410;162815;164.02;100;10088229043;B
20240410;162815;164.02;1000;10088229045;B
20240410;162816;164.02;1000;10088229065;B
20240410;162819;164;10;10088229341;S
20240410;162820;164;1000;10088229355;S
20240410;162821;164;10;10088229434;S
20240410;162822;164;10;10088229461;S
20240410;162822;164;31000;10088229517;S
20240410;162823;164;70;10088229583;S
20240410;162826;164;20;10088229794;S
20240410;162827;164;10;10088229906;S
20240410;162828;164;300;10088229940;S
20240410;162829;164;100;10088230139;S
20240410;162830;164;1500;10088230243;S
20240410;162833;164.02;130;10088230468;B
20240410;162833;164.02;1000;10088230469;B
20240410;162833;164.02;1000;10088230470;B
20240410;162833;164.02;1580;10088230471;B
20240410;162837;164.04;500;10088230790;B
20240410;162844;164.02;250;10088231241;S
20240410;162844;164.02;720;10088231242;S
20240410;162844;164.02;1220;10088231243;S
20240410;162844;164.02;750;10088231244;S
20240410;162844;164.02;250;10088231245;S
20240410;162844;164.02;500;10088231246;S
20240410;162844;164;8310;10088231247;S
20240410;162844;164.02;10;10088231248;S
20240410;162844;164.02;10;10088231288;S
20240410;162844;164.04;40;10088231297;B
20240410;162846;164.04;10;10088231401;B
20240410;162847;164.02;40;10088231482;S
20240410;162848;164.02;200;10088231589;S
20240410;162848;164.02;300;10088231688;S
20240410;162850;164.02;660;10088231787;S
20240410;162850;164.02;500;10088231788;S
20240410;162850;164;950;10088231789;S
20240410;162850;164.02;10;10088231790;S
20240410;162851;164.04;10;10088231906;B
20240410;162852;164;10;10088231935;S
20240410;162853;164;300;10088232014;S
20240410;162856;164;100;10088232324;S
20240410;162856;164.02;40;10088232334;B
20240410;162857;164.02;10;10088232431;B
20240410;162858;164;1550;10088232479;S
20240410;162901;164.02;50;10088232732;B
20240410;162901;164.02;6000;10088232733;B
20240410;162901;164.02;1220;10088232734;B
20240410;162901;164.02;1530;10088232735;B
20240410;162901;164.02;1000;10088232736;B
20240410;162901;164.04;200;10088232737;B
20240410;162901;164;10;10088232739;S
20240410;162901;164.02;100;10088232748;B
20240410;162901;164.02;20;10088232751;B
20240410;162902;164.02;20;10088232841;B
20240410;162902;164;660;10088232844;S
20240410;162902;164;20;10088232845;S
20240410;162904;164;2340;10088232967;S
20240410;162907;164;200;10088233206;S
20240410;162907;164.02;10;10088233207;B
20240410;162907;164;380;10088233214;S
20240410;162908;164;980;10088233295;S
20240410;162908;164;300;10088233313;S
20240410;162911;164;50;10088233531;S
20240410;162913;164;10;10088233731;S
20240410;162915;164;10;10088233854;S
20240410;162915;164;100;10088233907;S
20240410;162916;164;300;10088233925;S
20240410;162917;164.02;10;10088234025;B
20240410;162918;164.02;500;10088234206;B
20240410;162918;164.02;500;10088234228;B
20240410;162919;164.02;250;10088234238;B
20240410;162919;164.04;250;10088234239;B
20240410;162919;164;10;10088234258;S
20240410;162919;164.02;500;10088234273;B
20240410;162919;164.04;1500;10088234337;B
20240410;162920;164;120;10088234366;S
20240410;162920;164.02;20;10088234368;B
20240410;162920;164.04;480;10088234369;B
20240410;162920;164.04;500;10088234391;B
20240410;162920;164.04;500;10088234407;B
20240410;162920;164.04;500;10088234417;B
20240410;162920;164.04;50;10088234420;B
20240410;162920;164.04;500;10088234426;B
20240410;162921;164.02;140;10088234466;S
20240410;162921;164.04;10;10088234491;B
20240410;162921;164.02;10;10088234492;S
20240410;162923;164.04;30;10088234717;B
20240410;162923;164.02;190;10088234718;S
20240410;162924;164.04;20;10088234781;B
20240410;162927;164.02;880;10088235070;S
20240410;162927;164.02;260;10088235071;S
20240410;162927;164.02;1530;10088235072;S
20240410;162927;164.02;250;10088235073;S
20240410;162927;164;2080;10088235074;S
20240410;162928;164.02;220;10088235178;S
20240410;162929;164.02;200;10088235239;S
20240410;162929;164.04;80;10088235276;B
20240410;162931;164.02;1000;10088235535;S
20240410;162931;164.02;10;10088235536;S
20240410;162931;164;500;10088235553;S
20240410;162932;164.04;10;10088235669;B
20240410;162938;164;100;10088236393;S
20240410;162939;164;300;10088236462;S
20240410;162944;164;200;10088236918;S
20240410;162944;164.04;500;10088236944;B
20240410;162945;164.02;20;10088237031;S
20240410;162950;164.02;10;10088237355;S
20240410;162951;164.02;130;10088237422;S
20240410;162951;164.02;370;10088237423;S
20240410;162952;164.02;60;10088237487;S
20240410;162952;164.04;80;10088237490;B
20240410;162956;164.04;40;10088237727;B
20240410;162959;164.02;10;10088237937;S
20240410;163000;164.04;10;10088237957;B
20240410;163001;164.02;70;10088238055;S
20240410;163003;164.02;250;10088238273;S
20240410;163003;164.02;10;10088238274;S
20240410;163004;164.04;30;10088238311;B
20240410;163004;164.02;10;10088238330;S
20240410;163007;164.04;2500;10088238569;B
20240410;163007;164.04;150;10088238588;B
20240410;163009;164.02;40;10088238785;S
20240410;163010;164.04;1120;10088238861;B
20240410;163010;164.04;200;10088238862;B
20240410;163010;164.04;300;10088238863;B
20240410;163010;164.04;250;10088238864;B
20240410;163010;164.04;300;10088238865;B
20240410;163010;164.08;10;10088238866;B
20240410;163010;164.1;290;10088238867;B
20240410;163012;164.08;70;10088239034;B
20240410;163014;164.1;110;10088239151;B
20240410;163014;164.1;10;10088239152;B
20240410;163014;164.1;200;10088239153;B
20240410;163015;164.08;400;10088239207;S
20240410;163015;164.1;800;10088239253;B
20240410;163015;164.1;200;10088239254;B
20240410;163015;164.1;50;10088239255;B
20240410;163015;164.12;10;10088239256;B
20240410;163015;164.14;50;10088239257;B
20240410;163015;164.14;1000;10088239258;B
20240410;163015;164.14;350;10088239259;B
20240410;163015;164.14;3660;10088239260;B
20240410;163015;164.16;1000;10088239261;B
20240410;163015;164.16;2880;10088239262;B
20240410;163018;164.16;30;10088239457;B
20240410;163019;164.16;250;10088239512;B
20240410;163021;164.14;100;10088239694;S
20240410;163022;164.14;150;10088239743;S
20240410;163022;164.14;210;10088239744;S
20240410;163024;164.14;10;10088240183;S
20240410;163024;164.14;1990;10088240184;S
20240410;163027;164.16;10;10088240424;B
20240410;163032;164.16;100;10088240821;B
20240410;163034;164.16;30;10088240911;B
20240410;163039;164.16;20;10088241400;B
20240410;163049;164.16;10;10088242384;B
20240410;163051;164.14;10;10088242625;S
20240410;163054;164.14;120;10088242863;S
20240410;163057;164.16;10;10088243065;B
20240410;163057;164.14;50;10088243073;S
20240410;163059;164.16;10;10088243251;B
20240410;163059;164.16;10;10088243259;B
20240410;163059;164.14;20;10088243273;S
20240410;163059;164.16;90;10088243276;B
20240410;163102;164.14;10;10088243869;S
20240410;163103;164.14;10;10088244178;S
20240410;163103;164.14;100;10088244392;S
20240410;163111;164.14;10;10088245744;S
20240410;163112;164.16;100;10088245779;B
20240410;163113;164.14;770;10088245848;S
20240410;163114;164.16;580;10088245978;B
20240410;163115;164.14;30;10088246019;S
20240410;163118;164.14;310;10088246234;S
20240410;163118;164.14;570;10088246245;S
20240410;163118;164.14;140;10088246246;S
20240410;163118;164.14;250;10088246247;S
20240410;163118;164.14;500;10088246248;S
20240410;163118;164.12;500;10088246249;S
20240410;163118;164.12;50;10088246250;S
20240410;163118;164.12;1220;10088246251;S
20240410;163118;164.12;1770;10088246252;S
20240410;163119;164.16;100;10088246345;B
20240410;163121;164.16;140;10088246490;B
20240410;163121;164.16;40;10088246491;B
20240410;163122;164.16;10;10088246519;B
20240410;163123;164.16;950;10088246558;B
20240410;163123;164.16;200;10088246559;B
20240410;163123;164.16;100;10088246560;B
20240410;163124;164.16;2680;10088246705;S
20240410;163125;164.16;40;10088246784;S
20240410;163126;164.16;7000;10088246792;S
20240410;163127;164.16;1800;10088247078;S
20240410;163129;164.18;500;10088247256;B
20240410;163129;164.16;3000;10088247258;S
20240410;163134;164.16;1700;10088247609;S
20240410;163134;164.16;400;10088247610;S
20240410;163135;164.16;130;10088247763;S
20240410;163135;164.16;500;10088247764;S
20240410;163135;164.14;10;10088247776;S
20240410;163135;164.14;150;10088247777;S
20240410;163135;164.12;1890;10088247778;S
20240410;163135;164.1;2950;10088247779;S
20240410;163138;164.1;10;10088247971;S
20240410;163138;164.1;500;10088248034;S
20240410;163141;164.1;30;10088248332;S
20240410;163141;164.12;500;10088248336;B
20240410;163141;164.12;10;10088248337;B
20240410;163141;164.1;510;10088248346;S
20240410;163141;164.12;500;10088248354;B
20240410;163142;164.12;500;10088248367;B
20240410;163142;164.12;500;10088248377;B
20240410;163142;164.12;500;10088248384;B
20240410;163142;164.14;150;10088248397;B
20240410;163142;164.14;350;10088248398;B
20240410;163142;164.16;370;10088248403;B
20240410;163142;164.16;60;10088248404;B
20240410;163142;164.16;70;10088248405;B
20240410;163142;164.16;500;10088248417;B
20240410;163143;164.16;500;10088248426;B
20240410;163143;164.16;500;10088248432;B
20240410;163143;164.16;370;10088248454;B
20240410;163143;164.18;130;10088248455;B
20240410;163143;164.18;500;10088248467;B
20240410;163143;164.1;20;10088248469;S
20240410;163145;164.12;60;10088248847;S
20240410;163149;164.16;10;10088249147;B
20240410;163154;164.16;10;10088249543;B
20240410;163156;164.16;10;10088249684;B
20240410;163156;164.12;10;10088249794;S
20240410;163157;164.16;10;10088250006;B
20240410;163157;164.16;10;10088250076;B
20240410;163159;164.16;10;10088250208;B
20240410;163159;164.18;20;10088250209;B
20240410;163159;164.14;150;10088250218;S
20240410;163159;164.12;1220;10088250219;S
20240410;163159;164.12;360;10088250220;S
20240410;163159;164.1;300;10088250221;S
20240410;163159;164.1;10;10088250222;S
20240410;163159;164.1;960;10088250223;S
20240410;163203;164.1;500;10088250451;S
20240410;163203;164.08;10;10088250452;S
20240410;163203;164.08;410;10088250453;S
20240410;163203;164.08;150;10088250454;S
20240410;163203;164.08;520;10088250455;S
20240410;163203;164.08;1500;10088250456;S
20240410;163203;164.06;10;10088250457;S
20240410;163203;164.06;1900;10088250458;S
20240410;163203;164.06;20;10088250509;S
20240410;163205;164.06;920;10088250647;S
20240410;163205;164.06;1160;10088250665;S
20240410;163205;164.06;500;10088250666;S
20240410;163205;164.04;30;10088250667;S
20240410;163205;164.04;100;10088250668;S
20240410;163205;164.02;610;10088250669;S
20240410;163205;164.02;270;10088250670;S
20240410;163205;164.02;250;10088250671;S
20240410;163205;164.02;2000;10088250672;S
20240410;163205;164.02;80;10088250673;S
20240410;163205;164.02;100;10088250687;S
20240410;163208;164.06;10;10088250905;B
20240410;163208;164.06;1210;10088250906;B
20240410;163209;164.06;100;10088250996;S
20240410;163212;164.06;500;10088251460;S
20240410;163213;164.08;10;10088251468;B
20240410;163218;164.06;50;10088252011;S
20240410;163222;164.06;10;10088252425;S
20240410;163224;164.06;600;10088252584;S
20240410;163224;164.06;1220;10088252585;B
20240410;163224;164.06;1220;10088252586;B
20240410;163228;164.06;2000;10088253069;S
20240410;163228;164.06;10;10088253108;S
20240410;163231;164.02;620;10088253382;S
20240410;163232;164.06;30;10088253482;B
20240410;163233;164.02;2500;10088253575;S
20240410;163234;164.02;300;10088253618;S
20240410;163234;164.06;20;10088253644;B
20240410;163235;164.02;40;10088253674;S
20240410;163238;164.06;500;10088253962;B
20240410;163238;164.06;500;10088253995;B
20240410;163238;164.06;10;10088254004;B
20240410;163238;164.06;500;10088254018;B
20240410;163238;164.08;500;10088254034;B
20240410;163239;164.08;500;10088254048;B
20240410;163239;164.08;490;10088254098;B
20240410;163239;164.08;10;10088254099;B
20240410;163239;164.08;490;10088254109;B
20240410;163239;164.08;10;10088254110;B
20240410;163239;164.08;500;10088254126;B
20240410;163239;164.08;490;10088254151;B
20240410;163239;164.08;10;10088254152;B
20240410;163239;164.08;180;10088254164;B
20240410;163239;164.08;60;10088254165;B
20240410;163239;164.1;160;10088254166;B
20240410;163239;164.1;100;10088254167;B
20240410;163239;164.08;140;10088254175;B
20240410;163239;164.1;300;10088254176;B
20240410;163239;164.1;10;10088254177;B
20240410;163240;164.1;500;10088254204;S
20240410;163240;164.08;150;10088254205;S
20240410;163240;164.08;1220;10088254206;S
20240410;163240;164.06;10;10088254207;S
20240410;163240;164.08;1050;10088254219;B
20240410;163240;164.08;10;10088254237;B
20240410;163241;164.06;200;10088254267;S
20240410;163242;164.06;50;10088254568;S
20240410;163243;164.06;390;10088254645;S
20240410;163243;164.06;500;10088254646;S
20240410;163244;164.04;100;10088254691;S
20240410;163244;164.04;50;10088254717;S
20240410;163245;164.02;60;10088254803;S
20240410;163247;164.02;50;10088254936;S
20240410;163249;164.02;10;10088255149;S
20240410;163249;164.02;2880;10088255150;S
20240410;163249;164.02;620;10088255151;S
20240410;163249;164.02;1550;10088255152;S
20240410;163250;164.02;100;10088255200;S
20240410;163251;164.02;100;10088255264;S
20240410;163254;164.02;250;10088255555;S
20240410;163254;164.02;100;10088255556;S
20240410;163254;164.02;350;10088255557;S
20240410;163254;164.04;10;10088255568;B
20240410;163255;164.04;10;10088255783;B
20240410;163256;164.02;10;10088255878;S
20240410;163256;164.02;5450;10088255879;S
20240410;163256;164.02;500;10088255880;S
20240410;163256;164.02;40;10088255881;S
20240410;163257;164.02;120;10088256026;S
20240410;163258;164.04;90;10088256071;B
20240410;163300;164.02;310;10088256229;S
20240410;163302;164.04;10;10088256374;B
20240410;163303;164.04;10;10088256411;B
20240410;163308;164.02;10;10088256781;S
20240410;163312;164.04;20;10088257042;B
20240410;163312;164.04;10;10088257088;B
20240410;163314;164.02;110;10088257224;S
20240410;163314;164.02;310;10088257225;S
20240410;163314;164.02;10;10088257238;S
20240410;163316;164.02;40;10088257378;S
20240410;163316;164.02;960;10088257379;S
20240410;163317;164.02;20;10088257422;S
20240410;163318;164.02;330;10088257520;S
20240410;163319;164.04;20;10088257591;B
20240410;163320;164.02;10;10088257646;S
20240410;163322;164.04;10;10088257846;B
20240410;163322;164.04;30;10088257851;B
20240410;163325;164.02;680;10088258042;S
20240410;163325;164;320;10088258043;S
20240410;163325;164.02;150;10088258044;B
20240410;163326;164.02;10;10088258103;B
20240410;163326;164;490;10088258116;S
20240410;163326;164.02;10;10088258120;B
20240410;163328;164;14500;10088258272;S
20240410;163329;164;10;10088258356;S
20240410;163332;164.02;80;10088258544;B
20240410;163332;164;100;10088258567;S
20240410;163332;164.02;10;10088258570;B
20240410;163334;164;1000;10088258656;S
20240410;163335;164;250;10088258698;S
20240410;163335;164;250;10088258714;S
20240410;163336;164;30490;10088258776;S
20240410;163336;164;300;10088258817;S
20240410;163338;164;10;10088259145;S
20240410;163338;164;1500;10088259150;S
20240410;163338;164;2380;10088259175;S
20240410;163339;164;300;10088259184;S
20240410;163339;164.02;500;10088259212;B
20240410;163340;164.02;10;10088259292;B
20240410;163341;164;30;10088259303;S
20240410;163342;164;1000;10088259476;S
20240410;163343;164.02;110;10088259528;B
20240410;163344;164;200;10088259666;S
20240410;163345;164;100;10088259703;S
20240410;163347;164;7210;10088259855;S
20240410;163347;164;10;10088259856;S
20240410;163347;164;10;10088259857;S
20240410;163347;164;20;10088259858;S
20240410;163347;164;10;10088259859;S
20240410;163347;164;10;10088259860;S
20240410;163347;164;10;10088259861;S
20240410;163347;164;250;10088259862;S
20240410;163347;164;500;10088259863;S
20240410;163347;164;50;10088259864;S
20240410;163347;164;1920;10088259865;S
20240410;163348;164;500;10088259943;S
20240410;163350;164.02;40;10088260159;B
20240410;163351;164.02;10;10088260238;B
20240410;163355;164;3420;10088260678;S
20240410;163355;164;3000;10088260679;S
20240410;163355;164;10;10088260680;S
20240410;163355;164;50;10088260681;S
20240410;163355;164;10;10088260682;S
20240410;163355;164;520;10088260683;S
20240410;163355;164;10;10088260684;S
20240410;163355;164;360;10088260685;S
20240410;163355;164;20;10088260686;S
20240410;163355;164;10;10088260687;S
20240410;163355;164;50;10088260688;S
20240410;163355;164;10;10088260689;S
20240410;163355;164;180;10088260690;S
20240410;163355;164;50;10088260691;S
20240410;163355;164;450;10088260692;S
20240410;163355;164;10;10088260693;S
20240410;163355;164;20;10088260694;S
20240410;163355;164;20;10088260695;S
20240410;163355;164;10;10088260696;S
20240410;163355;164;40;10088260697;S
20240410;163355;164;10;10088260698;S
20240410;163355;164;100;10088260699;S
20240410;163355;164;30;10088260700;S
20240410;163355;164;200;10088260701;S
20240410;163355;164;100;10088260702;S
20240410;163355;164;910;10088260703;S
20240410;163355;164;70;10088260704;S
20240410;163355;164;10;10088260705;S
20240410;163355;164;10;10088260706;S
20240410;163355;164;10;10088260707;S
20240410;163355;164;100;10088260708;S
20240410;163355;164;500;10088260709;S
20240410;163355;164;500;10088260710;S
20240410;163355;164;4000;10088260711;S
20240410;163355;163.96;10;10088260712;S
20240410;163355;163.96;2000;10088260721;S
20240410;163355;163.96;4010;10088260723;S
20240410;163355;163.96;10;10088260724;S
20240410;163355;163.96;2510;10088260725;S
20240410;163356;163.98;490;10088260729;B
20240410;163356;163.96;160;10088260742;S
20240410;163357;163.96;10;10088260809;S
20240410;163357;163.96;1500;10088260888;S
20240410;163358;163.98;10;10088260940;B
20240410;163403;163.98;120;10088261330;B
20240410;163403;163.98;1250;10088261331;B
20240410;163403;163.98;200;10088261332;B
20240410;163403;163.98;1450;10088261333;B
20240410;163403;164;2980;10088261334;B
20240410;163403;163.96;3050;10088261349;S
20240410;163403;163.96;40;10088261354;S
20240410;163403;163.96;10;10088261412;S
20240410;163404;164;30;10088261422;B
20240410;163407;163.98;30;10088261745;B
20240410;163409;163.98;610;10088261851;B
20240410;163412;163.96;100;10088262049;S
20240410;163412;163.96;20;10088262075;S
20240410;163414;163.96;500;10088262291;S
20240410;163415;163.98;30;10088262346;B
20240410;163416;163.96;100;10088262467;S
20240410;163421;163.96;150;10088262779;S
20240410;163424;163.96;7000;10088262969;S
20240410;163425;163.98;30;10088263015;B
20240410;163426;163.96;1300;10088263164;S
20240410;163426;163.96;10;10088263166;S
20240410;163427;163.96;1500;10088263175;S
20240410;163428;163.98;30;10088263272;B
20240410;163428;163.96;730;10088263273;S
20240410;163429;163.98;10;10088263357;B
20240410;163430;163.96;480;10088263428;S
20240410;163434;163.98;350;10088263638;B
20240410;163434;163.98;980;10088263639;B
20240410;163434;163.98;50;10088263640;B
20240410;163434;163.98;10;10088263641;B
20240410;163434;163.98;50;10088263642;B
20240410;163434;163.98;1530;10088263643;B
20240410;163434;163.98;100;10088263644;B
20240410;163434;164;1930;10088263645;B
20240410;163435;163.96;10;10088263711;S
20240410;163436;163.96;740;10088263757;S
20240410;163438;164;10;10088263868;B
20240410;163440;163.98;10;10088264019;B
20240410;163440;163.98;10;10088264038;B
20240410;163441;163.98;10;10088264133;S
20240410;163441;163.96;40;10088264134;S
20240410;163441;163.96;300;10088264151;S
20240410;163442;163.96;600;10088264232;S
20240410;163443;163.96;100;10088264279;S
20240410;163444;163.98;10;10088264406;B
20240410;163445;164;10;10088264446;B
20240410;163446;163.96;3490;10088264542;S
20240410;163446;163.96;10;10088264543;S
20240410;163446;163.94;10;10088264544;S
20240410;163446;163.94;150;10088264545;S
20240410;163446;163.94;2370;10088264546;S
20240410;163446;163.94;340;10088264547;S
20240410;163446;163.92;50;10088264548;S
20240410;163446;163.92;970;10088264549;S
20240410;163446;163.92;1000;10088264550;S
20240410;163446;163.92;50;10088264551;S
20240410;163446;163.92;3000;10088264552;S
20240410;163446;163.92;2000;10088264553;S
20240410;163446;163.9;1560;10088264554;S
20240410;163447;163.96;1000;10088264622;S
20240410;163447;163.92;200;10088264623;S
20240410;163447;163.92;620;10088264624;S
20240410;163447;163.9;8180;10088264625;S
20240410;163447;163.9;30;10088264630;S
20240410;163447;163.9;200;10088264661;S
20240410;163448;163.9;10000;10088264697;S
20240410;163451;163.92;50;10088264986;B
20240410;163451;163.92;250;10088264987;B
20240410;163451;163.96;100;10088264988;B
20240410;163453;163.92;200;10088265183;S
20240410;163453;163.9;700;10088265184;S
20240410;163454;163.94;10;10088265228;S
20240410;163457;163.98;150;10088265501;B
20240410;163457;163.98;450;10088265502;B
20240410;163501;163.98;30;10088265917;B
20240410;163501;163.98;10;10088265959;B
20240410;163501;163.98;10;10088265961;B
20240410;163502;163.98;50;10088265971;B
20240410;163502;163.94;20;10088265985;S
20240410;163502;163.92;30;10088265986;S
20240410;163502;163.98;40;10088266000;B
20240410;163504;163.92;250;10088266134;S
20240410;163504;163.92;150;10088266135;S
20240410;163504;163.98;10;10088266207;B
20240410;163506;163.92;20;10088266327;S
20240410;163506;163.9;50;10088266328;S
20240410;163511;163.9;200;10088267065;S
20240410;163512;163.9;5070;10088267186;S
20240410;163513;163.96;20;10088267244;B
20240410;163514;163.9;200;10088267330;S
20240410;163515;163.9;300;10088267371;S
20240410;163519;163.96;500;10088267875;B
20240410;163519;163.96;1030;10088267877;B
20240410;163519;163.98;190;10088267878;B
20240410;163519;163.98;500;10088267879;B
20240410;163519;163.98;40;10088267880;B
20240410;163519;163.98;1500;10088267881;B
20240410;163519;163.98;100;10088267882;B
20240410;163519;163.98;1230;10088267883;B
20240410;163519;163.98;150;10088267884;B
20240410;163519;163.98;200;10088267906;S
20240410;163520;164;70;10088267983;B
20240410;163521;163.98;10000;10088268037;S
20240410;163521;163.98;500;10088268038;S
20240410;163521;163.94;1220;10088268039;S
20240410;163521;163.94;500;10088268040;S
20240410;163521;163.92;10;10088268041;S
20240410;163521;163.92;200;10088268042;S
20240410;163521;163.92;1160;10088268043;S
20240410;163521;163.92;1530;10088268044;S
20240410;163521;163.92;500;10088268045;S
20240410;163521;163.9;4380;10088268046;S
20240410;163524;163.96;2000;10088268357;B
20240410;163524;163.98;200;10088268358;B
20240410;163524;164;170;10088268359;B
20240410;163524;164;130;10088268360;B
20240410;163524;163.98;40;10088268385;B
20240410;163525;163.92;200;10088268405;S
20240410;163528;163.92;10;10088268680;S
20240410;163528;163.9;10920;10088268681;S
20240410;163529;163.96;200;10088268838;B
20240410;163529;163.98;630;10088268839;B
20240410;163530;164;50;10088268947;B
20240410;163530;163.98;2100;10088268995;S
20240410;163530;163.94;610;10088268996;S
20240410;163532;163.94;1220;10088269189;S
20240410;163532;163.92;920;10088269190;S
20240410;163532;163.92;1530;10088269191;S
20240410;163532;163.92;500;10088269192;S
20240410;163532;163.92;640;10088269193;S
20240410;163532;163.9;1190;10088269194;S
20240410;163534;163.92;50;10088269349;S
20240410;163534;163.9;10;10088269350;S
20240410;163534;163.9;450;10088269362;S
20240410;163536;163.94;640;10088269537;S
20240410;163536;163.94;50;10088269538;S
20240410;163541;163.94;300;10088269841;S
20240410;163542;163.94;10;10088269959;S
20240410;163544;163.96;500;10088270132;B
20240410;163548;163.96;200;10088270442;S
20240410;163548;164;60;10088270452;B
20240410;163549;163.96;10;10088270656;S
20240410;163549;163.92;10;10088270657;S
20240410;163549;163.92;640;10088270658;S
20240410;163549;163.92;150;10088270659;S
20240410;163549;163.92;50;10088270660;S
20240410;163549;163.92;500;10088270661;S
20240410;163549;163.9;1150;10088270662;S
20240410;163556;163.9;10;10088271486;S
20240410;163557;163.9;1000;10088271644;S
20240410;163558;163.94;600;10088271744;B
20240410;163559;163.92;50;10088271796;B
20240410;163559;163.94;620;10088271797;B
20240410;163559;163.94;330;10088271844;S
20240410;163559;163.9;8900;10088271845;S
20240410;163600;163.94;10;10088271872;B
20240410;163600;163.94;60;10088271915;B
20240410;163600;163.94;40;10088271939;B
20240410;163604;163.9;250;10088272481;S
20240410;163605;163.9;1520;10088272725;S
20240410;163605;163.94;200;10088272743;B
20240410;163606;163.9;200;10088272768;S
20240410;163607;163.9;17000;10088272851;S
20240410;163607;163.92;30;10088272876;B
20240410;163609;163.9;9450;10088273030;S
20240410;163609;163.9;550;10088273031;S
20240410;163611;163.92;20;10088273602;B
20240410;163611;163.92;10;10088273617;B
20240410;163612;163.9;150;10088273679;S
20240410;163612;163.92;170;10088273719;B
20240410;163614;163.92;20;10088273816;B
20240410;163614;163.92;640;10088273817;B
20240410;163614;163.92;250;10088273818;B
20240410;163614;163.92;90;10088273819;B
20240410;163616;163.9;400;10088273965;S
20240410;163616;163.9;10;10088274002;S
20240410;163620;163.92;200;10088274394;B
20240410;163621;163.92;50;10088274476;B
20240410;163623;163.92;10;10088274629;B
20240410;163624;163.9;540;10088274672;S
20240410;163624;163.9;200;10088274685;S
20240410;163625;163.9;10;10088274795;S
20240410;163627;163.9;4000;10088274930;S
20240410;163628;163.92;10;10088274973;B
20240410;163628;163.9;3000;10088274976;S
20240410;163632;163.92;340;10088275262;B
20240410;163632;163.92;30;10088275263;B
20240410;163632;163.92;10;10088275321;B
20240410;163633;163.92;10;10088275356;B
20240410;163635;163.9;200;10088275478;S
20240410;163635;163.92;10;10088275481;B
20240410;163636;163.9;190;10088275542;S
20240410;163639;163.92;10;10088275753;B
20240410;163639;163.9;230;10088275765;S
20240410;163642;163.9;2000;10088275943;S
20240410;163642;163.92;10;10088275946;B
20240410;163642;163.92;10;10088275990;B
20240410;163642;163.92;10;10088276001;B
20240410;163645;163.9;400;10088276185;S
20240410;163646;163.92;10;10088276221;B
20240410;163646;163.9;120;10088276251;S
20240410;163646;163.9;10;10088276252;S
20240410;163646;163.9;970;10088276253;S
20240410;163652;163.9;700;10088276636;S
20240410;163653;163.9;10;10088276766;S
20240410;163655;163.9;20;10088276886;S
20240410;163656;163.9;20;10088276939;S
20240410;163659;163.9;7000;10088277147;S
20240410;163700;163.9;100;10088277202;S
20240410;163700;163.9;810;10088277203;S
20240410;163701;163.92;40;10088277310;B
20240410;163701;163.92;10;10088277340;B
20240410;163705;163.92;40;10088277662;B
20240410;163705;163.94;500;10088277663;B
20240410;163705;163.94;1220;10088277664;B
20240410;163705;163.96;20;10088277665;B
20240410;163705;163.96;310;10088277666;B
20240410;163709;163.92;50;10088277946;S
20240410;163709;163.9;150;10088277947;S
20240410;163712;163.96;100;10088278193;B
20240410;163713;163.96;30;10088278232;B
20240410;163713;163.9;7880;10088278246;S
20240410;163715;163.9;1000;10088278375;S
20240410;163716;163.94;10;10088278433;B
20240410;163718;163.9;10940;10088278617;S
20240410;163718;163.9;10;10088278618;S
20240410;163718;163.9;450;10088278619;S
20240410;163718;163.9;200;10088278620;S
20240410;163718;163.9;30;10088278621;S
20240410;163718;163.9;100;10088278622;S
20240410;163718;163.9;10;10088278623;S
20240410;163718;163.9;50;10088278624;S
20240410;163718;163.88;10;10088278625;S
20240410;163718;163.88;10;10088278626;S
20240410;163718;163.86;10;10088278627;S
20240410;163718;163.86;10;10088278628;S
20240410;163718;163.86;10;10088278629;S
20240410;163718;163.86;160;10088278630;S
20240410;163718;163.86;250;10088278636;S
20240410;163720;163.84;40;10088278741;S
20240410;163720;163.84;1960;10088278742;S
20240410;163722;163.84;40;10088278880;S
20240410;163722;163.84;100;10088278881;S
20240410;163722;163.84;390;10088278882;S
20240410;163722;163.84;640;10088278883;S
20240410;163722;163.82;100;10088278884;S
20240410;163722;163.82;2000;10088278885;S
20240410;163722;163.82;430;10088278886;S
20240410;163724;163.82;400;10088279059;S
20240410;163727;163.86;300;10088279306;B
20240410;163727;163.88;200;10088279307;B
20240410;163727;163.88;1330;10088279308;B
20240410;163729;163.82;170;10088279426;S
20240410;163729;163.82;20;10088279427;S
20240410;163729;163.82;4290;10088279428;S
20240410;163729;163.82;4000;10088279429;S
20240410;163729;163.82;50;10088279430;S
20240410;163729;163.82;60;10088279431;S
20240410;163729;163.82;250;10088279432;S
20240410;163729;163.82;10;10088279433;S
20240410;163729;163.82;100;10088279434;S
20240410;163729;163.82;10;10088279435;S
20240410;163729;163.82;200;10088279436;S
20240410;163729;163.82;20;10088279437;S
20240410;163730;163.86;200;10088279531;B
20240410;163730;163.88;50;10088279532;B
20240410;163734;163.88;10;10088279921;B
20240410;163734;163.88;10;10088279931;B
20240410;163734;163.88;360;10088279932;B
20240410;163734;163.9;3660;10088279933;B
20240410;163734;163.9;500;10088279934;B
20240410;163734;163.9;3660;10088279935;B
20240410;163734;163.9;10;10088279936;B
20240410;163734;163.9;240;10088279937;B
20240410;163734;163.92;1560;10088279938;B
20240410;163737;163.9;20;10088280133;B
20240410;163742;163.86;50;10088280531;S
20240410;163743;163.86;10;10088280576;S
20240410;163743;163.84;490;10088280577;S
20240410;163747;163.84;10;10088280875;S
20240410;163747;163.84;40;10088280876;S
20240410;163747;163.84;1000;10088280916;S
20240410;163749;163.86;10;10088281094;B
20240410;163751;163.84;1000;10088281254;S
20240410;163751;163.84;120;10088281255;S
20240410;163751;163.84;250;10088281256;S
20240410;163754;163.82;500;10088281473;S
20240410;163758;163.84;300;10088281790;B
20240410;163759;163.82;210;10088281839;S
20240410;163759;163.82;230;10088281840;S
20240410;163802;163.82;790;10088282128;S
20240410;163802;163.82;100;10088282129;S
20240410;163802;163.82;500;10088282130;S
20240410;163802;163.82;200;10088282131;S
20240410;163802;163.82;200;10088282132;S
20240410;163802;163.82;100;10088282133;S
20240410;163802;163.82;10;10088282134;S
20240410;163802;163.82;10;10088282135;S
20240410;163802;163.82;20;10088282136;S
20240410;163802;163.82;740;10088282137;S
20240410;163802;163.82;1000;10088282138;S
20240410;163802;163.82;10;10088282139;S
20240410;163802;163.82;1220;10088282140;S
20240410;163802;163.82;100;10088282141;S
20240410;163803;163.84;40;10088282214;B
20240410;163804;163.84;20;10088282524;B
20240410;163805;163.82;980;10088282595;S
20240410;163805;163.82;420;10088282596;S
20240410;163806;163.82;500;10088282658;S
20240410;163807;163.82;80;10088282704;S
20240410;163807;163.82;920;10088282705;S
20240410;163809;163.82;390;10088282897;S
20240410;163809;163.82;1000;10088282898;S
20240410;163810;163.82;2690;10088282982;S
20240410;163810;163.82;2000;10088282983;S
20240410;163810;163.8;2000;10088282984;S
20240410;163810;163.8;10;10088282985;S
20240410;163810;163.8;1000;10088282986;S
20240410;163810;163.8;60;10088282987;S
20240410;163810;163.8;1520;10088282988;S
20240410;163810;163.8;100;10088282989;S
20240410;163810;163.8;310;10088282990;S
20240410;163810;163.8;310;10088282991;S
20240410;163811;163.8;20;10088283046;S
20240410;163811;163.8;10;10088283091;S
20240410;163813;163.8;10;10088283234;S
20240410;163815;163.8;1000;10088283446;S
20240410;163815;163.82;50;10088283484;B
20240410;163816;163.82;500;10088283507;B
20240410;163816;163.8;1000;10088283566;S
20240410;163817;163.82;10;10088283619;B
20240410;163817;163.8;100;10088283719;S
20240410;163818;163.8;100;10088283769;S
20240410;163819;163.82;20;10088283834;B
20240410;163819;163.8;40;10088283963;S
20240410;163821;163.8;750;10088284140;S
20240410;163822;163.8;4250;10088284172;S
20240410;163824;163.8;100;10088284356;S
20240410;163824;163.8;10;10088284387;S
20240410;163825;163.8;2630;10088284408;S
20240410;163826;163.8;50;10088284569;S
20240410;163826;163.82;470;10088284573;B
20240410;163826;163.84;200;10088284574;B
20240410;163826;163.84;200;10088284575;B
20240410;163826;163.86;90;10088284576;B
20240410;163826;163.86;240;10088284577;B
20240410;163827;163.82;80;10088284618;S
20240410;163827;163.82;220;10088284619;S
20240410;163827;163.82;30;10088284634;S
20240410;163827;163.82;50;10088284635;S
20240410;163827;163.84;50;10088284660;B
20240410;163828;163.84;40;10088284734;S
20240410;163828;163.84;100;10088284744;S
20240410;163829;163.84;60;10088284790;S
20240410;163829;163.84;240;10088284791;S
20240410;163829;163.84;160;10088284799;S
20240410;163829;163.88;10;10088284848;B
20240410;163829;163.9;100;10088284849;B
20240410;163829;163.9;10;10088284850;B
20240410;163829;163.9;270;10088284851;B
20240410;163829;163.9;1530;10088284852;B
20240410;163829;163.9;920;10088284853;B
20240410;163829;163.92;6850;10088284854;B
20240410;163829;163.94;310;10088284855;B
20240410;163830;163.92;10;10088284916;B
20240410;163831;163.86;200;10088285006;S
20240410;163831;163.86;300;10088285007;S
20240410;163831;163.84;150;10088285008;S
20240410;163831;163.84;750;10088285009;S
20240410;163833;163.86;10;10088285161;S
20240410;163833;163.84;10;10088285162;S
20240410;163835;163.84;1240;10088285366;S
20240410;163835;163.84;150;10088285367;S
20240410;163835;163.84;10;10088285368;S
20240410;163835;163.84;200;10088285369;S
20240410;163835;163.84;10;10088285370;S
20240410;163835;163.82;3660;10088285371;S
20240410;163835;163.82;3660;10088285372;S
20240410;163835;163.82;640;10088285373;S
20240410;163835;163.82;10;10088285374;S
20240410;163835;163.82;500;10088285375;S
20240410;163835;163.82;2000;10088285376;S
20240410;163835;163.8;3220;10088285377;S
20240410;163835;163.92;30;10088285385;B
20240410;163837;163.88;10;10088285655;B
20240410;163840;163.88;20;10088285842;B
20240410;163840;163.82;120;10088285861;S
20240410;163841;163.82;30;10088285944;S
20240410;163841;163.82;20;10088285945;S
20240410;163842;163.88;20;10088286051;B
20240410;163846;163.88;10;10088286544;B
20240410;163847;163.88;140;10088286628;B
20240410;163847;163.88;50;10088286629;B
20240410;163847;163.9;410;10088286630;B
20240410;163848;163.88;10;10088286672;S
20240410;163848;163.88;1500;10088286673;S
20240410;163848;163.86;20;10088286674;S
20240410;163848;163.82;70;10088286675;S
20240410;163848;163.82;20;10088286676;S
20240410;163848;163.82;10;10088286677;S
20240410;163848;163.82;10;10088286678;S
20240410;163848;163.82;150;10088286679;S
20240410;163848;163.82;500;10088286680;S
20240410;163848;163.82;1220;10088286681;S
20240410;163848;163.8;11190;10088286682;S
20240410;163849;163.82;150;10088286757;S
20240410;163849;163.8;4850;10088286758;S
20240410;163849;163.88;10;10088286807;B
20240410;163851;163.82;10;10088286940;S
20240410;163852;163.82;10;10088286964;B
20240410;163854;163.8;20;10088287147;S
20240410;163855;163.82;20;10088287317;B
20240410;163855;163.82;50;10088287339;B
20240410;163857;163.82;1140;10088287617;B
20240410;163857;163.82;20;10088287618;B
20240410;163857;163.82;20;10088287619;B
20240410;163857;163.84;100;10088287659;B
20240410;163858;163.84;30;10088288060;B
20240410;163859;163.82;30;10088288100;S
20240410;163859;163.8;570;10088288101;S
20240410;163903;163.82;10;10088288653;B
20240410;163903;163.82;10;10088288654;B
20240410;163903;163.84;10;10088288655;B
20240410;163904;163.84;40;10088288808;B
20240410;163904;163.84;10;10088288823;B
20240410;163905;163.82;50;10088288887;S
20240410;163905;163.8;1850;10088288888;S
20240410;163908;163.82;220;10088289145;S
20240410;163908;163.82;1000;10088289153;S
20240410;163910;163.82;200;10088289385;S
20240410;163910;163.84;10;10088289434;B
20240410;163911;163.84;10;10088289548;S
20240410;163913;163.84;10;10088289790;S
20240410;163913;163.84;10;10088289791;S
20240410;163913;163.84;10;10088289792;S
20240410;163913;163.82;580;10088289793;S
20240410;163913;163.82;10;10088289794;S
20240410;163913;163.82;40;10088289795;S
20240410;163913;163.82;100;10088289796;S
20240410;163913;163.82;100;10088289797;S
20240410;163913;163.82;100;10088289798;S
20240410;163913;163.82;40;10088289799;S
20240410;163916;163.84;10;10088290055;S
20240410;163916;163.84;50;10088290056;S
20240410;163916;163.82;60;10088290057;S
20240410;163916;163.82;100;10088290058;S
20240410;163916;163.8;2300;10088290059;S
20240410;163921;163.84;10;10088290522;S
20240410;163921;163.84;10;10088290523;S
20240410;163922;163.82;10;10088290782;S
20240410;163922;163.8;290;10088290783;S
20240410;163925;163.86;30;10088291083;B
20240410;163930;163.84;10;10088291641;S
20240410;163930;163.82;10;10088291642;S
20240410;163930;163.82;10;10088291643;S
20240410;163930;163.82;10;10088291644;S
20240410;163930;163.82;160;10088291645;S
20240410;163931;163.86;10;10088291748;B
20240410;163931;163.82;40;10088291785;S
20240410;163931;163.82;160;10088291786;S
20240410;163932;163.86;20;10088291998;B
20240410;163935;163.82;840;10088292272;S
20240410;163935;163.82;100;10088292273;S
20240410;163935;163.8;60;10088292274;S
20240410;163937;163.86;20;10088292480;B
20240410;163938;163.86;170;10088292505;B
20240410;163938;163.86;670;10088292506;B
20240410;163938;163.86;1160;10088292507;B
20240410;163938;163.84;10;10088292611;S
20240410;163938;163.82;10;10088292612;S
20240410;163938;163.82;80;10088292613;S
20240410;163939;163.84;10;10088292728;S
20240410;163939;163.84;10;10088292729;S
20240410;163939;163.82;80;10088292730;S
20240410;163940;163.86;10;10088292779;B
20240410;163941;163.86;10;10088292957;B
20240410;163941;163.88;150;10088292958;B
20240410;163941;163.88;30;10088292959;B
20240410;163942;163.86;10;10088293165;S
20240410;163945;163.88;40;10088293488;B
20240410;163946;163.86;10;10088293592;S
20240410;163946;163.84;10;10088293593;S
20240410;163946;163.82;40;10088293594;S
20240410;163946;163.82;10;10088293595;S
20240410;163946;163.82;10;10088293596;S
20240410;163946;163.82;360;10088293597;S
20240410;163946;163.82;10;10088293598;S
20240410;163946;163.8;150;10088293599;S
20240410;163946;163.86;40;10088293623;B
20240410;163948;163.86;10;10088293764;B
20240410;163950;163.84;10;10088293953;S
20240410;163950;163.82;10;10088293954;S
20240410;163950;163.82;130;10088293955;S
20240410;163950;163.86;10;10088294003;B
20240410;163950;163.88;20;10088294004;B
20240410;163951;163.84;10;10088294068;S
20240410;163951;163.84;10;10088294090;S
20240410;163951;163.84;10;10088294118;S
20240410;163954;163.82;200;10088294396;S
20240410;163957;163.86;10;10088294659;B
20240410;163957;163.84;100;10088294871;S
20240410;163958;163.86;10;10088294991;B
20240410;164001;163.86;10;10088295440;B
20240410;164001;163.86;180;10088295447;B
20240410;164001;163.86;560;10088295448;B
20240410;164001;163.88;60;10088295449;B
20240410;164001;163.88;150;10088295450;B
20240410;164001;163.88;10;10088295451;B
20240410;164001;163.88;40;10088295452;B
20240410;164001;163.88;10;10088295463;B
20240410;164001;163.88;60;10088295473;B
20240410;164001;163.82;200;10088295520;S
20240410;164001;163.82;10;10088295521;S
20240410;164001;163.82;10;10088295522;S
20240410;164001;163.82;280;10088295523;S
20240410;164002;163.88;530;10088295577;B
20240410;164002;163.88;250;10088295578;B
20240410;164002;163.88;10;10088295579;B
20240410;164002;163.88;10;10088295580;B
20240410;164002;163.88;10;10088295581;B
20240410;164002;163.88;10;10088295582;B
20240410;164002;163.88;1180;10088295583;B
20240410;164010;163.86;10;10088296162;S
20240410;164010;163.86;200;10088296163;S
20240410;164010;163.86;100;10088296164;S
20240410;164011;163.88;10;10088296170;B
20240410;164012;163.86;630;10088296297;S
20240410;164012;163.84;10;10088296298;S
20240410;164012;163.84;100;10088296299;S
20240410;164012;163.84;1220;10088296300;S
20240410;164012;163.84;200;10088296301;S
20240410;164012;163.84;1250;10088296302;S
20240410;164012;163.82;250;10088296303;S
20240410;164013;163.86;10;10088296376;B
20240410;164016;163.84;60;10088296532;S
20240410;164019;163.88;10;10088296733;B
20240410;164019;163.88;10;10088296734;B
20240410;164019;163.84;20;10088296795;S
20240410;164020;163.84;150;10088296899;S
20240410;164026;163.86;90;10088297332;S
20240410;164028;163.86;130;10088297515;S
20240410;164028;163.84;230;10088297516;S
20240410;164028;163.88;80;10088297517;B
20240410;164028;163.88;120;10088297518;B
20240410;164028;163.88;50;10088297519;B
20240410;164028;163.9;250;10088297520;B
20240410;164028;163.9;1500;10088297521;B
20240410;164028;163.84;60;10088297589;S
20240410;164032;163.88;100;10088297871;S
20240410;164032;163.88;150;10088297926;S
20240410;164032;163.86;170;10088297927;S
20240410;164032;163.86;80;10088297928;S
20240410;164041;163.9;20;10088298633;B
20240410;164042;163.86;200;10088298721;S
20240410;164042;163.9;10;10088298723;B
20240410;164044;163.86;500;10088298875;S
20240410;164045;163.9;50;10088298929;B
20240410;164050;163.88;200;10088299324;S
20240410;164050;163.86;400;10088299325;S
20240410;164050;163.86;10;10088299328;S
20240410;164051;163.9;10;10088299400;B
20240410;164053;163.86;190;10088299626;S
20240410;164053;163.86;100;10088299627;S
20240410;164056;163.9;440;10088299797;B
20240410;164056;163.86;190;10088299885;S
20240410;164057;163.86;200;10088299920;S
20240410;164058;163.86;1000;10088299978;S
20240410;164059;163.9;10;10088300115;B
20240410;164100;163.88;200;10088300186;S
20240410;164101;163.9;10;10088300216;B
20240410;164101;163.9;10;10088300217;B
20240410;164101;163.9;60;10088300229;B
20240410;164103;163.9;1880;10088300413;B
20240410;164103;163.9;10;10088300414;B
20240410;164103;163.9;150;10088300415;B
20240410;164103;163.9;1000;10088300416;B
20240410;164103;163.92;2000;10088300417;B
20240410;164103;163.94;2240;10088300418;B
20240410;164104;163.88;20;10088300504;S
20240410;164110;163.9;10;10088300935;S
20240410;164110;163.9;110;10088300936;S
20240410;164110;163.92;20;10088301016;B
20240410;164113;163.92;30;10088301207;S
20240410;164120;163.94;20;10088301727;B
20240410;164125;163.92;100;10088302040;S
20240410;164128;163.92;10;10088302298;S
20240410;164132;163.94;60;10088302568;B
20240410;164132;163.94;1450;10088302569;B
20240410;164132;163.96;310;10088302570;B
20240410;164132;163.96;160;10088302571;B
20240410;164133;163.92;50;10088302727;S
20240410;164133;163.92;150;10088302728;S
20240410;164133;163.96;40;10088302739;B
20240410;164133;163.96;640;10088302740;B
20240410;164133;163.96;730;10088302741;B
20240410;164133;163.98;100;10088302742;B
20240410;164133;163.98;10;10088302743;B
20240410;164133;163.98;880;10088302744;B
20240410;164138;163.94;30;10088303140;B
20240410;164141;163.92;50;10088303670;S
20240410;164141;163.92;150;10088303671;S
20240410;164141;163.92;10;10088303710;B
20240410;164143;163.9;100;10088303808;S
20240410;164144;163.92;10;10088304303;B
20240410;164148;163.92;100;10088304520;B
20240410;164148;163.92;30;10088304524;B
20240410;164148;163.92;150;10088304535;B
20240410;164148;163.92;10;10088304536;B
20240410;164148;163.94;340;10088304537;B
20240410;164149;163.94;300;10088304565;B
20240410;164151;163.94;750;10088304699;B
20240410;164152;163.94;30;10088304760;B
20240410;164153;163.94;10;10088304918;B
20240410;164156;163.94;10;10088305103;B
20240410;164157;163.94;30;10088305146;B
20240410;164158;163.94;10;10088305198;B
20240410;164201;163.94;120;10088305378;B
20240410;164201;163.94;80;10088305379;B
20240410;164201;163.94;10;10088305426;B
20240410;164202;163.94;60;10088305433;B
20240410;164202;163.96;10;10088305434;B
20240410;164203;163.94;10;10088305556;S
20240410;164204;163.94;10;10088305599;S
20240410;164205;163.96;20;10088305673;B
20240410;164205;163.96;30;10088305728;B
20240410;164206;163.96;10;10088305802;B
20240410;164207;163.96;20;10088305827;B
20240410;164209;163.94;100;10088306040;S
20240410;164210;163.94;1100;10088306073;S
20240410;164210;163.94;320;10088306074;S
20240410;164210;163.96;10;10088306118;B
20240410;164212;163.94;1580;10088306208;S
20240410;164212;163.94;90;10088306209;S
20240410;164214;163.96;10;10088306385;B
20240410;164215;163.94;10;10088306487;S
20240410;164215;163.96;10;10088306516;B
20240410;164220;163.96;130;10088306859;B
20240410;164220;163.96;120;10088306860;B
20240410;164220;163.94;180;10088306871;S
20240410;164220;163.96;500;10088306872;S
20240410;164221;163.98;500;10088307051;B
20240410;164224;163.98;830;10088307225;B
20240410;164224;164;10;10088307226;B
20240410;164224;164;500;10088307227;B
20240410;164224;164;90;10088307228;B
20240410;164224;164;200;10088307229;B
20240410;164224;164;100;10088307230;B
20240410;164224;164;500;10088307231;B
20240410;164224;164;210;10088307232;B
20240410;164224;164;100;10088307233;B
20240410;164224;164;50;10088307234;B
20240410;164224;164;8130;10088307235;B
20240410;164224;164;200;10088307236;B
20240410;164224;164;400;10088307237;B
20240410;164224;164;300;10088307238;B
20240410;164224;164;60;10088307239;B
20240410;164224;164;10;10088307240;B
20240410;164224;164;1000;10088307241;B
20240410;164224;164;500;10088307242;B
20240410;164224;164;300;10088307243;B
20240410;164224;164;150;10088307244;B
20240410;164224;164;200;10088307245;B
20240410;164224;164.02;700;10088307269;B
20240410;164224;164.02;900;10088307270;B
20240410;164224;164.04;200;10088307271;B
20240410;164224;164.04;200;10088307272;B
20240410;164224;164.04;200;10088307273;B
20240410;164224;164.04;1390;10088307274;B
20240410;164224;164.04;50;10088307275;B
20240410;164224;164.08;200;10088307276;B
20240410;164224;164.08;6160;10088307277;B
20240410;164224;164.1;10;10088307283;B
20240410;164225;164.02;50;10088307334;S
20240410;164225;164.02;50;10088307335;S
20240410;164225;164.04;30;10088307341;S
20240410;164225;164.04;80;10088307342;S
20240410;164227;164.06;200;10088307445;S
20240410;164228;164.1;190;10088307562;B
20240410;164228;164.1;100;10088307563;B
20240410;164228;164.12;180;10088307564;B
20240410;164235;164.12;160;10088308306;B
20240410;164238;164.12;380;10088308477;B
20240410;164238;164.12;90;10088308478;B
20240410;164238;164.12;50;10088308479;B
20240410;164238;164.14;200;10088308480;B
20240410;164238;164.14;1280;10088308481;B
20240410;164238;164.14;2380;10088308490;B
20240410;164238;164.14;200;10088308491;B
20240410;164238;164.16;200;10088308492;B
20240410;164238;164.16;50;10088308493;B
20240410;164238;164.16;3660;10088308494;B
20240410;164238;164.18;1480;10088308495;B
20240410;164238;164.18;20;10088308496;B
20240410;164238;164.18;50;10088308497;B
20240410;164238;164.18;10;10088308498;B
20240410;164238;164.18;1000;10088308499;B
20240410;164238;164.18;50;10088308500;B
20240410;164238;164.18;3000;10088308501;B
20240410;164238;164.18;2000;10088308502;B
20240410;164238;164.2;50;10088308503;B
20240410;164238;164.2;1300;10088308504;B
20240410;164238;164.2;80;10088308505;B
20240410;164238;164.2;400;10088308506;B
20240410;164238;164.2;100;10088308507;B
20240410;164238;164.2;30;10088308508;B
20240410;164238;164.2;1140;10088308509;B
20240410;164239;164.1;40;10088308552;S
20240410;164239;164.18;190;10088308555;B
20240410;164239;164.18;20;10088308560;B
20240410;164239;164.18;10;10088308589;B
20240410;164241;164.18;50;10088308714;B
20240410;164241;164.18;70;10088308726;B
20240410;164241;164.1;130;10088308735;S
20240410;164241;164.1;10;10088308736;S
20240410;164241;164.1;200;10088308737;S
20240410;164241;164.08;160;10088308738;S
20240410;164243;164.1;160;10088308835;S
20240410;164247;164.06;100;10088309097;S
20240410;164249;164.08;10;10088309230;B
20240410;164250;164.06;30;10088309318;S
20240410;164251;164.06;20;10088309381;B
20240410;164251;164.06;160;10088309382;B
20240410;164251;164.06;200;10088309383;B
20240410;164251;164.08;40;10088309384;B
20240410;164251;164.08;30;10088309385;B
20240410;164255;164.08;100;10088309692;B
20240410;164256;164.08;50;10088309755;B
20240410;164259;164.02;20;10088309912;S
20240410;164304;164;250;10088310316;S
20240410;164304;164;250;10088310317;S
20240410;164306;164.02;300;10088310417;S
20240410;164306;164.02;1340;10088310418;S
20240410;164306;164.02;1220;10088310419;S
20240410;164306;164;250;10088310420;S
20240410;164306;164;170;10088310421;S
20240410;164306;164;110;10088310422;S
20240410;164306;164;80;10088310423;S
20240410;164306;164;6370;10088310424;S
20240410;164307;164.02;20;10088310530;S
20240410;164308;164.04;50;10088310685;B
20240410;164308;164.04;20;10088310686;B
20240410;164308;164.06;30;10088310687;B
20240410;164310;164.02;100;10088310939;S
20240410;164317;164.04;10;10088311490;B
20240410;164317;164.06;70;10088311491;B
20240410;164317;164.06;100;10088311492;B
20240410;164317;164.08;170;10088311493;B
20240410;164317;164.08;70;10088311494;B
20240410;164319;164.08;10;10088311587;B
20240410;164323;164.06;10;10088311886;S
20240410;164323;164.06;50;10088311887;S
20240410;164323;164.04;40;10088311888;S
20240410;164324;164.08;420;10088311950;B
20240410;164324;164.08;170;10088311951;B
20240410;164324;164.12;10;10088311952;B
20240410;164324;164.12;10;10088311953;B
20240410;164324;164.12;10;10088311954;B
20240410;164324;164.14;440;10088311955;B
20240410;164324;164.14;20;10088311956;B
20240410;164324;164.14;1030;10088311957;B
20240410;164324;164.14;450;10088311958;B
20240410;164324;164.16;10000;10088311959;B
20240410;164324;164.16;7930;10088311960;B
20240410;164326;164.18;10;10088312093;B
20240410;164326;164.18;10;10088312094;B
20240410;164326;164.18;10;10088312102;B
20240410;164327;164.18;440;10088312224;B
20240410;164327;164.2;360;10088312225;B
20240410;164327;164.2;70;10088312226;B
20240410;164327;164.2;1400;10088312227;B
20240410;164327;164.2;4360;10088312228;B
20240410;164328;164.2;10;10088312235;B
20240410;164331;164.18;290;10088312488;B
20240410;164331;164.2;4710;10088312489;B
20240410;164332;164.2;10;10088312596;B
20240410;164334;164.2;40;10088312746;B
20240410;164335;164.2;1000;10088312887;B
20240410;164336;164.16;100;10088313006;S
20240410;164338;164.2;10;10088313165;B
20240410;164338;164.2;10;10088313175;B
20240410;164338;164.2;380;10088313186;B
20240410;164340;164.14;200;10088313545;S
20240410;164340;164.14;200;10088313546;S
20240410;164340;164.12;200;10088313547;S
20240410;164340;164.12;260;10088313548;S
20240410;164340;164.18;200;10088313678;B
20240410;164340;164.2;410;10088313679;B
20240410;164340;164.2;100;10088313716;B
20240410;164343;164.18;40;10088313874;B
20240410;164344;164.18;50;10088314005;B
20240410;164346;164.18;110;10088314135;B
20240410;164346;164.18;30;10088314136;B
20240410;164349;164.2;70;10088314433;B
20240410;164350;164.18;10;10088314451;S
20240410;164350;164.2;200;10088314529;B
20240410;164355;164.2;10;10088314891;B
20240410;164355;164.2;10;10088314925;B
20240410;164358;164.18;20;10088315109;S
20240410;164401;164.2;30;10088315311;B
20240410;164402;164.18;10;10088315328;S
20240410;164404;164.18;10;10088315510;S
20240410;164404;164.18;10;10088315511;S
20240410;164404;164.14;100;10088315512;S
20240410;164404;164.14;200;10088315513;S
20240410;164404;164.14;80;10088315514;S
20240410;164404;164.18;200;10088315536;B
20240410;164405;164.18;320;10088315553;B
20240410;164405;164.2;680;10088315554;B
20240410;164405;164.2;50;10088315561;B
20240410;164407;164.18;100;10088315738;B
20240410;164407;164.2;220;10088315739;B
20240410;164407;164.2;1680;10088315740;B
20240410;164410;164.14;490;10088315960;S
20240410;164415;164.12;10;10088316358;S
20240410;164418;164.16;10;10088316555;B
20240410;164418;164.12;70;10088316561;S
20240410;164421;164.16;180;10088316814;B
20240410;164422;164.16;40;10088316883;B
20240410;164422;164.12;120;10088316940;S
20240410;164422;164.12;80;10088316941;S
20240410;164423;164.16;10;10088316969;B
20240410;164425;164.16;90;10088317104;B
20240410;164427;164.16;30;10088317261;B
20240410;164429;164.12;100;10088317327;S
20240410;164430;164.14;20;10088317486;B
20240410;164430;164.14;260;10088317487;B
20240410;164430;164.16;140;10088317488;B
20240410;164430;164.16;20;10088317489;B
20240410;164430;164.16;890;10088317490;B
20240410;164436;164.16;30;10088317926;B
20240410;164439;164.16;20;10088318101;B
20240410;164442;164.16;10;10088318334;B
20240410;164445;164.16;2000;10088318480;B
20240410;164446;164.16;100;10088318561;B
20240410;164452;164.14;50;10088318963;S
20240410;164452;164.12;20;10088318964;S
20240410;164456;164.14;10;10088319239;S
20240410;164456;164.16;50;10088319288;B
20240410;164507;164.14;10;10088320084;S
20240410;164508;164.12;10;10088320192;S
20240410;164508;164.12;80;10088320193;S
20240410;164508;164.12;20;10088320194;S
20240410;164508;164.12;30;10088320195;S
20240410;164512;164.14;10;10088320537;B
20240410;164517;164.14;10;10088320950;B
20240410;164519;164.14;10;10088321046;B
20240410;164520;164.14;10;10088321123;B
20240410;164521;164.12;300;10088321207;S
20240410;164523;164.14;20;10088321315;B
20240410;164523;164.14;40;10088321325;B
20240410;164523;164.14;10;10088321326;B
20240410;164523;164.16;100;10088321327;B
20240410;164525;164.16;30;10088321425;B
20240410;164525;164.12;350;10088321455;S
20240410;164528;164.12;10;10088321664;S
20240410;164531;164.12;300;10088321880;S
20240410;164533;164.12;100;10088322073;S
20240410;164536;164.16;10;10088322472;B
20240410;164537;164.12;70;10088322512;S
20240410;164538;164.12;70;10088322683;S
20240410;164538;164.12;200;10088322684;S
20240410;164538;164.12;40;10088322685;S
20240410;164538;164.12;10;10088322692;S
20240410;164538;164.12;20;10088322693;S
20240410;164538;164.12;270;10088322694;S
20240410;164542;164.12;10;10088323107;S
20240410;164542;164.12;50;10088323115;S
20240410;164542;164.12;200;10088323120;S
20240410;164542;164.12;1070;10088323125;S
20240410;164542;164.12;70;10088323126;S
20240410;164543;164.1;250;10088323156;S
20240410;164543;164.1;70;10088323157;S
20240410;164543;164.1;20;10088323158;S
20240410;164543;164.1;100;10088323159;S
20240410;164543;164.1;10;10088323160;S
20240410;164543;164.1;160;10088323161;S
20240410;164545;164.12;10;10088323308;B
20240410;164546;164.08;200;10088323374;S
20240410;164546;164.08;2200;10088323375;S
20240410;164546;164.06;2300;10088323376;S
20240410;164547;164.08;130;10088323450;B
20240410;164547;164.1;170;10088323451;B
20240410;164549;164.06;20;10088323618;S
20240410;164549;164.1;20;10088323634;B
20240410;164549;164.1;20;10088323635;B
20240410;164551;164.06;4680;10088323743;S
20240410;164551;164.04;2000;10088323744;S
20240410;164551;164.04;150;10088323745;S
20240410;164551;164;220;10088323746;S
20240410;164551;164;600;10088323747;S
20240410;164551;164;10;10088323748;S
20240410;164551;164;10;10088323749;S
20240410;164551;164;100;10088323750;S
20240410;164551;164;90;10088323751;S
20240410;164551;164;10;10088323752;S
20240410;164551;164;200;10088323753;S
20240410;164551;164;60;10088323754;S
20240410;164551;164;30;10088323755;S
20240410;164551;164;160;10088323756;S
20240410;164551;164;3660;10088323757;S
20240410;164551;164;3660;10088323758;S
20240410;164551;164;10;10088323759;S
20240410;164551;163.98;10;10088323760;S
20240410;164551;163.98;8700;10088323761;S
20240410;164557;164;10;10088324071;B
20240410;164600;163.98;190;10088324290;B
20240410;164600;164;140;10088324291;B
20240410;164600;164.02;160;10088324292;B
20240410;164600;164.02;10;10088324293;B
20240410;164600;163.94;10;10088324325;S
20240410;164602;164.02;10;10088324536;B
20240410;164610;164.02;10;10088325071;B
20240410;164610;164;10;10088325103;S
20240410;164614;164;100;10088325290;S
20240410;164617;164;100;10088325572;S
20240410;164620;164.02;10;10088325762;B
20240410;164621;164;300;10088325838;S
20240410;164621;164;60;10088325839;S
20240410;164623;163.96;30;10088325929;S
20240410;164623;163.98;100;10088325934;B
20240410;164626;163.98;10;10088326154;B
20240410;164627;163.98;10;10088326197;B
20240410;164628;163.98;20;10088326383;B
20240410;164631;163.94;60;10088326538;S
20240410;164636;163.94;200;10088326892;S
20240410;164638;163.96;10;10088327042;B
20240410;164640;163.94;870;10088327194;S
20240410;164645;163.94;60;10088327656;S
20240410;164646;163.96;20;10088327763;B
20240410;164646;163.96;10;10088327770;B
20240410;164646;163.96;10;10088327771;B
20240410;164649;163.96;30;10088328000;B
20240410;164649;163.96;20;10088328028;B
20240410;164649;163.98;10;10088328029;B
20240410;164651;163.98;20;10088328168;B
20240410;164651;163.98;150;10088328169;B
20240410;164651;164;100;10088328170;B
20240410;164651;164;590;10088328171;B
20240410;164651;164.02;60;10088328172;B
20240410;164651;164.02;20;10088328173;B
20240410;164651;164.02;60;10088328174;B
20240410;164651;164.02;200;10088328175;B
20240410;164651;164.04;3170;10088328176;B
20240410;164652;164.02;10;10088328298;B
20240410;164655;164.02;10;10088328534;B
20240410;164655;164.04;20;10088328535;B
20240410;164658;163.98;150;10088328686;S
20240410;164658;163.96;10;10088328706;S
20240410;164700;163.98;70;10088328797;S
20240410;164700;163.96;30;10088328798;S
20240410;164701;164;70;10088328991;S
20240410;164701;163.96;160;10088328992;S
20240410;164701;163.96;150;10088328993;S
20240410;164702;163.94;1110;10088329019;S
20240410;164702;163.94;220;10088329020;S
20240410;164702;163.94;30;10088329021;S
20240410;164702;163.94;250;10088329022;S
20240410;164702;163.94;250;10088329023;S
20240410;164702;163.94;200;10088329024;S
20240410;164707;163.92;10;10088329348;S
20240410;164707;163.94;10;10088329363;B
20240410;164707;163.94;70;10088329387;B
20240410;164709;163.94;10;10088329643;B
20240410;164711;163.94;30;10088329755;B
20240410;164711;163.92;140;10088329776;S
20240410;164715;163.94;10;10088330227;B
20240410;164716;163.94;10;10088330236;B
20240410;164718;163.94;10;10088330412;B
20240410;164721;163.94;1000;10088330780;B
20240410;164723;163.92;50;10088330952;S
20240410;164724;163.92;10;10088331035;S
20240410;164724;163.9;130;10088331042;S
20240410;164725;163.9;400;10088331102;S
20240410;164725;163.9;470;10088331109;S
20240410;164725;163.9;20;10088331110;S
20240410;164727;163.92;10;10088331219;B
20240410;164728;163.92;20;10088331237;B
20240410;164728;163.88;10;10088331254;S
20240410;164728;163.88;10;10088331255;S
20240410;164729;163.92;10;10088331296;B
20240410;164734;163.88;40;10088331675;S
20240410;164734;163.88;100;10088331676;S
20240410;164734;163.88;60;10088331677;S
20240410;164735;163.88;40;10088331764;S
20240410;164735;163.88;100;10088331765;S
20240410;164735;163.86;170;10088331766;S
20240410;164735;163.86;10;10088331767;S
20240410;164735;163.86;70;10088331768;S
20240410;164735;163.86;220;10088331769;S
20240410;164735;163.86;240;10088331770;S
20240410;164735;163.86;20;10088331771;S
20240410;164735;163.86;3170;10088331772;S
20240410;164735;163.86;960;10088331773;S
20240410;164737;163.92;10;10088331906;B
20240410;164739;163.86;200;10088332022;S
20240410;164739;163.86;200;10088332023;S
20240410;164739;163.84;100;10088332024;S
20240410;164739;163.84;50;10088332025;S
20240410;164739;163.84;1950;10088332026;S
20240410;164741;163.84;300;10088332139;S
20240410;164743;163.84;70;10088332402;S
20240410;164745;163.84;100;10088332641;S
20240410;164747;163.86;10;10088332780;B
20240410;164748;163.86;390;10088332855;B
20240410;164748;163.86;180;10088332856;B
20240410;164748;163.86;160;10088332862;B
20240410;164750;163.86;120;10088332940;B
20240410;164753;163.84;10;10088333207;S
20240410;164754;163.86;10;10088333246;B
20240410;164756;163.86;30;10088333451;B
20240410;164756;163.88;70;10088333452;B
20240410;164756;163.84;200;10088333455;S
20240410;164757;163.88;10;10088333527;B
20240410;164801;163.86;10;10088333793;S
20240410;164801;163.86;190;10088333807;S
20240410;164801;163.86;200;10088333808;S
20240410;164801;163.84;2370;10088333809;S
20240410;164801;163.84;30;10088333810;S
20240410;164801;163.84;30;10088333811;S
20240410;164801;163.84;30;10088333812;S
20240410;164801;163.84;10;10088333813;S
20240410;164801;163.84;10;10088333814;S
20240410;164801;163.84;240;10088333815;S
20240410;164801;163.84;30;10088333816;S
20240410;164801;163.84;10;10088333817;S
20240410;164801;163.84;10;10088333818;S
20240410;164801;163.84;10;10088333819;S
20240410;164801;163.84;10;10088333820;S
20240410;164801;163.84;240;10088333821;S
20240410;164801;163.84;200;10088333822;S
20240410;164801;163.84;120;10088333823;S
20240410;164801;163.84;100;10088333824;S
20240410;164801;163.84;260;10088333825;S
20240410;164801;163.88;10;10088333842;B
20240410;164802;163.88;10;10088333849;B
20240410;164802;163.88;50;10088333865;B
20240410;164802;163.92;10;10088333866;B
20240410;164802;163.92;10;10088333867;B
20240410;164802;163.9;10;10088333877;B
20240410;164804;163.86;70;10088334016;S
20240410;164808;163.9;20;10088334325;B
20240410;164809;163.86;80;10088334394;S
20240410;164810;163.86;10;10088334437;S
20240410;164810;163.86;840;10088334438;S
20240410;164815;163.86;10;10088334819;B
20240410;164816;163.86;230;10088334845;B
20240410;164818;163.86;100;10088335001;B
20240410;164819;163.84;50;10088335067;S
20240410;164819;163.84;150;10088335117;S
20240410;164819;163.84;50;10088335118;S
20240410;164821;163.86;10;10088335203;B
20240410;164821;163.86;10;10088335252;B
20240410;164821;163.84;150;10088335258;S
20240410;164821;163.84;600;10088335259;S
20240410;164821;163.86;10;10088335323;B
20240410;164822;163.86;10;10088335387;B
20240410;164824;163.84;30;10088335519;S
20240410;164825;163.86;20;10088335554;B
20240410;164827;163.86;120;10088335636;B
20240410;164829;163.84;200;10088335821;S
20240410;164833;163.84;30;10088336175;S
20240410;164834;163.84;140;10088336319;S
20240410;164834;163.84;100;10088336320;S
20240410;164834;163.84;30;10088336321;S
20240410;164834;163.84;10;10088336322;S
20240410;164834;163.84;50;10088336323;S
20240410;164835;163.82;500;10088336347;S
20240410;164835;163.84;50;10088336360;B
20240410;164837;163.84;120;10088336504;B
20240410;164839;163.82;10;10088336919;S
20240410;164840;163.82;1000;10088336922;S
20240410;164842;163.84;10;10088337125;B
20240410;164844;163.82;310;10088337274;S
20240410;164844;163.82;30;10088337310;S
20240410;164846;163.82;150;10088337482;S
20240410;164846;163.82;1250;10088337483;S
20240410;164849;163.82;20;10088337753;S
20240410;164849;163.82;630;10088337801;S
20240410;164849;163.82;100;10088337802;S
20240410;164849;163.82;10;10088337803;S
20240410;164849;163.82;190;10088337804;S
20240410;164849;163.82;10;10088337805;S
20240410;164849;163.82;60;10088337806;S
20240410;164851;163.82;10;10088337946;S
20240410;164852;163.82;10;10088338025;S
20240410;164852;163.82;620;10088338048;S
20240410;164852;163.82;380;10088338049;S
20240410;164854;163.84;30;10088338248;B
20240410;164855;163.82;100;10088338341;S
20240410;164855;163.82;50;10088338342;S
20240410;164855;163.82;250;10088338343;S
20240410;164855;163.82;100;10088338344;S
20240410;164855;163.82;100;10088338345;S
20240410;164855;163.82;100;10088338346;S
20240410;164855;163.82;100;10088338347;S
20240410;164855;163.82;100;10088338348;S
20240410;164855;163.82;90;10088338349;S
20240410;164856;163.82;1000;10088338440;S
20240410;164856;163.82;200;10088338466;S
20240410;164859;163.84;460;10088338667;B
20240410;164859;163.84;40;10088338668;B
20240410;164900;163.82;1610;10088338790;S
20240410;164900;163.82;150;10088338791;S
20240410;164900;163.82;10;10088338792;S
20240410;164900;163.82;250;10088338793;S
20240410;164900;163.82;260;10088338794;S
20240410;164900;163.8;2720;10088338795;S
20240410;164901;163.84;70;10088338948;B
20240410;164902;163.84;10;10088338961;B
20240410;164902;163.8;1000;10088338990;S
20240410;164905;163.82;70;10088339360;B
20240410;164905;163.84;30;10088339361;B
20240410;164905;163.84;10;10088339375;B
20240410;164906;163.84;90;10088339396;B
20240410;164906;163.84;110;10088339397;B
20240410;164906;163.82;50;10088339406;B
20240410;164907;163.8;140;10088339486;S
20240410;164909;163.8;1300;10088339858;S
20240410;164909;163.8;30;10088339963;S
20240410;164910;163.82;950;10088339980;B
20240410;164911;163.84;40;10088340091;B
20240410;164911;163.86;460;10088340092;B
20240410;164912;163.82;590;10088340168;S
20240410;164912;163.82;120;10088340169;S
20240410;164912;163.82;50;10088340170;S
20240410;164912;163.8;100;10088340232;S
20240410;164915;163.82;10;10088340461;B
20240410;164917;163.8;50;10088340635;S
20240410;164918;163.82;100;10088340657;B
20240410;164919;163.82;30;10088340740;B
20240410;164921;163.82;100;10088340910;B
20240410;164921;163.82;10;10088340925;B
20240410;164921;163.82;10;10088340989;B
20240410;164921;163.82;580;10088341003;B
20240410;164921;163.82;420;10088341004;B
20240410;164922;163.82;580;10088341055;B
20240410;164922;163.86;1190;10088341056;B
20240410;164922;163.86;100;10088341057;B
20240410;164922;163.86;70;10088341058;B
20240410;164922;163.86;10;10088341059;B
20240410;164922;163.86;50;10088341060;B
20240410;164923;163.88;10;10088341255;B
20240410;164924;163.82;200;10088341356;S
20240410;164924;163.88;500;10088341369;B
20240410;164926;163.86;10;10088341482;B
20240410;164926;163.86;10;10088341485;B
20240410;164928;163.82;50;10088341725;S
20240410;164929;163.82;10;10088341832;S
20240410;164932;163.86;10;10088342035;B
20240410;164933;163.84;50;10088342129;S
20240410;164933;163.82;120;10088342130;S
20240410;164933;163.82;50;10088342131;S
20240410;164933;163.82;180;10088342132;S
20240410;164941;163.86;20;10088342793;B
20240410;164942;163.84;20;10088342825;S
20240410;164943;163.84;900;10088342904;S
20240410;164943;163.86;1000;10088342908;B
20240410;164946;163.84;100;10088343230;S
20240410;164948;163.84;400;10088343461;S
20240410;164951;163.84;120;10088343658;S
20240410;164953;163.86;350;10088343915;B
20240410;164953;163.86;100;10088343920;B
20240410;164954;163.86;160;10088343950;B
20240410;164957;163.84;800;10088344423;S
20240410;164959;163.86;10;10088344572;B
20240410;165001;163.86;10;10088344721;B
20240410;165002;163.86;80;10088344770;B
20240410;165003;163.86;10;10088344782;B
20240410;165004;163.84;20;10088344898;S
20240410;165005;163.86;40;10088344919;B
20240410;165005;163.86;60;10088344969;B
20240410;165008;163.86;90;10088345194;B
20240410;165009;163.84;120;10088345267;S
20240410;165012;163.86;40;10088345454;B
20240410;165013;163.88;30;10088345504;B
20240410;165013;163.9;60;10088345513;B
20240410;165014;163.88;10;10088345634;S
20240410;165015;163.88;1210;10088345664;S
20240410;165015;163.86;1790;10088345665;S
20240410;165016;163.9;30;10088345770;B
20240410;165016;163.9;10;10088345771;B
20240410;165016;163.9;90;10088345772;B
20240410;165022;163.88;10;10088346403;S
20240410;165026;163.88;990;10088346732;S
20240410;165027;163.9;60;10088346758;B
20240410;165027;163.88;100;10088346816;S
20240410;165030;163.88;100;10088347012;S
20240410;165030;163.88;50;10088347013;S
20240410;165030;163.88;30;10088347014;S
20240410;165030;163.88;20;10088347015;S
20240410;165030;163.88;100;10088347016;S
20240410;165030;163.88;100;10088347017;S
20240410;165030;163.88;100;10088347018;S
20240410;165030;163.88;100;10088347019;S
20240410;165030;163.88;100;10088347020;S
20240410;165030;163.88;20;10088347021;S
20240410;165030;163.88;680;10088347024;S
20240410;165030;163.86;1230;10088347025;S
20240410;165030;163.86;100;10088347026;S
20240410;165030;163.86;30;10088347027;S
20240410;165030;163.86;10;10088347028;S
20240410;165030;163.84;320;10088347029;S
20240410;165030;163.84;10;10088347030;S
20240410;165030;163.84;100;10088347031;S
20240410;165030;163.84;150;10088347032;S
20240410;165030;163.84;780;10088347033;S
20240410;165030;163.84;190;10088347034;S
20240410;165030;163.84;10;10088347035;S
20240410;165030;163.84;20;10088347036;S
20240410;165030;163.84;10;10088347037;S
20240410;165030;163.82;320;10088347038;S
20240410;165030;163.82;580;10088347039;S
20240410;165030;163.82;1740;10088347040;S
20240410;165030;163.82;110;10088347041;S
20240410;165030;163.82;2500;10088347042;S
20240410;165030;163.84;150;10088347048;B
20240410;165031;163.86;10;10088347083;S
20240410;165031;163.84;50;10088347084;S
20240410;165031;163.82;1220;10088347085;S
20240410;165031;163.82;150;10088347086;S
20240410;165031;163.8;2570;10088347087;S
20240410;165036;163.86;10;10088347644;B
20240410;165038;163.86;10;10088347721;B
20240410;165038;163.86;50;10088347737;B
20240410;165040;163.86;10;10088347888;B
20240410;165040;163.82;50;10088347936;S
20240410;165040;163.82;200;10088347937;S
20240410;165040;163.8;2070;10088347938;S
20240410;165044;163.84;10;10088348216;B
20240410;165050;163.84;40;10088348567;B
20240410;165050;163.86;70;10088348568;B
20240410;165050;163.86;90;10088348569;B
20240410;165051;163.86;10;10088348709;B
20240410;165051;163.86;10;10088348710;B
20240410;165055;163.84;50;10088348972;S
20240410;165055;163.82;50;10088348973;S
20240410;165056;163.82;10;10088349036;S
20240410;165057;163.82;120;10088349153;S
20240410;165100;163.86;30;10088349318;B
20240410;165100;163.86;60;10088349345;B
20240410;165100;163.86;10;10088349370;B
20240410;165103;163.84;80;10088349583;S
20240410;165103;163.84;1220;10088349584;S
20240410;165103;163.82;220;10088349585;S
20240410;165103;163.82;480;10088349586;S
20240410;165105;163.86;30;10088349723;B
20240410;165105;163.86;20;10088349725;B
20240410;165105;163.86;20;10088349726;B
20240410;165108;163.82;700;10088349881;S
20240410;165110;163.82;100;10088350045;S
20240410;165111;163.84;10;10088350114;B
20240410;165112;163.84;40;10088350142;B
20240410;165112;163.86;120;10088350143;B
20240410;165112;163.86;170;10088350144;B
20240410;165113;163.82;90;10088350227;S
20240410;165113;163.82;630;10088350229;S
20240410;165113;163.82;250;10088350230;S
20240410;165113;163.82;10;10088350231;S
20240410;165113;163.82;50;10088350232;S
20240410;165113;163.82;50;10088350233;S
20240410;165113;163.82;50;10088350234;S
20240410;165113;163.82;50;10088350235;S
20240410;165113;163.8;6510;10088350236;S
20240410;165120;163.86;1000;10088350722;B
20240410;165121;163.82;20;10088350790;S
20240410;165121;163.86;10;10088350847;B
20240410;165121;163.88;10;10088350848;B
20240410;165121;163.88;480;10088350849;B
20240410;165122;163.88;10;10088350894;B
20240410;165128;163.84;30;10088351295;S
20240410;165128;163.88;20;10088351305;B
20240410;165128;163.84;70;10088351362;S
20240410;165128;163.84;30;10088351363;S
20240410;165132;163.86;10;10088351619;B
20240410;165134;163.86;10;10088351767;B
20240410;165138;163.86;80;10088351971;B
20240410;165138;163.86;50;10088351972;B
20240410;165138;163.86;50;10088351973;B
20240410;165138;163.86;50;10088351974;B
20240410;165138;163.88;1490;10088351975;B
20240410;165138;163.88;100;10088351976;B
20240410;165138;163.88;80;10088351977;B
20240410;165138;163.88;10;10088351978;B
20240410;165138;163.88;250;10088351979;B
20240410;165138;163.88;160;10088351980;B
20240410;165141;163.84;310;10088352215;S
20240410;165141;163.88;60;10088352235;B
20240410;165143;163.84;160;10088352330;S
20240410;165144;163.84;510;10088352494;S
20240410;165145;163.84;10;10088352512;S
20240410;165145;163.84;100;10088352513;S
20240410;165145;163.82;180;10088352514;S
20240410;165145;163.82;10;10088352515;S
20240410;165146;163.82;10;10088352577;S
20240410;165146;163.82;90;10088352578;S
20240410;165150;163.86;100;10088352955;B
20240410;165150;163.86;100;10088352956;B
20240410;165150;163.86;50;10088352957;B
20240410;165150;163.88;210;10088352958;B
20240410;165150;163.88;400;10088352959;B
20240410;165150;163.88;160;10088352960;B
20240410;165150;163.88;10;10088352961;B
20240410;165150;163.88;10;10088352962;B
20240410;165150;163.9;10;10088352963;B
20240410;165150;163.9;100;10088352964;B
20240410;165150;163.9;30;10088352965;B
20240410;165150;163.9;130;10088352966;B
20240410;165154;163.84;1000;10088353300;S
20240410;165155;163.84;10;10088353344;S
20240410;165155;163.84;610;10088353345;S
20240410;165155;163.82;10;10088353346;S
20240410;165155;163.82;1370;10088353347;S
20240410;165158;163.84;10;10088353561;S
20240410;165158;163.82;630;10088353562;S
20240410;165158;163.82;200;10088353563;S
20240410;165158;163.82;250;10088353564;S
20240410;165158;163.82;130;10088353565;S
20240410;165158;163.82;250;10088353566;S
20240410;165158;163.82;10;10088353567;S
20240410;165158;163.82;10;10088353568;S
20240410;165158;163.82;50;10088353569;S
20240410;165158;163.82;250;10088353570;S
20240410;165158;163.82;250;10088353571;S
20240410;165159;163.8;3000;10088353807;S
20240410;165201;163.8;100;10088353955;S
20240410;165201;163.82;70;10088353992;B
20240410;165201;163.82;10;10088354006;B
20240410;165202;163.8;390;10088354022;S
20240410;165204;163.82;100;10088354203;B
20240410;165206;163.82;780;10088354290;B
20240410;165209;163.82;100;10088354542;S
20240410;165213;163.84;10;10088354913;B
20240410;165213;163.84;90;10088354924;B
20240410;165214;163.84;150;10088355019;B
20240410;165217;163.86;10;10088355239;B
20240410;165217;163.86;30;10088355240;B
20240410;165218;163.86;10;10088355301;B
20240410;165219;163.84;10;10088355392;S
20240410;165220;163.86;10;10088355417;B
20240410;165220;163.86;40;10088355445;B
20240410;165221;163.84;10;10088355536;S
20240410;165221;163.82;70;10088355537;S
20240410;165222;163.86;10;10088355557;B
20240410;165226;163.84;10;10088355918;S
20240410;165228;163.84;10;10088356106;S
20240410;165228;163.82;180;10088356107;S
20240410;165228;163.82;10;10088356108;S
20240410;165232;163.84;10;10088356441;S
20240410;165232;163.82;390;10088356442;S
20240410;165232;163.82;100;10088356443;S
20240410;165232;163.82;500;10088356444;S
20240410;165233;163.86;200;10088356536;B
20240410;165233;163.86;10;10088356537;B
20240410;165233;163.86;250;10088356538;B
20240410;165233;163.86;120;10088356539;B
20240410;165234;163.86;20;10088356614;B
20240410;165234;163.88;20;10088356615;B
20240410;165234;163.86;10;10088356668;S
20240410;165238;163.86;10;10088356920;B
20240410;165239;163.86;20;10088356955;B
20240410;165239;163.86;10;10088356977;B
20240410;165240;163.86;10;10088357001;B
20240410;165240;163.86;10;10088357011;B
20240410;165240;163.86;10;10088357039;B
20240410;165240;163.86;10;10088357056;B
20240410;165240;163.86;10;10088357066;B
20240410;165245;163.88;10;10088357393;B
20240410;165245;163.88;40;10088357394;B
20240410;165246;163.88;10;10088357471;B
20240410;165246;163.88;10;10088357472;B
20240410;165246;163.88;10;10088357473;B
20240410;165246;163.88;80;10088357474;B
20240410;165246;163.88;10;10088357522;B
20240410;165249;163.86;10;10088357775;S
20240410;165249;163.86;10;10088357776;S
20240410;165249;163.86;10;10088357777;S
20240410;165249;163.84;220;10088357778;S
20240410;165250;163.88;10;10088357790;B
20240410;165251;163.86;10;10088357876;S
20240410;165252;163.84;100;10088358061;S
20240410;165252;163.84;200;10088358062;S
20240410;165252;163.86;10;10088358071;B
20240410;165256;163.88;90;10088358266;B
20240410;165258;163.88;60;10088358400;B
20240410;165258;163.88;90;10088358401;B
20240410;165259;163.88;20;10088358464;B
20240410;165259;163.88;10;10088358472;B
20240410;165301;163.88;10;10088358533;B
20240410;165301;163.88;80;10088358569;B
20240410;165301;163.88;10;10088358583;B
20240410;165306;163.86;20;10088358863;S
20240410;165310;163.88;10;10088359094;B
20240410;165310;163.86;180;10088359102;S
20240410;165310;163.86;10;10088359103;S
20240410;165310;163.86;500;10088359104;S
20240410;165310;163.86;10;10088359105;S
20240410;165310;163.86;10;10088359106;S
20240410;165310;163.84;1330;10088359107;S
20240410;165310;163.84;960;10088359108;S
20240410;165310;163.84;470;10088359116;S
20240410;165310;163.84;20;10088359117;S
20240410;165310;163.84;100;10088359118;S
20240410;165310;163.84;1410;10088359119;S
20240410;165310;163.88;20;10088359160;B
20240410;165312;163.86;60;10088359251;B
20240410;165313;163.86;10;10088359332;B
20240410;165314;163.86;10;10088359485;B
20240410;165315;163.86;10;10088359519;B
20240410;165315;163.86;10;10088359535;B
20240410;165316;163.88;10;10088359570;B
20240410;165318;163.88;10;10088359673;B
20240410;165318;163.88;70;10088359743;B
20240410;165320;163.86;10;10088359926;S
20240410;165322;163.86;600;10088360040;S
20240410;165322;163.88;10;10088360052;B
20240410;165323;163.88;40;10088360078;B
20240410;165324;163.88;10;10088360187;B
20240410;165326;163.9;10;10088360358;B
20240410;165326;163.88;400;10088360364;S
20240410;165330;163.9;10;10088360740;B
20240410;165332;163.9;10;10088360826;B
20240410;165332;163.9;80;10088360827;B
20240410;165333;163.9;10;10088360880;B
20240410;165334;163.9;10;10088360931;B
20240410;165334;163.9;10;10088360963;B
20240410;165335;163.88;10;10088361057;S
20240410;165336;163.9;10;10088361078;B
20240410;165337;163.9;10;10088361188;B
20240410;165339;163.9;10;10088361524;B
20240410;165339;163.9;860;10088361535;B
20240410;165339;163.94;1310;10088361536;B
20240410;165339;163.94;310;10088361537;B
20240410;165345;163.94;80;10088361963;B
20240410;165347;163.92;10;10088362126;S
20240410;165347;163.9;10;10088362127;S
20240410;165347;163.94;250;10088362159;B
20240410;165348;163.92;10;10088362211;S
20240410;165348;163.9;40;10088362212;S
20240410;165348;163.9;10;10088362213;S
20240410;165348;163.9;40;10088362214;S
20240410;165354;163.94;10;10088362713;B
20240410;165356;163.94;20;10088362942;B
20240410;165357;163.94;10;10088363050;B
20240410;165357;163.94;500;10088363051;B
20240410;165357;163.96;620;10088363052;B
20240410;165357;163.96;2440;10088363053;B
20240410;165357;163.96;640;10088363054;B
20240410;165357;163.96;10;10088363055;B
20240410;165357;163.96;100;10088363056;B
20240410;165357;163.98;40;10088363057;B
20240410;165357;163.98;10;10088363058;B
20240410;165357;163.98;10;10088363059;B
20240410;165357;163.98;3660;10088363060;B
20240410;165357;163.98;1960;10088363061;B
20240410;165357;163.92;10;10088363066;S
20240410;165357;163.92;150;10088363067;S
20240410;165357;163.92;1220;10088363068;S
20240410;165357;163.9;60;10088363069;S
20240410;165357;163.9;10;10088363070;S
20240410;165357;163.9;500;10088363071;S
20240410;165357;163.9;1170;10088363072;S
20240410;165357;163.88;120;10088363073;S
20240410;165401;163.94;10;10088363386;B
20240410;165402;163.94;10;10088363478;B
20240410;165402;163.94;90;10088363489;B
20240410;165404;163.94;60;10088363599;B
20240410;165406;163.94;10;10088363837;B
20240410;165407;163.94;490;10088363848;B
20240410;165407;163.94;20;10088363849;B
20240410;165410;163.94;70;10088364075;S
20240410;165410;163.9;30;10088364076;S
20240410;165412;163.9;120;10088364203;S
20240410;165412;163.9;10;10088364204;S
20240410;165412;163.9;50;10088364205;S
20240410;165412;163.88;20;10088364206;S
20240410;165416;163.92;40;10088364544;B
20240410;165416;163.94;10;10088364545;B
20240410;165416;163.96;150;10088364546;B
20240410;165416;163.98;100;10088364547;B
20240410;165418;163.96;30;10088364640;B
20240410;165427;163.94;10;10088365283;B
20240410;165427;163.94;90;10088365329;S
20240410;165427;163.9;50;10088365330;S
20240410;165427;163.9;150;10088365331;S
20240410;165427;163.9;140;10088365332;S
20240410;165429;163.94;10;10088365407;B
20240410;165429;163.94;20;10088365467;B
20240410;165430;163.94;20;10088365529;B
20240410;165430;163.96;20;10088365530;B
20240410;165434;163.96;100;10088365766;B
20240410;165434;163.96;40;10088365767;B
20240410;165434;163.96;50;10088365768;B
20240410;165434;163.96;50;10088365769;B
20240410;165434;163.96;200;10088365770;B
20240410;165434;163.98;10;10088365771;B
20240410;165437;163.96;20;10088366007;B
20240410;165437;163.96;130;10088366022;B
20240410;165437;163.98;770;10088366023;B
20240410;165440;163.96;50;10088366208;B
20240410;165440;163.96;20;10088366215;S
20240410;165440;163.94;90;10088366216;S
20240410;165440;163.98;10;10088366229;B
20240410;165440;163.98;190;10088366250;B
20240410;165440;163.98;90;10088366251;B
20240410;165440;163.98;10;10088366252;B
20240410;165440;164;100;10088366253;B
20240410;165440;164;10;10088366254;B
20240410;165440;164;10;10088366255;B
20240410;165440;164;100;10088366256;B
20240410;165440;164;200;10088366257;B
20240410;165440;164;100;10088366258;B
20240410;165440;164;100;10088366259;B
20240410;165440;164;4090;10088366260;B
20240410;165441;163.94;10;10088366293;S
20240410;165442;163.94;50;10088366435;S
20240410;165442;163.92;550;10088366436;S
20240410;165444;163.92;600;10088366594;S
20240410;165446;163.98;150;10088366749;B
20240410;165446;163.98;10;10088366750;B
20240410;165446;163.98;50;10088366751;B
20240410;165446;163.98;290;10088366752;B
20240410;165447;163.92;150;10088366825;S
20240410;165447;163.92;550;10088366826;S
20240410;165451;163.96;50;10088367073;B
20240410;165452;163.98;50;10088367168;B
20240410;165452;163.98;50;10088367169;B
20240410;165453;163.98;10;10088367271;S
20240410;165454;164;10;10088367302;B
20240410;165457;164;50;10088367504;B
20240410;165457;164;100;10088367505;B
20240410;165457;164;800;10088367506;B
20240410;165457;164;10;10088367507;B
20240410;165457;164;6590;10088367508;B
20240410;165458;163.98;20;10088367612;S
20240410;165502;164;10;10088367943;B
20240410;165502;164;150;10088367944;B
20240410;165502;164;300;10088367945;B
20240410;165502;164.02;60;10088367968;B
20240410;165504;164.02;640;10088368087;B
20240410;165504;164.04;2360;10088368088;B
20240410;165517;164.04;10;10088369000;B
20240410;165518;164.04;440;10088369110;B
20240410;165518;164.04;60;10088369111;B
20240410;165519;164.02;100;10088369152;S
20240410;165521;164.02;150;10088369273;S
20240410;165521;164.02;250;10088369274;S
20240410;165524;164.04;10;10088369551;B
20240410;165524;164.04;10;10088369575;B
20240410;165525;164.04;20;10088369609;B
20240410;165525;164.04;100;10088369610;B
20240410;165525;164.06;60;10088369611;B
20240410;165525;164.06;320;10088369612;B
20240410;165525;164.02;10;10088369651;S
20240410;165528;164.04;100;10088369834;B
20240410;165529;164.06;60;10088369969;B
20240410;165531;164.08;250;10088370076;B
20240410;165531;164.08;10;10088370077;B
20240410;165531;164.08;610;10088370078;B
20240410;165533;164.08;30;10088370180;B
20240410;165533;164.08;30;10088370252;B
20240410;165535;164.06;20;10088370332;S
20240410;165535;164.04;380;10088370333;S
20240410;165535;164.08;30;10088370365;B
20240410;165542;164.08;40;10088371087;B
20240410;165542;164.08;50;10088371088;B
20240410;165546;164.1;10;10088371319;B
20240410;165551;164.06;30;10088371848;S
20240410;165551;164.04;740;10088371849;S
20240410;165551;164.02;150;10088371850;S
20240410;165551;164.02;1530;10088371851;S
20240410;165551;164.02;1220;10088371852;S
20240410;165551;164.02;770;10088371853;S
20240410;165551;164;10;10088371854;S
20240410;165551;164;250;10088371855;S
20240410;165551;164;6000;10088371856;S
20240410;165551;164;60;10088371857;S
20240410;165551;164;50;10088371858;S
20240410;165551;163.98;50;10088371859;S
20240410;165551;163.98;50;10088371860;S
20240410;165551;163.98;10;10088371861;S
20240410;165551;163.98;1200;10088371862;S
20240410;165551;163.96;3040;10088371863;S
20240410;165551;163.96;2000;10088371864;S
20240410;165551;163.94;50;10088371865;S
20240410;165551;163.94;500;10088371866;S
20240410;165551;163.94;20;10088371867;S
20240410;165551;163.94;3660;10088371868;S
20240410;165551;163.94;10000;10088371869;S
20240410;165551;163.94;1500;10088371870;S
20240410;165551;163.94;10000;10088371871;S
20240410;165551;163.94;10000;10088371872;S
20240410;165551;163.92;5290;10088371873;S
20240410;165551;163.98;70;10088371891;B
20240410;165557;163.98;80;10088372265;B
20240410;165557;163.98;50;10088372266;B
20240410;165557;163.98;1140;10088372267;B
20240410;165559;163.9;10;10088372493;S
20240410;165559;163.98;110;10088372557;B
20240410;165559;163.98;50;10088372558;B
20240410;165559;163.98;840;10088372559;B
20240410;165600;163.9;20;10088372571;S
20240410;165601;163.96;10;10088372678;B
20240410;165601;163.96;60;10088372693;B
20240410;165605;163.96;550;10088373004;B
20240410;165605;163.96;20;10088373005;B
20240410;165605;163.98;830;10088373006;B
20240410;165608;163.96;160;10088373177;B
20240410;165618;163.96;150;10088373913;B
20240410;165618;163.96;200;10088373914;B
20240410;165618;163.96;150;10088373915;B
20240410;165619;163.96;20;10088373948;B
20240410;165619;163.96;20;10088373962;B
20240410;165626;163.94;10;10088374450;S
20240410;165628;163.94;30;10088374561;B
20240410;165630;163.92;20;10088374689;B
20240410;165632;163.92;30;10088374874;B
20240410;165634;163.92;30;10088374974;B
20240410;165634;163.92;40;10088374975;B
20240410;165634;163.94;30;10088374976;B
20240410;165639;163.92;10;10088375341;B
20240410;165641;163.92;30;10088375459;B
20240410;165641;163.94;130;10088375460;B
20240410;165641;163.96;590;10088375461;B
20240410;165641;163.94;40;10088375464;B
20240410;165642;163.94;40;10088375632;B
20240410;165642;163.96;160;10088375633;B
20240410;165646;163.9;60;10088375802;S
20240410;165647;163.9;540;10088375856;S
20240410;165647;163.9;100;10088375857;S
20240410;165647;163.9;200;10088375858;S
20240410;165647;163.9;200;10088375859;S
20240410;165647;163.9;100;10088375860;S
20240410;165649;163.9;300;10088375997;B
20240410;165649;163.9;600;10088376045;B
20240410;165650;163.88;10;10088376096;S
20240410;165650;163.88;2000;10088376097;S
20240410;165650;163.88;10;10088376098;S
20240410;165650;163.88;10;10088376099;S
20240410;165650;163.88;10;10088376100;S
20240410;165650;163.88;1530;10088376101;S
20240410;165650;163.86;4500;10088376102;S
20240410;165655;163.86;100;10088376428;S
20240410;165656;163.86;10;10088376525;S
20240410;165656;163.86;10;10088376536;S
20240410;165700;163.86;20;10088376813;S
20240410;165701;163.9;10;10088376836;B
20240410;165701;163.9;80;10088376861;B
20240410;165702;163.86;100;10088376982;S
20240410;165703;163.9;10;10088377017;B
20240410;165708;163.88;30;10088377416;B
20240410;165708;163.9;10;10088377417;B
20240410;165709;163.86;300;10088377556;S
20240410;165710;163.86;450;10088377569;S
20240410;165710;163.86;10;10088377570;S
20240410;165710;163.86;30;10088377571;S
20240410;165710;163.86;50;10088377572;S
20240410;165710;163.84;100;10088377573;S
20240410;165710;163.84;100;10088377574;S
20240410;165710;163.84;50;10088377575;S
20240410;165710;163.84;250;10088377576;S
20240410;165710;163.84;10;10088377577;S
20240410;165710;163.84;50;10088377578;S
20240410;165710;163.84;50;10088377579;S
20240410;165710;163.84;50;10088377580;S
20240410;165710;163.82;1500;10088377581;S
20240410;165710;163.82;50;10088377582;S
20240410;165710;163.82;10;10088377583;S
20240410;165710;163.82;500;10088377584;S
20240410;165710;163.82;240;10088377585;S
20240410;165713;163.88;70;10088377803;B
20240410;165714;163.88;130;10088377849;B
20240410;165714;163.88;10;10088377850;B
20240410;165714;163.88;100;10088377851;B
20240410;165714;163.9;100;10088377852;B
20240410;165714;163.9;300;10088377853;B
20240410;165714;163.9;40;10088377854;B
20240410;165714;163.9;250;10088377855;B
20240410;165714;163.9;430;10088377893;S
20240410;165717;163.9;100;10088378091;S
20240410;165717;163.9;11380;10088378096;S
20240410;165717;163.86;1140;10088378097;S
20240410;165717;163.86;200;10088378098;S
20240410;165717;163.84;1510;10088378099;S
20240410;165717;163.84;400;10088378100;S
20240410;165717;163.84;50;10088378101;S
20240410;165717;163.84;10;10088378102;S
20240410;165717;163.84;10;10088378103;S
20240410;165717;163.82;760;10088378104;S
20240410;165717;163.82;100;10088378105;S
20240410;165717;163.82;50;10088378106;S
20240410;165717;163.82;250;10088378107;S
20240410;165717;163.82;10;10088378108;S
20240410;165717;163.82;1550;10088378109;S
20240410;165717;163.82;20;10088378110;S
20240410;165717;163.82;150;10088378111;S
20240410;165717;163.82;100;10088378112;S
20240410;165717;163.82;1000;10088378113;S
20240410;165717;163.82;1000;10088378114;S
20240410;165717;163.82;1000;10088378115;S
20240410;165717;163.82;1000;10088378116;S
20240410;165717;163.82;1000;10088378117;S
20240410;165717;163.82;1000;10088378118;S
20240410;165717;163.82;250;10088378119;S
20240410;165717;163.82;300;10088378120;S
20240410;165717;163.82;50;10088378121;S
20240410;165717;163.82;50;10088378122;S
20240410;165717;163.82;400;10088378123;S
20240410;165717;163.82;50;10088378124;S
20240410;165717;163.82;500;10088378125;S
20240410;165717;163.8;150180;10088378126;S
20240410;165717;163.8;10;10088378127;S
20240410;165717;163.8;10;10088378128;S
20240410;165717;163.8;750;10088378129;S
20240410;165717;163.8;10;10088378130;S
20240410;165717;163.8;20;10088378131;S
20240410;165717;163.8;60;10088378132;S
20240410;165717;163.8;100;10088378133;S
20240410;165717;163.8;50;10088378134;S
20240410;165717;163.8;10;10088378135;S
20240410;165717;163.8;10;10088378136;S
20240410;165717;163.8;10;10088378137;S
20240410;165717;163.8;10;10088378138;S
20240410;165717;163.8;30;10088378139;S
20240410;165717;163.8;100;10088378140;S
20240410;165717;163.8;10;10088378141;S
20240410;165717;163.8;50;10088378142;S
20240410;165717;163.8;100;10088378143;S
20240410;165717;163.8;10;10088378144;S
20240410;165717;163.8;30;10088378145;S
20240410;165717;163.8;10;10088378146;S
20240410;165717;163.8;10;10088378147;S
20240410;165717;163.8;10;10088378148;S
20240410;165717;163.8;40;10088378149;S
20240410;165717;163.8;10;10088378150;S
20240410;165717;163.8;100;10088378151;S
20240410;165717;163.8;10;10088378152;S
20240410;165717;163.8;100;10088378153;S
20240410;165717;163.8;180;10088378154;S
20240410;165717;163.8;10;10088378155;S
20240410;165717;163.8;17340;10088378156;S
20240410;165717;163.8;30;10088378170;S
20240410;165718;163.8;100;10088378419;S
20240410;165719;163.86;50;10088378510;B
20240410;165720;163.82;180;10088378562;B
20240410;165720;163.8;1000;10088378587;S
20240410;165722;163.8;1250;10088378731;S
20240410;165723;163.82;500;10088378804;B
20240410;165725;163.82;9320;10088378883;B
20240410;165725;163.82;1220;10088378884;B
20240410;165725;163.82;720;10088378885;B
20240410;165725;163.82;100;10088378886;B
20240410;165725;163.84;400;10088378887;B
20240410;165725;163.86;250;10088378888;B
20240410;165725;163.86;1530;10088378889;B
20240410;165725;163.86;770;10088378890;B
20240410;165725;163.86;10;10088378891;B
20240410;165725;163.86;10;10088378892;B
20240410;165725;163.86;250;10088378893;B
20240410;165725;163.86;500;10088378957;S
20240410;165726;163.86;3560;10088378995;S
20240410;165726;163.82;380;10088378996;S
20240410;165726;163.8;1060;10088378997;S
20240410;165727;163.82;30;10088379100;B
20240410;165730;163.82;500;10088379256;B
20240410;165730;163.82;10;10088379273;B
20240410;165732;163.82;10;10088379402;B
20240410;165734;163.8;400;10088379590;S
20240410;165735;163.8;10000;10088379658;S
20240410;165736;163.8;2680;10088379720;S
20240410;165736;163.82;670;10088379721;B
20240410;165736;163.82;570;10088379722;B
20240410;165737;163.8;10;10088379783;S
20240410;165739;163.82;10;10088379957;B
20240410;165739;163.8;6130;10088379971;S
20240410;165739;163.78;2000;10088379972;S
20240410;165739;163.78;100;10088379973;S
20240410;165739;163.78;50;10088379974;S
20240410;165739;163.78;2000;10088379975;S
20240410;165739;163.78;10;10088379976;S
20240410;165739;163.78;200;10088379977;S
20240410;165739;163.76;27500;10088379978;S
20240410;165739;163.76;10;10088379979;S
20240410;165739;163.76;10;10088379980;S
20240410;165739;163.76;40;10088379981;S
20240410;165739;163.76;350;10088379982;S
20240410;165739;163.76;110;10088379991;S
20240410;165739;163.76;250;10088379993;S
20240410;165739;163.76;500;10088379994;S
20240410;165739;163.76;500;10088379995;S
20240410;165739;163.76;500;10088379996;S
20240410;165740;163.76;10;10088379998;S
20240410;165740;163.76;7780;10088379999;S
20240410;165740;163.74;2000;10088380000;S
20240410;165740;163.74;30;10088380001;S
20240410;165740;163.74;40;10088380002;S
20240410;165740;163.74;120;10088380003;S
20240410;165740;163.74;30;10088380004;S
20240410;165740;163.74;800;10088380005;S
20240410;165740;163.74;250;10088380008;S
20240410;165740;163.74;250;10088380009;S
20240410;165740;163.74;100;10088380010;S
20240410;165740;163.74;50;10088380012;S
20240410;165740;163.74;10;10088380013;S
20240410;165740;163.74;300;10088380028;S
20240410;165740;163.74;70;10088380048;S
20240410;165741;163.74;800;10088380118;S
20240410;165742;163.74;2000;10088380178;S
20240410;165742;163.74;30;10088380179;S
20240410;165743;163.74;10;10088380297;S
20240410;165744;163.76;10;10088380343;B
20240410;165744;163.74;3330;10088380389;S
20240410;165746;163.72;10;10088380491;S
20240410;165746;163.72;90;10088380492;S
20240410;165747;163.72;510;10088380566;S
20240410;165747;163.72;10;10088380567;S
20240410;165747;163.72;100;10088380568;S
20240410;165747;163.72;20;10088380569;S
20240410;165747;163.72;110;10088380570;S
20240410;165747;163.72;500;10088380571;S
20240410;165747;163.72;50;10088380572;S
20240410;165747;163.72;100;10088380573;S
20240410;165747;163.72;10;10088380574;S
20240410;165747;163.72;10;10088380575;S
20240410;165747;163.72;130;10088380576;S
20240410;165747;163.72;10;10088380577;S
20240410;165747;163.72;10;10088380578;S
20240410;165747;163.72;50;10088380579;S
20240410;165747;163.72;250;10088380580;S
20240410;165747;163.72;10;10088380581;S
20240410;165747;163.72;190;10088380582;S
20240410;165747;163.72;10;10088380583;S
20240410;165747;163.72;2000;10088380584;S
20240410;165747;163.72;10;10088380585;S
20240410;165747;163.72;20;10088380586;S
20240410;165747;163.7;30;10088380587;S
20240410;165747;163.7;50;10088380588;S
20240410;165747;163.7;810;10088380589;S
20240410;165747;163.7;1190;10088380592;S
20240410;165747;163.7;20;10088380593;S
20240410;165747;163.7;10;10088380594;S
20240410;165747;163.7;10;10088380595;S
20240410;165747;163.7;10;10088380596;S
20240410;165747;163.7;260;10088380597;S
20240410;165747;163.7;440;10088380598;S
20240410;165747;163.7;100;10088380599;S
20240410;165747;163.7;200;10088380600;S
20240410;165747;163.7;10;10088380601;S
20240410;165747;163.7;10;10088380602;S
20240410;165747;163.7;740;10088380603;S
20240410;165747;163.7;1500;10088380607;S
20240410;165747;163.74;480;10088380611;B
20240410;165747;163.74;390;10088380612;B
20240410;165747;163.76;1200;10088380613;B
20240410;165747;163.76;100;10088380614;B
20240410;165747;163.76;200;10088380615;B
20240410;165747;163.76;200;10088380616;B
20240410;165747;163.76;1530;10088380617;B
20240410;165747;163.76;2510;10088380618;B
20240410;165747;163.7;500;10088380654;S
20240410;165747;163.7;100;10088380660;S
20240410;165747;163.74;10;10088380680;B
20240410;165747;163.74;10;10088380682;B
20240410;165747;163.7;50;10088380685;S
20240410;165747;163.7;20000;10088380688;S
20240410;165747;163.7;10000;10088380689;S
20240410;165748;163.7;200;10088380691;S
20240410;165748;163.72;30;10088380753;B
20240410;165748;163.7;1250;10088380757;S
20240410;165748;163.7;10010;10088380758;S
20240410;165748;163.7;1830;10088380796;S
20240410;165749;163.7;1000;10088380817;S
20240410;165749;163.7;1000;10088380818;S
20240410;165749;163.7;2000;10088380820;S
20240410;165749;163.7;5090;10088380857;S
20240410;165751;163.7;10;10088380950;S
20240410;165751;163.72;10;10088380956;B
20240410;165754;163.7;31890;10088381202;S
20240410;165754;163.7;5000;10088381247;S
20240410;165755;163.7;8500;10088381279;S
20240410;165755;163.7;6000;10088381281;S
20240410;165755;163.7;1000;10088381285;S
20240410;165755;163.7;90;10088381295;S
20240410;165755;163.7;1000;10088381312;S
20240410;165755;163.7;1000;10088381355;S
20240410;165755;163.7;250;10088381356;S
20240410;165755;163.7;600;10088381368;S
20240410;165755;163.7;10000;10088381370;S
20240410;165756;163.7;50;10088381372;S
20240410;165756;163.7;380;10088381373;S
20240410;165756;163.7;50;10088381375;S
20240410;165756;163.7;2400;10088381389;S
20240410;165756;163.7;50;10088381395;S
20240410;165756;163.7;50;10088381397;S
20240410;165756;163.7;30;10088381398;S
20240410;165756;163.7;1500;10088381424;S
20240410;165756;163.7;240;10088381437;S
20240410;165756;163.7;5000;10088381438;S
20240410;165756;163.7;30;10088381445;S
20240410;165756;163.7;360;10088381448;S
20240410;165756;163.7;50;10088381453;S
20240410;165757;163.7;100;10088381496;S
20240410;165757;163.7;30;10088381503;S
20240410;165757;163.7;20;10088381560;S
20240410;165758;163.72;1050;10088381579;B
20240410;165758;163.72;500;10088381580;B
20240410;165758;163.72;400;10088381581;B
20240410;165758;163.72;400;10088381582;B
20240410;165758;163.72;200;10088381583;B
20240410;165758;163.72;20;10088381584;B
20240410;165758;163.72;20;10088381585;B
20240410;165758;163.72;20;10088381586;B
20240410;165758;163.72;10;10088381587;B
20240410;165758;163.72;20;10088381588;B
20240410;165758;163.72;20;10088381589;B
20240410;165758;163.74;180;10088381590;B
20240410;165758;163.76;10;10088381591;B
20240410;165758;163.76;190;10088381592;B
20240410;165758;163.78;1530;10088381593;B
20240410;165758;163.78;5820;10088381594;B
20240410;165758;163.8;2940;10088381595;B
20240410;165758;163.72;20;10088381616;S
20240410;165758;163.72;50;10088381622;S
20240410;165758;163.72;130;10088381624;S
20240410;165758;163.7;1120;10088381625;S
20240410;165758;163.72;200;10088381646;S
20240410;165759;163.7;1680;10088381668;S
20240410;165800;163.7;2000;10088381846;S
20240410;165801;163.72;80;10088381859;B
20240410;165801;163.7;100;10088381864;S
20240410;165801;163.72;10;10088381868;B
20240410;165801;163.7;10;10088381935;S
20240410;165802;163.7;200;10088382020;S
20240410;165803;163.72;100;10088382100;B
20240410;165803;163.7;180;10088382103;S
20240410;165804;163.7;100;10088382133;S
20240410;165804;163.7;2400;10088382152;S
20240410;165804;163.7;2980;10088382165;S
20240410;165808;163.7;100;10088382608;S
20240410;165808;163.7;80;10088382632;S
20240410;165809;163.72;1150;10088382649;B
20240410;165809;163.7;30;10088382678;S
20240410;165810;163.72;70;10088382757;B
20240410;165811;163.7;400;10088382782;S
20240410;165811;163.7;16200;10088382788;S
20240410;165811;163.7;20;10088382789;S
20240410;165811;163.7;10;10088382790;S
20240410;165811;163.7;10;10088382791;S
20240410;165811;163.7;10;10088382792;S
20240410;165811;163.7;240;10088382793;S
20240410;165811;163.7;100;10088382794;S
20240410;165811;163.7;10;10088382795;S
20240410;165811;163.7;10;10088382796;S
20240410;165811;163.7;10;10088382797;S
20240410;165811;163.7;4110;10088382798;S
20240410;165811;163.72;1000;10088382805;B
20240410;165815;163.7;500;10088383057;S
20240410;165816;163.72;10;10088383125;B
20240410;165816;163.72;400;10088383182;B
20240410;165817;163.7;300;10088383213;S
20240410;165817;163.7;1550;10088383230;S
20240410;165817;163.7;2000;10088383274;S
20240410;165818;163.7;300;10088383300;S
20240410;165819;163.7;100;10088383355;S
20240410;165820;163.72;10;10088383403;B
20240410;165820;163.72;1970;10088383409;B
20240410;165820;163.72;500;10088383410;B
20240410;165820;163.72;270;10088383411;B
20240410;165820;163.72;230;10088383471;B
20240410;165821;163.74;70;10088383477;B
20240410;165821;163.72;270;10088383490;S
20240410;165821;163.7;1140;10088383491;S
20240410;165821;163.7;8880;10088383492;S
20240410;165821;163.7;80;10088383493;S
20240410;165821;163.68;1150;10088383494;S
20240410;165821;163.68;10;10088383495;S
20240410;165821;163.68;10;10088383496;S
20240410;165821;163.68;200;10088383497;S
20240410;165821;163.66;10;10088383498;S
20240410;165821;163.66;50;10088383499;S
20240410;165821;163.66;2000;10088383500;S
20240410;165821;163.66;100;10088383501;S
20240410;165821;163.66;30;10088383502;S
20240410;165821;163.66;30;10088383503;S
20240410;165821;163.66;10;10088383504;S
20240410;165821;163.64;20;10088383505;S
20240410;165821;163.64;500;10088383506;S
20240410;165821;163.64;2500;10088383507;S
20240410;165821;163.64;1000;10088383508;S
20240410;165821;163.64;100;10088383509;S
20240410;165821;163.62;20;10088383510;S
20240410;165821;163.62;10;10088383511;S
20240410;165821;163.62;1000;10088383512;S
20240410;165821;163.62;880;10088383513;S
20240410;165821;163.72;500;10088383516;S
20240410;165821;163.64;500;10088383517;S
20240410;165821;163.62;120;10088383518;S
20240410;165821;163.62;10;10088383519;S
20240410;165821;163.62;70;10088383520;S
20240410;165821;163.62;10;10088383521;S
20240410;165821;163.62;500;10088383522;S
20240410;165821;163.62;100;10088383523;S
20240410;165821;163.6;10;10088383524;S
20240410;165821;163.6;30;10088383525;S
20240410;165821;163.6;640;10088383526;S
20240410;165821;163.72;100;10088383528;S
20240410;165821;163.72;10;10088383529;S
20240410;165821;163.72;90;10088383530;S
20240410;165821;163.6;540;10088383531;S
20240410;165821;163.68;500;10088383536;S
20240410;165821;163.64;10;10088383537;S
20240410;165821;163.6;490;10088383538;S
20240410;165821;163.62;500;10088383540;S
20240410;165821;163.6;330;10088383543;S
20240410;165821;163.6;10;10088383544;S
20240410;165821;163.6;360;10088383545;S
20240410;165821;163.6;40;10088383546;S
20240410;165821;163.6;300;10088383552;S
20240410;165821;163.6;10;10088383553;S
20240410;165821;163.6;500;10088383554;S
20240410;165821;163.6;40;10088383555;S
20240410;165821;163.6;100;10088383558;S
20240410;165821;163.6;1360;10088383588;S
20240410;165821;163.6;300;10088383589;S
20240410;165821;163.6;50;10088383590;S
20240410;165821;163.6;10;10088383591;S
20240410;165821;163.6;250;10088383592;S
20240410;165821;163.6;30;10088383593;S
20240410;165821;163.6;200;10088383611;S
20240410;165821;163.6;100;10088383612;S
20240410;165821;163.6;500;10088383613;S
20240410;165822;163.6;30;10088383616;S
20240410;165822;163.6;10;10088383617;S
20240410;165822;163.6;150;10088383618;S
20240410;165822;163.6;600;10088383619;S
20240410;165822;163.6;100;10088383620;S
20240410;165822;163.58;10;10088383621;S
20240410;165822;163.58;500;10088383622;S
20240410;165822;163.58;10;10088383623;S
20240410;165822;163.58;460;10088383624;S
20240410;165822;163.58;2840;10088383626;S
20240410;165822;163.58;150;10088383627;S
20240410;165822;163.58;200;10088383628;S
20240410;165822;163.58;500;10088383629;S
20240410;165822;163.58;100;10088383630;S
20240410;165822;163.58;10;10088383631;S
20240410;165822;163.58;190;10088383643;S
20240410;165822;163.58;3060;10088383676;S
20240410;165822;163.58;3450;10088383678;S
20240410;165822;163.56;10;10088383679;S
20240410;165822;163.56;10;10088383680;S
20240410;165822;163.56;100;10088383681;S
20240410;165822;163.56;100;10088383682;S
20240410;165822;163.56;10;10088383683;S
20240410;165822;163.56;200;10088383684;S
20240410;165822;163.56;20;10088383685;S
20240410;165822;163.56;20;10088383690;S
20240410;165822;163.56;10;10088383691;S
20240410;165822;163.56;50;10088383692;S
20240410;165822;163.56;1680;10088383693;S
20240410;165822;163.54;10;10088383694;S
20240410;165822;163.54;50;10088383695;S
20240410;165822;163.54;10;10088383696;S
20240410;165822;163.54;50;10088383697;S
20240410;165822;163.54;2000;10088383698;S
20240410;165822;163.54;1150;10088383699;S
20240410;165822;163.62;100;10088383703;S
20240410;165822;163.54;290;10088383704;S
20240410;165822;163.54;560;10088383705;S
20240410;165822;163.54;60;10088383706;S
20240410;165822;163.6;10;10088383724;S
20240410;165822;163.58;120;10088383731;B
20240410;165822;163.54;240;10088383735;S
20240410;165822;163.54;50;10088383736;S
20240410;165822;163.54;10;10088383737;S
20240410;165822;163.54;100;10088383738;S
20240410;165822;163.52;10;10088383739;S
20240410;165822;163.52;20;10088383740;S
20240410;165822;163.52;70;10088383741;S
20240410;165822;163.52;400;10088383742;S
20240410;165822;163.52;530;10088383746;S
20240410;165822;163.52;120;10088383747;S
20240410;165822;163.52;880;10088383750;S
20240410;165822;163.52;10;10088383751;S
20240410;165822;163.52;1740;10088383752;S
20240410;165822;163.58;10;10088383757;B
20240410;165823;163.52;100;10088383763;S
20240410;165823;163.52;160;10088383770;S
20240410;165823;163.52;20;10088383771;S
20240410;165823;163.52;450;10088383772;S
20240410;165823;163.52;100;10088383773;S
20240410;165823;163.52;70;10088383774;S
20240410;165823;163.52;130;10088383775;S
20240410;165823;163.52;100;10088383776;S
20240410;165823;163.52;470;10088383777;S
20240410;165824;163.58;70;10088383963;B
20240410;165824;163.6;1490;10088383964;B
20240410;165824;163.6;1000;10088383965;B
20240410;165824;163.64;940;10088383966;B
20240410;165824;163.64;1000;10088383967;B
20240410;165825;163.62;200;10088384034;B
20240410;165825;163.66;100;10088384040;B
20240410;165825;163.64;80;10088384064;S
20240410;165826;163.64;720;10088384118;S
20240410;165826;163.64;10;10088384119;S
20240410;165827;163.62;20;10088384350;B
20240410;165828;163.62;110;10088384581;B
20240410;165828;163.64;890;10088384582;B
20240410;165829;163.64;250;10088384984;B
20240410;165829;163.64;130;10088385014;B
20240410;165830;163.62;600;10088385295;S
20240410;165830;163.66;20;10088385303;B
20240410;165831;163.66;280;10088385452;B
20240410;165831;163.7;470;10088385453;B
20240410;165831;163.72;5450;10088385454;B
20240410;165832;163.72;120;10088385721;B
20240410;165832;163.74;70;10088385722;B
20240410;165833;163.68;10;10088385928;S
20240410;165833;163.66;250;10088385929;S
20240410;165833;163.66;200;10088385930;S
20240410;165833;163.64;10;10088385931;S
20240410;165833;163.64;100;10088385932;S
20240410;165833;163.64;100;10088385933;S
20240410;165833;163.62;620;10088385934;S
20240410;165833;163.62;100;10088385935;S
20240410;165833;163.64;10;10088385941;S
20240410;165833;163.7;10;10088386053;S
20240410;165833;163.64;90;10088386054;B
20240410;165834;163.7;10;10088386186;B
20240410;165834;163.64;10;10088386253;S
20240410;165834;163.7;10;10088386303;B
20240410;165835;163.68;10;10088386458;B
20240410;165836;163.68;10;10088386676;B
20240410;165838;163.64;10;10088387040;S
20240410;165838;163.64;590;10088387041;S
20240410;165842;163.62;230;10088387851;B
20240410;165842;163.6;240;10088387960;S
20240410;165842;163.58;560;10088387961;S
20240410;165843;163.58;100;10088388107;S
20240410;165844;163.62;10;10088388486;B
20240410;165844;163.62;20;10088388494;B
20240410;165846;163.62;40;10088388945;B
20240410;165846;163.62;30;10088388946;B
20240410;165846;163.62;10;10088388970;B
20240410;165847;163.58;100;10088389038;S
20240410;165847;163.62;20;10088389064;B
20240410;165847;163.62;1040;10088389078;B
20240410;165847;163.66;220;10088389079;B
20240410;165847;163.68;10;10088389080;B
20240410;165847;163.68;100;10088389081;B
20240410;165847;163.68;30;10088389082;B
20240410;165847;163.68;100;10088389083;B
20240410;165850;163.66;10;10088389774;B
20240410;165852;163.62;50;10088390209;S
20240410;165852;163.6;230;10088390210;S
20240410;165853;163.66;290;10088390321;B
20240410;165856;163.68;110;10088390897;B
20240410;165856;163.68;80;10088390898;B
20240410;165858;163.66;40;10088391349;B
20240410;165904;163.66;10;10088392508;B
20240410;165904;163.68;10;10088392509;B
20240410;165904;163.68;10;10088392619;B
20240410;165905;163.68;60;10088392743;B
20240410;165905;163.68;10;10088392796;B
20240410;165905;163.68;30;10088392900;B
20240410;165905;163.68;10;10088392901;B
20240410;165907;163.7;100;10088393278;B
20240410;165910;163.62;350;10088393874;S
20240410;165910;163.62;100;10088393875;S
20240410;165910;163.62;10;10088393876;S
20240410;165910;163.6;140;10088393877;S
20240410;165911;163.6;180;10088393993;S
20240410;165911;163.58;1300;10088394017;S
20240410;165912;163.68;30;10088394095;B
20240410;165913;163.68;10;10088394124;B
20240410;165914;163.62;10;10088394242;S
20240410;165915;163.68;20;10088394346;B
20240410;165915;163.68;10;10088394347;B
20240410;165915;163.7;210;10088394348;B
20240410;165915;163.62;10;10088394411;S
20240410;165916;163.62;820;10088394533;S
20240410;165916;163.68;30;10088394536;B
20240410;165916;163.7;20;10088394537;B
20240410;165917;163.62;100;10088394639;S
20240410;165917;163.62;20;10088394648;S
20240410;165919;163.6;390;10088394905;S
20240410;165920;163.6;200;10088394974;S
20240410;165925;163.6;90;10088395710;S
20240410;165925;163.6;320;10088395772;S
20240410;165925;163.6;80;10088395773;S
20240410;165926;163.6;210;10088395789;B
20240410;165926;163.6;50;10088395866;B
20240410;165927;163.58;20;10088395928;S
20240410;165929;163.6;10;10088396127;B
20240410;165930;163.58;50;10088396279;S
20240410;165932;163.6;800;10088396619;B
20240410;165933;163.6;100;10088396778;B
20240410;165934;163.6;30;10088396938;B
20240410;165934;163.6;220;10088396939;B
20240410;165934;163.6;50;10088396945;B
20240410;165935;163.58;50;10088396987;S
20240410;165935;163.6;10;10088396989;B
20240410;165935;163.58;880;10088397066;S
20240410;165935;163.58;1000;10088397067;S
20240410;165935;163.56;200;10088397068;S
20240410;165935;163.54;10;10088397069;S
20240410;165935;163.54;50;10088397070;S
20240410;165935;163.54;2000;10088397071;S
20240410;165935;163.54;400;10088397072;S
20240410;165935;163.54;200;10088397073;S
20240410;165935;163.52;6080;10088397074;S
20240410;165935;163.52;10;10088397075;S
20240410;165935;163.52;4370;10088397076;S
20240410;165935;163.52;1000;10088397077;S
20240410;165935;163.52;1000;10088397078;S
20240410;165935;163.52;2000;10088397079;S
20240410;165935;163.52;150;10088397080;S
20240410;165935;163.52;650;10088397081;S
20240410;165936;163.52;1450;10088397194;S
20240410;165936;163.52;200;10088397195;S
20240410;165936;163.5;2200;10088397196;S
20240410;165936;163.5;20;10088397197;S
20240410;165936;163.5;10;10088397198;S
20240410;165936;163.5;120;10088397199;S
20240410;165936;163.5;180;10088397208;S
20240410;165936;163.5;10;10088397209;S
20240410;165936;163.5;1000;10088397210;S
20240410;165936;163.5;20;10088397211;S
20240410;165936;163.5;100;10088397212;S
20240410;165936;163.5;120;10088397213;S
20240410;165936;163.5;50;10088397214;S
20240410;165936;163.5;10;10088397215;S
20240410;165936;163.5;10;10088397216;S
20240410;165936;163.5;10;10088397217;S
20240410;165936;163.5;100;10088397218;S
20240410;165936;163.5;10;10088397219;S
20240410;165936;163.5;1000;10088397220;S
20240410;165936;163.5;10;10088397221;S
20240410;165936;163.5;20;10088397222;S
20240410;165936;163.5;20;10088397223;S
20240410;165936;163.5;10;10088397224;S
20240410;165936;163.5;1000;10088397225;S
20240410;165936;163.5;10;10088397226;S
20240410;165936;163.5;10;10088397227;S
20240410;165936;163.5;500;10088397228;S
20240410;165936;163.5;40;10088397229;S
20240410;165936;163.5;10;10088397230;S
20240410;165936;163.5;10;10088397231;S
20240410;165936;163.5;30;10088397232;S
20240410;165936;163.5;1000;10088397233;S
20240410;165936;163.5;10;10088397234;S
20240410;165936;163.5;500;10088397235;S
20240410;165936;163.5;10;10088397236;S
20240410;165936;163.5;3000;10088397237;S
20240410;165936;163.5;10;10088397238;S
20240410;165936;163.5;50;10088397239;S
20240410;165936;163.5;70;10088397240;S
20240410;165936;163.5;10;10088397241;S
20240410;165936;163.5;50;10088397242;S
20240410;165936;163.5;10;10088397243;S
20240410;165936;163.5;40;10088397244;S
20240410;165936;163.5;950;10088397245;S
20240410;165936;163.5;960;10088397256;S
20240410;165936;163.5;300;10088397257;S
20240410;165936;163.56;200;10088397259;B
20240410;165936;163.58;800;10088397260;B
20240410;165936;163.52;70;10088397266;S
20240410;165936;163.5;180;10088397286;S
20240410;165936;163.5;1000;10088397291;S
20240410;165936;163.5;1610;10088397298;S
20240410;165936;163.5;10;10088397299;S
20240410;165936;163.5;250;10088397300;S
20240410;165936;163.5;1130;10088397301;S
20240410;165936;163.5;100;10088397304;S
20240410;165936;163.5;30;10088397314;S
20240410;165936;163.5;300;10088397320;S
20240410;165936;163.5;100;10088397337;S
20240410;165937;163.5;200;10088397348;S
20240410;165937;163.5;140;10088397369;S
20240410;165937;163.5;100;10088397370;S
20240410;165937;163.5;220;10088397371;S
20240410;165937;163.5;10;10088397372;S
20240410;165937;163.5;200;10088397373;S
20240410;165937;163.5;500;10088397374;S
20240410;165937;163.5;830;10088397375;S
20240410;165937;163.5;20;10088397376;S
20240410;165937;163.56;200;10088397378;B
20240410;165937;163.58;1220;10088397379;B
20240410;165937;163.6;1060;10088397380;B
20240410;165937;163.6;10;10088397381;B
20240410;165937;163.6;10;10088397382;B
20240410;165937;163.6;200;10088397383;B
20240410;165937;163.62;50;10088397384;B
20240410;165937;163.62;10;10088397385;B
20240410;165937;163.62;1500;10088397386;B
20240410;165937;163.5;350;10088397398;S
20240410;165937;163.5;120;10088397430;S
20240410;165938;163.6;10;10088397528;B
20240410;165938;163.6;180;10088397598;B
20240410;165941;163.6;10;10088397865;S
20240410;165942;163.62;50;10088397995;S
20240410;165946;163.64;500;10088398393;B
20240410;165946;163.66;10;10088398394;B
20240410;165946;163.66;10;10088398395;B
20240410;165946;163.68;480;10088398396;B
20240410;165947;163.62;530;10088398531;S
20240410;165948;163.68;430;10088398595;B
20240410;165948;163.64;200;10088398606;S
20240410;165948;163.62;500;10088398607;S
20240410;165948;163.66;20;10088398643;B
20240410;165950;163.64;90;10088398798;S
20240410;165951;163.64;500;10088398812;S
20240410;165954;163.64;10;10088399139;S
20240410;165954;163.62;10;10088399140;S
20240410;165955;163.66;10;10088399218;B
20240410;165955;163.66;10;10088399232;B
20240410;165958;163.64;2000;10088399454;S
20240410;165959;163.66;160;10088399508;B
20240410;165959;163.66;170;10088399509;B
20240410;165959;163.66;30;10088399529;B
20240410;165959;163.62;50;10088399562;S
20240410;170002;163.62;30;10088399853;S
20240410;170002;163.66;30;10088399855;B
20240410;170002;163.66;60;10088399949;B
20240410;170003;163.66;10;10088399970;B
20240410;170005;163.66;10;10088400599;B
20240410;170005;163.64;300;10088400620;S
20240410;170006;163.66;440;10088400814;B
20240410;170007;163.64;50;10088400909;S
20240410;170007;163.62;100;10088400986;S
20240410;170009;163.66;450;10088401451;B
20240410;170010;163.68;160;10088401635;B
20240410;170010;163.68;10;10088401662;B
20240410;170010;163.64;100;10088401697;S
20240410;170011;163.68;10;10088401908;B
20240410;170011;163.68;580;10088401918;B
20240410;170011;163.68;150;10088401919;B
20240410;170011;163.68;500;10088401920;B
20240410;170011;163.7;500;10088401921;B
20240410;170013;163.72;500;10088402332;B
20240410;170013;163.72;18940;10088402342;B
20240410;170013;163.72;40;10088402343;B
20240410;170014;163.76;1060;10088402500;B
20240410;170014;163.76;150;10088402546;B
20240410;170014;163.78;70;10088402547;B
20240410;170014;163.78;100;10088402548;B
20240410;170014;163.82;10;10088402549;B
20240410;170014;163.82;10;10088402550;B
20240410;170014;163.82;10;10088402551;B
20240410;170014;163.82;10;10088402552;B
20240410;170014;163.82;10;10088402553;B
20240410;170014;163.82;430;10088402554;B
20240410;170014;163.82;1500;10088402573;B
20240410;170015;163.72;190;10088402594;S
20240410;170015;163.72;230;10088402595;S
20240410;170015;163.76;50;10088402614;B
20240410;170019;163.82;10;10088403163;B
20240410;170021;163.82;130;10088403542;B
20240410;170021;163.84;400;10088403543;B
20240410;170021;163.84;10;10088403544;B
20240410;170021;163.86;8500;10088403545;B
20240410;170021;163.86;3660;10088403546;B
20240410;170021;163.86;2160;10088403547;B
20240410;170021;163.84;1460;10088403562;S
20240410;170022;163.78;40;10088403739;S
20240410;170023;163.82;130;10088404010;B
20240410;170024;163.8;200;10088404120;S
20240410;170024;163.78;140;10088404121;S
20240410;170024;163.76;200;10088404122;S
20240410;170024;163.76;500;10088404123;S
20240410;170024;163.74;1220;10088404124;S
20240410;170024;163.74;100;10088404125;S
20240410;170024;163.74;3660;10088404126;S
20240410;170024;163.74;1530;10088404127;S
20240410;170024;163.74;1450;10088404128;S
20240410;170027;163.8;10;10088404761;B
20240410;170029;163.8;50;10088404876;B
20240410;170029;163.8;40;10088404913;B
20240410;170033;163.86;150;10088405543;B
20240410;170034;163.86;10;10088405572;B
20240410;170034;163.8;10;10088405623;B
20240410;170034;163.8;40;10088405624;B
20240410;170035;163.86;20;10088405705;B
20240410;170035;163.86;280;10088405706;B
20240410;170038;163.8;200;10088406058;S
20240410;170038;163.78;100;10088406059;S
20240410;170038;163.78;520;10088406060;S
20240410;170049;163.82;70;10088408570;B
20240410;170049;163.8;70;10088408607;S
20240410;170050;163.8;1040;10088408840;S
20240410;170050;163.76;10;10088408841;S
20240410;170050;163.76;10;10088408842;S
20240410;170050;163.76;400;10088408843;S
20240410;170050;163.76;190;10088408844;S
20240410;170050;163.74;1530;10088408845;S
20240410;170050;163.74;2210;10088408846;S
20240410;170050;163.74;1220;10088408847;S
20240410;170050;163.74;2000;10088408848;S
20240410;170050;163.72;100;10088408849;S
20240410;170050;163.72;5000;10088408850;S
20240410;170050;163.7;10;10088408851;S
20240410;170050;163.7;10;10088408852;S
20240410;170050;163.68;10;10088408853;S
20240410;170050;163.68;1500;10088408854;S
20240410;170050;163.68;1780;10088408855;S
20240410;170050;163.68;10;10088408856;S
20240410;170050;163.66;100;10088408857;S
20240410;170050;163.66;100;10088408858;S
20240410;170050;163.66;9600;10088408859;S
20240410;170050;163.66;10;10088408860;S
20240410;170050;163.64;10000;10088408861;S
20240410;170050;163.64;7500;10088408862;S
20240410;170050;163.64;9160;10088408863;S
20240410;170051;163.72;10;10088408972;B
20240410;170051;163.72;190;10088408980;B
20240410;170051;163.76;120;10088408981;B
20240410;170054;163.74;60;10088409456;B
20240410;170054;163.74;10;10088409457;B
20240410;170054;163.74;890;10088409458;B
20240410;170054;163.76;9160;10088409459;B
20240410;170054;163.76;480;10088409460;B
20240410;170059;163.66;100;10088410753;S
20240410;170100;163.74;20;10088411091;B
20240410;170100;163.74;60;10088411147;B
20240410;170102;163.74;10;10088411571;B
20240410;170105;163.74;20;10088411981;B
20240410;170105;163.74;330;10088412050;B
20240410;170105;163.74;100;10088412051;B
20240410;170105;163.74;100;10088412052;B
20240410;170105;163.74;100;10088412053;B
20240410;170105;163.74;200;10088412054;B
20240410;170105;163.76;3180;10088412055;B
20240410;170105;163.76;1110;10088412056;B
20240410;170109;163.74;30;10088412389;B
20240410;170116;163.78;10;10088413038;B
20240410;170116;163.78;90;10088413039;B
20240410;170116;163.78;120;10088413040;B
20240410;170116;163.78;10;10088413041;B
20240410;170116;163.78;390;10088413139;S
20240410;170118;163.72;100;10088413268;S
20240410;170120;163.78;10;10088413478;B
20240410;170120;163.78;430;10088413548;B
20240410;170121;163.78;10;10088413611;B
20240410;170123;163.72;200;10088413801;S
20240410;170123;163.7;100;10088413802;S
20240410;170123;163.7;200;10088413803;S
20240410;170123;163.68;10;10088413804;S
20240410;170123;163.68;1220;10088413805;S
20240410;170123;163.68;1530;10088413806;S
20240410;170123;163.66;1000;10088413807;S
20240410;170123;163.64;730;10088413808;S
20240410;170123;163.64;1000;10088413809;S
20240410;170123;163.64;1680;10088413810;S
20240410;170123;163.62;100;10088413811;S
20240410;170123;163.62;140;10088413812;S
20240410;170123;163.62;290;10088413813;S
20240410;170124;163.7;10;10088413918;B
20240410;170124;163.7;190;10088413935;B
20240410;170124;163.72;290;10088413936;B
20240410;170124;163.72;120;10088413937;B
20240410;170127;163.72;940;10088414209;B
20240410;170129;163.62;690;10088414484;S
20240410;170130;163.68;10;10088414689;B
20240410;170137;163.64;10;10088415400;S
20240410;170138;163.7;10;10088415547;B
20240410;170138;163.72;60;10088415548;B
20240410;170140;163.72;30;10088415826;B
20240410;170142;163.64;20;10088415986;S
20240410;170148;163.7;10;10088416500;B
20240410;170148;163.7;940;10088416501;B
20240410;170148;163.72;880;10088416502;B
20240410;170149;163.72;100;10088416559;B
20240410;170149;163.74;90;10088416560;B
20240410;170151;163.76;50;10088416837;B
20240410;170157;163.76;10;10088417505;B
20240410;170200;163.76;10;10088417812;B
20240410;170200;163.76;70;10088417847;B
20240410;170200;163.76;10;10088417857;B
20240410;170203;163.72;50;10088418101;S
20240410;170203;163.7;40;10088418102;S
20240410;170203;163.76;10;10088418140;B
20240410;170203;163.76;470;10088418141;B
20240410;170203;163.76;370;10088418142;B
20240410;170203;163.78;150;10088418143;B
20240410;170206;163.78;70;10088418466;B
20240410;170208;163.72;50;10088418773;S
20240410;170209;163.78;120;10088418786;B
20240410;170211;163.78;140;10088419000;B
20240410;170212;163.78;600;10088419085;B
20240410;170214;163.72;80;10088419250;S
20240410;170215;163.72;10;10088419458;B
20240410;170215;163.7;50;10088419600;S
20240410;170216;163.72;30;10088419691;B
20240410;170219;163.72;100;10088419942;B
20240410;170222;163.72;90;10088420298;B
20240410;170223;163.72;40;10088420479;B
20240410;170227;163.72;1000;10088420969;B
20240410;170229;163.72;10;10088421157;B
20240410;170230;163.7;50;10088421296;S
20240410;170233;163.72;110;10088421639;B
20240410;170234;163.7;10;10088421796;S
20240410;170237;163.7;50;10088422049;S
20240410;170237;163.68;20;10088422050;S
20240410;170240;163.72;200;10088422424;B
20240410;170244;163.72;20;10088422874;B
20240410;170244;163.72;70;10088422939;B
20240410;170248;163.72;50;10088423375;B
20240410;170251;163.72;20;10088423749;B
20240410;170254;163.68;100;10088423963;S
20240410;170255;163.72;30;10088424037;B
20240410;170258;163.7;90;10088424378;S
20240410;170300;163.72;90;10088424533;B
20240410;170301;163.72;50;10088424588;B
20240410;170301;163.72;10;10088424589;B
20240410;170301;163.76;10;10088424602;B
20240410;170301;163.76;70;10088424615;B
20240410;170302;163.74;700;10088424630;S
20240410;170302;163.74;830;10088424670;S
20240410;170302;163.74;1110;10088424671;S
20240410;170302;163.74;1220;10088424672;S
20240410;170302;163.72;1540;10088424673;S
20240410;170303;163.74;80;10088424723;S
20240410;170304;163.74;30;10088424867;S
20240410;170306;163.76;120;10088425044;B
20240410;170307;163.78;10;10088425166;B
20240410;170308;163.76;80;10088425340;S
20240410;170311;163.78;10;10088425661;B
20240410;170312;163.78;10;10088425713;B
20240410;170314;163.78;10;10088425887;B
20240410;170315;163.76;30;10088425994;S
20240410;170315;163.76;200;10088426021;S
20240410;170317;163.78;160;10088426245;B
20240410;170319;163.74;1110;10088426606;S
20240410;170319;163.74;150;10088426607;S
20240410;170319;163.74;740;10088426608;S
20240410;170324;163.78;60;10088427035;B
20240410;170325;163.74;200;10088427197;S
20240410;170325;163.74;1220;10088427203;S
20240410;170325;163.74;580;10088427204;S
20240410;170326;163.78;50;10088427224;B
20240410;170328;163.78;410;10088427428;B
20240410;170329;163.74;40;10088427658;S
20240410;170330;163.78;10;10088427710;B
20240410;170331;163.74;100;10088427848;S
20240410;170335;163.74;250;10088428242;S
20240410;170336;163.78;100;10088428266;B
20240410;170337;163.78;250;10088428423;B
20240410;170337;163.78;200;10088428424;B
20240410;170337;163.78;40;10088428425;B
20240410;170339;163.78;10;10088428592;B
20240410;170339;163.78;90;10088428593;B
20240410;170339;163.78;30;10088428638;B
20240410;170342;163.78;20;10088428881;B
20240410;170342;163.74;100;10088428903;S
20240410;170342;163.78;10;10088428933;B
20240410;170342;163.8;100;10088428934;B
20240410;170342;163.8;1000;10088428935;B
20240410;170342;163.82;320;10088428936;B
20240410;170342;163.84;600;10088428937;B
20240410;170342;163.84;1970;10088428938;B
20240410;170345;163.8;10;10088429234;S
20240410;170348;163.82;10;10088429475;B
20240410;170350;163.84;10;10088429715;B
20240410;170350;163.86;110;10088429716;B
20240410;170352;163.86;100;10088429923;B
20240410;170354;163.86;900;10088430083;B
20240410;170354;163.88;1210;10088430084;B
20240410;170356;163.88;790;10088430389;B
20240410;170356;163.9;790;10088430390;B
20240410;170356;163.92;3000;10088430391;B
20240410;170356;163.92;2420;10088430392;B
20240410;170357;163.92;2280;10088430495;B
20240410;170402;163.96;50;10088431155;B
20240410;170403;163.96;80;10088431266;B
20240410;170403;163.96;10;10088431279;B
20240410;170403;163.96;10;10088431301;B
20240410;170403;163.96;80;10088431313;B
20240410;170404;163.96;50;10088431345;B
20240410;170404;163.96;50;10088431346;B
20240410;170406;163.98;10;10088431509;B
20240410;170406;163.98;390;10088431512;B
20240410;170406;164;20;10088431513;B
20240410;170406;164;10;10088431514;B
20240410;170406;164;2050;10088431515;B
20240410;170406;164;10;10088431516;B
20240410;170406;164;200;10088431517;B
20240410;170406;164;50;10088431518;B
20240410;170406;164;50;10088431519;B
20240410;170406;164;1720;10088431520;B
20240410;170406;164;70;10088431528;B
20240410;170407;164;30;10088431709;B
20240410;170407;164;1470;10088431710;B
20240410;170407;164;2000;10088431726;B
20240410;170407;164;790;10088431729;B
20240410;170409;163.98;120;10088431874;B
20240410;170409;163.94;100;10088431896;S
20240410;170409;163.94;100;10088431941;S
20240410;170414;163.94;1180;10088432459;B
20240410;170414;163.98;80;10088432460;B
20240410;170414;164;5440;10088432461;B
20240410;170414;163.92;100;10088432542;S
20240410;170416;163.98;10;10088432800;B
20240410;170416;163.98;70;10088432827;B
20240410;170422;163.98;20;10088433448;B
20240410;170422;163.98;100;10088433449;B
20240410;170422;163.98;880;10088433450;B
20240410;170422;163.98;10;10088433506;B
20240410;170424;163.98;50;10088433695;B
20240410;170424;163.98;50;10088433696;B
20240410;170429;163.98;50;10088434309;B
20240410;170429;163.98;30;10088434310;B
20240410;170429;163.98;20;10088434311;B
20240410;170429;164;370;10088434312;B
20240410;170435;163.98;10;10088434892;B
20240410;170435;164;30;10088434893;B
20240410;170437;164;50;10088435094;B
20240410;170437;164;10;10088435095;B
20240410;170437;164.02;330;10088435155;B
20240410;170438;164.02;2400;10088435220;B
20240410;170438;164;100;10088435245;S
20240410;170442;164.02;290;10088435686;B
20240410;170443;164.02;600;10088435825;B
20240410;170444;164.02;30;10088435870;B
20240410;170451;164.02;10;10088436739;B
20240410;170456;164;800;10088437185;S
20240410;170459;164.02;200;10088437512;B
20240410;170500;164;20;10088437696;S
20240410;170501;164.02;20;10088438044;B
20240410;170502;164;20;10088438290;S
20240410;170502;164;10;10088438291;S
20240410;170502;164;70;10088438292;S
20240410;170503;164.02;20;10088438540;B
20240410;170507;164.02;30;10088439166;B
20240410;170511;164.02;10;10088439707;B
20240410;170512;164.02;270;10088439852;B
20240410;170512;164.02;5730;10088439853;B
20240410;170513;164;20;10088439887;S
20240410;170514;164.02;10;10088439982;B
20240410;170514;164.02;90;10088440009;B
20240410;170515;164;160;10088440105;S
20240410;170515;164;10;10088440106;S
20240410;170515;164;250;10088440107;S
20240410;170515;163.98;150;10088440108;S
20240410;170515;163.98;10;10088440109;S
20240410;170515;163.94;50;10088440110;S
20240410;170515;163.94;460;10088440111;S
20240410;170515;163.92;250;10088440112;S
20240410;170515;163.92;3660;10088440113;S
20240410;170515;163.9;10;10088440114;S
20240410;170515;163.9;2710;10088440115;S
20240410;170515;163.9;100;10088440117;S
20240410;170515;163.94;90;10088440123;B
20240410;170515;163.94;60;10088440130;B
20240410;170515;163.94;230;10088440131;B
20240410;170515;163.96;710;10088440132;B
20240410;170517;164;700;10088440314;B
20240410;170517;164;300;10088440315;B
20240410;170518;164;10;10088440362;B
20240410;170519;163.9;50;10088440659;S
20240410;170519;163.88;200;10088440660;S
20240410;170519;163.88;160;10088440661;S
20240410;170519;163.86;1220;10088440662;S
20240410;170519;163.86;1530;10088440663;S
20240410;170519;163.86;4000;10088440664;S
20240410;170519;163.84;1660;10088440665;S
20240410;170519;163.84;10000;10088440666;S
20240410;170519;163.84;8180;10088440667;S
20240410;170519;163.88;10;10088440701;B
20240410;170520;163.9;80;10088440801;B
20240410;170526;163.9;70;10088441443;B
20240410;170526;163.9;950;10088441444;B
20240410;170526;163.92;5980;10088441445;B
20240410;170530;163.9;470;10088442597;B
20240410;170530;163.92;100;10088442718;S
20240410;170533;163.92;30;10088443376;S
20240410;170535;163.92;100;10088443551;S
20240410;170535;163.92;990;10088443558;S
20240410;170535;163.92;200;10088443559;S
20240410;170537;163.92;50;10088443763;S
20240410;170538;163.92;10;10088443876;S
20240410;170538;163.92;60;10088443963;S
20240410;170539;163.92;170;10088444030;S
20240410;170539;163.9;440;10088444031;S
20240410;170540;163.9;50;10088444157;S
20240410;170545;163.92;30;10088444719;B
20240410;170552;163.92;10;10088445929;B
20240410;170552;163.92;10;10088445974;B
20240410;170554;163.9;4700;10088446142;S
20240410;170554;163.92;10;10088446426;B
20240410;170556;163.9;30;10088446953;S
20240410;170557;163.92;180;10088447155;B
20240410;170558;163.94;200;10088447370;B
20240410;170558;163.96;100;10088447371;B
20240410;170558;163.96;240;10088447372;B
20240410;170558;163.98;260;10088447373;B
20240410;170601;163.92;200;10088447800;S
20240410;170601;163.92;10;10088447815;B
20240410;170601;163.9;90;10088447820;S
20240410;170602;163.9;30;10088447829;S
20240410;170602;163.92;10;10088447867;B
20240410;170602;163.92;60;10088447895;B
20240410;170602;163.9;180;10088447964;S
20240410;170612;163.9;10;10088449035;S
20240410;170616;163.9;780;10088449681;S
20240410;170616;163.9;4000;10088449682;S
20240410;170626;163.88;150;10088451010;B
20240410;170633;163.8;10;10088451833;S
20240410;170638;163.8;10;10088452375;S
20240410;170642;163.8;110;10088452734;S
20240410;170642;163.8;1000;10088452735;S
20240410;170642;163.78;40;10088452736;S
20240410;170642;163.78;50;10088452737;S
20240410;170642;163.78;10;10088452738;S
20240410;170642;163.78;10;10088452739;S
20240410;170642;163.78;1980;10088452740;S
20240410;170642;163.78;200;10088452741;S
20240410;170642;163.76;20;10088452742;S
20240410;170642;163.76;20;10088452743;S
20240410;170642;163.74;1260;10088452744;S
20240410;170642;163.74;100;10088452745;S
20240410;170642;163.72;4400;10088452746;S
20240410;170642;163.72;10;10088452747;S
20240410;170642;163.72;10;10088452748;S
20240410;170642;163.7;50;10088452749;S
20240410;170642;163.7;1000;10088452750;S
20240410;170642;163.7;1530;10088452751;S
20240410;170642;163.68;6960;10088452752;S
20240410;170642;163.68;1240;10088452753;S
20240410;170642;163.78;200;10088452839;B
20240410;170642;163.8;2800;10088452840;B
20240410;170643;163.68;10;10088452865;S
20240410;170643;163.78;50;10088452926;B
20240410;170643;163.8;150;10088452927;B
20240410;170645;163.82;10;10088453355;B
20240410;170646;163.8;40;10088453411;B
20240410;170647;163.7;200;10088453484;S
20240410;170648;163.8;10;10088453659;B
20240410;170650;163.8;110;10088453849;B
20240410;170650;163.8;120;10088453850;B
20240410;170650;163.8;170;10088453851;B
20240410;170650;163.72;10;10088453959;S
20240410;170650;163.7;90;10088453960;S
20240410;170656;163.78;10;10088454813;B
20240410;170656;163.8;10;10088454814;B
20240410;170657;163.72;20;10088455050;S
20240410;170657;163.7;180;10088455051;S
20240410;170703;163.78;20;10088456211;B
20240410;170703;163.78;10;10088456212;B
20240410;170704;163.8;10;10088456418;B
20240410;170704;163.8;10;10088456498;B
20240410;170704;163.8;60;10088456499;B
20240410;170707;163.72;10;10088456888;S
20240410;170708;163.72;10;10088457013;S
20240410;170708;163.7;90;10088457014;S
20240410;170708;163.78;20;10088457016;B
20240410;170708;163.78;50;10088457017;B
20240410;170711;163.78;180;10088457390;S
20240410;170712;163.78;2100;10088457533;S
20240410;170714;163.78;200;10088457863;S
20240410;170715;163.78;70;10088457925;S
20240410;170716;163.78;2000;10088458081;S
20240410;170716;163.8;100;10088458083;B
20240410;170716;163.8;100;10088458084;B
20240410;170717;163.78;10;10088458262;S
20240410;170720;163.8;10;10088458550;B
20240410;170721;163.8;60;10088458743;B
20240410;170725;163.7;200;10088459166;S
20240410;170725;163.7;10;10088459167;S
20240410;170725;163.7;240;10088459168;S
20240410;170728;163.78;50;10088459486;B
20240410;170728;163.78;10;10088459541;B
20240410;170729;163.78;20;10088459637;B
20240410;170730;163.78;170;10088459882;B
20240410;170730;163.8;140;10088459883;B
20240410;170731;163.78;600;10088460213;S
20240410;170732;163.78;300;10088460301;S
20240410;170734;163.78;20;10088460436;S
20240410;170735;163.78;20;10088460606;S
20240410;170737;163.78;180;10088461023;S
20240410;170738;163.8;10;10088461036;B
20240410;170739;163.8;20;10088461253;B
20240410;170740;163.8;10;10088461282;B
20240410;170741;163.76;150;10088461373;S
20240410;170741;163.74;180;10088461374;S
20240410;170742;163.78;30;10088461499;B
20240410;170743;163.72;20;10088461596;S
20240410;170743;163.72;80;10088461597;S
20240410;170752;163.72;50;10088462820;S
20240410;170752;163.78;120;10088462860;B
20240410;170752;163.78;20;10088462861;B
20240410;170752;163.78;100;10088462917;S
20240410;170753;163.78;870;10088462966;S
20240410;170754;163.78;800;10088463099;S
20240410;170755;163.78;40;10088463169;S
20240410;170756;163.8;60;10088463278;B
20240410;170756;163.8;50;10088463279;B
20240410;170756;163.8;10;10088463282;B
20240410;170800;163.8;10;10088463638;B
20240410;170801;163.8;60;10088463677;B
20240410;170801;163.8;10;10088463689;B
20240410;170801;163.8;10;10088463701;B
20240410;170801;163.78;300;10088463702;S
20240410;170801;163.8;50;10088463710;B
20240410;170802;163.8;10;10088463863;B
20240410;170806;163.8;10;10088464768;B
20240410;170808;163.8;10;10088464995;B
20240410;170809;163.8;20;10088465031;B
20240410;170810;163.8;20;10088465144;B
20240410;170818;163.8;20;10088466149;B
20240410;170821;163.8;10;10088466495;B
20240410;170823;163.74;20;10088466648;S
20240410;170823;163.72;30;10088466649;S
20240410;170825;163.78;30;10088466831;B
20240410;170829;163.8;190;10088467227;B
20240410;170831;163.8;50;10088467411;B
20240410;170831;163.8;10;10088467491;B
20240410;170835;163.78;500;10088467919;S
20240410;170837;163.8;30;10088468192;B
20240410;170837;163.76;2110;10088468305;S
20240410;170837;163.74;120;10088468306;S
20240410;170837;163.74;520;10088468307;S
20240410;170837;163.74;130;10088468308;S
20240410;170839;163.8;40;10088468518;B
20240410;170840;163.8;10;10088468682;B
20240410;170843;163.8;30;10088469191;B
20240410;170845;163.74;500;10088469374;S
20240410;170845;163.8;10;10088469424;B
20240410;170846;163.8;10;10088469465;B
20240410;170850;163.74;20;10088469935;S
20240410;170850;163.74;80;10088469936;S
20240410;170853;163.8;310;10088470260;B
20240410;170853;163.8;10;10088470261;B
20240410;170853;163.8;20;10088470262;B
20240410;170853;163.8;10;10088470263;B
20240410;170858;163.74;50;10088470732;S
20240410;170901;163.8;10;10088471127;B
20240410;170901;163.8;20;10088471128;B
20240410;170901;163.8;20;10088471138;B
20240410;170902;163.74;100;10088471191;S
20240410;170902;163.8;10;10088471204;B
20240410;170902;163.82;20;10088471205;B
20240410;170902;163.82;30;10088471206;B
20240410;170902;163.82;10;10088471207;B
20240410;170902;163.82;10;10088471221;B
20240410;170902;163.74;50;10088471471;S
20240410;170908;163.8;10;10088472145;B
20240410;170916;163.76;20;10088473696;S
20240410;170918;163.76;100;10088473885;B
20240410;170918;163.74;10;10088473935;S
20240410;170920;163.76;130;10088474157;B
20240410;170922;163.78;110;10088474337;S
20240410;170924;163.8;40;10088474513;B
20240410;170925;163.78;10;10088474608;S
20240410;170926;163.78;270;10088474759;S
20240410;170927;163.8;10;10088474935;B
20240410;170929;163.8;30;10088475263;B
20240410;170933;163.8;70;10088475823;B
20240410;170933;163.8;200;10088475851;B
20240410;170934;163.74;400;10088475976;S
20240410;170936;163.8;10;10088476227;B
20240410;170939;163.78;350;10088476578;B
20240410;170939;163.8;50;10088476579;B
20240410;170940;163.8;2080;10088476695;B
20240410;170940;163.8;650;10088476696;B
20240410;170940;163.82;10;10088476697;B
20240410;170940;163.84;20;10088476698;B
20240410;170940;163.84;3750;10088476699;B
20240410;170940;163.84;3490;10088476700;B
20240410;170943;163.86;390;10088476960;B
20240410;170944;163.8;80;10088477152;S
20240410;170944;163.8;1580;10088477153;S
20240410;170947;163.86;100;10088477380;B
20240410;170949;163.86;100;10088477667;B
20240410;170958;163.8;10;10088478559;S
20240410;171001;163.86;10;10088478821;B
20240410;171001;163.86;70;10088478893;B
20240410;171002;163.86;10;10088478904;B
20240410;171005;163.78;150;10088479256;S
20240410;171005;163.78;50;10088479257;S
20240410;171005;163.76;670;10088479258;S
20240410;171006;163.84;10;10088479294;B
20240410;171006;163.76;10;10088479313;S
20240410;171010;163.84;20;10088479739;B
20240410;171015;163.78;2100;10088480821;B
20240410;171020;163.78;600;10088481323;B
20240410;171022;163.78;150;10088481484;B
20240410;171023;163.78;280;10088481519;B
20240410;171027;163.76;30;10088482005;S
20240410;171029;163.76;10;10088482212;S
20240410;171032;163.74;200;10088482484;S
20240410;171032;163.74;800;10088482485;S
20240410;171036;163.78;10;10088483082;B
20240410;171038;163.74;10;10088483389;S
20240410;171038;163.74;10;10088483470;S
20240410;171039;163.78;10;10088483673;B
20240410;171039;163.78;10;10088483699;B
20240410;171041;163.78;1430;10088484024;B
20240410;171041;163.78;120;10088484025;B
20240410;171047;163.78;300;10088484884;S
20240410;171049;163.78;320;10088485130;S
20240410;171049;163.82;20;10088485208;B
20240410;171059;163.8;10;10088486742;B
20240410;171059;163.82;140;10088486743;B
20240410;171100;163.82;20;10088487010;B
20240410;171100;163.82;20;10088487131;B
20240410;171100;163.82;30;10088487132;B
20240410;171100;163.82;10;10088487133;B
20240410;171100;163.86;10;10088487161;B
20240410;171101;163.86;440;10088487181;B
20240410;171103;163.86;30;10088487514;B
20240410;171105;163.8;150;10088487781;S
20240410;171105;163.78;2830;10088487782;S
20240410;171105;163.76;20;10088487783;S
20240410;171105;163.76;640;10088487784;S
20240410;171105;163.74;70;10088487785;S
20240410;171105;163.74;10;10088487786;S
20240410;171105;163.74;20;10088487787;S
20240410;171105;163.74;990;10088487788;S
20240410;171105;163.74;70;10088487789;S
20240410;171105;163.74;60;10088487790;S
20240410;171105;163.74;270;10088487791;S
20240410;171106;163.84;10;10088487946;B
20240410;171109;163.78;10;10088488266;B
20240410;171111;163.78;10;10088488506;B
20240410;171112;163.8;30;10088488623;B
20240410;171114;163.8;60;10088488910;B
20240410;171114;163.82;20;10088488911;B
20240410;171114;163.84;140;10088488912;B
20240410;171114;163.84;1460;10088488913;B
20240410;171114;163.84;170;10088488914;B
20240410;171114;163.86;150;10088488915;B
20240410;171115;163.86;90;10088489261;B
20240410;171118;163.86;10;10088489567;B
20240410;171123;163.86;10;10088490138;B
20240410;171125;163.78;50;10088490420;S
20240410;171125;163.78;20;10088490421;S
20240410;171125;163.76;100;10088490422;S
20240410;171125;163.76;1050;10088490423;S
20240410;171125;163.74;820;10088490424;S
20240410;171125;163.74;150;10088490425;S
20240410;171125;163.74;20;10088490426;S
20240410;171125;163.74;100;10088490427;S
20240410;171125;163.74;950;10088490428;S
20240410;171127;163.8;100;10088490709;B
20240410;171127;163.82;100;10088490710;B
20240410;171127;163.82;20;10088490711;B
20240410;171127;163.82;20;10088490712;B
20240410;171127;163.82;1000;10088490713;B
20240410;171127;163.82;1260;10088490714;B
20240410;171127;163.84;150;10088490715;B
20240410;171127;163.84;3660;10088490716;B
20240410;171127;163.86;1260;10088490717;B
20240410;171127;163.86;200;10088490718;B
20240410;171127;163.86;4000;10088490719;B
20240410;171127;163.86;5230;10088490720;B
20240410;171127;163.88;3000;10088490721;B
20240410;171129;163.9;120;10088490863;B
20240410;171131;163.82;10;10088491311;S
20240410;171131;163.9;10;10088491319;B
20240410;171133;163.9;20;10088491670;B
20240410;171134;163.82;80;10088491873;S
20240410;171137;163.82;10;10088492396;S
20240410;171137;163.82;20;10088492397;S
20240410;171137;163.8;200;10088492398;S
20240410;171137;163.8;180;10088492399;S
20240410;171137;163.8;100;10088492400;S
20240410;171137;163.8;20;10088492401;S
20240410;171137;163.8;50;10088492402;S
20240410;171137;163.8;10;10088492403;S
20240410;171137;163.78;20;10088492404;S
20240410;171137;163.78;10;10088492405;S
20240410;171137;163.78;1150;10088492406;S
20240410;171137;163.78;10;10088492407;S
20240410;171137;163.76;2500;10088492408;S
20240410;171137;163.76;200;10088492409;S
20240410;171137;163.74;3520;10088492410;S
20240410;171141;163.84;10;10088492860;B
20240410;171141;163.84;200;10088492861;B
20240410;171141;163.86;100;10088492862;B
20240410;171141;163.86;20;10088492863;B
20240410;171141;163.86;70;10088492864;B
20240410;171142;163.84;10;10088492973;B
20240410;171143;163.82;20;10088493156;S
20240410;171145;163.84;10;10088493448;S
20240410;171145;163.82;560;10088493449;S
20240410;171145;163.8;30;10088493450;S
20240410;171148;163.84;30;10088494026;B
20240410;171151;163.8;2000;10088494401;S
20240410;171155;163.84;30;10088494803;B
20240410;171156;163.84;10;10088494979;B
20240410;171156;163.84;30;10088494993;B
20240410;171156;163.84;170;10088494994;B
20240410;171157;163.8;20;10088495007;S
20240410;171158;163.8;670;10088495196;S
20240410;171202;163.84;10;10088495833;B
20240410;171202;163.84;10;10088495834;B
20240410;171202;163.84;10;10088495835;B
20240410;171202;163.84;10;10088495836;B
20240410;171202;163.84;60;10088495874;S
20240410;171202;163.8;2280;10088495875;S
20240410;171202;163.8;30;10088495876;S
20240410;171202;163.8;180;10088495877;S
20240410;171202;163.76;10;10088495878;S
20240410;171202;163.76;290;10088495879;S
20240410;171202;163.76;10;10088495880;S
20240410;171202;163.74;40;10088495881;S
20240410;171202;163.74;140;10088495882;S
20240410;171202;163.74;3660;10088495883;S
20240410;171202;163.74;1000;10088495884;S
20240410;171202;163.74;1000;10088495885;S
20240410;171202;163.72;200;10088495886;S
20240410;171202;163.72;190;10088495887;S
20240410;171202;163.82;60;10088495947;B
20240410;171203;163.82;100;10088495993;B
20240410;171203;163.82;40;10088496096;B
20240410;171203;163.82;60;10088496097;B
20240410;171204;163.82;70;10088496140;B
20240410;171204;163.82;10;10088496141;B
20240410;171204;163.84;20;10088496142;B
20240410;171206;163.84;20;10088496335;B
20240410;171206;163.84;10;10088496363;B
20240410;171207;163.84;100;10088496541;B
20240410;171208;163.84;100;10088496623;B
20240410;171209;163.84;100;10088496710;B
20240410;171211;163.8;170;10088496942;B
20240410;171213;163.8;30;10088497074;B
20240410;171214;163.84;1000;10088497203;B
20240410;171214;163.84;1000;10088497204;B
20240410;171214;163.84;110;10088497205;B
20240410;171214;163.86;500;10088497206;B
20240410;171214;163.86;1390;10088497207;B
20240410;171214;163.88;3660;10088497208;B
20240410;171214;163.88;3660;10088497209;B
20240410;171214;163.9;50;10088497210;B
20240410;171214;163.9;8630;10088497211;B
20240410;171214;163.92;10;10088497238;B
20240410;171220;163.92;90;10088498046;B
20240410;171220;163.92;510;10088498047;B
20240410;171220;163.94;310;10088498048;B
20240410;171220;163.98;10;10088498049;B
20240410;171220;163.98;500;10088498050;B
20240410;171220;163.98;1580;10088498051;B
20240410;171221;163.98;10;10088498177;B
20240410;171221;163.98;300;10088498230;B
20240410;171222;163.88;10;10088498255;S
20240410;171224;163.96;10;10088498413;B
20240410;171226;164;3000;10088498652;B
20240410;171226;164;10;10088498678;B
20240410;171226;164;10;10088498680;B
20240410;171228;164;30;10088498876;B
20240410;171229;164;10;10088498910;B
20240410;171231;164;50;10088499215;B
20240410;171233;164;390;10088499364;B
20240410;171233;164;810;10088499365;B
20240410;171233;164;2000;10088499371;B
20240410;171235;164;50;10088499586;B
20240410;171235;164;10;10088499608;B
20240410;171239;163.96;20;10088500042;B
20240410;171240;163.96;20;10088500188;B
20240410;171240;164;1630;10088500189;B
20240410;171240;164;10;10088500190;B
20240410;171240;164;100;10088500191;B
20240410;171240;164;1900;10088500192;B
20240410;171240;164;1010;10088500193;B
20240410;171241;164.08;200;10088500250;B
20240410;171241;164.08;2000;10088500251;B
20240410;171241;164.1;30;10088500252;B
20240410;171241;164.1;980;10088500253;B
20240410;171245;164.1;10;10088500757;B
20240410;171251;164.1;10;10088501530;B
20240410;171252;164.04;10;10088501580;S
20240410;171252;164.02;100;10088501581;S
20240410;171252;164;20;10088501582;S
20240410;171252;164;30;10088501583;S
20240410;171252;164;10;10088501584;S
20240410;171257;163.98;20;10088502068;S
20240410;171257;163.98;10;10088502069;S
20240410;171259;163.94;140;10088502341;S
20240410;171259;163.92;200;10088502342;S
20240410;171259;163.92;660;10088502343;S
20240410;171301;163.98;60;10088502522;B
20240410;171302;163.98;10;10088502640;B
20240410;171302;163.98;80;10088502657;B
20240410;171305;163.98;20;10088502931;B
20240410;171305;163.9;30;10088502967;S
20240410;171305;163.88;10;10088502968;S
20240410;171305;163.88;100;10088502969;S
20240410;171305;163.86;120;10088502970;S
20240410;171307;163.98;20;10088503112;B
20240410;171307;163.96;10;10088503179;B
20240410;171307;163.96;60;10088503213;B
20240410;171311;163.86;20;10088503585;S
20240410;171317;163.96;10;10088504501;B
20240410;171318;163.96;40;10088504563;B
20240410;171318;163.96;20;10088504564;B
20240410;171319;163.96;10;10088504684;B
20240410;171321;163.96;50;10088504966;B
20240410;171322;163.96;20;10088505035;B
20240410;171322;163.96;10;10088505040;B
20240410;171322;163.96;10;10088505041;B
20240410;171323;163.96;10;10088505094;B
20240410;171323;163.98;10;10088505095;B
20240410;171323;163.98;100;10088505145;B
20240410;171323;164;250;10088505146;B
20240410;171325;164;10;10088505261;B
20240410;171333;164;40;10088506030;B
20240410;171335;164;10;10088506276;B
20240410;171337;164;50;10088506387;B
20240410;171340;164;10;10088506770;B
20240410;171341;164;1540;10088506786;B
20240410;171341;164;4460;10088506787;B
20240410;171343;164;20;10088507072;B
20240410;171344;163.96;180;10088507146;S
20240410;171345;164;40;10088507211;B
20240410;171348;164;10;10088507554;B
20240410;171348;163.96;20;10088507617;S
20240410;171348;163.96;100;10088507644;S
20240410;171351;164;10;10088508060;B
20240410;171351;164;620;10088508066;B
20240410;171351;164.02;9380;10088508067;B
20240410;171354;164;40;10088508271;S
20240410;171354;163.96;250;10088508272;S
20240410;171354;163.96;10;10088508273;S
20240410;171354;163.94;700;10088508274;S
20240410;171355;163.94;50;10088508370;S
20240410;171356;164;10;10088508503;B
20240410;171404;164;90;10088509182;B
20240410;171404;164.02;120;10088509183;B
20240410;171405;164.04;10;10088509289;B
20240410;171406;164.06;20;10088509490;B
20240410;171408;164.08;110;10088509653;B
20240410;171411;164.02;170;10088510199;S
20240410;171411;164;10;10088510200;S
20240410;171411;164;50;10088510201;S
20240410;171411;164.08;30;10088510207;B
20240410;171412;164.08;10;10088510266;B
20240410;171414;164.08;20;10088510458;B
20240410;171414;164.08;100;10088510460;B
20240410;171417;164.08;10;10088510725;B
20240410;171417;164.08;400;10088510726;B
20240410;171422;164.08;10;10088511238;B
20240410;171422;164.08;50;10088511246;B
20240410;171424;164.02;170;10088511436;S
20240410;171424;164;30;10088511437;S
20240410;171426;164.06;150;10088511696;B
20240410;171426;164.06;1080;10088511697;B
20240410;171426;164.08;380;10088511698;B
20240410;171426;164.08;160;10088511699;B
20240410;171426;164.08;260;10088511700;B
20240410;171429;164.06;20;10088512014;B
20240410;171429;164.06;490;10088512015;B
20240410;171429;164.08;190;10088512016;B
20240410;171429;164.08;4500;10088512017;B
20240410;171429;164.1;1000;10088512018;B
20240410;171429;164.1;100;10088512019;B
20240410;171429;164.1;200;10088512020;B
20240410;171429;164.1;1500;10088512021;B
20240410;171429;164.1;1640;10088512022;B
20240410;171429;164.12;50;10088512023;B
20240410;171429;164.12;1000;10088512024;B
20240410;171429;164.12;10;10088512025;B
20240410;171429;164.14;1800;10088512026;B
20240410;171429;164.14;500;10088512039;B
20240410;171430;164.02;1490;10088512130;S
20240410;171430;164;310;10088512131;S
20240410;171430;164.14;10;10088512166;B
20240410;171431;164.14;100;10088512248;B
20240410;171432;164.14;390;10088512350;B
20240410;171432;164.14;720;10088512351;B
20240410;171432;164.16;10;10088512352;B
20240410;171432;164.16;880;10088512353;B
20240410;171437;164.1;30;10088512774;B
20240410;171437;164.12;10;10088512775;B
20240410;171439;164.08;10;10088513003;S
20240410;171440;164.16;120;10088513129;B
20240410;171440;164.16;10;10088513130;B
20240410;171440;164.16;200;10088513131;B
20240410;171440;164.16;150;10088513132;B
20240410;171440;164.16;520;10088513133;B
20240410;171440;164.16;150;10088513160;B
20240410;171442;164.16;10;10088513282;B
20240410;171444;164.18;10;10088513559;B
20240410;171444;164.18;150;10088513560;B
20240410;171444;164.18;340;10088513561;B
20240410;171444;164.2;920;10088513562;B
20240410;171444;164.2;100;10088513563;B
20240410;171444;164.2;1000;10088513564;B
20240410;171444;164.2;20;10088513565;B
20240410;171444;164.2;10;10088513566;B
20240410;171444;164.2;10;10088513567;B
20240410;171444;164.2;10;10088513568;B
20240410;171444;164.2;200;10088513569;B
20240410;171444;164.2;1200;10088513570;B
20240410;171444;164.2;10;10088513571;B
20240410;171444;164.2;10;10088513572;B
20240410;171444;164.2;20;10088513573;B
20240410;171444;164.2;30;10088513574;B
20240410;171444;164.2;30;10088513575;B
20240410;171444;164.2;1000;10088513576;B
20240410;171444;164.2;100;10088513577;B
20240410;171444;164.2;100;10088513578;B
20240410;171444;164.2;200;10088513579;B
20240410;171444;164.2;50;10088513580;B
20240410;171444;164.2;200;10088513581;B
20240410;171444;164.2;200;10088513582;B
20240410;171444;164.2;4080;10088513583;B
20240410;171446;164.22;10;10088513791;B
20240410;171446;164.22;190;10088513792;B
20240410;171447;164.22;700;10088513822;B
20240410;171447;164.22;10000;10088513866;B
20240410;171447;164.22;10000;10088513875;B
20240410;171447;164.22;100;10088513879;B
20240410;171448;164.22;2500;10088513910;B
20240410;171448;164.22;10000;10088513911;B
20240410;171448;164.22;400;10088513912;B
20240410;171448;164.22;1810;10088513913;B
20240410;171448;164.22;1740;10088513914;B
20240410;171448;164.22;1000;10088513915;B
20240410;171449;164.22;7260;10088513985;B
20240410;171449;164.22;150;10088513986;B
20240410;171449;164.22;90;10088513987;B
20240410;171449;164.22;200;10088513988;B
20240410;171450;164.2;2500;10088514090;S
20240410;171453;164.22;10;10088514343;B
20240410;171454;164.22;100;10088514476;B
20240410;171454;164.22;10;10088514477;B
20240410;171454;164.22;10;10088514478;B
20240410;171454;164.22;100;10088514479;B
20240410;171454;164.22;80;10088514480;B
20240410;171454;164.22;120;10088514503;B
20240410;171456;164.22;10;10088514678;B
20240410;171456;164.22;1010;10088514680;B
20240410;171456;164.22;1360;10088514681;B
20240410;171456;164.22;200;10088514695;B
20240410;171456;164.22;300;10088514696;B
20240410;171458;164.2;2500;10088514878;S
20240410;171458;164.22;100;10088514931;B
20240410;171458;164.22;600;10088514938;B
20240410;171500;164.22;170;10088515096;B
20240410;171505;164.22;1220;10088515685;B
20240410;171505;164.22;1780;10088515686;B
20240410;171505;164.22;660;10088515687;B
20240410;171507;164.22;160;10088515874;B
20240410;171507;164.22;170;10088515875;B
20240410;171508;164.24;200;10088516075;B
20240410;171509;164.24;100;10088516151;B
20240410;171509;164.24;10;10088516152;B
20240410;171509;164.24;2000;10088516153;B
20240410;171509;164.24;7890;10088516154;B
20240410;171511;164.22;100;10088516421;S
20240410;171512;164.26;100;10088516510;B
20240410;171512;164.26;80;10088516511;B
20240410;171513;164.26;20;10088516605;B
20240410;171513;164.26;130;10088516606;B
20240410;171513;164.28;100;10088516616;B
20240410;171513;164.28;350;10088516617;B
20240410;171513;164.28;1650;10088516618;B
20240410;171514;164.28;20;10088516699;B
20240410;171515;164.28;300;10088516726;B
20240410;171515;164.26;10;10088516756;S
20240410;171515;164.24;200;10088516795;S
20240410;171515;164.24;870;10088516796;S
20240410;171517;164.24;260;10088517036;S
20240410;171517;164.22;140;10088517037;S
20240410;171517;164.22;260;10088517067;S
20240410;171517;164.22;250;10088517068;S
20240410;171517;164.2;590;10088517069;S
20240410;171522;164.28;70;10088517751;B
20240410;171527;164.28;10;10088518287;B
20240410;171528;164.26;500;10088518481;S
20240410;171535;164.28;50;10088519111;B
20240410;171535;164.28;70;10088519118;B
20240410;171535;164.28;10;10088519119;B
20240410;171535;164.28;3870;10088519120;B
20240410;171539;164.28;200;10088519554;B
20240410;171542;164.28;300;10088519780;B
20240410;171542;164.28;30;10088519781;B
20240410;171543;164.26;1840;10088519935;S
20240410;171543;164.26;970;10088519936;S
20240410;171543;164.26;6140;10088519937;S
20240410;171546;164.26;50;10088520180;S
20240410;171547;164.28;330;10088520261;B
20240410;171547;164.26;700;10088520292;S
20240410;171550;164.28;10;10088520472;B
20240410;171550;164.28;120;10088520492;B
20240410;171550;164.28;760;10088520499;B
20240410;171550;164.28;4260;10088520500;B
20240410;171550;164.26;1500;10088520527;S
20240410;171551;164.28;390;10088520636;B
20240410;171551;164.28;7830;10088520639;B
20240410;171551;164.28;1220;10088520640;B
20240410;171551;164.28;1530;10088520641;B
20240410;171551;164.28;310;10088520642;B
20240410;171554;164.3;10;10088520874;B
20240410;171554;164.3;10;10088520875;B
20240410;171554;164.3;150;10088520876;B
20240410;171554;164.3;500;10088520877;B
20240410;171554;164.3;330;10088520878;B
20240410;171554;164.3;130;10088520884;B
20240410;171555;164.3;540;10088520959;B
20240410;171555;164.3;9460;10088520960;B
20240410;171557;164.3;30;10088521168;S
20240410;171557;164.28;70;10088521169;S
20240410;171558;164.32;100;10088521230;B
20240410;171601;164.32;5990;10088521500;B
20240410;171601;164.32;200;10088521501;B
20240410;171601;164.32;20;10088521502;B
20240410;171601;164.32;100;10088521503;B
20240410;171601;164.34;720;10088521504;B
20240410;171601;164.34;110;10088521505;B
20240410;171601;164.34;1000;10088521506;B
20240410;171601;164.34;1860;10088521507;B
20240410;171601;164.36;100;10088521529;B
20240410;171601;164.32;50;10088521572;B
20240410;171602;164.32;10;10088521581;B
20240410;171602;164.36;100;10088521584;B
20240410;171602;164.36;200;10088521604;B
20240410;171602;164.36;10;10088521605;B
20240410;171602;164.36;490;10088521606;B
20240410;171602;164.38;50;10088521607;B
20240410;171602;164.38;20;10088521608;B
20240410;171602;164.38;10;10088521609;B
20240410;171602;164.38;500;10088521610;B
20240410;171603;164.36;100;10088521727;B
20240410;171605;164.36;100;10088521926;B
20240410;171608;164.36;1020;10088522245;B
20240410;171608;164.36;320;10088522246;B
20240410;171608;164.36;10;10088522247;B
20240410;171608;164.38;500;10088522248;B
20240410;171608;164.38;1000;10088522249;B
20240410;171608;164.38;1000;10088522250;B
20240410;171608;164.38;1000;10088522251;B
20240410;171608;164.38;6450;10088522252;B
20240410;171610;164.38;10;10088522317;B
20240410;171610;164.36;100;10088522335;B
20240410;171611;164.36;800;10088522478;B
20240410;171612;164.36;150;10088522522;B
20240410;171612;164.38;50;10088522523;B
20240410;171612;164.38;1170;10088522577;B
20240410;171612;164.38;2130;10088522578;B
20240410;171613;164.38;100;10088522600;B
20240410;171613;164.34;10;10088522622;S
20240410;171613;164.36;100;10088522633;B
20240410;171616;164.34;980;10088522953;S
20240410;171616;164.34;100;10088522954;S
20240410;171616;164.34;550;10088522955;S
20240410;171616;164.32;480;10088522956;S
20240410;171616;164.3;200;10088522957;S
20240410;171616;164.3;10;10088522958;S
20240410;171616;164.28;2040;10088522959;S
20240410;171616;164.28;2000;10088522960;S
20240410;171616;164.26;1390;10088522961;S
20240410;171617;164.34;100;10088523003;B
20240410;171617;164.34;100;10088523013;B
20240410;171617;164.36;90;10088523014;B
20240410;171617;164.36;10;10088523028;B
20240410;171618;164.36;10;10088523103;B
20240410;171619;164.36;10;10088523165;B
20240410;171623;164.36;60;10088523566;B
20240410;171627;164.28;50;10088523826;S
20240410;171627;164.28;200;10088523827;S
20240410;171627;164.26;220;10088523828;S
20240410;171627;164.26;250;10088523829;S
20240410;171627;164.26;100;10088523830;S
20240410;171627;164.26;10;10088523831;S
20240410;171627;164.24;250;10088523832;S
20240410;171627;164.24;200;10088523833;S
20240410;171627;164.24;960;10088523834;S
20240410;171632;164.24;50;10088524325;S
20240410;171637;164.26;10;10088524758;B
20240410;171637;164.26;10;10088524761;B
20240410;171640;164.22;260;10088524944;S
20240410;171640;164.2;740;10088524945;S
20240410;171641;164.2;13670;10088525047;S
20240410;171641;164.2;450;10088525048;S
20240410;171641;164.2;100;10088525049;S
20240410;171641;164.2;10;10088525050;S
20240410;171641;164.2;10;10088525051;S
20240410;171641;164.18;300;10088525080;B
20240410;171643;164.18;10;10088525249;B
20240410;171643;164.18;500;10088525268;B
20240410;171643;164.18;50;10088525294;B
20240410;171645;164.18;60;10088525428;B
20240410;171649;164.16;10;10088525799;S
20240410;171652;164.16;10;10088526020;S
20240410;171652;164.16;10;10088526087;S
20240410;171654;164.18;20;10088526208;B
20240410;171655;164.18;30;10088526294;B
20240410;171656;164.16;10;10088526414;S
20240410;171658;164.18;70;10088526578;B
20240410;171659;164.16;50;10088526632;S
20240410;171659;164.18;110;10088526700;B
20240410;171704;164.18;270;10088527085;B
20240410;171705;164.18;170;10088527113;B
20240410;171727;164.18;1670;10088528829;B
20240410;171730;164.16;10;10088529134;S
20240410;171732;164.18;10;10088529307;B
20240410;171732;164.18;10;10088529308;B
20240410;171732;164.18;30;10088529309;B
20240410;171732;164.18;10;10088529310;B
20240410;171734;164.2;30;10088529460;B
20240410;171738;164.2;10;10088529865;B
20240410;171741;164.2;10;10088530101;B
20240410;171746;164.18;10;10088531546;S
20240410;171746;164.18;60;10088531547;S
20240410;171747;164.2;10;10088532490;B
20240410;171754;164.2;140;10088536112;B
20240410;171754;164.2;10;10088536113;B
20240410;171754;164.2;820;10088536114;B
20240410;171756;164.18;240;10088537448;S
20240410;171758;164.16;100;10088538477;S
20240410;171758;164.16;10;10088538478;S
20240410;171758;164.16;100;10088538479;S
20240410;171758;164.16;40;10088538480;S
20240410;171759;164.16;50;10088538700;S
20240410;171759;164.12;950;10088538701;S
20240410;171800;164.16;30;10088539383;B
20240410;171800;164.16;30;10088539598;B
20240410;171802;164.16;30;10088540248;B
20240410;171804;164.1;20;10088541639;S
20240410;171804;164.12;30;10088541763;B
20240410;171805;164.12;10;10088541876;B
20240410;171805;164.1;100;10088541972;S
20240410;171806;164.1;10;10088543035;S
20240410;171807;164.12;10;10088543140;B
20240410;171807;164.12;2450;10088543336;B
20240410;171807;164.12;10;10088543337;B
20240410;171807;164.12;1540;10088543338;B
20240410;171811;164.12;10;10088545552;B
20240410;171812;164.12;1530;10088545861;B
20240410;171812;164.14;20;10088545862;B
20240410;171812;164.14;21000;10088545863;B
20240410;171812;164.16;10;10088545864;B
20240410;171812;164.18;730;10088545865;B
20240410;171812;164.18;4110;10088545866;B
20240410;171812;164.16;20;10088546224;B
20240410;171816;164.1;100;10088548006;S
20240410;171816;164.1;60;10088548007;S
20240410;171816;164.08;10;10088548008;S
20240410;171816;164.08;200;10088548009;S
20240410;171816;164.06;20;10088548010;S
20240410;171820;164.08;10;10088550268;S
20240410;171820;164.06;90;10088550269;S
20240410;171820;164.08;10;10088550340;B
20240410;171821;164.08;10;10088551252;B
20240410;171822;164.08;40;10088551419;B
20240410;171822;164.08;1180;10088551777;B
20240410;171822;164.1;100;10088551778;B
20240410;171822;164.1;200;10088551779;B
20240410;171822;164.1;30;10088551780;B
20240410;171822;164.1;2680;10088551781;B
20240410;171823;164.14;10;10088551907;B
20240410;171828;164.1;110;10088555157;B
20240410;171828;164.1;200;10088555158;B
20240410;171828;164.12;1220;10088555159;B
20240410;171828;164.12;1470;10088555160;B
20240410;171829;164.12;10;10088555543;B
20240410;171829;164.12;30;10088555701;B
20240410;171830;164.12;10;10088555951;B
20240410;171832;164.12;800;10088557151;B
20240410;171843;164.06;10;10088563219;S
20240410;171843;164.04;100;10088563220;S
20240410;171843;164.04;200;10088563221;S
20240410;171843;164.04;260;10088563222;S
20240410;171843;164.04;330;10088563223;S
20240410;171845;164.1;10;10088564011;B
20240410;171846;164.04;670;10088564544;S
20240410;171846;164.04;820;10088564545;S
20240410;171846;164.04;180;10088564546;S
20240410;171846;164.02;3660;10088564547;S
20240410;171846;164.02;50;10088564548;S
20240410;171846;164.02;2590;10088564549;S
20240410;171846;164;10;10088564550;S
20240410;171846;164;100;10088564551;S
20240410;171846;164;10;10088564552;S
20240410;171846;164;1530;10088564553;S
20240410;171846;164;100;10088564554;S
20240410;171846;164;40;10088564555;S
20240410;171848;164;8760;10088565758;S
20240410;171848;164;20;10088565759;S
20240410;171848;164;410;10088565760;S
20240410;171848;164;50;10088565761;S
20240410;171848;164;10;10088565762;S
20240410;171848;164;200;10088565763;S
20240410;171848;163.98;50;10088565764;S
20240410;171852;164.04;10;10088568051;B
20240410;171852;164.04;80;10088568387;B
20240410;171857;164;30;10088570999;S
20240410;171902;164.02;10;10088574113;B
20240410;171904;164;40;10088574896;S
20240410;171904;163.98;450;10088574897;S
20240410;171904;163.94;100;10088574898;S
20240410;171904;163.94;690;10088574899;S
20240410;171904;163.92;10;10088574900;S
20240410;171904;163.98;60;10088574976;B
20240410;171904;163.98;10;10088575064;B
20240410;171905;163.98;30;10088575765;B
20240410;171908;163.92;500;10088577250;S
20240410;171908;163.9;10;10088577251;S
20240410;171908;163.9;620;10088577252;S
20240410;171908;163.9;1030;10088577253;S
20240410;171908;163.9;100;10088577759;S
20240410;171909;163.94;10;10088577900;B
20240410;171911;163.94;10;10088578962;B
20240410;171912;163.94;10;10088579629;B
20240410;171913;163.9;100;10088580349;S
20240410;171913;163.94;10;10088580362;B
20240410;171915;163.9;200;10088581809;S
20240410;171916;163.9;50;10088582541;S
20240410;171917;163.94;20;10088583452;B
20240410;171918;163.94;20;10088584524;B
20240410;171921;163.9;30;10088586655;S
20240410;171922;163.94;10;10088586846;S
20240410;171922;163.9;530;10088586847;S
20240410;171923;163.96;10;10088588044;B
20240410;171925;163.96;190;10088589270;B
20240410;171925;163.98;100;10088589271;B
20240410;171925;163.98;210;10088589272;B
20240410;171926;163.9;50;10088589850;S
20240410;171931;163.96;50;10088593525;B
20240410;171932;163.96;10;10088593822;B
20240410;171936;163.94;10;10088596290;S
20240410;171941;163.96;20;10088599165;B
20240410;171945;163.96;50;10088601829;B
20240410;171946;163.94;150;10088602271;S
20240410;171947;163.94;40;10088602743;S
20240410;171947;163.9;410;10088602744;S
20240410;171947;163.9;50;10088602745;S
20240410;171947;163.9;10;10088602885;S
20240410;171947;163.96;40;10088602961;B
20240410;171952;163.96;10;10088603542;B
20240410;171956;163.96;20;10088603988;B
20240410;171956;163.96;230;10088603989;B
20240410;171956;163.9;140;10088604005;S
20240410;171956;163.9;160;10088604006;S
20240410;171957;163.9;340;10088604043;S
20240410;171957;163.88;100;10088604044;S
20240410;171957;163.88;160;10088604045;S
20240410;172000;163.94;20;10088604339;B
20240410;172000;163.94;10;10088604410;B
20240410;172000;163.94;50;10088604527;B
20240410;172000;163.94;20;10088604528;B
20240410;172004;163.88;40;10088605047;S
20240410;172004;163.88;200;10088605048;S
20240410;172004;163.88;600;10088605049;S
20240410;172004;163.86;10;10088605050;S
20240410;172004;163.86;10;10088605051;S
20240410;172004;163.86;290;10088605052;S
20240410;172004;163.86;660;10088605053;S
20240410;172004;163.86;660;10088605054;S
20240410;172004;163.86;10;10088605055;S
20240410;172004;163.84;20;10088605056;S
20240410;172004;163.84;1500;10088605057;S
20240410;172004;163.94;200;10088605058;B
20240410;172005;163.84;50;10088605420;S
20240410;172006;163.88;140;10088605424;B
20240410;172006;163.88;60;10088605441;B
20240410;172006;163.92;20;10088605442;B
20240410;172012;163.9;100;10088606455;B
20240410;172013;163.9;10;10088606786;B
20240410;172014;163.84;100;10088607052;S
20240410;172016;163.9;10;10088607543;B
20240410;172016;163.9;10;10088607544;B
20240410;172017;163.88;10;10088607748;S
20240410;172017;163.84;40;10088607749;S
20240410;172017;163.9;20;10088607828;B
20240410;172017;163.84;310;10088607840;S
20240410;172017;163.84;10;10088607841;S
20240410;172017;163.84;10;10088607842;S
20240410;172017;163.84;100;10088607843;S
20240410;172017;163.84;200;10088607844;S
20240410;172017;163.82;100;10088607845;S
20240410;172017;163.82;40;10088607846;S
20240410;172017;163.82;10;10088607847;S
20240410;172017;163.82;50;10088607848;S
20240410;172017;163.82;10;10088607849;S
20240410;172017;163.82;250;10088607850;S
20240410;172017;163.82;10;10088607851;S
20240410;172020;163.88;10;10088608352;S
20240410;172022;163.82;100;10088608633;S
20240410;172025;163.86;10;10088609106;B
20240410;172025;163.86;50;10088609124;B
20240410;172026;163.82;10;10088609387;S
20240410;172027;163.82;150;10088609608;S
20240410;172027;163.82;10;10088609609;S
20240410;172027;163.8;20;10088609610;S
20240410;172027;163.8;20;10088609611;S
20240410;172027;163.8;600;10088609612;S
20240410;172028;163.84;150;10088609817;B
20240410;172028;163.86;140;10088609818;B
20240410;172028;163.88;1530;10088609819;B
20240410;172028;163.88;200;10088609820;B
20240410;172028;163.88;1220;10088609821;B
20240410;172028;163.88;10;10088609822;B
20240410;172028;163.9;20;10088609948;B
20240410;172030;163.9;20;10088610305;B
20240410;172031;163.88;100;10088610545;S
20240410;172032;163.9;10;10088610831;B
20240410;172033;163.88;200;10088611154;S
20240410;172039;163.88;150;10088612157;B
20240410;172039;163.88;10;10088612183;S
20240410;172041;163.9;20;10088612366;B
20240410;172041;163.9;100;10088612367;B
20240410;172041;163.9;100;10088612368;B
20240410;172041;163.92;50;10088612369;B
20240410;172041;163.96;200;10088612370;B
20240410;172042;163.88;340;10088612521;S
20240410;172042;163.86;150;10088612522;S
20240410;172042;163.86;350;10088612523;S
20240410;172044;163.86;30;10088612781;B
20240410;172046;163.86;30;10088613213;B
20240410;172047;163.84;100;10088613301;S
20240410;172049;163.86;600;10088613428;B
20240410;172049;163.88;150;10088613429;B
20240410;172049;163.9;1220;10088613455;S
20240410;172049;163.88;1780;10088613456;S
20240410;172050;163.92;10;10088613601;B
20240410;172050;163.92;10;10088613603;B
20240410;172050;163.88;500;10088613628;S
20240410;172051;163.92;10;10088613669;B
20240410;172051;163.88;100;10088613774;S
20240410;172054;163.92;20;10088613932;B
20240410;172055;163.88;100;10088614076;S
20240410;172056;163.88;90;10088614235;S
20240410;172057;163.92;50;10088614337;B
20240410;172057;163.96;10;10088614338;B
20240410;172057;163.96;40;10088614339;B
20240410;172101;163.9;10;10088614733;S
20240410;172101;163.88;280;10088614734;S
20240410;172101;163.88;10;10088614735;S
20240410;172101;163.88;10;10088614736;S
20240410;172101;163.86;400;10088614737;S
20240410;172101;163.86;190;10088614738;S
20240410;172101;163.84;180;10088614739;S
20240410;172101;163.84;150;10088614740;S
20240410;172101;163.84;770;10088614741;S
20240410;172102;163.92;10;10088614877;B
20240410;172102;163.94;60;10088614878;B
20240410;172103;163.94;10;10088614893;B
20240410;172107;163.88;10;10088615294;S
20240410;172112;163.86;10;10088616232;S
20240410;172112;163.84;150;10088616233;S
20240410;172112;163.84;10;10088616234;S
20240410;172112;163.82;330;10088616235;S
20240410;172112;163.82;100;10088616236;S
20240410;172112;163.8;10;10088616237;S
20240410;172113;163.88;20;10088616434;B
20240410;172113;163.92;10;10088616435;B
20240410;172113;163.92;210;10088616436;B
20240410;172116;163.82;50;10088616859;S
20240410;172116;163.82;440;10088616860;S
20240410;172116;163.82;780;10088616876;S
20240410;172116;163.8;1220;10088616877;S
20240410;172120;163.8;100;10088617330;S
20240410;172123;163.84;10;10088617482;B
20240410;172123;163.86;1220;10088617483;B
20240410;172123;163.86;1530;10088617484;B
20240410;172123;163.88;150;10088617485;B
20240410;172123;163.88;900;10088617486;B
20240410;172123;163.88;1760;10088617487;B
20240410;172124;163.88;880;10088617594;S
20240410;172125;163.88;320;10088617772;S
20240410;172128;163.9;10;10088618243;B
20240410;172132;163.88;100;10088618639;S
20240410;172134;163.88;80;10088618718;B
20240410;172134;163.88;1080;10088618719;B
20240410;172135;163.88;60;10088618870;B
20240410;172138;163.82;150;10088619253;S
20240410;172138;163.82;10;10088619254;S
20240410;172138;163.8;640;10088619255;S
20240410;172140;163.86;90;10088619408;B
20240410;172141;163.86;10;10088619453;B
20240410;172143;163.86;50;10088619749;B
20240410;172144;163.88;10;10088619891;B
20240410;172145;163.88;310;10088620184;B
20240410;172145;163.88;790;10088620185;B
20240410;172145;163.88;1530;10088620186;B
20240410;172145;163.88;10;10088620187;B
20240410;172145;163.9;1000;10088620188;B
20240410;172145;163.9;760;10088620189;B
20240410;172145;163.92;200;10088620190;B
20240410;172145;163.92;2000;10088620191;B
20240410;172145;163.92;880;10088620192;B
20240410;172145;163.92;250;10088620193;B
20240410;172145;163.94;200;10088620194;B
20240410;172145;163.94;320;10088620195;B
20240410;172145;163.94;3660;10088620196;B
20240410;172145;163.94;3660;10088620197;B
20240410;172145;163.96;100;10088620198;B
20240410;172145;163.96;10000;10088620199;B
20240410;172145;163.98;2000;10088620200;B
20240410;172145;164;2810;10088620201;B
20240410;172145;163.88;160;10088620295;S
20240410;172145;163.88;40;10088620296;S
20240410;172150;163.9;30;10088621781;S
20240410;172152;163.98;10;10088622104;B
20240410;172152;163.9;130;10088622141;S
20240410;172152;163.88;10;10088622142;S
20240410;172152;163.88;400;10088622143;S
20240410;172152;163.88;1320;10088622144;S
20240410;172152;163.86;250;10088622145;S
20240410;172152;163.86;10;10088622146;S
20240410;172152;163.86;950;10088622147;S
20240410;172152;163.84;3660;10088622148;S
20240410;172152;163.84;3660;10088622149;S
20240410;172152;163.82;1000;10088622150;S
20240410;172152;163.82;3530;10088622151;S
20240410;172156;163.92;200;10088622911;B
20240410;172156;163.94;200;10088622942;B
20240410;172156;163.94;1120;10088622943;B
20240410;172156;163.94;200;10088622944;B
20240410;172156;163.94;250;10088622945;B
20240410;172156;163.96;110;10088622946;B
20240410;172156;163.98;1220;10088622947;B
20240410;172156;163.98;1530;10088622948;B
20240410;172156;163.98;3660;10088622949;B
20240410;172159;164;10;10088623450;B
20240410;172204;163.98;1530;10088624083;B
20240410;172204;164;440;10088624084;B
20240410;172204;164;100;10088624085;B
20240410;172204;164;10;10088624086;B
20240410;172204;164;600;10088624087;B
20240410;172204;164;170;10088624088;B
20240410;172204;164;300;10088624089;B
20240410;172204;164;1000;10088624090;B
20240410;172204;164;300;10088624091;B
20240410;172204;164;10;10088624092;B
20240410;172204;164;2000;10088624093;B
20240410;172204;164;10;10088624094;B
20240410;172204;164.02;320;10088624095;B
20240410;172204;164.02;6000;10088624096;B
20240410;172204;164.06;10;10088624097;B
20240410;172204;164.06;10;10088624098;B
20240410;172204;164.06;10;10088624099;B
20240410;172204;164.06;560;10088624100;B
20240410;172204;164.06;10;10088624101;B
20240410;172204;164.06;10;10088624102;B
20240410;172204;164.08;3660;10088624103;B
20240410;172204;164.1;10;10088624104;B
20240410;172204;164.1;50;10088624105;B
20240410;172204;164.1;500;10088624106;B
20240410;172204;164.1;3500;10088624107;B
20240410;172204;164.1;590;10088624108;B
20240410;172206;164;100;10088624396;S
20240410;172210;164;100;10088624922;S
20240410;172210;164;10;10088624923;S
20240410;172210;164;50;10088624924;S
20240410;172210;164;250;10088624925;S
20240410;172210;164;60;10088624926;S
20240410;172211;164.04;20;10088625103;B
20240410;172225;164.06;20;10088627294;B
20240410;172231;164.04;50;10088628860;B
20240410;172231;164.02;10;10088628874;S
20240410;172231;164;10;10088628875;S
20240410;172233;164.04;10;10088629317;B
20240410;172236;164.04;10;10088630120;B
20240410;172238;164;60;10088630543;S
20240410;172238;164;40;10088630544;S
20240410;172238;164;60;10088630545;S
20240410;172238;164;540;10088630546;S
20240410;172241;164.04;30;10088631306;B
20240410;172242;164;200;10088631397;S
20240410;172242;164;410;10088631398;S
20240410;172244;164;300;10088631767;S
20240410;172246;164.04;10;10088632037;B
20240410;172248;164.04;10;10088632262;B
20240410;172252;164;30;10088632677;S
20240410;172253;164.04;450;10088632868;B
20240410;172253;164.04;110;10088632869;B
20240410;172253;164.04;820;10088632870;B
20240410;172255;164.04;10;10088633083;B
20240410;172255;164;10;10088633107;S
20240410;172258;164.04;10;10088633379;B
20240410;172303;164.04;50;10088633979;B
20240410;172306;164.04;130;10088634195;B
20240410;172306;164.04;580;10088634196;B
20240410;172309;164.06;50;10088634563;B
20240410;172309;164;100;10088634636;S
20240410;172313;164.06;10;10088634976;B
20240410;172313;164.06;470;10088634991;B
20240410;172313;164.06;280;10088634992;B
20240410;172313;164.08;1530;10088634993;B
20240410;172313;164.08;9000;10088634994;B
20240410;172313;164.1;10;10088634995;B
20240410;172313;164.1;300;10088634996;B
20240410;172313;164.1;600;10088634997;B
20240410;172313;164.12;20000;10088634998;B
20240410;172313;164.12;10;10088634999;B
20240410;172313;164.16;10000;10088635000;B
20240410;172313;164.16;1220;10088635001;B
20240410;172313;164.18;10890;10088635002;B
20240410;172313;164.18;20;10088635003;B
20240410;172313;164.2;400;10088635004;B
20240410;172313;164.2;20000;10088635005;B
20240410;172313;164.2;10000;10088635006;B
20240410;172314;164.22;10;10088635091;B
20240410;172317;164.2;100;10088635454;S
20240410;172318;164.22;10;10088635478;B
20240410;172318;164.22;330;10088635479;B
20240410;172318;164.22;660;10088635480;B
20240410;172319;164.22;2500;10088635631;B
20240410;172320;164.22;600;10088635717;S
20240410;172321;164.24;90;10088635765;B
20240410;172321;164.24;160;10088635834;B
20240410;172321;164.24;840;10088635835;B
20240410;172322;164.26;10;10088635964;B
20240410;172326;164.26;40;10088636362;B
20240410;172326;164.26;40;10088636363;B
20240410;172327;164.24;200;10088636437;S
20240410;172327;164.26;10;10088636441;B
20240410;172332;164.26;10;10088637181;B
20240410;172334;164.24;390;10088637437;B
20240410;172334;164.24;30;10088637457;B
20240410;172335;164.24;100;10088637545;B
20240410;172337;164.24;520;10088637805;B
20240410;172337;164.24;680;10088637806;B
20240410;172340;164.24;1000;10088638067;S
20240410;172356;164.22;1220;10088639815;S
20240410;172356;164.22;30;10088639816;S
20240410;172356;164.22;1640;10088639817;S
20240410;172356;164.22;1530;10088639818;S
20240410;172356;164.2;14580;10088639819;S
20240410;172359;164.2;80;10088640276;S
20240410;172400;164.22;1000;10088640522;B
20240410;172400;164.22;1000;10088640523;B
20240410;172402;164.22;4500;10088640896;B
20240410;172404;164.22;10;10088641057;B
20240410;172405;164.22;50;10088641216;B
20240410;172407;164.22;10;10088641871;B
20240410;172408;164.22;400;10088642257;B
20240410;172409;164.2;300;10088642660;S
20240410;172419;164.22;10;10088645305;B
20240410;172419;164.2;10;10088645407;S
20240410;172423;164.22;20;10088646349;B
20240410;172424;164.2;200;10088646369;S
20240410;172424;164.2;10;10088646370;S
20240410;172424;164.16;200;10088646371;S
20240410;172424;164.16;1210;10088646372;S
20240410;172424;164.16;530;10088646373;S
20240410;172424;164.14;6850;10088646374;S
20240410;172425;164.12;100;10088646685;S
20240410;172426;164.12;100;10088646842;S
20240410;172426;164.08;3900;10088646843;S
20240410;172430;164.1;50;10088647361;B
20240410;172431;164.1;100;10088647470;B
20240410;172434;164.1;50;10088647672;B
20240410;172438;164.06;100;10088648238;S
20240410;172440;164.06;3660;10088648402;S
20240410;172440;164.06;200;10088648403;S
20240410;172440;164.06;3000;10088648404;S
20240410;172442;164.14;20;10088648799;B
20240410;172445;164.14;70;10088649115;B
20240410;172456;164.14;100;10088650222;B
20240410;172457;164.06;380;10088650258;S
20240410;172457;164.1;20;10088650277;B
20240410;172458;164.04;200;10088650354;S
20240410;172504;164.02;10;10088650808;B
20240410;172505;164.04;300;10088650874;B
20240410;172507;164.02;10;10088651063;B
20240410;172508;164.02;10;10088651156;B
20240410;172509;164.02;10;10088651261;B
20240410;172510;164.02;10;10088651370;B
20240410;172511;164.02;190;10088651383;B
20240410;172511;164.02;10;10088651474;B
20240410;172512;164.02;10;10088651560;B
20240410;172514;164.02;20;10088651781;B
20240410;172515;164.02;700;10088651862;B
20240410;172515;164.02;9300;10088651863;B
20240410;172516;164.02;10;10088652117;B
20240410;172517;164;10;10088652159;S
20240410;172522;164.02;10;10088652589;B
20240410;172526;164.02;10;10088653051;B
20240410;172530;164.02;200;10088653491;B
20240410;172534;164;10;10088654261;S
20240410;172535;164.02;40;10088654460;B
20240410;172543;164.02;10;10088655234;B
20240410;172547;164.02;50;10088655590;B
20240410;172551;164.02;60;10088655929;B
20240410;172555;164.02;170;10088656388;B
20240410;172601;164;40;10088657168;S
20240410;172601;164;30;10088657169;S
20240410;172601;164;30;10088657170;S
20240410;172603;164;20;10088657306;S
20240410;172607;164;30;10088657697;S
20240410;172607;164;90;10088657698;S
20240410;172607;164;80;10088657699;S
20240410;172609;164;10;10088657998;S
20240410;172609;164;200;10088658062;S
20240410;172610;164.02;100;10088658078;B
20240410;172615;164;30;10088658466;S
20240410;172616;164.02;50;10088658575;B
20240410;172617;164;240;10088658631;S
20240410;172620;164;30;10088658892;B
20240410;172620;164;120;10088658928;B
20240410;172620;164;180;10088658929;B
20240410;172626;163.98;10;10088659753;S
20240410;172626;163.98;10;10088659754;S
20240410;172628;164;1670;10088659905;B
20240410;172629;163.98;20;10088660022;S
20240410;172630;164;40;10088660118;B
20240410;172631;164;140;10088660205;B
20240410;172631;164;30;10088660212;B
20240410;172634;164;150;10088660482;B
20240410;172637;164;50;10088660870;B
20240410;172638;164;20;10088661071;B
20240410;172638;164;380;10088661072;B
20240410;172639;163.98;120;10088661136;S
20240410;172639;163.96;20;10088661137;S
20240410;172639;163.96;310;10088661138;S
20240410;172639;163.94;40;10088661139;S
20240410;172641;163.98;10;10088661385;B
20240410;172642;163.98;90;10088661398;B
20240410;172642;163.94;10;10088661454;S
20240410;172643;163.98;50;10088661633;B
20240410;172643;163.98;450;10088661634;B
20240410;172649;163.96;10;10088662164;B
20240410;172650;163.9;10;10088662223;S
20240410;172650;163.9;10;10088662224;S
20240410;172650;163.9;10;10088662225;S
20240410;172650;163.88;10;10088662226;S
20240410;172650;163.88;200;10088662227;S
20240410;172650;163.88;200;10088662228;S
20240410;172650;163.88;10;10088662229;S
20240410;172650;163.88;280;10088662230;S
20240410;172650;163.88;560;10088662231;S
20240410;172650;163.86;10;10088662232;S
20240410;172650;163.84;10;10088662233;S
20240410;172650;163.84;10;10088662234;S
20240410;172650;163.84;150;10088662235;S
20240410;172650;163.84;2530;10088662236;S
20240410;172650;163.82;10;10088662332;S
20240410;172650;163.8;430;10088662333;S
20240410;172650;163.8;1550;10088662334;S
20240410;172651;163.88;20;10088662402;B
20240410;172652;163.88;130;10088662473;B
20240410;172652;163.88;30;10088662474;B
20240410;172652;163.9;20;10088662475;B
20240410;172652;163.88;50;10088662506;B
20240410;172653;163.88;200;10088662550;B
20240410;172653;163.9;20;10088662551;B
20240410;172653;163.9;150;10088662552;B
20240410;172657;163.9;1000;10088663059;S
20240410;172659;163.9;1000;10088663278;S
20240410;172705;163.84;60;10088663862;S
20240410;172705;163.88;10;10088663892;B
20240410;172705;163.84;30;10088663900;S
20240410;172706;163.84;110;10088663951;S
20240410;172706;163.84;40;10088663952;S
20240410;172706;163.88;140;10088663965;B
20240410;172706;163.88;20;10088663978;B
20240410;172709;163.88;130;10088664219;B
20240410;172709;163.9;280;10088664220;B
20240410;172711;163.9;20;10088664555;S
20240410;172711;163.84;110;10088664556;S
20240410;172711;163.84;10;10088664557;S
20240410;172711;163.84;10;10088664602;B
20240410;172712;163.84;10;10088664692;B
20240410;172712;163.84;50;10088664848;B
20240410;172713;163.82;10;10088664928;S
20240410;172713;163.82;10;10088664929;S
20240410;172713;163.82;70;10088664930;S
20240410;172715;163.84;790;10088665075;B
20240410;172715;163.86;50;10088665076;B
20240410;172715;163.86;900;10088665077;B
20240410;172715;163.9;2830;10088665081;S
20240410;172721;163.92;10;10088665653;B
20240410;172724;163.92;10;10088665967;B
20240410;172725;163.92;40;10088666013;B
20240410;172729;163.92;10;10088666368;B
20240410;172731;163.92;50;10088666578;B
20240410;172731;163.94;50;10088666579;B
20240410;172731;163.94;10;10088666580;B
20240410;172731;163.94;40;10088666581;B
20240410;172733;163.96;50;10088666788;B
20240410;172735;163.92;10;10088667049;B
20240410;172735;163.94;10;10088667050;B
20240410;172737;163.98;10;10088667137;B
20240410;172737;163.98;20;10088667138;B
20240410;172739;163.9;150;10088667376;S
20240410;172739;163.88;100;10088667377;S
20240410;172739;163.86;10;10088667378;S
20240410;172739;163.86;60;10088667379;S
20240410;172741;163.92;10;10088667593;B
20240410;172743;163.92;90;10088667779;B
20240410;172744;163.94;10;10088667889;B
20240410;172748;163.94;40;10088668255;B
20240410;172748;163.94;20;10088668300;B
20240410;172750;163.88;150;10088668589;S
20240410;172750;163.88;10;10088668590;S
20240410;172750;163.86;10;10088668591;S
20240410;172750;163.86;250;10088668592;S
20240410;172750;163.86;10;10088668593;S
20240410;172750;163.84;10;10088668594;S
20240410;172750;163.84;100;10088668595;S
20240410;172750;163.84;10;10088668596;S
20240410;172750;163.84;20;10088668597;S
20240410;172750;163.84;50;10088668598;S
20240410;172750;163.84;50;10088668599;S
20240410;172750;163.84;10;10088668600;S
20240410;172750;163.84;950;10088668601;S
20240410;172801;163.92;50;10088669700;B
20240410;172802;163.92;50;10088669738;B
20240410;172802;163.92;10;10088669739;B
20240410;172802;163.92;10;10088669740;B
20240410;172802;163.92;10;10088669788;B
20240410;172804;163.92;30;10088669930;B
20240410;172805;163.94;80;10088670045;B
20240410;172805;163.94;200;10088670046;B
20240410;172805;163.94;10;10088670047;B
20240410;172805;163.94;10;10088670048;B
20240410;172805;163.96;200;10088670049;B
20240410;172805;163.96;10;10088670050;B
20240410;172805;163.98;10;10088670051;B
20240410;172805;163.98;480;10088670052;B
20240410;172809;163.96;10;10088670503;B
20240410;172810;163.96;30;10088670510;B
20240410;172811;163.96;110;10088670709;B
20240410;172811;163.96;20;10088670710;B
20240410;172815;163.96;30;10088671060;B
20240410;172815;163.96;50;10088671061;B
20240410;172815;163.98;200;10088671062;B
20240410;172815;163.98;660;10088671063;B
20240410;172817;163.98;10;10088671255;B
20240410;172819;163.92;100;10088671415;S
20240410;172819;163.98;100;10088671474;B
20240410;172819;164;450;10088671475;B
20240410;172820;163.88;20;10088671534;S
20240410;172820;163.88;10;10088671535;S
20240410;172820;163.88;100;10088671536;S
20240410;172820;163.88;1220;10088671537;S
20240410;172820;163.88;150;10088671538;S
20240410;172820;163.88;660;10088671539;S
20240410;172820;163.88;480;10088671540;S
20240410;172820;163.88;1530;10088671541;S
20240410;172820;163.88;5830;10088671542;S
20240410;172821;163.98;30;10088671560;B
20240410;172823;163.9;10;10088671741;S
20240410;172829;163.88;30;10088672256;S
20240410;172832;163.96;20;10088672482;B
20240410;172833;163.88;10;10088672643;S
20240410;172836;163.88;50;10088672976;S
20240410;172837;163.88;60;10088673025;S
20240410;172837;163.88;10;10088673026;S
20240410;172837;163.88;200;10088673027;S
20240410;172837;163.86;200;10088673028;S
20240410;172837;163.86;120;10088673029;S
20240410;172837;163.86;10;10088673030;S
20240410;172842;163.88;10;10088673497;S
20240410;172842;163.86;10;10088673498;S
20240410;172842;163.86;200;10088673499;S
20240410;172842;163.84;20;10088673500;S
20240410;172842;163.84;10;10088673501;S
20240410;172842;163.84;250;10088673502;S
20240410;172844;163.9;10;10088673663;B
20240410;172844;163.92;150;10088673664;B
20240410;172844;163.94;200;10088673665;B
20240410;172844;163.94;40;10088673666;B
20240410;172849;163.92;50;10088674112;B
20240410;172850;163.92;10;10088674239;B
20240410;172851;163.92;20;10088674289;B
20240410;172853;163.86;10;10088674493;S
20240410;172855;163.86;10;10088674686;S
20240410;172858;163.86;10;10088674997;S
20240410;172901;163.86;60;10088675280;B
20240410;172902;163.86;70;10088675349;B
20240410;172902;163.86;10;10088675366;B
20240410;172904;163.84;600;10088675516;S
20240410;172905;163.86;550;10088675576;B
20240410;172905;163.86;720;10088675577;B
20240410;172905;163.88;40;10088675578;B
20240410;172905;163.9;10;10088675579;B
20240410;172906;163.9;100;10088675723;S
20240410;172906;163.9;200;10088675752;S
20240410;172906;163.84;200;10088675753;S
20240410;172907;163.92;50;10088675768;B
20240410;172907;163.9;10;10088675804;B
20240410;172911;163.9;50;10088676112;B
20240410;172912;163.9;10;10088676186;B
20240410;172912;163.9;30;10088676190;B
20240410;172916;163.88;20;10088676498;B
20240410;172916;163.9;10;10088676499;B
20240410;172916;163.84;100;10088676541;S
20240410;172916;163.84;50;10088676546;S
20240410;172918;163.84;10;10088676805;S
20240410;172919;163.84;10;10088676842;S
20240410;172921;163.9;100;10088676981;B
20240410;172925;163.84;780;10088677355;S
20240410;172925;163.84;150;10088677356;S
20240410;172925;163.84;10;10088677357;S
20240410;172925;163.84;10;10088677358;S
20240410;172925;163.84;200;10088677359;S
20240410;172925;163.82;690;10088677360;S
20240410;172925;163.82;100;10088677361;S
20240410;172925;163.82;10;10088677362;S
20240410;172925;163.82;10;10088677363;S
20240410;172925;163.82;270;10088677364;S
20240410;172925;163.82;60;10088677365;S
20240410;172925;163.8;30;10088677366;S
20240410;172925;163.8;1000;10088677367;S
20240410;172925;163.8;10;10088677368;S
20240410;172925;163.8;10;10088677369;S
20240410;172925;163.8;30;10088677370;S
20240410;172925;163.8;10;10088677371;S
20240410;172925;163.8;30;10088677372;S
20240410;172925;163.8;420;10088677373;S
20240410;172925;163.8;5000;10088677374;S
20240410;172925;163.8;2830;10088677375;S
20240410;172925;163.78;10;10088677376;S
20240410;172925;163.78;10000;10088677377;S
20240410;172925;163.76;1000;10088677378;S
20240410;172925;163.76;10;10088677379;S
20240410;172925;163.76;10;10088677380;S
20240410;172925;163.76;10;10088677381;S
20240410;172925;163.76;2000;10088677382;S
20240410;172925;163.74;500;10088677383;S
20240410;172925;163.74;10;10088677384;S
20240410;172925;163.74;10000;10088677385;S
20240410;172925;163.74;2000;10088677386;S
20240410;172925;163.74;10000;10088677387;S
20240410;172925;163.72;50;10088677388;S
20240410;172925;163.72;2630;10088677389;S
20240410;172925;163.72;600;10088677390;S
20240410;172925;163.72;10;10088677391;S
20240410;172925;163.72;1850;10088677392;S
20240410;172925;163.72;10;10088677393;S
20240410;172925;163.72;10;10088677394;S
20240410;172925;163.72;1530;10088677395;S
20240410;172925;163.7;7000;10088677396;S
20240410;172925;163.7;7000;10088677397;S
20240410;172925;163.7;10;10088677398;S
20240410;172925;163.7;30;10088677399;S
20240410;172925;163.7;10;10088677400;S
20240410;172925;163.7;10;10088677401;S
20240410;172925;163.7;300;10088677402;S
20240410;172925;163.7;10;10088677403;S
20240410;172925;163.7;14500;10088677404;S
20240410;172925;163.7;10;10088677405;S
20240410;172925;163.7;10;10088677406;S
20240410;172925;163.7;20;10088677407;S
20240410;172925;163.7;9490;10088677408;S
20240410;172925;163.68;750;10088677412;S
20240410;172925;163.68;5340;10088677421;S
20240410;172925;163.78;10;10088677448;B
20240410;172925;163.68;100;10088677454;S
20240410;172925;163.68;200;10088677461;S
20240410;172925;163.68;350;10088677480;S
20240410;172926;163.72;300;10088677489;B
20240410;172927;163.72;140;10088677540;B
20240410;172927;163.72;1220;10088677541;B
20240410;172927;163.74;2060;10088677542;B
20240410;172927;163.76;690;10088677543;B
20240410;172927;163.78;1530;10088677544;B
20240410;172927;163.78;80;10088677545;B
20240410;172927;163.8;4000;10088677546;B
20240410;172927;163.82;250;10088677547;B
20240410;172930;163.82;710;10088677799;B
20240410;172930;163.84;1750;10088677800;B
20240410;172930;163.88;10;10088677801;B
20240410;172930;163.88;200;10088677802;B
20240410;172930;163.88;2160;10088677803;B
20240410;172931;163.84;10;10088677874;B
20240410;172931;163.76;10;10088677901;S
20240410;172938;163.82;480;10088678912;B
20240410;172938;163.84;40;10088678991;B
20240410;172940;163.8;20;10088679130;S
20240410;172940;163.76;10;10088679131;S
20240410;172940;163.76;10;10088679132;S
20240410;172940;163.76;660;10088679133;S
20240410;172941;163.76;80;10088679208;S
20240410;172942;163.78;10;10088679313;B
20240410;172943;163.78;50;10088679396;B
20240410;172943;163.72;10;10088679397;S
20240410;172943;163.72;500;10088679398;S
20240410;172943;163.72;50;10088679399;S
20240410;172943;163.72;50;10088679400;S
20240410;172943;163.7;10;10088679401;S
20240410;172943;163.7;500;10088679402;S
20240410;172943;163.7;1220;10088679403;S
20240410;172943;163.7;910;10088679404;S
20240410;172943;163.68;2010;10088679405;S
20240410;172943;163.68;250;10088679406;S
20240410;172943;163.68;500;10088679407;S
20240410;172943;163.66;50;10088679408;S
20240410;172943;163.66;400;10088679409;S
20240410;172943;163.66;10;10088679410;S
20240410;172943;163.66;10;10088679411;S
20240410;172943;163.66;500;10088679412;S
20240410;172943;163.66;200;10088679413;S
20240410;172943;163.66;1530;10088679414;S
20240410;172943;163.64;10;10088679415;S
20240410;172943;163.64;100;10088679416;S
20240410;172943;163.64;10;10088679417;S
20240410;172943;163.64;10;10088679418;S
20240410;172943;163.64;20;10088679419;S
20240410;172943;163.64;2160;10088679420;S
20240410;172943;163.64;4500;10088679421;S
20240410;172943;163.62;200;10088679422;S
20240410;172943;163.62;20;10088679423;S
20240410;172943;163.62;50;10088679424;S
20240410;172943;163.62;10;10088679425;S
20240410;172943;163.62;10;10088679426;S
20240410;172943;163.62;2000;10088679427;S
20240410;172943;163.62;2190;10088679428;S
20240410;172943;163.62;200;10088679448;S
20240410;172943;163.62;1220;10088679449;S
20240410;172943;163.62;1530;10088679450;S
20240410;172943;163.6;810;10088679451;S
20240410;172943;163.6;100;10088679452;S
20240410;172943;163.6;50;10088679453;S
20240410;172943;163.6;80;10088679454;S
20240410;172943;163.6;50;10088679455;S
20240410;172943;163.6;1000;10088679456;S
20240410;172943;163.6;500;10088679457;S
20240410;172943;163.6;20;10088679459;S
20240410;172943;163.6;2500;10088679503;S
20240410;172943;163.6;2000;10088679504;S
20240410;172944;163.6;400;10088679535;S
20240410;172944;163.6;240;10088679545;S
20240410;172944;163.6;1440;10088679558;S
20240410;172946;163.6;100;10088679717;S
20240410;172948;163.62;10;10088679884;B
20240410;172948;163.62;20;10088679887;B
20240410;172949;163.62;1520;10088679939;B
20240410;172949;163.64;200;10088679940;B
20240410;172949;163.66;10;10088679941;B
20240410;172949;163.7;1220;10088679942;B
20240410;172949;163.7;370;10088679943;B
20240410;172952;163.72;20;10088680278;B
20240410;172952;163.74;250;10088680279;B
20240410;172952;163.74;200;10088680280;B
20240410;172952;163.78;50;10088680281;B
20240410;172952;163.78;50;10088680282;B
20240410;172952;163.78;430;10088680283;B
20240410;172953;163.68;10;10088680355;S
20240410;172953;163.64;190;10088680356;S
20240410;172953;163.64;10;10088680357;S
20240410;172953;163.64;200;10088680358;S
20240410;172953;163.64;1090;10088680359;S
20240410;172959;163.74;10;10088681039;B
20240410;172959;163.74;10;10088681042;B
20240410;173000;163.74;250;10088681049;B
20240410;173000;163.7;10;10088681163;S
20240410;173000;163.64;10;10088681164;S
20240410;173000;163.64;10;10088681165;S
20240410;173001;163.74;50;10088681174;B
20240410;173001;163.74;10;10088681190;B
20240410;173004;163.66;50;10088681447;S
20240410;173004;163.66;100;10088681448;S
20240410;173004;163.64;750;10088681449;S
20240410;173004;163.72;10;10088681460;B
20240410;173004;163.74;90;10088681461;B
20240410;173006;163.64;160;10088681673;S
20240410;173007;163.72;60;10088681733;B
20240410;173007;163.64;300;10088681815;S
20240410;173008;163.7;10;10088681884;B
20240410;173009;163.64;60;10088681899;S
20240410;173009;163.7;190;10088681929;B
20240410;173009;163.72;40;10088681930;B
20240410;173009;163.72;1000;10088681931;B
20240410;173009;163.72;200;10088681932;B
20240410;173009;163.74;80;10088681933;B
20240410;173009;163.74;140;10088681934;B
20240410;173011;163.72;300;10088682136;B
20240410;173011;163.74;30;10088682137;B
20240410;173012;163.64;100;10088682234;S
20240410;173014;163.74;10;10088682426;B
20240410;173014;163.7;20;10088682457;S
20240410;173016;163.7;120;10088682898;S
20240410;173016;163.74;10;10088682936;B
20240410;173017;163.7;460;10088682989;S
20240410;173017;163.66;200;10088682990;S
20240410;173017;163.66;340;10088682991;S
20240410;173018;163.66;20;10088683128;S
20240410;173020;163.66;10;10088683517;S
20240410;173022;163.7;130;10088683706;B
20240410;173024;163.7;10;10088683882;B
20240410;173024;163.64;10;10088683917;S
20240410;173024;163.64;10;10088683918;S
20240410;173024;163.64;10;10088683919;S
20240410;173024;163.64;170;10088683920;S
20240410;173028;163.62;100;10088684265;S
20240410;173030;163.68;10;10088684444;B
20240410;173030;163.7;10120;10088684445;B
20240410;173030;163.74;1220;10088684446;B
20240410;173030;163.74;1530;10088684447;B
20240410;173030;163.76;10;10088684448;B
20240410;173030;163.76;100;10088684449;B
20240410;173030;163.76;200;10088684450;B
20240410;173030;163.76;260;10088684451;B
20240410;173030;163.76;5000;10088684452;B
20240410;173030;163.78;10;10088684453;B
20240410;173030;163.78;10;10088684454;B
20240410;173030;163.78;9240;10088684455;B
20240410;173030;163.78;10000;10088684456;B
20240410;173030;163.78;10000;10088684457;B
20240410;173030;163.8;50;10088684458;B
20240410;173030;163.8;2000;10088684459;B
20240410;173030;163.82;3940;10088684460;B
20240410;173032;163.76;100;10088684654;S
20240410;173032;163.86;50;10088684659;B
20240410;173037;163.78;100;10088685065;S
20240410;173039;163.76;10;10088685186;S
20240410;173040;163.84;10;10088685300;B
20240410;173040;163.84;190;10088685306;B
20240410;173040;163.86;40;10088685307;B
20240410;173040;163.86;500;10088685308;B
20240410;173040;163.86;200;10088685309;B
20240410;173040;163.88;1220;10088685310;B
20240410;173040;163.9;500;10088685311;B
20240410;173040;163.9;10;10088685312;B
20240410;173040;163.9;340;10088685313;B
20240410;173042;163.78;10;10088685474;S
20240410;173043;163.86;10;10088685527;B
20240410;173043;163.76;150;10088685529;S
20240410;173049;163.78;60;10088686022;B
20240410;173049;163.84;40;10088686023;B
20240410;173049;163.76;40;10088686042;S
20240410;173049;163.76;10;10088686043;S
20240410;173049;163.74;50;10088686044;S
20240410;173055;163.82;10;10088686607;B
20240410;173055;163.82;200;10088686608;B
20240410;173056;163.84;70;10088686740;B
20240410;173056;163.84;30;10088686741;B
20240410;173057;163.82;1500;10088686878;S
20240410;173102;163.82;2000;10088687247;S
20240410;173102;163.86;70;10088687336;B
20240410;173103;163.86;10;10088687342;B
20240410;173105;163.78;200;10088687649;S
20240410;173105;163.76;230;10088687650;S
20240410;173105;163.74;750;10088687651;S
20240410;173105;163.74;10;10088687652;S
20240410;173105;163.74;10;10088687653;S
20240410;173105;163.74;500;10088687654;S
20240410;173105;163.72;300;10088687655;S
20240410;173106;163.74;40;10088687740;S
20240410;173107;163.82;130;10088687787;B
20240410;173107;163.74;100;10088687838;S
20240410;173110;163.72;10;10088688082;S
20240410;173110;163.72;10;10088688083;S
20240410;173110;163.72;200;10088688084;S
20240410;173110;163.7;180;10088688085;S
20240410;173110;163.7;500;10088688086;S
20240410;173110;163.7;250;10088688087;S
20240410;173110;163.7;500;10088688088;S
20240410;173110;163.68;10;10088688089;S
20240410;173110;163.68;250;10088688090;S
20240410;173110;163.68;90;10088688091;S
20240410;173111;163.68;10;10088688158;S
20240410;173111;163.68;400;10088688206;S
20240410;173111;163.68;200;10088688207;S
20240410;173111;163.66;400;10088688208;S
20240410;173111;163.66;500;10088688209;S
20240410;173111;163.66;310;10088688210;S
20240410;173111;163.64;10;10088688211;S
20240410;173111;163.64;170;10088688212;S
20240410;173111;163.64;500;10088688213;S
20240410;173111;163.64;130;10088688214;S
20240410;173111;163.64;1330;10088688215;S
20240410;173112;163.64;2000;10088688263;S
20240410;173113;163.76;1220;10088688304;B
20240410;173113;163.76;200;10088688305;B
20240410;173113;163.76;130;10088688306;B
20240410;173114;163.64;200;10088688461;S
20240410;173114;163.62;1070;10088688462;S
20240410;173114;163.62;730;10088688463;S
20240410;173116;163.64;100;10088688607;S
20240410;173117;163.7;50;10088688651;B
20240410;173117;163.74;200;10088688652;B
20240410;173117;163.74;200;10088688653;B
20240410;173117;163.74;10;10088688654;B
20240410;173117;163.74;200;10088688655;B
20240410;173117;163.76;1220;10088688656;B
20240410;173117;163.76;1530;10088688657;B
20240410;173117;163.78;50;10088688658;B
20240410;173117;163.82;200;10088688680;B
20240410;173117;163.82;200;10088688730;S
20240410;173117;163.74;200;10088688731;S
20240410;173117;163.74;500;10088688732;S
20240410;173117;163.72;60;10088688733;S
20240410;173124;163.76;10;10088689494;B
20240410;173128;163.72;100;10088689943;B
20240410;173128;163.74;20;10088689944;B
20240410;173128;163.68;200;10088689957;S
20240410;173134;163.64;200;10088690858;S
20240410;173134;163.64;100;10088690859;S
20240410;173137;163.7;20;10088691711;B
20240410;173137;163.7;180;10088691712;B
20240410;173137;163.72;90;10088691713;B
20240410;173137;163.74;30;10088691714;B
20240410;173139;163.72;80;10088691961;B
20240410;173139;163.72;10;10088692080;B
20240410;173140;163.72;10;10088692536;B
20240410;173145;163.66;30;10088693434;S
20240410;173145;163.64;100;10088693435;S
20240410;173145;163.64;100;10088693436;S
20240410;173145;163.62;2270;10088693437;S
20240410;173145;163.62;200;10088693438;S
20240410;173145;163.6;2800;10088693439;S
20240410;173145;163.6;40;10088693440;S
20240410;173145;163.6;20;10088693441;S
20240410;173145;163.6;10;10088693442;S
20240410;173145;163.6;100;10088693443;S
20240410;173145;163.6;10;10088693444;S
20240410;173145;163.6;10;10088693445;S
20240410;173145;163.6;20;10088693446;S
20240410;173145;163.6;10;10088693447;S
20240410;173145;163.6;10;10088693448;S
20240410;173145;163.6;9270;10088693449;S
20240410;173148;163.6;100;10088693862;S
20240410;173148;163.66;90;10088693866;B
20240410;173148;163.6;100;10088693914;S
20240410;173148;163.6;20;10088693915;S
20240410;173148;163.58;100;10088693916;S
20240410;173148;163.58;380;10088693917;S
20240410;173150;163.66;790;10088694018;B
20240410;173150;163.66;200;10088694019;B
20240410;173150;163.66;200;10088694020;B
20240410;173150;163.68;390;10088694021;B
20240410;173151;163.66;20;10088694131;B
20240410;173154;163.62;10;10088694492;S
20240410;173157;163.6;40;10088694764;S
20240410;173157;163.66;180;10088694776;B
20240410;173157;163.66;500;10088694777;B
20240410;173157;163.68;320;10088694778;B
20240410;173201;163.68;110;10088695112;B
20240410;173201;163.68;50;10088695186;B
20240410;173201;163.68;10;10088695202;B
20240410;173205;163.68;70;10088695637;B
20240410;173208;163.68;10;10088695959;B
20240410;173211;163.66;10;10088696119;S
20240410;173211;163.66;10;10088696120;S
20240410;173211;163.64;10;10088696121;S
20240410;173211;163.64;50;10088696122;S
20240410;173211;163.62;2500;10088696123;S
20240410;173211;163.6;420;10088696124;S
20240410;173212;163.68;310;10088696161;B
20240410;173215;163.6;760;10088696970;S
20240410;173215;163.6;400;10088696971;S
20240410;173215;163.6;10;10088696972;S
20240410;173215;163.6;10;10088696973;S
20240410;173215;163.58;1620;10088696974;S
20240410;173215;163.58;10;10088696975;S
20240410;173215;163.58;10;10088696976;S
20240410;173215;163.58;200;10088696977;S
20240410;173215;163.58;100;10088696978;S
20240410;173215;163.56;2000;10088696979;S
20240410;173215;163.56;20;10088696980;S
20240410;173215;163.56;200;10088696981;S
20240410;173215;163.56;10;10088696982;S
20240410;173215;163.56;10;10088696983;S
20240410;173215;163.54;1640;10088696984;S
20240410;173215;163.62;200;10088697007;B
20240410;173215;163.62;1750;10088697008;B
20240410;173215;163.64;40;10088697009;B
20240410;173216;163.62;10;10088697145;B
20240410;173216;163.54;890;10088697152;S
20240410;173216;163.54;50;10088697153;S
20240410;173216;163.54;2000;10088697154;S
20240410;173216;163.54;2000;10088697155;S
20240410;173216;163.54;10;10088697156;S
20240410;173216;163.54;400;10088697157;S
20240410;173216;163.54;200;10088697158;S
20240410;173216;163.52;10;10088697159;S
20240410;173216;163.52;2000;10088697160;S
20240410;173216;163.52;50;10088697161;S
20240410;173216;163.52;50;10088697162;S
20240410;173216;163.52;10;10088697163;S
20240410;173216;163.52;250;10088697164;S
20240410;173216;163.52;100;10088697165;S
20240410;173216;163.52;2000;10088697166;S
20240410;173216;163.52;2000;10088697167;S
20240410;173216;163.52;980;10088697168;S
20240410;173218;163.6;250;10088697770;B
20240410;173218;163.62;190;10088697771;B
20240410;173218;163.62;60;10088697772;B
20240410;173220;163.6;40;10088698057;B
20240410;173220;163.6;20;10088698091;B
20240410;173220;163.58;10;10088698141;S
20240410;173220;163.58;10;10088698142;S
20240410;173223;163.6;140;10088698633;B
20240410;173223;163.6;20;10088698634;B
20240410;173223;163.62;140;10088698635;B
20240410;173223;163.62;530;10088698636;B
20240410;173223;163.64;1430;10088698637;B
20240410;173223;163.58;10;10088698713;S
20240410;173223;163.56;10;10088698714;S
20240410;173223;163.56;620;10088698715;S
20240410;173223;163.54;200;10088698716;S
20240410;173223;163.54;500;10088698717;S
20240410;173223;163.54;60;10088698718;S
20240410;173223;163.54;500;10088698719;S
20240410;173228;163.62;10;10088699504;B
20240410;173230;163.56;140;10088699626;S
20240410;173230;163.56;590;10088699627;S
20240410;173230;163.54;370;10088699628;S
20240410;173233;163.6;50;10088699854;B
20240410;173233;163.56;400;10088699919;S
20240410;173234;163.6;150;10088699928;B
20240410;173234;163.6;160;10088699929;B
20240410;173234;163.6;10;10088699977;B
20240410;173235;163.6;30;10088700033;B
20240410;173235;163.62;30;10088700034;B
20240410;173235;163.62;40;10088700035;B
20240410;173239;163.6;10;10088700579;B
20240410;173239;163.62;1530;10088700580;B
20240410;173239;163.64;10;10088700581;B
20240410;173239;163.64;800;10088700582;B
20240410;173239;163.64;1340;10088700583;B
20240410;173239;163.66;1310;10088700584;B
20240410;173241;163.56;590;10088700737;S
20240410;173241;163.56;290;10088700738;S
20240410;173241;163.54;1290;10088700739;S
20240410;173243;163.64;10;10088700873;B
20240410;173245;163.64;620;10088700954;B
20240410;173245;163.64;150;10088700955;B
20240410;173246;163.64;20;10088701037;B
20240410;173248;163.64;40;10088701216;B
20240410;173248;163.58;200;10088701240;S
20240410;173248;163.58;1140;10088701241;S
20240410;173248;163.58;210;10088701242;S
20240410;173248;163.56;200;10088701243;S
20240410;173248;163.56;1220;10088701244;S
20240410;173248;163.56;30;10088701245;S
20240410;173254;163.56;570;10088701636;S
20240410;173254;163.56;1220;10088701637;S
20240410;173254;163.56;1530;10088701638;S
20240410;173254;163.54;1210;10088701639;S
20240410;173254;163.54;300;10088701640;S
20240410;173254;163.54;10;10088701641;S
20240410;173254;163.54;200;10088701642;S
20240410;173254;163.52;6020;10088701643;S
20240410;173254;163.52;20;10088701644;S
20240410;173254;163.64;40;10088701659;B
20240410;173254;163.64;60;10088701660;B
20240410;173255;163.64;140;10088701681;B
20240410;173255;163.64;250;10088701682;B
20240410;173255;163.64;110;10088701683;B
20240410;173256;163.62;200;10088701806;B
20240410;173256;163.66;1200;10088701807;B
20240410;173256;163.66;40;10088701808;B
20240410;173256;163.68;30;10088701809;B
20240410;173256;163.56;290;10088701854;S
20240410;173256;163.54;200;10088701855;S
20240410;173256;163.54;280;10088701856;S
20240410;173256;163.54;1060;10088701857;S
20240410;173258;163.54;30;10088701968;S
20240410;173258;163.54;20;10088701969;S
20240410;173258;163.6;80;10088701981;B
20240410;173301;163.6;20;10088702164;B
20240410;173301;163.62;200;10088702165;B
20240410;173301;163.62;130;10088702166;B
20240410;173301;163.64;10;10088702184;B
20240410;173301;163.64;10;10088702208;B
20240410;173301;163.66;30;10088702209;B
20240410;173301;163.66;60;10088702213;B
20240410;173302;163.54;180;10088702277;S
20240410;173302;163.54;140;10088702278;S
20240410;173302;163.54;280;10088702279;S
20240410;173304;163.56;10;10088702388;S
20240410;173305;163.56;80;10088702472;S
20240410;173305;163.54;200;10088702473;S
20240410;173305;163.54;70;10088702474;S
20240410;173305;163.54;10;10088702475;S
20240410;173305;163.54;860;10088702476;S
20240410;173306;163.54;20;10088702513;S
20240410;173306;163.54;40;10088702514;S
20240410;173306;163.52;40;10088702515;S
20240410;173307;163.62;180;10088702582;B
20240410;173307;163.62;250;10088702583;B
20240410;173307;163.58;1220;10088702650;S
20240410;173307;163.58;610;10088702651;S
20240410;173309;163.64;10;10088702762;B
20240410;173309;163.64;10;10088702763;B
20240410;173317;163.6;120;10088704290;B
20240410;173318;163.62;200;10088704338;B
20240410;173320;163.62;1220;10088705023;S
20240410;173320;163.62;1530;10088705024;S
20240410;173320;163.62;20;10088705025;S
20240410;173320;163.62;20;10088705026;S
20240410;173320;163.6;8500;10088705027;S
20240410;173320;163.62;1220;10088705028;S
20240410;173321;163.6;50;10088705152;S
20240410;173321;163.64;10;10088705172;B
20240410;173325;163.6;60;10088705525;S
20240410;173328;163.6;300;10088705887;S
20240410;173328;163.62;20;10088705935;S
20240410;173329;163.64;180;10088705962;B
20240410;173329;163.64;20;10088705963;B
20240410;173329;163.66;1100;10088705964;B
20240410;173334;163.6;50;10088706420;S
20240410;173334;163.6;250;10088706421;S
20240410;173338;163.64;10;10088706733;S
20240410;173339;163.66;20;10088706867;B
20240410;173340;163.66;30;10088706942;B
20240410;173342;163.66;20;10088707176;B
20240410;173342;163.66;10;10088707308;B
20240410;173343;163.66;10;10088707356;B
20240410;173345;163.66;10;10088707513;B
20240410;173345;163.66;8800;10088707531;B
20240410;173345;163.66;700;10088707532;B
20240410;173351;163.68;720;10088707995;B
20240410;173351;163.7;10;10088707996;B
20240410;173351;163.7;220;10088707997;B
20240410;173351;163.7;10;10088708019;B
20240410;173357;163.7;10;10088708604;B
20240410;173401;163.7;10;10088708967;B
20240410;173402;163.7;10;10088709031;B
20240410;173402;163.7;10;10088709070;B
20240410;173402;163.7;70;10088709085;B
20240410;173405;163.7;10;10088709272;B
20240410;173413;163.7;10;10088710191;B
20240410;173414;163.66;10;10088710442;S
20240410;173414;163.66;20;10088710443;S
20240410;173414;163.64;470;10088710444;S
20240410;173418;163.7;10;10088710874;B
20240410;173419;163.7;30;10088710880;B
20240410;173421;163.64;10;10088711099;S
20240410;173422;163.7;60;10088711203;B
20240410;173424;163.7;60;10088711505;B
20240410;173424;163.64;30;10088711567;S
20240410;173426;163.7;180;10088711713;B
20240410;173426;163.7;10;10088711714;B
20240410;173426;163.72;300;10088711715;B
20240410;173426;163.72;710;10088711716;B
20240410;173426;163.74;10;10088711717;B
20240410;173426;163.74;300;10088711718;B
20240410;173426;163.76;500;10088711719;B
20240410;173426;163.76;300;10088711720;B
20240410;173426;163.76;10;10088711721;B
20240410;173426;163.76;250;10088711722;B
20240410;173426;163.78;200;10088711723;B
20240410;173426;163.78;100;10088711724;B
20240410;173426;163.78;4000;10088711725;B
20240410;173426;163.78;10;10088711726;B
20240410;173426;163.8;800;10088711727;B
20240410;173426;163.8;4820;10088711728;B
20240410;173429;163.68;10;10088711988;S
20240410;173429;163.68;90;10088711989;S
20240410;173429;163.68;100;10088712072;S
20240410;173433;163.7;100;10088712625;B
20240410;173435;163.74;500;10088712936;B
20240410;173435;163.76;500;10088712937;B
20240410;173435;163.78;280;10088712938;B
20240410;173437;163.72;10;10088713528;S
20240410;173438;163.72;10;10088713564;S
20240410;173440;163.78;10;10088713793;B
20240410;173440;163.72;10;10088713829;S
20240410;173441;163.78;1000;10088713924;B
20240410;173445;163.72;10;10088714278;S
20240410;173446;163.78;110;10088714308;B
20240410;173447;163.78;10;10088714435;B
20240410;173447;163.78;1200;10088714482;B
20240410;173452;163.78;540;10088715226;B
20240410;173452;163.8;7880;10088715227;B
20240410;173452;163.82;700;10088715228;B
20240410;173452;163.82;720;10088715229;B
20240410;173452;163.84;900;10088715230;B
20240410;173452;163.86;410;10088715231;B
20240410;173452;163.86;10;10088715232;B
20240410;173452;163.86;490;10088715233;B
20240410;173452;163.86;10000;10088715234;B
20240410;173452;163.88;400;10088715235;B
20240410;173452;163.9;50;10088715236;B
20240410;173452;163.9;100;10088715237;B
20240410;173452;163.9;20;10088715238;B
20240410;173452;163.9;1000;10088715239;B
20240410;173452;163.92;10;10088715240;B
20240410;173452;163.92;8290;10088715241;B
20240410;173454;163.94;100;10088715577;B
20240410;173454;163.94;500;10088715578;B
20240410;173454;163.96;10;10088715579;B
20240410;173454;163.96;10;10088715580;B
20240410;173454;163.96;380;10088715581;B
20240410;173459;163.94;10;10088716461;B
20240410;173501;163.96;50;10088716807;B
20240410;173502;163.96;10;10088716860;B
20240410;173502;163.96;80;10088716893;B
20240410;173503;163.96;40;10088716988;B
20240410;173504;163.96;130;10088717089;B
20240410;173505;163.88;10;10088717165;S
20240410;173505;163.86;20;10088717166;S
20240410;173505;163.86;10;10088717167;S
20240410;173505;163.84;200;10088717168;S
20240410;173505;163.84;140;10088717169;S
20240410;173505;163.84;10;10088717170;S
20240410;173505;163.84;170;10088717171;S
20240410;173505;163.82;200;10088717172;S
20240410;173505;163.82;1220;10088717173;S
20240410;173505;163.82;20;10088717174;S
20240410;173506;163.94;10;10088717211;B
20240410;173507;163.94;10;10088717393;B
20240410;173507;163.94;10;10088717405;B
20240410;173509;163.88;20;10088717615;S
20240410;173512;163.94;10;10088717813;B
20240410;173513;163.88;10;10088717950;S
20240410;173538;163.88;20;10088720291;B
20240410;173543;163.86;10;10088721022;S
20240410;173543;163.82;70;10088721023;S
20240410;173543;163.8;200;10088721024;S
20240410;173543;163.8;10;10088721025;S
20240410;173543;163.8;10;10088721026;S
20240410;173544;163.86;10;10088721055;B
20240410;173549;163.78;20;10088721658;S
20240410;173552;163.8;10;10088721907;B
20240410;173552;163.76;10;10088721918;S
20240410;173552;163.76;10;10088721919;S
20240410;173552;163.7;80;10088721920;S
20240410;173558;163.7;10;10088722481;S
20240410;173602;163.76;10;10088722779;B
20240410;173603;163.76;190;10088722802;B
20240410;173603;163.76;250;10088722803;B
20240410;173603;163.8;10;10088722825;B
20240410;173603;163.78;2000;10088722840;S
20240410;173603;163.82;60;10088722849;B
20240410;173606;163.84;20;10088723141;B
20240410;173607;163.86;10;10088723181;B
20240410;173608;163.8;200;10088723293;S
20240410;173608;163.78;1220;10088723294;S
20240410;173608;163.76;30;10088723295;S
20240410;173608;163.76;10;10088723325;B
20240410;173611;163.7;10;10088723565;S
20240410;173614;163.74;30;10088723711;B
20240410;173618;163.7;150;10088724057;S
20240410;173618;163.7;50;10088724058;S
20240410;173619;163.7;10;10088724166;S
20240410;173619;163.7;10;10088724221;S
20240410;173623;163.76;200;10088724541;B
20240410;173625;163.76;40;10088724687;B
20240410;173632;163.74;10;10088725312;S
20240410;173636;163.74;100;10088725692;S
20240410;173641;163.74;30;10088726087;S
20240410;173641;163.72;20;10088726088;S
20240410;173641;163.72;170;10088726089;S
20240410;173641;163.7;30;10088726090;S
20240410;173641;163.7;100;10088726091;S
20240410;173641;163.7;10;10088726092;S
20240410;173641;163.7;10;10088726093;S
20240410;173641;163.7;10;10088726094;S
20240410;173641;163.7;1200;10088726095;S
20240410;173641;163.7;20;10088726096;S
20240410;173641;163.7;20;10088726097;S
20240410;173641;163.7;500;10088726098;S
20240410;173642;163.7;50;10088726212;B
20240410;173645;163.7;10;10088726467;B
20240410;173646;163.7;10;10088726547;B
20240410;173647;163.7;110;10088726584;B
20240410;173647;163.76;120;10088726585;B
20240410;173647;163.72;200;10088726589;S
20240410;173647;163.78;10;10088726622;B
20240410;173648;163.78;190;10088726668;B
20240410;173648;163.8;110;10088726669;B
20240410;173649;163.74;10;10088726816;B
20240410;173658;163.7;50;10088727474;B
20240410;173658;163.68;10;10088727539;S
20240410;173658;163.68;20;10088727540;S
20240410;173658;163.68;10;10088727541;S
20240410;173658;163.68;20;10088727542;S
20240410;173658;163.68;10;10088727543;S
20240410;173658;163.66;10;10088727544;S
20240410;173658;163.66;10;10088727545;S
20240410;173702;163.7;10;10088727918;B
20240410;173703;163.7;60;10088727951;B
20240410;173703;163.7;50;10088727958;B
20240410;173707;163.7;830;10088728338;B
20240410;173707;163.72;170;10088728339;B
20240410;173709;163.72;10;10088728490;B
20240410;173709;163.72;120;10088728491;B
20240410;173710;163.72;30;10088728575;B
20240410;173713;163.74;1940;10088728962;B
20240410;173713;163.74;10;10088728963;B
20240410;173713;163.76;50;10088728964;B
20240410;173713;163.78;200;10088728965;B
20240410;173719;163.72;510;10088729415;S
20240410;173719;163.8;10;10088729422;B
20240410;173719;163.8;10;10088729429;B
20240410;173724;163.82;70;10088729832;B
20240410;173724;163.84;30;10088729833;B
20240410;173725;163.76;150;10088729933;S
20240410;173725;163.76;530;10088729934;S
20240410;173725;163.78;90;10088729943;S
20240410;173725;163.84;10;10088729974;B
20240410;173735;163.76;50;10088730789;S
20240410;173735;163.76;30;10088730790;S
20240410;173735;163.74;270;10088730791;S
20240410;173736;163.72;20;10088730910;S
20240410;173736;163.72;20;10088730911;S
20240410;173739;163.72;80;10088731103;S
20240410;173739;163.72;20;10088731104;S
20240410;173742;163.78;150;10088731390;B
20240410;173743;163.78;260;10088731476;S
20240410;173743;163.74;10;10088731477;S
20240410;173743;163.72;130;10088731478;S
20240410;173743;163.72;50;10088731479;S
20240410;173743;163.72;20;10088731480;S
20240410;173743;163.7;5000;10088731481;S
20240410;173743;163.7;6780;10088731482;S
20240410;173743;163.7;10;10088731483;S
20240410;173743;163.68;6440;10088731484;S
20240410;173744;163.7;150;10088731617;S
20240410;173744;163.68;3560;10088731618;S
20240410;173744;163.64;680;10088731619;S
20240410;173744;163.64;20;10088731620;S
20240410;173744;163.64;190;10088731621;S
20240410;173744;163.76;20;10088731659;B
20240410;173751;163.7;10;10088732241;B
20240410;173753;163.7;140;10088732349;B
20240410;173753;163.72;1220;10088732350;B
20240410;173753;163.74;100;10088732351;B
20240410;173753;163.74;780;10088732352;B
20240410;173753;163.76;70;10088732353;B
20240410;173753;163.68;50;10088732384;S
20240410;173757;163.7;10;10088732644;S
20240410;173757;163.66;50;10088732645;S
20240410;173757;163.64;40;10088732646;S
20240410;173758;163.64;100;10088732757;S
20240410;173759;163.7;10;10088732776;B
20240410;173759;163.64;50;10088732813;S
20240410;173803;163.72;10;10088733080;B
20240410;173803;163.72;10;10088733082;B
20240410;173803;163.66;100;10088733116;S
20240410;173803;163.74;60;10088733126;B
20240410;173804;163.74;40;10088733136;B
20240410;173804;163.74;10;10088733145;B
20240410;173804;163.74;40;10088733194;B
20240410;173804;163.74;30;10088733195;B
20240410;173804;163.76;20;10088733196;B
20240410;173804;163.76;10;10088733197;B
20240410;173804;163.76;30;10088733198;B
20240410;173804;163.76;70;10088733199;B
20240410;173804;163.74;60;10088733210;B
20240410;173804;163.76;120;10088733211;B
20240410;173804;163.76;20;10088733212;B
20240410;173804;163.78;20;10088733213;B
20240410;173804;163.78;380;10088733214;B
20240410;173805;163.72;150;10088733265;S
20240410;173805;163.68;250;10088733266;S
20240410;173805;163.66;200;10088733267;S
20240410;173805;163.66;2640;10088733268;S
20240410;173806;163.68;110;10088733382;S
20240410;173811;163.66;10;10088733834;S
20240410;173814;163.64;100;10088734054;S
20240410;173814;163.7;10;10088734108;B
20240410;173814;163.72;40;10088734109;B
20240410;173815;163.72;110;10088734111;B
20240410;173815;163.72;320;10088734112;B
20240410;173815;163.66;400;10088734152;B
20240410;173815;163.7;300;10088734153;B
20240410;173817;163.72;100;10088734267;B
20240410;173817;163.72;30;10088734273;B
20240410;173817;163.64;60;10088734323;S
20240410;173819;163.68;190;10088734457;B
20240410;173819;163.68;10;10088734466;B
20240410;173820;163.68;60;10088734505;B
20240410;173820;163.68;10;10088734510;B
20240410;173821;163.68;120;10088734617;B
20240410;173822;163.64;10;10088734693;S
20240410;173824;163.64;190;10088734876;S
20240410;173824;163.64;100;10088734877;S
20240410;173824;163.64;10;10088734878;S
20240410;173824;163.64;20;10088734879;S
20240410;173824;163.64;150;10088734880;S
20240410;173824;163.62;500;10088734881;S
20240410;173824;163.62;1000;10088734882;S
20240410;173824;163.6;300;10088734883;S
20240410;173824;163.6;20;10088734884;S
20240410;173824;163.6;1210;10088734885;S
20240410;173826;163.66;150;10088734986;B
20240410;173826;163.68;340;10088734987;B
20240410;173827;163.68;10;10088735058;B
20240410;173829;163.64;200;10088735334;S
20240410;173831;163.68;30;10088735472;B
20240410;173832;163.68;10;10088735579;B
20240410;173836;163.68;10;10088735896;B
20240410;173837;163.68;20;10088735994;B
20240410;173842;163.68;60;10088736367;B
20240410;173843;163.68;100;10088736454;B
20240410;173848;163.68;20;10088736942;B
20240410;173849;163.68;10;10088737064;B
20240410;173849;163.68;20;10088737065;B
20240410;173849;163.68;40;10088737066;B
20240410;173850;163.72;10;10088737170;B
20240410;173852;163.64;10;10088737323;S
20240410;173857;163.64;20;10088737603;S
20240410;173857;163.64;20;10088737604;S
20240410;173857;163.62;30;10088737605;S
20240410;173857;163.6;30;10088737606;S
20240410;173858;163.7;250;10088737710;B
20240410;173858;163.72;30;10088737711;B
20240410;173858;163.72;80;10088737712;B
20240410;173859;163.7;50;10088737766;B
20240410;173859;163.62;10;10088737794;S
20240410;173902;163.7;10;10088737958;B
20240410;173902;163.7;20;10088738023;B
20240410;173902;163.72;40;10088738024;B
20240410;173902;163.72;10;10088738035;B
20240410;173903;163.74;30;10088738047;B
20240410;173903;163.74;10;10088738114;B
20240410;173905;163.66;50;10088738216;S
20240410;173905;163.64;250;10088738217;S
20240410;173905;163.64;100;10088738218;S
20240410;173905;163.64;100;10088738219;S
20240410;173906;163.64;50;10088738317;S
20240410;173906;163.64;150;10088738321;B
20240410;173908;163.72;10;10088738460;B
20240410;173910;163.72;90;10088738630;B
20240410;173910;163.72;10;10088738676;B
20240410;173910;163.72;40;10088738686;B
20240410;173919;163.64;50;10088739421;S
20240410;173919;163.64;20;10088739422;S
20240410;173919;163.62;30;10088739423;S
20240410;173919;163.62;170;10088739438;S
20240410;173919;163.62;20;10088739439;S
20240410;173919;163.62;10;10088739440;S
20240410;173919;163.6;460;10088739441;S
20240410;173919;163.6;30;10088739442;S
20240410;173919;163.6;30;10088739443;S
20240410;173919;163.6;10;10088739444;S
20240410;173919;163.6;60;10088739445;S
20240410;173919;163.6;20;10088739446;S
20240410;173919;163.6;200;10088739447;S
20240410;173919;163.6;10;10088739448;S
20240410;173919;163.58;20;10088739449;S
20240410;173919;163.58;20;10088739450;S
20240410;173919;163.58;1000;10088739451;S
20240410;173919;163.58;1200;10088739452;S
20240410;173919;163.56;5000;10088739453;S
20240410;173919;163.56;20;10088739454;S
20240410;173919;163.56;30;10088739455;S
20240410;173919;163.56;150;10088739456;S
20240410;173919;163.56;9500;10088739457;S
20240410;173919;163.56;520;10088739458;S
20240410;173920;163.56;310;10088739527;S
20240410;173921;163.66;400;10088739567;B
20240410;173921;163.68;150;10088739568;B
20240410;173921;163.68;1220;10088739569;B
20240410;173921;163.68;120;10088739570;B
20240410;173927;163.66;40;10088740151;B
20240410;173928;163.58;10;10088740191;S
20240410;173928;163.56;90;10088740192;S
20240410;173928;163.66;10;10088740273;B
20240410;173931;163.66;10;10088740510;B
20240410;173932;163.66;20;10088740521;B
20240410;173932;163.66;60;10088740542;B
20240410;173935;163.58;100;10088740727;S
20240410;173935;163.56;300;10088740728;S
20240410;173938;163.56;110;10088740999;S
20240410;173938;163.56;90;10088741000;S
20240410;173938;163.56;60;10088741017;S
20240410;173938;163.56;50;10088741018;S
20240410;173938;163.56;300;10088741019;S
20240410;173938;163.56;60;10088741020;S
20240410;173938;163.56;50;10088741021;S
20240410;173939;163.56;10;10088741102;B
20240410;173939;163.56;20;10088741123;B
20240410;173942;163.56;20;10088741313;B
20240410;173942;163.56;10;10088741361;B
20240410;173943;163.56;120;10088741371;B
20240410;173943;163.56;200;10088741390;B
20240410;173944;163.56;10;10088741437;B
20240410;173945;163.54;20;10088741525;S
20240410;173946;163.54;1490;10088741645;S
20240410;173946;163.54;10;10088741646;S
20240410;173946;163.54;100;10088741647;S
20240410;173946;163.54;200;10088741648;S
20240410;173946;163.54;10;10088741649;S
20240410;173946;163.54;500;10088741650;S
20240410;173946;163.54;20;10088741651;S
20240410;173946;163.54;100;10088741652;S
20240410;173946;163.54;10;10088741653;S
20240410;173946;163.54;500;10088741654;S
20240410;173946;163.54;1450;10088741655;S
20240410;173946;163.52;9940;10088741656;S
20240410;173946;163.52;7050;10088741657;S
20240410;173946;163.52;6000;10088741658;S
20240410;173946;163.52;6000;10088741659;S
20240410;173946;163.52;100;10088741660;S
20240410;173946;163.52;10;10088741661;S
20240410;173946;163.52;30;10088741662;S
20240410;173946;163.52;80;10088741663;S
20240410;173946;163.52;950;10088741671;S
20240410;173946;163.52;2000;10088741672;S
20240410;173946;163.52;2000;10088741673;S
20240410;173946;163.5;10;10088741674;S
20240410;173946;163.5;20;10088741675;S
20240410;173946;163.5;20;10088741676;S
20240410;173946;163.5;10;10088741682;S
20240410;173947;163.5;1000;10088741753;S
20240410;173947;163.5;500;10088741754;S
20240410;173947;163.5;40;10088741756;S
20240410;173948;163.5;200;10088741855;S
20240410;173950;163.52;10;10088742028;B
20240410;173950;163.52;100;10088742029;B
20240410;173950;163.54;40;10088742030;B
20240410;173951;163.5;9260;10088742082;S
20240410;173951;163.5;300;10088742083;S
20240410;173951;163.5;30;10088742084;S
20240410;173951;163.5;200;10088742085;S
20240410;173951;163.5;10;10088742086;S
20240410;173951;163.5;200;10088742087;S
20240410;173951;163.5;20;10088742088;S
20240410;173951;163.5;10;10088742089;S
20240410;173951;163.5;100;10088742090;S
20240410;173951;163.5;7900;10088742091;S
20240410;173951;163.5;100;10088742092;S
20240410;173951;163.5;10;10088742093;S
20240410;173951;163.5;500;10088742094;S
20240410;173951;163.5;30;10088742095;S
20240410;173951;163.5;500;10088742096;S
20240410;173951;163.5;10;10088742097;S
20240410;173951;163.5;20;10088742098;S
20240410;173951;163.5;100;10088742099;S
20240410;173951;163.5;50;10088742100;S
20240410;173951;163.5;10;10088742101;S
20240410;173951;163.5;30;10088742102;S
20240410;173951;163.5;500;10088742103;S
20240410;173951;163.5;410;10088742104;S
20240410;173951;163.5;10;10088742105;S
20240410;173951;163.5;70;10088742106;S
20240410;173951;163.5;680;10088742107;S
20240410;173951;163.48;10;10088742108;S
20240410;173951;163.48;10;10088742109;S
20240410;173951;163.48;70;10088742110;S
20240410;173951;163.48;100;10088742111;S
20240410;173951;163.48;10;10088742112;S
20240410;173951;163.48;10;10088742113;S
20240410;173951;163.48;30;10088742114;S
20240410;173951;163.48;150;10088742115;S
20240410;173951;163.46;10;10088742116;S
20240410;173951;163.46;10;10088742117;S
20240410;173951;163.46;100;10088742118;S
20240410;173951;163.46;2000;10088742119;S
20240410;173951;163.46;30;10088742120;S
20240410;173951;163.46;10;10088742121;S
20240410;173951;163.46;1500;10088742122;S
20240410;173951;163.46;1170;10088742123;S
20240410;173951;163.44;20;10088742124;S
20240410;173951;163.44;100;10088742125;S
20240410;173951;163.44;1500;10088742126;S
20240410;173951;163.44;10;10088742127;S
20240410;173951;163.44;20;10088742128;S
20240410;173951;163.44;30;10088742129;S
20240410;173951;163.44;1000;10088742130;S
20240410;173951;163.44;5000;10088742131;S
20240410;173951;163.44;380;10088742132;S
20240410;173951;163.5;120;10088742134;S
20240410;173951;163.44;1000;10088742139;S
20240410;173951;163.44;10;10088742140;S
20240410;173952;163.44;10;10088742184;S
20240410;173952;163.44;10;10088742191;S
20240410;173952;163.44;400;10088742192;S
20240410;173952;163.44;250;10088742210;S
20240410;173952;163.44;30;10088742215;S
20240410;173953;163.52;10;10088742262;B
20240410;173953;163.44;410;10088742284;S
20240410;173953;163.44;200;10088742285;S
20240410;173953;163.42;390;10088742286;S
20240410;173954;163.48;200;10088742293;B
20240410;173954;163.5;50;10088742294;B
20240410;173954;163.5;50;10088742295;B
20240410;173954;163.5;710;10088742296;B
20240410;173954;163.54;1530;10088742297;B
20240410;173954;163.56;240;10088742298;B
20240410;173954;163.56;200;10088742299;B
20240410;173954;163.56;1220;10088742300;B
20240410;173954;163.56;3590;10088742301;B
20240410;173954;163.48;20;10088742326;S
20240410;173954;163.54;10;10088742334;B
20240410;173954;163.48;180;10088742339;S
20240410;173954;163.44;470;10088742340;S
20240410;173954;163.44;200;10088742352;S
20240410;173954;163.42;110;10088742353;S
20240410;173954;163.42;10;10088742354;S
20240410;173954;163.42;150;10088742355;S
20240410;173954;163.42;10;10088742356;S
20240410;173954;163.42;2000;10088742357;S
20240410;173954;163.42;10;10088742358;S
20240410;173954;163.42;10;10088742359;S
20240410;173954;163.42;2000;10088742360;S
20240410;173954;163.42;100;10088742361;S
20240410;173954;163.42;50;10088742362;S
20240410;173954;163.42;350;10088742363;S
20240410;173954;163.42;90;10088742390;S
20240410;173955;163.42;60;10088742436;S
20240410;173955;163.42;440;10088742437;S
20240410;173955;163.42;100;10088742461;S
20240410;173958;163.46;10;10088742709;B
20240410;173958;163.44;100;10088742724;S
20240410;174001;163.46;20;10088743013;S
20240410;174003;163.48;200;10088743108;B
20240410;174003;163.5;150;10088743109;B
20240410;174003;163.5;50;10088743182;B
20240410;174004;163.5;50;10088743192;B
20240410;174004;163.48;10;10088743225;S
20240410;174005;163.5;700;10088743274;B
20240410;174005;163.5;10;10088743308;B
20240410;174005;163.5;10;10088743334;B
20240410;174006;163.5;200;10088743370;B
20240410;174006;163.5;730;10088743371;B
20240410;174006;163.5;200;10088743372;B
20240410;174008;163.56;20;10088743554;B
20240410;174011;163.52;450;10088743746;S
20240410;174011;163.56;20;10088743776;B
20240410;174011;163.56;200;10088743777;B
20240410;174011;163.56;200;10088743778;B
20240410;174011;163.58;80;10088743779;B
20240410;174012;163.56;30;10088743819;B
20240410;174014;163.52;400;10088744030;S
20240410;174016;163.56;20;10088744170;B
20240410;174016;163.58;230;10088744171;B
20240410;174016;163.58;150;10088744211;B
20240410;174020;163.58;10;10088744563;B
20240410;174020;163.58;90;10088744580;B
20240410;174021;163.58;10;10088744682;B
20240410;174021;163.6;10;10088744683;B
20240410;174021;163.54;20;10088744692;S
20240410;174021;163.52;180;10088744693;S
20240410;174023;163.58;10;10088744776;B
20240410;174027;163.58;50;10088745099;B
20240410;174028;163.58;40;10088745245;B
20240410;174029;163.58;80;10088745331;B
20240410;174029;163.6;100;10088745332;B
20240410;174030;163.6;10;10088745389;B
20240410;174031;163.54;500;10088745449;S
20240410;174034;163.6;10;10088745730;B
20240410;174038;163.6;70;10088745955;B
20240410;174038;163.54;100;10088746025;S
20240410;174038;163.52;700;10088746026;S
20240410;174039;163.6;10;10088746077;B
20240410;174039;163.52;1530;10088746097;S
20240410;174039;163.52;10;10088746098;S
20240410;174039;163.52;1220;10088746099;S
20240410;174039;163.5;4990;10088746100;S
20240410;174042;163.58;20;10088746344;B
20240410;174043;163.52;10;10088746396;S
20240410;174045;163.58;10;10088746651;B
20240410;174049;163.58;70;10088747003;B
20240410;174049;163.58;500;10088747004;B
20240410;174049;163.58;10;10088747005;B
20240410;174049;163.58;200;10088747006;B
20240410;174049;163.6;80;10088747007;B
20240410;174050;163.6;50;10088747206;B
20240410;174050;163.6;50;10088747207;B
20240410;174050;163.6;40;10088747212;B
20240410;174050;163.52;400;10088747221;S
20240410;174051;163.6;200;10088747259;B
20240410;174053;163.6;20;10088747429;B
20240410;174053;163.52;200;10088747484;S
20240410;174055;163.6;10;10088747687;B
20240410;174056;163.52;500;10088747706;S
20240410;174057;163.6;420;10088747812;B
20240410;174100;163.6;190;10088748004;B
20240410;174101;163.6;70;10088748100;B
20240410;174101;163.6;20;10088748101;B
20240410;174101;163.6;100;10088748104;B
20240410;174101;163.6;10;10088748119;B
20240410;174103;163.54;300;10088748269;S
20240410;174104;163.6;100;10088748328;B
20240410;174104;163.62;50;10088748332;B
20240410;174107;163.6;20;10088748524;B
20240410;174107;163.62;50;10088748525;B
20240410;174107;163.64;20;10088748526;B
20240410;174107;163.64;10;10088748527;B
20240410;174107;163.64;100;10088748528;B
20240410;174111;163.6;10;10088748842;B
20240410;174111;163.66;20;10088748843;B
20240410;174111;163.66;60;10088748844;B
20240410;174111;163.66;40;10088748882;B
20240410;174111;163.66;200;10088748883;B
20240410;174117;163.64;10;10088749325;B
20240410;174120;163.64;300;10088749594;B
20240410;174122;163.64;50;10088749687;B
20240410;174122;163.64;640;10088749716;B
20240410;174122;163.66;530;10088749717;B
20240410;174122;163.68;10;10088749718;B
20240410;174122;163.7;20;10088749719;B
20240410;174122;163.7;10;10088749720;B
20240410;174122;163.72;300;10088749721;B
20240410;174122;163.72;20;10088749722;B
20240410;174122;163.72;500;10088749723;B
20240410;174122;163.72;460;10088749724;B
20240410;174122;163.72;1170;10088749725;B
20240410;174122;163.74;50;10088749760;B
20240410;174123;163.62;100;10088749778;S
20240410;174123;163.62;240;10088749779;S
20240410;174124;163.62;100;10088749854;S
20240410;174124;163.72;10;10088749901;B
20240410;174128;163.72;100;10088750131;B
20240410;174132;163.72;220;10088750316;B
20240410;174132;163.64;10;10088750365;S
20240410;174132;163.64;20;10088750366;S
20240410;174132;163.64;20;10088750367;S
20240410;174133;163.72;140;10088750386;B
20240410;174133;163.72;320;10088750387;B
20240410;174139;163.7;10;10088750878;B
20240410;174145;163.7;10;10088751332;B
20240410;174145;163.7;10;10088751333;B
20240410;174148;163.64;180;10088751582;S
20240410;174148;163.62;880;10088751583;S
20240410;174148;163.62;50;10088751584;S
20240410;174148;163.62;20;10088751585;S
20240410;174148;163.62;750;10088751586;S
20240410;174148;163.62;300;10088751587;S
20240410;174148;163.6;10;10088751588;S
20240410;174148;163.6;410;10088751589;S
20240410;174149;163.7;110;10088751629;B
20240410;174149;163.72;30;10088751630;B
20240410;174149;163.74;280;10088751631;B
20240410;174153;163.62;130;10088751936;S
20240410;174153;163.62;50;10088751937;S
20240410;174153;163.62;10;10088751938;S
20240410;174153;163.6;10;10088751939;S
20240410;174155;163.72;300;10088752023;B
20240410;174155;163.72;20;10088752024;B
20240410;174155;163.72;100;10088752087;B
20240410;174200;163.7;10;10088752424;B
20240410;174200;163.72;10;10088752425;B
20240410;174201;163.72;10;10088752472;B
20240410;174201;163.72;60;10088752485;B
20240410;174201;163.72;10;10088752486;B
20240410;174203;163.72;10;10088752663;B
20240410;174203;163.72;1000;10088752664;B
20240410;174203;163.72;720;10088752665;B
20240410;174203;163.76;1550;10088752666;B
20240410;174203;163.76;20;10088752667;B
20240410;174203;163.76;1470;10088752668;B
20240410;174203;163.76;100;10088752669;S
20240410;174203;163.76;130;10088752670;S
20240410;174205;163.72;1000;10088752789;B
20240410;174210;163.76;20;10088753185;B
20240410;174214;163.76;20;10088753484;B
20240410;174214;163.76;10;10088753509;B
20240410;174215;163.76;10;10088753564;B
20240410;174216;163.76;10;10088753663;B
20240410;174217;163.76;10;10088753755;B
20240410;174218;163.76;10;10088753854;B
20240410;174219;163.68;10;10088753936;S
20240410;174221;163.76;10;10088754076;B
20240410;174221;163.76;100;10088754077;B
20240410;174221;163.76;390;10088754078;B
20240410;174222;163.68;40;10088754204;S
20240410;174222;163.68;160;10088754205;S
20240410;174224;163.74;10;10088754352;B
20240410;174228;163.74;150;10088754667;B
20240410;174228;163.74;540;10088754668;B
20240410;174228;163.74;10;10088754669;B
20240410;174228;163.74;10;10088754724;B
20240410;174230;163.68;200;10088754867;S
20240410;174230;163.74;10;10088754894;B
20240410;174231;163.74;10;10088755007;B
20240410;174232;163.74;10;10088755076;B
20240410;174239;163.74;30;10088755595;B
20240410;174242;163.7;20;10088755870;S
20240410;174242;163.68;50;10088755871;S
20240410;174242;163.66;530;10088755872;S
20240410;174243;163.74;30;10088755908;B
20240410;174247;163.72;10;10088756220;B
20240410;174250;163.72;60;10088756372;B
20240410;174251;163.7;10;10088756472;B
20240410;174252;163.7;10;10088756570;B
20240410;174252;163.7;10;10088756582;B
20240410;174253;163.7;10;10088756649;B
20240410;174254;163.7;30;10088756686;B
20240410;174255;163.7;10;10088756721;B
20240410;174301;163.7;10;10088757503;B
20240410;174301;163.7;10;10088757598;B
20240410;174302;163.7;60;10088757624;B
20240410;174305;163.7;10;10088757848;B
20240410;174307;163.7;10;10088758010;B
20240410;174308;163.7;10;10088758083;B
20240410;174308;163.7;10;10088758097;B
20240410;174311;163.7;10;10088758249;B
20240410;174312;163.7;10;10088758284;B
20240410;174317;163.64;30;10088758668;S
20240410;174317;163.64;70;10088758686;S
20240410;174321;163.64;10;10088758954;S
20240410;174323;163.68;10;10088759115;B
20240410;174325;163.68;30;10088759281;B
20240410;174325;163.64;70;10088759294;S
20240410;174325;163.64;10;10088759295;S
20240410;174325;163.64;50;10088759296;S
20240410;174327;163.64;20;10088759462;B
20240410;174332;163.62;10;10088759786;S
20240410;174332;163.6;50;10088759787;S
20240410;174332;163.6;50;10088759788;S
20240410;174332;163.6;10;10088759789;S
20240410;174332;163.6;150;10088759790;S
20240410;174332;163.6;20;10088759791;S
20240410;174332;163.58;20;10088759792;S
20240410;174332;163.58;10;10088759793;S
20240410;174332;163.58;1880;10088759794;S
20240410;174334;163.62;150;10088759878;B
20240410;174334;163.64;90;10088759879;B
20240410;174335;163.58;120;10088759939;S
20240410;174335;163.58;100;10088759940;S
20240410;174335;163.58;10;10088759941;S
20240410;174335;163.58;10;10088759942;S
20240410;174335;163.58;10;10088759943;S
20240410;174335;163.58;10;10088759944;S
20240410;174335;163.58;10;10088759945;S
20240410;174335;163.58;10;10088759946;S
20240410;174335;163.58;10;10088759947;S
20240410;174335;163.58;10;10088759948;S
20240410;174335;163.58;10;10088759949;S
20240410;174335;163.58;10;10088759950;S
20240410;174335;163.58;10;10088759951;S
20240410;174335;163.58;10;10088759952;S
20240410;174335;163.58;10;10088759953;S
20240410;174335;163.58;10;10088759954;S
20240410;174335;163.56;10;10088759955;S
20240410;174335;163.56;300;10088759956;S
20240410;174335;163.56;150;10088759957;S
20240410;174335;163.54;120;10088759958;S
20240410;174335;163.54;20;10088759959;S
20240410;174335;163.54;10;10088759960;S
20240410;174335;163.54;50;10088759961;S
20240410;174335;163.52;50;10088759962;S
20240410;174335;163.52;630;10088759963;S
20240410;174339;163.6;200;10088760472;B
20240410;174339;163.6;50;10088760473;B
20240410;174342;163.62;10;10088760722;B
20240410;174344;163.62;20;10088760883;B
20240410;174345;163.62;200;10088760986;B
20240410;174345;163.54;150;10088761011;S
20240410;174345;163.54;50;10088761012;S
20240410;174345;163.54;160;10088761013;S
20240410;174345;163.62;50;10088761061;B
20240410;174346;163.62;30;10088761088;B
20240410;174347;163.6;20;10088761213;B
20240410;174348;163.54;20;10088761339;S
20240410;174350;163.58;80;10088761466;B
20240410;174352;163.54;10;10088761603;S
20240410;174356;163.6;30;10088761885;B
20240410;174356;163.6;20;10088761886;B
20240410;174357;163.6;100;10088761959;B
20240410;174357;163.62;150;10088761960;B
20240410;174357;163.62;20;10088761961;B
20240410;174357;163.62;200;10088761962;B
20240410;174357;163.62;220;10088761963;B
20240410;174357;163.64;60;10088761964;B
20240410;174357;163.64;10;10088761965;B
20240410;174357;163.64;140;10088761966;B
20240410;174358;163.6;10;10088762048;B
20240410;174407;163.6;10;10088762728;B
20240410;174407;163.62;90;10088762729;B
20240410;174407;163.62;50;10088762819;B
20240410;174410;163.62;10;10088763028;B
20240410;174410;163.66;20;10088763029;B
20240410;174410;163.66;70;10088763030;B
20240410;174414;163.58;90;10088763416;S
20240410;174416;163.64;100;10088763603;B
20240410;174418;163.64;30;10088763707;B
20240410;174418;163.64;60;10088763747;B
20240410;174418;163.66;90;10088763748;B
20240410;174421;163.62;10;10088764068;B
20240410;174424;163.62;40;10088764254;B
20240410;174427;163.62;50;10088764459;B
20240410;174429;163.62;20;10088764549;B
20240410;174434;163.62;100;10088764895;B
20240410;174434;163.62;450;10088764896;B
20240410;174434;163.58;20;10088764906;S
20240410;174436;163.58;40;10088765055;S
20240410;174436;163.56;100;10088765056;S
20240410;174436;163.56;370;10088765057;S
20240410;174436;163.56;100;10088765058;S
20240410;174436;163.56;100;10088765059;S
20240410;174436;163.54;50;10088765060;S
20240410;174436;163.54;100;10088765061;S
20240410;174436;163.54;200;10088765062;S
20240410;174436;163.54;1670;10088765063;S
20240410;174436;163.52;1370;10088765064;S
20240410;174436;163.52;20;10088765065;S
20240410;174436;163.52;10;10088765066;S
20240410;174436;163.52;30;10088765067;S
20240410;174436;163.52;20;10088765068;S
20240410;174436;163.52;30;10088765069;S
20240410;174436;163.52;3000;10088765070;S
20240410;174436;163.5;10000;10088765071;S
20240410;174436;163.5;10;10088765072;S
20240410;174436;163.5;300;10088765073;S
20240410;174436;163.5;10;10088765074;S
20240410;174436;163.5;200;10088765075;S
20240410;174436;163.5;10;10088765076;S
20240410;174436;163.5;1000;10088765077;S
20240410;174436;163.5;10;10088765078;S
20240410;174436;163.48;10;10088765079;S
20240410;174436;163.48;20;10088765080;S
20240410;174436;163.46;10;10088765081;S
20240410;174436;163.46;10;10088765082;S
20240410;174436;163.46;100;10088765083;S
20240410;174436;163.44;10;10088765084;S
20240410;174436;163.44;10;10088765085;S
20240410;174436;163.44;1220;10088765086;S
20240410;174436;163.44;100;10088765087;S
20240410;174436;163.44;8760;10088765088;S
20240410;174437;163.54;20;10088765173;B
20240410;174439;163.54;10;10088765310;B
20240410;174440;163.54;30;10088765366;B
20240410;174440;163.54;10;10088765367;B
20240410;174440;163.54;100;10088765368;B
20240410;174440;163.54;200;10088765369;B
20240410;174440;163.56;100;10088765370;B
20240410;174440;163.58;2520;10088765371;B
20240410;174440;163.46;900;10088765419;S
20240410;174441;163.48;10;10088765510;S
20240410;174441;163.46;10;10088765511;S
20240410;174441;163.46;40;10088765512;S
20240410;174443;163.54;20;10088765620;B
20240410;174447;163.46;10;10088765921;S
20240410;174448;163.54;10;10088766030;B
20240410;174448;163.56;10;10088766031;B
20240410;174448;163.56;80;10088766032;B
20240410;174448;163.56;120;10088766073;B
20240410;174448;163.56;100;10088766074;B
20240410;174448;163.58;20;10088766075;B
20240410;174448;163.58;60;10088766076;B
20240410;174449;163.58;140;10088766094;B
20240410;174449;163.58;100;10088766095;B
20240410;174449;163.58;560;10088766096;B
20240410;174449;163.58;390;10088766133;B
20240410;174449;163.6;20;10088766134;B
20240410;174449;163.6;500;10088766135;B
20240410;174449;163.62;1220;10088766136;B
20240410;174449;163.62;370;10088766137;B
20240410;174451;163.62;470;10088766260;B
20240410;174452;163.62;10;10088766470;B
20240410;174456;163.6;10;10088766808;B
20240410;174456;163.6;10;10088766832;B
20240410;174457;163.6;10;10088766897;B
20240410;174458;163.6;10;10088766946;B
20240410;174459;163.58;30;10088766993;B
20240410;174502;163.58;10;10088767253;B
20240410;174502;163.58;10;10088767297;B
20240410;174503;163.6;50;10088767324;B
20240410;174503;163.6;10;10088767341;B
20240410;174513;163.6;10;10088768185;B
20240410;174513;163.54;10;10088768266;S
20240410;174513;163.54;190;10088768267;S
20240410;174515;163.6;30;10088768357;B
20240410;174519;163.54;210;10088768717;S
20240410;174519;163.52;40;10088768718;S
20240410;174524;163.58;10;10088769090;B
20240410;174524;163.6;40;10088769091;B
20240410;174524;163.52;50;10088769143;S
20240410;174525;163.6;10;10088769208;B
20240410;174526;163.6;10;10088769285;B
20240410;174527;163.6;10;10088769350;B
20240410;174527;163.52;100;10088769369;S
20240410;174527;163.6;10;10088769376;B
20240410;174532;163.52;10;10088769764;S
20240410;174532;163.52;100;10088769765;S
20240410;174532;163.52;100;10088769766;S
20240410;174532;163.52;10;10088769767;S
20240410;174532;163.5;80;10088769768;S
20240410;174535;163.54;50;10088770039;B
20240410;174535;163.5;50;10088770076;S
20240410;174535;163.54;20;10088770092;B
20240410;174536;163.54;10;10088770105;B
20240410;174547;163.52;10;10088770970;B
20240410;174548;163.5;20;10088771066;S
20240410;174548;163.5;20;10088771067;S
20240410;174548;163.5;100;10088771068;S
20240410;174549;163.48;250;10088771090;S
20240410;174549;163.48;30;10088771091;S
20240410;174549;163.48;10;10088771092;S
20240410;174549;163.48;10;10088771093;S
20240410;174549;163.5;560;10088771168;B
20240410;174549;163.52;220;10088771169;B
20240410;174549;163.52;210;10088771170;B
20240410;174549;163.52;970;10088771171;B
20240410;174549;163.54;50;10088771172;B
20240410;174549;163.56;10;10088771173;B
20240410;174549;163.56;100;10088771174;B
20240410;174549;163.56;200;10088771175;B
20240410;174549;163.56;100;10088771176;B
20240410;174549;163.56;470;10088771177;B
20240410;174549;163.58;200;10088771178;B
20240410;174549;163.58;200;10088771179;B
20240410;174549;163.58;100;10088771180;B
20240410;174549;163.58;1220;10088771181;B
20240410;174549;163.58;50;10088771182;B
20240410;174549;163.58;1530;10088771183;B
20240410;174549;163.58;10000;10088771184;B
20240410;174549;163.6;1200;10088771185;B
20240410;174549;163.6;3000;10088771186;B
20240410;174549;163.6;100;10088771187;B
20240410;174549;163.6;40;10088771188;B
20240410;174549;163.6;10;10088771189;B
20240410;174549;163.6;30;10088771190;B
20240410;174549;163.6;9420;10088771191;B
20240410;174552;163.62;20;10088771355;B
20240410;174552;163.62;1220;10088771356;B
20240410;174552;163.62;1530;10088771357;B
20240410;174552;163.62;20;10088771358;B
20240410;174552;163.64;1350;10088771359;B
20240410;174552;163.64;90;10088771360;B
20240410;174552;163.64;290;10088771361;B
20240410;174552;163.66;250;10088771362;B
20240410;174552;163.66;50;10088771363;B
20240410;174552;163.68;60;10088771364;B
20240410;174552;163.54;60;10088771406;S
20240410;174554;163.64;100;10088771559;B
20240410;174555;163.6;800;10088771672;S
20240410;174556;163.64;1220;10088771747;B
20240410;174556;163.66;2000;10088771748;B
20240410;174556;163.68;1530;10088771749;B
20240410;174556;163.7;10;10088771750;B
20240410;174556;163.7;960;10088771751;B
20240410;174556;163.68;50;10088771764;B
20240410;174557;163.7;2100;10088771785;B
20240410;174557;163.7;1700;10088771786;B
20240410;174559;163.72;30;10088772068;S
20240410;174602;163.72;380;10088772330;S
20240410;174602;163.64;850;10088772331;S
20240410;174602;163.64;1510;10088772332;S
20240410;174602;163.62;340;10088772333;S
20240410;174602;163.74;10;10088772381;B
20240410;174602;163.74;40;10088772397;B
20240410;174602;163.74;30;10088772398;B
20240410;174605;163.64;50;10088772556;S
20240410;174606;163.72;10;10088772657;B
20240410;174606;163.72;190;10088772669;B
20240410;174608;163.74;10;10088772782;B
20240410;174608;163.78;10;10088772824;B
20240410;174608;163.78;20;10088772830;B
20240410;174610;163.78;40;10088772945;B
20240410;174610;163.78;100;10088772946;B
20240410;174610;163.8;1000;10088772947;B
20240410;174610;163.8;90;10088772948;B
20240410;174611;163.8;340;10088773050;B
20240410;174611;163.8;160;10088773051;B
20240410;174612;163.8;10;10088773100;B
20240410;174613;163.74;10;10088773193;S
20240410;174613;163.8;120;10088773213;B
20240410;174615;163.74;10;10088773374;S
20240410;174618;163.68;10;10088773575;S
20240410;174618;163.78;20;10088773590;B
20240410;174620;163.78;20;10088773770;B
20240410;174622;163.8;200;10088773945;B
20240410;174623;163.8;10;10088773955;B
20240410;174624;163.8;10;10088774018;B
20240410;174624;163.8;30;10088774111;B
20240410;174636;163.78;10;10088775097;B
20240410;174638;163.78;30;10088775249;B
20240410;174638;163.78;20;10088775250;B
20240410;174638;163.78;1220;10088775251;B
20240410;174638;163.8;750;10088775252;B
20240410;174638;163.8;990;10088775253;B
20240410;174638;163.8;10;10088775254;B
20240410;174638;163.8;1000;10088775255;B
20240410;174638;163.82;590;10088775256;B
20240410;174638;163.82;930;10088775257;B
20240410;174638;163.84;700;10088775258;B
20240410;174638;163.84;1000;10088775259;B
20240410;174638;163.84;250;10088775260;B
20240410;174638;163.84;500;10088775261;B
20240410;174638;163.84;1000;10088775262;B
20240410;174638;163.86;100;10088775263;B
20240410;174638;163.86;600;10088775264;B
20240410;174638;163.86;3660;10088775265;B
20240410;174638;163.86;1380;10088775266;B
20240410;174641;163.88;10;10088775515;B
20240410;174641;163.8;70;10088775525;S
20240410;174641;163.8;100;10088775527;S
20240410;174644;163.78;380;10088775830;B
20240410;174651;163.7;50;10088776349;S
20240410;174651;163.7;20;10088776350;S
20240410;174651;163.7;130;10088776351;S
20240410;174651;163.7;60;10088776364;S
20240410;174651;163.7;40;10088776365;S
20240410;174659;163.76;150;10088776862;B
20240410;174710;163.76;10;10088777571;B
20240410;174710;163.76;40;10088777594;B
20240410;174710;163.76;30;10088777595;B
20240410;174711;163.76;10;10088777611;B
20240410;174712;163.76;1180;10088777727;B
20240410;174712;163.76;50;10088777728;B
20240410;174712;163.76;10;10088777729;B
20240410;174712;163.76;160;10088777730;B
20240410;174712;163.78;620;10088777731;B
20240410;174712;163.78;470;10088777732;B
20240410;174712;163.8;200;10088777733;B
20240410;174712;163.8;2190;10088777734;B
20240410;174712;163.8;2280;10088777735;B
20240410;174712;163.8;1530;10088777736;B
20240410;174712;163.82;630;10088777737;B
20240410;174712;163.82;680;10088777738;B
20240410;174712;163.7;160;10088777744;S
20240410;174714;163.8;10;10088777888;B
20240410;174720;163.82;10;10088778383;B
20240410;174723;163.82;10;10088778516;B
20240410;174730;163.8;10;10088779029;S
20240410;174730;163.8;10;10088779030;S
20240410;174730;163.78;70;10088779031;S
20240410;174730;163.76;10;10088779032;S
20240410;174737;163.8;20;10088779689;B
20240410;174737;163.82;380;10088779690;B
20240410;174737;163.84;1220;10088779691;B
20240410;174737;163.84;30;10088779692;B
20240410;174737;163.84;230;10088779693;B
20240410;174737;163.86;10;10088779694;B
20240410;174737;163.86;610;10088779695;B
20240410;174737;163.86;40;10088779772;B
20240410;174737;163.86;900;10088779773;B
20240410;174737;163.86;4520;10088779774;B
20240410;174740;163.86;320;10088779962;B
20240410;174742;163.86;50;10088780149;B
20240410;174745;163.84;50;10088780361;B
20240410;174745;163.84;120;10088780362;B
20240410;174745;163.86;540;10088780363;B
20240410;174750;163.8;200;10088780737;S
20240410;174750;163.8;300;10088780818;S
20240410;174752;163.8;300;10088780959;S
20240410;174753;163.8;50;10088781007;S
20240410;174756;163.82;100;10088781241;B
20240410;174756;163.84;100;10088781242;B
20240410;174758;163.84;20;10088781407;B
20240410;174802;163.82;100;10088781626;B
20240410;174802;163.84;80;10088781627;B
20240410;174802;163.84;60;10088781628;B
20240410;174802;163.86;80;10088781659;B
20240410;174802;163.86;10;10088781668;B
20240410;174802;163.86;10;10088781674;B
20240410;174805;163.84;100;10088781887;B
20240410;174805;163.8;500;10088781951;S
20240410;174805;163.84;30;10088781952;B
20240410;174820;163.82;10;10088783055;B
20240410;174823;163.82;10;10088783190;B
20240410;174824;163.84;1900;10088783287;B
20240410;174824;163.84;100;10088783288;B
20240410;174826;163.86;10;10088783409;B
20240410;174829;163.84;1530;10088783790;B
20240410;174831;163.8;10;10088783907;S
20240410;174831;163.84;10;10088783908;B
20240410;174834;163.86;10;10088784066;B
20240410;174834;163.86;4450;10088784105;B
20240410;174837;163.84;10;10088784319;S
20240410;174840;163.84;100;10088784502;S
20240410;174840;163.84;100;10088784503;S
20240410;174840;163.84;100;10088784504;S
20240410;174840;163.84;190;10088784505;S
20240410;174842;163.84;10;10088784693;B
20240410;174843;163.8;600;10088784751;S
20240410;174845;163.8;30;10088784921;S
20240410;174846;163.8;90;10088785038;S
20240410;174847;163.8;30;10088785084;S
20240410;174847;163.8;150;10088785085;S
20240410;174847;163.8;10;10088785086;S
20240410;174847;163.8;10;10088785087;S
20240410;174847;163.78;300;10088785088;S
20240410;174847;163.78;300;10088785089;S
20240410;174847;163.76;90;10088785090;S
20240410;174847;163.76;1110;10088785091;S
20240410;174848;163.72;50;10088785205;S
20240410;174852;163.82;50;10088785472;B
20240410;174852;163.84;30;10088785473;B
20240410;174852;163.84;50;10088785474;B
20240410;174852;163.86;10;10088785475;B
20240410;174852;163.86;90;10088785476;B
20240410;174904;163.86;30;10088786605;B
20240410;174905;163.86;30;10088786725;B
20240410;174905;163.88;30;10088786726;B
20240410;174905;163.88;10;10088786753;B
20240410;174911;163.88;300;10088787368;B
20240410;174914;163.78;40;10088787586;S
20240410;174924;163.84;20;10088788385;B
20240410;174924;163.84;20;10088788389;B
20240410;174924;163.84;20;10088788390;B
20240410;174926;163.84;30;10088788554;B
20240410;174940;163.8;10;10088789697;S
20240410;174946;163.8;30;10088790259;S
20240410;174947;163.82;10;10088790323;B
20240410;174953;163.82;10;10088790770;B
20240410;174954;163.82;10;10088790840;B
20240410;174955;163.82;10;10088790911;B
20240410;174959;163.82;10;10088791185;S
20240410;175000;163.8;3000;10088791309;B
20240410;175001;163.82;50;10088791442;B
20240410;175001;163.82;10;10088791451;B
20240410;175001;163.82;10;10088791485;B
20240410;175009;163.82;20;10088792123;B
20240410;175009;163.82;400;10088792124;B
20240410;175009;163.82;140;10088792125;B
20240410;175010;163.78;40;10088792206;S
20240410;175010;163.78;20;10088792207;S
20240410;175010;163.76;60;10088792208;S
20240410;175010;163.76;150;10088792209;S
20240410;175010;163.76;100;10088792210;S
20240410;175010;163.74;130;10088792211;S
20240410;175019;163.74;30;10088793020;S
20240410;175019;163.74;30;10088793096;S
20240410;175020;163.74;30;10088793165;S
20240410;175020;163.74;60;10088793186;S
20240410;175020;163.74;40;10088793187;S
20240410;175022;163.74;160;10088793366;S
20240410;175022;163.74;20;10088793367;S
20240410;175022;163.72;50;10088793368;S
20240410;175022;163.72;10;10088793369;S
20240410;175022;163.72;360;10088793370;S
20240410;175022;163.7;30;10088793391;S
20240410;175023;163.7;20;10088793405;S
20240410;175023;163.7;10;10088793406;S
20240410;175024;163.7;20;10088793540;S
20240410;175024;163.68;10;10088793541;S
20240410;175026;163.76;60;10088793718;B
20240410;175032;163.76;30;10088794390;B
20240410;175034;163.76;10;10088794474;B
20240410;175035;163.76;10;10088794582;B
20240410;175040;163.76;40;10088795007;B
20240410;175040;163.76;60;10088795008;B
20240410;175041;163.74;10;10088795082;B
20240410;175041;163.74;100;10088795117;B
20240410;175043;163.74;50;10088795218;B
20240410;175045;163.78;30;10088795402;B
20240410;175045;163.78;100;10088795403;B
20240410;175045;163.82;110;10088795404;B
20240410;175045;163.76;200;10088795411;S
20240410;175046;163.82;10;10088795476;B
20240410;175048;163.78;200;10088795660;S
20240410;175048;163.76;300;10088795661;S
20240410;175049;163.84;10;10088795692;B
20240410;175049;163.78;20;10088795717;S
20240410;175052;163.84;10;10088795951;B
20240410;175053;163.84;10;10088796009;B
20240410;175056;163.8;150;10088796210;S
20240410;175056;163.78;200;10088796211;S
20240410;175056;163.76;50;10088796212;S
20240410;175059;163.78;40;10088796399;S
20240410;175059;163.76;110;10088796400;S
20240410;175104;163.82;10;10088796805;B
20240410;175105;163.82;60;10088796848;B
20240410;175110;163.76;40;10088797230;S
20240410;175110;163.76;10;10088797231;S
20240410;175110;163.76;100;10088797232;S
20240410;175110;163.74;550;10088797233;S
20240410;175116;163.74;50;10088797644;S
20240410;175121;163.78;100;10088798083;S
20240410;175122;163.78;10;10088798192;S
20240410;175128;163.82;60;10088798613;B
20240410;175130;163.82;20;10088798817;B
20240410;175130;163.82;130;10088798818;B
20240410;175134;163.82;70;10088799034;B
20240410;175134;163.82;10;10088799035;B
20240410;175134;163.82;310;10088799036;B
20240410;175134;163.78;90;10088799038;S
20240410;175134;163.76;200;10088799039;S
20240410;175134;163.76;200;10088799040;S
20240410;175134;163.74;100;10088799041;S
20240410;175134;163.74;300;10088799042;S
20240410;175134;163.74;120;10088799043;S
20240410;175137;163.74;60;10088799239;S
20240410;175140;163.78;50;10088799745;S
20240410;175146;163.8;200;10088800377;B
20240410;175146;163.82;150;10088800378;B
20240410;175146;163.82;300;10088800379;B
20240410;175146;163.82;460;10088800380;B
20240410;175146;163.82;390;10088800381;B
20240410;175146;163.78;50;10088800389;S
20240410;175151;163.74;150;10088800799;S
20240410;175151;163.74;200;10088800800;S
20240410;175151;163.74;100;10088800801;S
20240410;175151;163.72;850;10088800802;S
20240410;175151;163.72;100;10088800803;S
20240410;175151;163.7;800;10088800804;S
20240410;175154;163.76;150;10088801065;B
20240410;175154;163.78;140;10088801066;B
20240410;175154;163.78;300;10088801067;B
20240410;175155;163.78;100;10088801135;B
20240410;175155;163.8;150;10088801136;B
20240410;175155;163.82;250;10088801137;B
20240410;175156;163.7;20;10088801217;S
20240410;175156;163.7;10;10088801218;S
20240410;175200;163.78;10;10088801691;B
20240410;175201;163.78;10;10088801725;B
20240410;175201;163.78;60;10088801743;B
20240410;175201;163.78;20;10088801778;B
20240410;175206;163.78;20;10088802180;B
20240410;175209;163.74;10;10088802461;S
20240410;175209;163.74;150;10088802462;S
20240410;175209;163.72;50;10088802463;S
20240410;175209;163.72;190;10088802464;S
20240410;175211;163.76;30;10088802794;B
20240410;175212;163.76;120;10088802899;B
20240410;175212;163.76;50;10088802900;B
20240410;175212;163.78;130;10088802901;B
20240410;175212;163.78;120;10088802902;B
20240410;175212;163.8;200;10088802903;B
20240410;175212;163.82;380;10088802904;B
20240410;175217;163.76;100;10088803421;S
20240410;175221;163.76;50;10088803677;S
20240410;175221;163.74;200;10088803678;S
20240410;175221;163.72;10;10088803679;S
20240410;175221;163.72;140;10088803680;S
20240410;175224;163.82;30;10088803829;B
20240410;175225;163.82;50;10088803890;B
20240410;175229;163.82;20;10088804159;B
20240410;175229;163.82;10;10088804160;B
20240410;175231;163.76;100;10088804309;S
20240410;175231;163.74;150;10088804310;S
20240410;175231;163.72;810;10088804311;S
20240410;175231;163.72;200;10088804312;S
20240410;175231;163.7;300;10088804313;S
20240410;175231;163.7;40;10088804314;S
20240410;175231;163.7;270;10088804315;S
20240410;175232;163.8;70;10088804452;B
20240410;175232;163.8;10;10088804483;B
20240410;175236;163.8;20;10088804748;B
20240410;175236;163.8;50;10088804749;B
20240410;175236;163.8;130;10088804750;B
20240410;175236;163.7;20;10088804799;S
20240410;175236;163.7;150;10088804800;S
20240410;175236;163.7;690;10088804801;S
20240410;175236;163.78;20;10088804816;B
20240410;175240;163.78;100;10088805119;B
20240410;175245;163.72;100;10088805481;S
20240410;175245;163.7;2800;10088805482;S
20240410;175245;163.7;250;10088805483;S
20240410;175245;163.7;150;10088805484;S
20240410;175247;163.7;420;10088805654;B
20240410;175248;163.7;10;10088805819;B
20240410;175250;163.7;80;10088805924;B
20240410;175251;163.7;10;10088806041;B
20240410;175251;163.68;80;10088806060;S
20240410;175251;163.68;150;10088806061;S
20240410;175251;163.68;20;10088806062;S
20240410;175251;163.68;150;10088806063;S
20240410;175251;163.64;50;10088806064;S
20240410;175251;163.62;50;10088806065;S
20240410;175252;163.7;10;10088806123;B
20240410;175252;163.7;170;10088806124;B
20240410;175252;163.72;150;10088806125;B
20240410;175252;163.74;100;10088806126;B
20240410;175252;163.74;140;10088806127;B
20240410;175255;163.72;150;10088806307;B
20240410;175258;163.72;60;10088806639;S
20240410;175306;163.74;20;10088807275;B
20240410;175306;163.76;10;10088807286;B
20240410;175306;163.76;20;10088807300;B
20240410;175306;163.76;50;10088807301;B
20240410;175310;163.76;50;10088807540;B
20240410;175310;163.8;200;10088807541;B
20240410;175310;163.82;750;10088807542;B
20240410;175317;163.8;10;10088808129;B
20240410;175322;163.76;150;10088808502;S
20240410;175322;163.74;450;10088808503;S
20240410;175329;163.74;50;10088809008;S
20240410;175329;163.74;150;10088809009;S
20240410;175331;163.78;20;10088809167;B
20240410;175332;163.78;10;10088809295;B
20240410;175344;163.76;60;10088810331;B
20240410;175344;163.78;120;10088810332;B
20240410;175344;163.78;100;10088810333;B
20240410;175344;163.78;20;10088810334;B
20240410;175346;163.78;40;10088810525;B
20240410;175351;163.78;10;10088810966;B
20240410;175353;163.78;10;10088811094;B
20240410;175355;163.78;170;10088811225;B
20240410;175355;163.8;790;10088811226;B
20240410;175355;163.8;150;10088811227;B
20240410;175355;163.82;90;10088811228;B
20240410;175355;163.74;10;10088811254;S
20240410;175355;163.72;60;10088811255;S
20240410;175401;163.72;60;10088811607;B
20240410;175401;163.76;10;10088811649;B
20240410;175402;163.76;60;10088811652;B
20240410;175402;163.76;70;10088811656;B
20240410;175402;163.74;150;10088811693;S
20240410;175402;163.72;150;10088811694;S
20240410;175403;163.76;10;10088811724;B
20240410;175405;163.76;150;10088811895;B
20240410;175405;163.78;220;10088811896;B
20240410;175405;163.74;50;10088811914;S
20240410;175405;163.74;100;10088811921;S
20240410;175405;163.72;5900;10088811922;S
20240410;175409;163.74;10;10088812166;S
20240410;175414;163.7;120;10088812449;S
20240410;175414;163.68;20;10088812450;S
20240410;175417;163.66;40;10088812674;S
20240410;175423;163.74;110;10088813011;B
20240410;175423;163.74;850;10088813012;B
20240410;175423;163.74;50;10088813013;B
20240410;175423;163.74;250;10088813014;B
20240410;175424;163.76;20;10088813105;B
20240410;175426;163.74;100;10088813216;S
20240410;175429;163.74;590;10088813415;S
20240410;175429;163.74;10;10088813416;S
20240410;175434;163.72;10;10088813718;B
20240410;175437;163.7;150;10088813986;B
20240410;175437;163.72;1260;10088813987;B
20240410;175439;163.72;10;10088814257;B
20240410;175443;163.72;460;10088814600;B
20240410;175443;163.68;10;10088814619;S
20240410;175444;163.68;140;10088814694;S
20240410;175444;163.64;60;10088814695;S
20240410;175445;163.7;10;10088814713;B
20240410;175445;163.72;190;10088814714;B
20240410;175446;163.64;50;10088814861;S
20240410;175447;163.7;90;10088814900;B
20240410;175448;163.7;50;10088814937;B
20240410;175448;163.7;50;10088814938;B
20240410;175448;163.7;150;10088814990;B
20240410;175448;163.72;1160;10088814991;B
20240410;175448;163.72;270;10088814992;B
20240410;175448;163.72;3660;10088814993;B
20240410;175448;163.72;10;10088814994;B
20240410;175448;163.74;4400;10088814995;B
20240410;175448;163.74;350;10088814996;B
20240410;175451;163.72;200;10088815365;S
20240410;175455;163.72;10;10088815721;S
20240410;175455;163.74;100;10088815726;B
20240410;175456;163.74;250;10088815783;B
20240410;175459;163.76;40;10088816081;B
20240410;175459;163.76;330;10088816082;B
20240410;175504;163.74;300;10088816591;S
20240410;175504;163.76;10;10088816645;B
20240410;175505;163.76;60;10088816679;B
20240410;175506;163.76;10;10088816756;B
20240410;175509;163.76;2000;10088816987;B
20240410;175510;163.76;190;10088817025;B
20240410;175512;163.76;10;10088817193;B
20240410;175512;163.74;20;10088817213;S
20240410;175513;163.76;850;10088817297;B
20240410;175513;163.78;450;10088817298;B
20240410;175513;163.78;50;10088817326;B
20240410;175513;163.78;100;10088817345;B
20240410;175514;163.78;10;10088817430;B
20240410;175516;163.78;10;10088817544;B
20240410;175518;163.78;10;10088817740;B
20240410;175519;163.76;10;10088817807;S
20240410;175519;163.78;40;10088817866;B
20240410;175521;163.78;90;10088817955;B
20240410;175522;163.78;80;10088818041;B
20240410;175522;163.78;10;10088818045;B
20240410;175525;163.78;30;10088818343;B
20240410;175532;163.78;20;10088819280;B
20240410;175535;163.78;140;10088819947;B
20240410;175542;163.76;80;10088820791;S
20240410;175542;163.76;20;10088820792;S
20240410;175542;163.74;220;10088820793;S
20240410;175543;163.78;10;10088820870;B
20240410;175544;163.78;10;10088820991;B
20240410;175544;163.74;260;10088821043;S
20240410;175544;163.74;50;10088821044;S
20240410;175544;163.72;40;10088821045;S
20240410;175547;163.72;160;10088821316;S
20240410;175547;163.7;150;10088821317;S
20240410;175547;163.7;1220;10088821318;S
20240410;175547;163.7;300;10088821319;S
20240410;175547;163.68;1530;10088821320;S
20240410;175547;163.68;250;10088821321;S
20240410;175547;163.68;250;10088821322;S
20240410;175547;163.68;30;10088821323;S
20240410;175547;163.68;1350;10088821324;S
20240410;175552;163.74;10;10088821618;B
20240410;175555;163.74;10;10088821915;B
20240410;175557;163.74;10;10088822156;B
20240410;175557;163.7;10;10088822182;S
20240410;175557;163.68;10;10088822183;S
20240410;175557;163.66;50;10088822184;S
20240410;175559;163.74;10;10088822299;B
20240410;175601;163.74;10;10088822473;B
20240410;175601;163.74;790;10088822492;B
20240410;175602;163.74;200;10088822503;B
20240410;175602;163.74;100;10088822504;B
20240410;175602;163.76;60;10088822560;B
20240410;175606;163.76;10;10088822822;B
20240410;175607;163.76;30;10088822884;B
20240410;175611;163.74;1270;10088823248;S
20240410;175611;163.72;10;10088823249;S
20240410;175611;163.7;150;10088823250;S
20240410;175611;163.7;10;10088823251;S
20240410;175611;163.68;680;10088823252;S
20240410;175611;163.68;470;10088823253;S
20240410;175615;163.74;50;10088823603;S
20240410;175615;163.76;30;10088823618;B
20240410;175619;163.74;60;10088823882;B
20240410;175624;163.74;40;10088824193;B
20240410;175624;163.76;10;10088824195;B
20240410;175624;163.76;10;10088824274;B
20240410;175624;163.76;10;10088824275;B
20240410;175631;163.76;10;10088824762;B
20240410;175642;163.76;10;10088825651;B
20240410;175642;163.76;30;10088825667;B
20240410;175643;163.76;10;10088825684;B
20240410;175646;163.74;70;10088825862;S
20240410;175649;163.76;180;10088826153;B
20240410;175649;163.76;250;10088826154;B
20240410;175649;163.76;500;10088826155;B
20240410;175649;163.76;10;10088826156;B
20240410;175649;163.76;10;10088826157;B
20240410;175649;163.76;10;10088826158;B
20240410;175649;163.76;10;10088826159;B
20240410;175649;163.76;30;10088826160;B
20240410;175657;163.76;10;10088827182;B
20240410;175658;163.72;10;10088827267;S
20240410;175658;163.72;100;10088827268;S
20240410;175658;163.7;10;10088827269;S
20240410;175658;163.68;80;10088827270;S
20240410;175658;163.68;150;10088827271;S
20240410;175658;163.68;50;10088827272;S
20240410;175658;163.68;340;10088827273;S
20240410;175658;163.68;500;10088827274;S
20240410;175658;163.66;1220;10088827275;S
20240410;175658;163.66;1530;10088827276;S
20240410;175658;163.64;4500;10088827277;S
20240410;175658;163.64;20;10088827278;S
20240410;175658;163.62;50;10088827279;S
20240410;175658;163.62;10;10088827280;S
20240410;175658;163.62;3660;10088827281;S
20240410;175658;163.62;3660;10088827282;S
20240410;175658;163.6;100;10088827283;S
20240410;175658;163.6;10;10088827284;S
20240410;175658;163.6;10000;10088827285;S
20240410;175658;163.6;40;10088827286;S
20240410;175658;163.6;10000;10088827287;S
20240410;175658;163.58;100;10088827288;S
20240410;175658;163.58;20;10088827289;S
20240410;175658;163.58;10000;10088827290;S
20240410;175658;163.56;50;10088827291;S
20240410;175658;163.56;50;10088827292;S
20240410;175658;163.56;70;10088827293;S
20240410;175658;163.56;160;10088827294;S
20240410;175658;163.54;20;10088827295;S
20240410;175658;163.54;150;10088827296;S
20240410;175658;163.54;1340;10088827297;S
20240410;175659;163.66;80;10088827353;B
20240410;175700;163.66;120;10088827413;B
20240410;175700;163.66;20;10088827414;B
20240410;175700;163.7;60;10088827452;B
20240410;175700;163.7;10;10088827485;B
20240410;175701;163.66;10;10088827559;S
20240410;175701;163.7;10;10088827580;B
20240410;175708;163.7;20;10088828034;B
20240410;175708;163.7;20;10088828035;B
20240410;175708;163.7;20;10088828036;B
20240410;175708;163.72;600;10088828037;B
20240410;175709;163.72;20;10088828294;S
20240410;175712;163.72;10;10088828535;S
20240410;175714;163.74;100;10088828726;B
20240410;175714;163.76;90;10088828727;B
20240410;175716;163.76;10;10088828977;B
20240410;175725;163.74;20;10088829785;B
20240410;175728;163.74;30;10088830011;B
20240410;175728;163.74;10;10088830026;B
20240410;175729;163.7;10;10088830069;S
20240410;175729;163.66;40;10088830070;S
20240410;175730;163.74;440;10088830087;B
20240410;175730;163.74;320;10088830088;B
20240410;175730;163.74;1330;10088830089;B
20240410;175733;163.68;6890;10088830311;B
20240410;175741;163.62;400;10088831053;S
20240410;175744;163.68;40;10088831276;B
20240410;175744;163.68;40;10088831285;B
20240410;175744;163.68;260;10088831286;B
20240410;175745;163.68;10;10088831374;B
20240410;175750;163.68;560;10088831692;B
20240410;175751;163.62;100;10088831775;S
20240410;175752;163.64;10;10088831796;B
20240410;175753;163.66;1000;10088831899;B
20240410;175755;163.66;200;10088832008;B
20240410;175801;163.64;10;10088832598;B
20240410;175802;163.64;60;10088832618;B
20240410;175802;163.64;10;10088832630;B
20240410;175806;163.64;10;10088832823;B
20240410;175806;163.64;10;10088832826;B
20240410;175810;163.58;20;10088833154;S
20240410;175810;163.58;20;10088833155;S
20240410;175810;163.58;10;10088833156;S
20240410;175810;163.58;30;10088833157;S
20240410;175817;163.64;10;10088833684;B
20240410;175817;163.58;170;10088833708;S
20240410;175817;163.58;100;10088833709;S
20240410;175817;163.58;200;10088833710;S
20240410;175817;163.56;1530;10088833711;S
20240410;175818;163.64;10;10088833808;B
20240410;175818;163.62;20;10088833813;B
20240410;175818;163.56;190;10088833820;S
20240410;175819;163.62;10;10088833872;B
20240410;175819;163.56;100;10088833921;S
20240410;175820;163.56;50;10088833969;S
20240410;175822;163.56;60;10088834275;S
20240410;175823;163.56;30;10088834282;S
20240410;175825;163.58;10;10088834560;S
20240410;175825;163.56;20;10088834561;S
20240410;175827;163.62;40;10088834723;B
20240410;175828;163.62;30;10088834771;B
20240410;175828;163.62;10;10088834772;B
20240410;175828;163.64;210;10088834773;B
20240410;175828;163.62;10;10088834775;S
20240410;175830;163.64;10;10088834986;B
20240410;175830;163.64;20;10088835038;B
20240410;175831;163.64;10;10088835151;B
20240410;175832;163.64;100;10088835291;B
20240410;175834;163.64;10;10088835589;B
20240410;175837;163.64;20;10088836080;B
20240410;175837;163.64;10;10088836081;B
20240410;175838;163.64;30;10088836229;B
20240410;175838;163.64;20;10088836230;B
20240410;175838;163.66;20;10088836231;B
20240410;175838;163.66;30;10088836232;B
20240410;175839;163.66;50;10088836259;B
20240410;175839;163.66;30;10088836268;B
20240410;175840;163.66;20;10088836390;B
20240410;175840;163.66;10;10088836415;B
20240410;175842;163.62;140;10088836523;S
20240410;175842;163.62;360;10088836524;S
20240410;175844;163.66;10;10088836630;B
20240410;175847;163.66;10;10088836881;B
20240410;175849;163.62;50;10088837044;S
20240410;175850;163.66;40;10088837090;B
20240410;175850;163.66;20;10088837091;B
20240410;175857;163.66;200;10088837598;B
20240410;175857;163.68;300;10088837599;B
20240410;175857;163.68;250;10088837651;B
20240410;175900;163.68;10;10088837895;B
20240410;175901;163.68;80;10088838018;B
20240410;175901;163.68;50;10088838021;B
20240410;175901;163.68;10;10088838039;B
20240410;175901;163.66;500;10088838056;S
20240410;175901;163.66;20;10088838057;S
20240410;175901;163.64;1480;10088838058;S
20240410;175907;163.64;20;10088838492;S
20240410;175908;163.68;20;10088838528;B
20240410;175912;163.68;210;10088838815;B
20240410;175914;163.68;10;10088838994;B
20240410;175917;163.64;20;10088839305;S
20240410;175917;163.64;1180;10088839310;S
20240410;175917;163.64;200;10088839311;S
20240410;175917;163.64;1530;10088839312;S
20240410;175917;163.62;690;10088839313;S
20240410;175923;163.66;150;10088839800;B
20240410;175923;163.68;10;10088839917;B
20240410;175924;163.68;10;10088839929;B
20240410;175927;163.66;50;10088840239;S
20240410;175928;163.66;160;10088840274;S
20240410;175929;163.62;40;10088840351;S
20240410;175930;163.62;20;10088840542;S
20240410;175931;163.62;430;10088840640;S
20240410;175934;163.64;50;10088840780;B
20240410;175943;163.62;110;10088841620;S
20240410;175945;163.64;10;10088841819;B
20240410;175948;163.62;40;10088842043;S
20240410;175951;163.64;150;10088842329;B
20240410;175951;163.62;60;10088842343;S
20240410;175951;163.62;10;10088842344;S
20240410;175951;163.62;30;10088842345;S
20240410;175956;163.62;30;10088842722;B
20240410;175958;163.62;1190;10088842916;B
20240410;180003;163.64;30;10088843330;B
20240410;180004;163.64;50;10088843443;B
20240410;180005;163.62;10;10088843558;S
20240410;180006;163.64;30;10088843641;B
20240410;180007;163.64;130;10088843778;B
20240410;180008;163.62;30;10088843901;S
20240410;180008;163.6;70;10088843902;S
20240410;180008;163.64;10;10088843916;B
20240410;180014;163.6;50;10088844502;S
20240410;180015;163.64;80;10088844584;B
20240410;180015;163.64;300;10088844585;B
20240410;180015;163.66;50;10088844586;B
20240410;180015;163.66;990;10088844587;B
20240410;180015;163.68;720;10088844588;B
20240410;180015;163.68;1300;10088844589;B
20240410;180015;163.68;2760;10088844590;B
20240410;180015;163.68;1220;10088844591;B
20240410;180015;163.68;80;10088844592;B
20240410;180018;163.66;120;10088844914;B
20240410;180023;163.7;10;10088845545;B
20240410;180038;163.7;20;10088846670;B
20240410;180039;163.7;10;10088846788;B
20240410;180042;163.7;70;10088847273;B
20240410;180044;163.7;100;10088847793;B
20240410;180045;163.7;40;10088847882;B
20240410;180045;163.7;100;10088847919;B
20240410;180047;163.7;50;10088848096;B
20240410;180047;163.7;150;10088848097;B
20240410;180047;163.66;60;10088848122;S
20240410;180051;163.68;60;10088848328;B
20240410;180051;163.7;10;10088848333;B
20240410;180053;163.68;150;10088848717;S
20240410;180053;163.7;1000;10088848753;B
20240410;180101;163.7;10;10088849458;B
20240410;180101;163.7;10;10088849531;B
20240410;180101;163.7;60;10088849540;B
20240410;180102;163.66;90;10088849610;S
20240410;180102;163.66;10;10088849652;B
20240410;180105;163.66;10;10088849855;B
20240410;180108;163.66;10;10088850106;B
20240410;180108;163.66;10;10088850144;B
20240410;180110;163.62;10;10088850322;S
20240410;180110;163.62;100;10088850323;S
20240410;180110;163.62;200;10088850324;S
20240410;180110;163.62;1220;10088850325;S
20240410;180110;163.6;10;10088850326;S
20240410;180110;163.6;20;10088850327;S
20240410;180110;163.6;300;10088850328;S
20240410;180110;163.6;150;10088850329;S
20240410;180110;163.6;390;10088850330;S
20240410;180113;163.62;150;10088850540;B
20240410;180113;163.64;100;10088850541;B
20240410;180113;163.66;160;10088850542;B
20240410;180113;163.66;450;10088850543;B
20240410;180114;163.64;10;10088850672;B
20240410;180114;163.62;10;10088850790;S
20240410;180114;163.64;10;10088850992;B
20240410;180115;163.64;70;10088851217;B
20240410;180115;163.66;30;10088851218;B
20240410;180115;163.66;200;10088851219;B
20240410;180115;163.66;300;10088851220;B
20240410;180115;163.68;800;10088851221;B
20240410;180120;163.66;10;10088851636;S
20240410;180120;163.64;120;10088851637;S
20240410;180121;163.68;10;10088851726;B
20240410;180122;163.68;110;10088851797;B
20240410;180122;163.7;80;10088851798;B
20240410;180124;163.64;30;10088851938;S
20240410;180124;163.62;10;10088851939;S
20240410;180128;163.68;10;10088852280;B
20240410;180134;163.68;10;10088852773;B
20240410;180135;163.68;10;10088852980;B
20240410;180135;163.68;180;10088852981;B
20240410;180135;163.68;10;10088852999;B
20240410;180137;163.64;150;10088853128;S
20240410;180137;163.64;60;10088853129;S
20240410;180137;163.62;30;10088853130;S
20240410;180137;163.6;1320;10088853131;S
20240410;180137;163.6;50;10088853132;S
20240410;180137;163.6;10;10088853133;S
20240410;180137;163.58;750;10088853134;S
20240410;180137;163.58;10;10088853135;S
20240410;180137;163.58;1530;10088853136;S
20240410;180137;163.58;1220;10088853137;S
20240410;180137;163.56;370;10088853138;S
20240410;180138;163.58;400;10088853219;S
20240410;180139;163.64;10;10088853363;B
20240410;180139;163.64;10;10088853364;B
20240410;180142;163.64;50;10088853575;S
20240410;180143;163.66;10;10088853624;B
20240410;180144;163.66;140;10088853674;B
20240410;180144;163.66;1220;10088853675;B
20240410;180144;163.68;1140;10088853676;B
20240410;180145;163.68;50;10088853780;B
20240410;180145;163.68;20;10088853786;B
20240410;180146;163.68;850;10088853802;B
20240410;180146;163.64;50;10088853829;S
20240410;180152;163.68;10;10088854313;B
20240410;180153;163.64;110;10088854319;S
20240410;180157;163.68;20;10088854576;B
20240410;180203;163.68;10;10088855200;B
20240410;180204;163.68;10;10088855248;B
20240410;180204;163.68;40;10088855255;B
20240410;180206;163.68;10;10088855384;B
20240410;180208;163.68;10;10088855550;B
20240410;180211;163.64;570;10088855745;S
20240410;180211;163.62;50;10088855746;S
20240410;180211;163.62;300;10088855747;S
20240410;180211;163.6;30;10088855748;S
20240410;180211;163.6;150;10088855749;S
20240410;180211;163.6;80;10088855750;S
20240410;180212;163.6;20;10088855830;S
20240410;180212;163.6;80;10088855831;S
20240410;180213;163.64;10;10088855910;S
20240410;180215;163.64;10;10088856022;B
20240410;180217;163.6;70;10088856209;S
20240410;180219;163.6;130;10088856375;B
20240410;180221;163.56;100;10088856575;S
20240410;180225;163.56;10;10088856849;S
20240410;180225;163.56;100;10088856868;S
20240410;180229;163.56;40;10088857161;S
20240410;180230;163.6;30;10088857255;B
20240410;180231;163.56;380;10088857330;S
20240410;180231;163.56;930;10088857331;S
20240410;180235;163.6;10;10088857845;B
20240410;180241;163.58;80;10088858261;B
20240410;180241;163.6;50;10088858262;B
20240410;180244;163.6;10;10088858599;B
20240410;180251;163.6;10;10088859078;B
20240410;180252;163.6;500;10088859180;B
20240410;180254;163.6;1000;10088859300;B
20240410;180258;163.6;500;10088859624;B
20240410;180259;163.6;10;10088859725;B
20240410;180259;163.58;400;10088859727;S
20240410;180302;163.6;180;10088859984;B
20240410;180303;163.6;40;10088860046;B
20240410;180303;163.6;260;10088860051;B
20240410;180303;163.56;1070;10088860058;S
20240410;180303;163.56;10;10088860059;S
20240410;180303;163.56;550;10088860060;S
20240410;180303;163.56;500;10088860061;S
20240410;180303;163.56;100;10088860062;S
20240410;180303;163.56;1530;10088860063;S
20240410;180303;163.56;1220;10088860064;S
20240410;180303;163.54;20;10088860065;S
20240410;180305;163.6;100;10088860225;B
20240410;180305;163.6;10;10088860323;B
20240410;180309;163.54;40;10088860659;S
20240410;180310;163.6;10;10088860742;B
20240410;180310;163.56;20;10088860755;S
20240410;180314;163.6;520;10088861017;B
20240410;180316;163.56;50;10088861234;S
20240410;180316;163.6;20;10088861272;B
20240410;180318;163.56;20;10088861480;S
20240410;180319;163.6;60;10088861535;B
20240410;180319;163.6;50;10088861567;B
20240410;180320;163.56;60;10088861608;S
20240410;180323;163.56;50;10088861841;S
20240410;180325;163.6;30;10088861934;B
20240410;180326;163.56;430;10088862054;S
20240410;180331;163.56;100;10088862401;S
20240410;180334;163.6;20;10088862680;B
20240410;180336;163.6;60;10088862854;B
20240410;180338;163.6;10;10088862998;B
20240410;180344;163.6;400;10088863509;B
20240410;180347;163.6;40;10088863715;B
20240410;180348;163.6;10;10088863792;B
20240410;180350;163.56;10;10088863960;S
20240410;180350;163.54;20;10088863961;S
20240410;180354;163.6;10;10088864283;B
20240410;180359;163.6;10;10088864805;B
20240410;180402;163.6;10;10088865249;B
20240410;180403;163.6;10;10088865313;B
20240410;180403;163.6;50;10088865406;B
20240410;180403;163.58;20;10088865470;S
20240410;180403;163.58;10;10088865471;S
20240410;180409;163.6;20;10088866055;B
20240410;180416;163.58;150;10088866856;S
20240410;180419;163.6;40;10088867069;B
20240410;180420;163.6;10;10088867153;B
20240410;180421;163.58;10;10088867204;S
20240410;180431;163.6;10;10088868137;B
20240410;180431;163.6;10;10088868144;B
20240410;180439;163.58;110;10088868778;S
20240410;180442;163.6;10;10088869046;B
20240410;180443;163.58;20;10088869165;S
20240410;180443;163.58;10;10088869166;S
20240410;180443;163.58;10;10088869167;S
20240410;180443;163.58;10;10088869168;S
20240410;180447;163.58;90;10088869517;S
20240410;180447;163.58;50;10088869581;S
20240410;180448;163.6;600;10088869612;B
20240410;180449;163.6;70;10088869770;B
20240410;180449;163.6;30;10088869771;B
20240410;180449;163.6;60;10088869780;B
20240410;180450;163.6;60;10088869806;B
20240410;180450;163.6;100;10088869807;B
20240410;180450;163.6;20;10088869808;B
20240410;180452;163.6;10;10088869992;B
20240410;180453;163.58;50;10088870013;S
20240410;180453;163.6;10;10088870034;B
20240410;180453;163.6;10;10088870035;B
20240410;180453;163.6;100;10088870036;B
20240410;180502;163.58;10;10088870729;S
20240410;180502;163.6;30;10088870833;B
20240410;180502;163.6;20;10088870834;B
20240410;180512;163.6;10;10088871561;B
20240410;180514;163.58;1000;10088871656;S
20240410;180514;163.6;10;10088871664;B
20240410;180514;163.58;320;10088871706;S
20240410;180514;163.58;430;10088871707;S
20240410;180515;163.6;180;10088871738;B
20240410;180516;163.6;30;10088871816;B
20240410;180520;163.6;10;10088872122;B
20240410;180525;163.6;280;10088872467;B
20240410;180525;163.6;30;10088872468;B
20240410;180525;163.6;60;10088872469;B
20240410;180526;163.6;40;10088872544;B
20240410;180531;163.6;10;10088872951;B
20240410;180531;163.6;90;10088872952;B
20240410;180532;163.6;200;10088873015;B
20240410;180537;163.6;10;10088873347;B
20240410;180537;163.6;30;10088873350;B
20240410;180537;163.58;500;10088873352;S
20240410;180537;163.6;200;10088873379;B
20240410;180543;163.6;220;10088873976;B
20240410;180543;163.6;280;10088873977;B
20240410;180546;163.6;50;10088874233;B
20240410;180547;163.6;70;10088874291;B
20240410;180547;163.6;10;10088874292;B
20240410;180548;163.6;130;10088874439;B
20240410;180550;163.6;30;10088874569;B
20240410;180553;163.6;10;10088874840;B
20240410;180557;163.58;300;10088875097;S
20240410;180559;163.6;40;10088875229;B
20240410;180602;163.58;140;10088875534;S
20240410;180602;163.6;20;10088875542;B
20240410;180602;163.6;50;10088875557;B
20240410;180603;163.6;10;10088875570;B
20240410;180604;163.6;10;10088875671;B
20240410;180605;163.58;300;10088875758;S
20240410;180608;163.6;30;10088875990;B
20240410;180610;163.6;50;10088876117;B
20240410;180610;163.58;10;10088876139;S
20240410;180619;163.6;10;10088876641;B
20240410;180619;163.58;20;10088876763;S
20240410;180620;163.58;670;10088876791;S
20240410;180620;163.58;10;10088876818;S
20240410;180620;163.6;30;10088876819;B
20240410;180621;163.6;10;10088876830;B
20240410;180621;163.6;80;10088876852;B
20240410;180623;163.6;10;10088877051;B
20240410;180625;163.6;10;10088877286;B
20240410;180628;163.6;10;10088877488;B
20240410;180630;163.6;40;10088877596;B
20240410;180632;163.6;10;10088877738;B
20240410;180635;163.58;230;10088878003;S
20240410;180637;163.6;20;10088878222;B
20240410;180643;163.6;20;10088878644;B
20240410;180643;163.6;10;10088878730;B
20240410;180646;163.6;100;10088878908;B
20240410;180648;163.58;300;10088879043;S
20240410;180652;163.6;10;10088879312;B
20240410;180654;163.6;40;10088879427;B
20240410;180656;163.58;3000;10088879620;S
20240410;180702;163.58;40;10088880064;S
20240410;180702;163.6;1190;10088880067;B
20240410;180702;163.6;10;10088880068;B
20240410;180702;163.62;150;10088880069;B
20240410;180702;163.62;10;10088880070;B
20240410;180702;163.64;390;10088880071;B
20240410;180702;163.64;50;10088880076;B
20240410;180702;163.64;10;10088880095;B
20240410;180704;163.64;10;10088880148;B
20240410;180705;163.64;230;10088880193;B
20240410;180705;163.64;20;10088880194;B
20240410;180705;163.66;20;10088880195;B
20240410;180705;163.66;220;10088880196;B
20240410;180705;163.66;10;10088880205;B
20240410;180707;163.62;50;10088880336;S
20240410;180716;163.66;10;10088881198;B
20240410;180716;163.62;100;10088881215;S
20240410;180716;163.62;100;10088881216;S
20240410;180716;163.64;20;10088881246;B
20240410;180718;163.64;10;10088881441;B
20240410;180719;163.6;150;10088881550;S
20240410;180719;163.6;1000;10088881551;S
20240410;180719;163.6;250;10088881552;S
20240410;180726;163.64;100;10088882158;B
20240410;180727;163.64;170;10088882258;B
20240410;180732;163.6;550;10088882680;S
20240410;180732;163.6;10;10088882681;S
20240410;180732;163.6;10;10088882682;S
20240410;180732;163.58;160;10088882683;S
20240410;180732;163.58;60;10088882684;S
20240410;180732;163.58;30;10088882685;S
20240410;180732;163.58;100;10088882686;S
20240410;180732;163.58;200;10088882687;S
20240410;180732;163.58;10;10088882688;S
20240410;180732;163.58;20;10088882689;S
20240410;180732;163.58;10000;10088882690;S
20240410;180732;163.56;10;10088882691;S
20240410;180732;163.56;50;10088882692;S
20240410;180732;163.56;790;10088882693;S
20240410;180738;163.64;920;10088883130;B
20240410;180738;163.64;280;10088883131;B
20240410;180738;163.56;10;10088883179;S
20240410;180741;163.58;10;10088883337;B
20240410;180743;163.58;20;10088883470;B
20240410;180745;163.54;60;10088883657;S
20240410;180749;163.58;10;10088883999;B
20240410;180750;163.58;1180;10088884083;B
20240410;180752;163.54;10;10088884193;S
20240410;180756;163.54;200;10088884481;S
20240410;180757;163.58;230;10088884711;B
20240410;180758;163.54;4190;10088885191;S
20240410;180800;163.58;580;10088886009;B
20240410;180801;163.58;50;10088886764;B
20240410;180801;163.58;10;10088886852;B
20240410;180803;163.58;20;10088887938;B
20240410;180809;163.54;10;10088891302;S
20240410;180810;163.58;10;10088891881;B
20240410;180811;163.58;10;10088892580;B
20240410;180817;163.58;30;10088896516;B
20240410;180818;163.58;10;10088897043;B
20240410;180821;163.54;100;10088899024;S
20240410;180822;163.58;10;10088899853;B
20240410;180822;163.54;1330;10088900133;S
20240410;180824;163.58;600;10088900906;B
20240410;180824;163.54;2680;10088901532;S
20240410;180824;163.54;310;10088901533;S
20240410;180824;163.54;30;10088901534;S
20240410;180824;163.54;10;10088901535;S
20240410;180824;163.52;100;10088901536;S
20240410;180824;163.52;1630;10088901537;S
20240410;180825;163.56;870;10088901854;B
20240410;180825;163.58;30;10088901855;B
20240410;180825;163.58;970;10088901856;B
20240410;180826;163.52;370;10088902561;S
20240410;180826;163.52;30;10088902562;S
20240410;180827;163.58;10;10088903021;B
20240410;180827;163.52;2080;10088903046;S
20240410;180827;163.52;80;10088903047;S
20240410;180827;163.52;10;10088903048;S
20240410;180827;163.52;3830;10088903049;S
20240410;180833;163.56;10;10088906897;B
20240410;180833;163.56;870;10088906898;B
20240410;180833;163.58;620;10088906899;B
20240410;180835;163.54;10;10088908157;S
20240410;180835;163.52;170;10088908158;S
20240410;180835;163.52;180;10088908159;S
20240410;180837;163.58;100;10088909316;B
20240410;180838;163.54;10;10088909414;S
20240410;180838;163.52;20;10088909415;S
20240410;180840;163.58;20;10088909565;B
20240410;180843;163.54;50;10088909829;S
20240410;180844;163.56;60;10088909892;B
20240410;180846;163.54;50;10088910057;S
20240410;180846;163.52;3980;10088910058;S
20240410;180846;163.52;10;10088910059;S
20240410;180847;163.5;10;10088910178;S
20240410;180847;163.5;10;10088910179;S
20240410;180847;163.5;400;10088910180;S
20240410;180847;163.5;50;10088910181;S
20240410;180847;163.5;200;10088910182;S
20240410;180847;163.5;20;10088910183;S
20240410;180847;163.5;10;10088910184;S
20240410;180847;163.5;2300;10088910185;S
20240410;180847;163.5;500;10088910186;S
20240410;180847;163.5;250;10088910187;S
20240410;180847;163.5;50;10088910188;S
20240410;180847;163.5;10;10088910189;S
20240410;180847;163.5;10;10088910190;S
20240410;180847;163.5;10;10088910191;S
20240410;180847;163.5;10;10088910192;S
20240410;180847;163.5;10;10088910193;S
20240410;180847;163.5;250;10088910194;S
20240410;180847;163.48;10;10088910195;S
20240410;180847;163.48;10;10088910196;S
20240410;180847;163.48;10;10088910197;S
20240410;180847;163.48;10;10088910198;S
20240410;180847;163.48;20;10088910199;S
20240410;180847;163.48;200;10088910200;S
20240410;180847;163.48;140;10088910201;S
20240410;180847;163.48;300;10088910204;S
20240410;180850;163.5;10;10088910435;S
20240410;180850;163.48;10;10088910436;S
20240410;180854;163.52;20;10088910642;B
20240410;180854;163.48;10;10088910689;S
20240410;180855;163.52;890;10088910758;B
20240410;180857;163.52;50;10088910902;B
20240410;180857;163.52;250;10088910903;B
20240410;180859;163.52;10;10088911104;B
20240410;180900;163.48;490;10088911150;S
20240410;180903;163.52;10;10088911351;B
20240410;180903;163.52;90;10088911352;B
20240410;180904;163.48;620;10088911472;S
20240410;180905;163.48;430;10088911541;S
20240410;180905;163.48;200;10088911542;S
20240410;180905;163.48;10;10088911543;S
20240410;180905;163.46;100;10088911544;S
20240410;180905;163.46;20;10088911545;S
20240410;180905;163.46;20;10088911546;S
20240410;180905;163.46;1500;10088911547;S
20240410;180905;163.46;10;10088911548;S
20240410;180905;163.46;10;10088911549;S
20240410;180905;163.46;2270;10088911550;S
20240410;180906;163.48;610;10088911606;B
20240410;180908;163.44;100;10088911731;S
20240410;180908;163.44;830;10088911732;S
20240410;180908;163.44;10;10088911733;S
20240410;180908;163.44;10;10088911734;S
20240410;180908;163.44;10;10088911735;S
20240410;180908;163.44;10;10088911736;S
20240410;180908;163.44;10;10088911737;S
20240410;180908;163.44;10;10088911738;S
20240410;180908;163.44;10;10088911739;S
20240410;180908;163.44;10;10088911740;S
20240410;180908;163.44;10;10088911741;S
20240410;180908;163.44;10;10088911742;S
20240410;180908;163.44;10;10088911743;S
20240410;180908;163.44;10;10088911744;S
20240410;180908;163.44;200;10088911745;S
20240410;180908;163.44;10;10088911746;S
20240410;180908;163.44;10;10088911747;S
20240410;180908;163.44;10;10088911748;S
20240410;180908;163.44;10;10088911749;S
20240410;180908;163.44;500;10088911750;S
20240410;180908;163.44;60;10088911751;S
20240410;180908;163.44;220;10088911752;S
20240410;180908;163.44;10;10088911753;S
20240410;180908;163.44;1060;10088911754;S
20240410;180908;163.44;80;10088911755;S
20240410;180908;163.44;660;10088911756;S
20240410;180908;163.42;30;10088911757;S
20240410;180909;163.42;1200;10088911817;S
20240410;180909;163.48;10;10088911859;B
20240410;180917;163.46;510;10088912479;B
20240410;180917;163.42;10;10088912490;S
20240410;180917;163.42;100;10088912510;S
20240410;180919;163.48;10;10088912616;B
20240410;180922;163.44;10;10088912878;S
20240410;180925;163.44;190;10088913062;S
20240410;180925;163.44;200;10088913063;S
20240410;180925;163.44;200;10088913064;S
20240410;180925;163.42;120;10088913065;S
20240410;180925;163.42;10;10088913066;S
20240410;180925;163.42;40;10088913067;S
20240410;180925;163.42;50;10088913068;S
20240410;180925;163.42;2000;10088913069;S
20240410;180925;163.42;340;10088913070;S
20240410;180926;163.42;10;10088913173;S
20240410;180928;163.42;150;10088913320;S
20240410;180928;163.42;150;10088913321;S
20240410;180928;163.46;360;10088913338;B
20240410;180930;163.46;10;10088913514;B
20240410;180930;163.44;660;10088913588;S
20240410;180930;163.42;340;10088913589;S
20240410;180932;163.46;110;10088913704;B
20240410;180936;163.46;80;10088914190;B
20240410;180936;163.46;40;10088914191;B
20240410;180936;163.46;100;10088914192;B
20240410;180939;163.48;130;10088914380;B
20240410;180941;163.44;200;10088914491;S
20240410;180941;163.44;720;10088914502;S
20240410;180941;163.42;10;10088914503;S
20240410;180941;163.42;270;10088914504;S
20240410;180942;163.42;70;10088914653;S
20240410;180944;163.42;160;10088914750;S
20240410;180944;163.42;500;10088914751;S
20240410;180944;163.42;240;10088914752;S
20240410;180944;163.42;200;10088914795;S
20240410;180946;163.42;30;10088914936;S
20240410;180946;163.42;30;10088914938;S
20240410;180946;163.42;170;10088914939;S
20240410;180946;163.42;130;10088914945;S
20240410;180946;163.42;10;10088914946;S
20240410;180946;163.42;190;10088914947;S
20240410;180946;163.42;60;10088914948;S
20240410;180946;163.42;290;10088914949;S
20240410;180946;163.42;20;10088914950;S
20240410;180946;163.42;30;10088914952;S
20240410;180946;163.42;100;10088914953;S
20240410;180946;163.42;190;10088914954;S
20240410;180946;163.42;50;10088914960;S
20240410;180946;163.42;10;10088914961;S
20240410;180946;163.42;250;10088914962;S
20240410;180946;163.42;120;10088914963;S
20240410;180946;163.42;40;10088914964;S
20240410;180946;163.42;190;10088914965;S
20240410;180946;163.42;30;10088914967;S
20240410;180946;163.42;30;10088914968;S
20240410;180946;163.42;10;10088914969;S
20240410;180946;163.42;30;10088914970;S
20240410;180946;163.42;50;10088914971;S
20240410;180946;163.42;380;10088914972;S
20240410;180946;163.42;60;10088914973;S
20240410;180946;163.42;20;10088914974;S
20240410;180946;163.42;20;10088914975;S
20240410;180946;163.42;20;10088914976;S
20240410;180946;163.42;10;10088914977;S
20240410;180946;163.42;10;10088914978;S
20240410;180946;163.42;50;10088914979;S
20240410;180946;163.42;370;10088914980;S
20240410;180946;163.42;180;10088914981;S
20240410;180946;163.42;100;10088914982;S
20240410;180946;163.42;130;10088914983;S
20240410;180946;163.42;80;10088914984;S
20240410;180946;163.42;30;10088914985;S
20240410;180946;163.42;160;10088914987;S
20240410;180946;163.42;10;10088914988;S
20240410;180946;163.42;90;10088914989;S
20240410;180946;163.42;40;10088914990;S
20240410;180946;163.42;60;10088914991;S
20240410;180946;163.42;60;10088914992;S
20240410;180946;163.42;20;10088914993;S
20240410;180946;163.42;20;10088914994;S
20240410;180946;163.42;10;10088914995;S
20240410;180946;163.42;20;10088914996;S
20240410;180946;163.42;10;10088914997;S
20240410;180947;163.42;20;10088914998;S
20240410;180947;163.42;30;10088914999;S
20240410;180947;163.42;10;10088915000;S
20240410;180947;163.42;50;10088915001;S
20240410;180947;163.42;190;10088915002;S
20240410;180947;163.42;60;10088915003;S
20240410;180947;163.42;30;10088915007;S
20240410;180947;163.42;110;10088915008;S
20240410;180947;163.42;50;10088915009;S
20240410;180947;163.42;30;10088915010;S
20240410;180947;163.42;200;10088915011;S
20240410;180947;163.4;370;10088915012;S
20240410;180947;163.4;10;10088915013;S
20240410;180947;163.4;120;10088915014;S
20240410;180947;163.4;10;10088915015;S
20240410;180947;163.4;10;10088915016;S
20240410;180947;163.4;200;10088915017;S
20240410;180947;163.4;50;10088915018;S
20240410;180947;163.4;10;10088915019;S
20240410;180947;163.4;50;10088915020;S
20240410;180947;163.4;10;10088915021;S
20240410;180947;163.4;1000;10088915022;S
20240410;180947;163.4;10;10088915023;S
20240410;180947;163.4;10;10088915024;S
20240410;180947;163.4;2230;10088915025;S
20240410;180947;163.4;30;10088915026;S
20240410;180947;163.4;30;10088915027;S
20240410;180947;163.4;50;10088915028;S
20240410;180947;163.4;90;10088915029;S
20240410;180947;163.4;500;10088915030;S
20240410;180947;163.4;790;10088915031;S
20240410;180947;163.4;180;10088915032;S
20240410;180947;163.4;120;10088915033;S
20240410;180947;163.4;20;10088915034;S
20240410;180947;163.4;10;10088915035;S
20240410;180947;163.4;80;10088915036;S
20240410;180947;163.4;30;10088915037;S
20240410;180947;163.4;60;10088915038;S
20240410;180947;163.4;30;10088915039;S
20240410;180947;163.4;30;10088915040;S
20240410;180947;163.4;370;10088915041;S
20240410;180947;163.4;10;10088915043;S
20240410;180947;163.4;530;10088915044;S
20240410;180947;163.46;10;10088915045;B
20240410;180947;163.4;1130;10088915046;S
20240410;180947;163.4;100;10088915057;S
20240410;180947;163.4;30;10088915058;S
20240410;180947;163.4;50;10088915060;S
20240410;180947;163.4;320;10088915062;S
20240410;180947;163.4;10;10088915063;S
20240410;180947;163.4;80;10088915064;S
20240410;180947;163.4;80;10088915065;S
20240410;180947;163.4;60;10088915067;S
20240410;180947;163.4;120;10088915072;S
20240410;180947;163.4;300;10088915073;S
20240410;180947;163.4;460;10088915074;S
20240410;180947;163.4;440;10088915075;S
20240410;180947;163.4;160;10088915077;S
20240410;180947;163.4;50;10088915079;S
20240410;180947;163.4;110;10088915082;S
20240410;180947;163.4;30;10088915083;S
20240410;180947;163.4;290;10088915089;S
20240410;180947;163.42;10;10088915091;S
20240410;180947;163.4;230;10088915092;S
20240410;180947;163.4;150;10088915095;S
20240410;180947;163.4;30;10088915101;S
20240410;180947;163.4;40;10088915111;S
20240410;180947;163.4;30;10088915112;S
20240410;180947;163.4;50;10088915114;S
20240410;180947;163.4;10;10088915115;S
20240410;180947;163.4;70;10088915116;S
20240410;180947;163.4;660;10088915117;S
20240410;180947;163.4;30;10088915118;S
20240410;180947;163.4;30;10088915119;S
20240410;180947;163.4;90;10088915121;S
20240410;180947;163.4;30;10088915122;S
20240410;180947;163.4;60;10088915123;S
20240410;180947;163.4;120;10088915124;S
20240410;180947;163.4;20;10088915125;S
20240410;180947;163.4;50;10088915127;S
20240410;180947;163.4;180;10088915130;S
20240410;180947;163.4;2510;10088915131;S
20240410;180947;163.4;30;10088915132;S
20240410;180947;163.4;250;10088915133;S
20240410;180947;163.4;960;10088915136;S
20240410;180947;163.4;30;10088915139;S
20240410;180947;163.4;50;10088915142;S
20240410;180947;163.4;190;10088915143;S
20240410;180947;163.4;20;10088915149;S
20240410;180947;163.4;30;10088915150;S
20240410;180948;163.4;1200;10088915168;S
20240410;180948;163.4;100;10088915180;S
20240410;180948;163.4;190;10088915182;S
20240410;180948;163.42;10;10088915187;S
20240410;180948;163.4;20;10088915188;S
20240410;180948;163.4;90;10088915189;S
20240410;180948;163.4;120;10088915190;S
20240410;180948;163.4;1240;10088915195;S
20240410;180948;163.4;20;10088915197;S
20240410;180948;163.4;30;10088915199;S
20240410;180948;163.4;100;10088915201;S
20240410;180948;163.4;130;10088915205;S
20240410;180948;163.4;130;10088915210;S
20240410;180948;163.4;2500;10088915211;S
20240410;180948;163.4;110;10088915214;S
20240410;180948;163.4;380;10088915224;S
20240410;180948;163.4;1260;10088915226;S
20240410;180948;163.4;340;10088915228;S
20240410;180948;163.4;730;10088915229;S
20240410;180948;163.4;100;10088915231;S
20240410;180948;163.4;30;10088915233;S
20240410;180949;163.4;130;10088915306;S
20240410;180950;163.44;400;10088915441;B
20240410;180950;163.44;20;10088915442;B
20240410;180950;163.44;1360;10088915443;B
20240410;180950;163.46;1520;10088915444;B
20240410;180952;163.4;200;10088915625;S
20240410;180954;163.42;100;10088915831;S
20240410;180954;163.42;100;10088915848;S
20240410;180954;163.42;200;10088915849;S
20240410;180954;163.4;20;10088915850;S
20240410;180955;163.4;46800;10088915871;S
20240410;180955;163.4;1000;10088915897;S
20240410;180955;163.4;4300;10088915921;S
20240410;180955;163.4;5160;10088915922;S
20240410;180955;163.4;400;10088915923;S
20240410;180955;163.4;4000;10088915934;S
20240410;180956;163.4;10;10088915949;S
20240410;180956;163.42;10;10088915962;B
20240410;180956;163.42;10;10088915963;B
20240410;180956;163.44;30;10088915964;B
20240410;180956;163.44;10;10088915970;B
20240410;180957;163.4;1830;10088916046;S
20240410;180958;163.4;10;10088916148;S
20240410;180959;163.42;10;10088916330;B
20240410;180959;163.42;40;10088916331;B
20240410;180959;163.42;150;10088916332;B
20240410;181001;163.42;60;10088916449;B
20240410;181001;163.42;10;10088916464;B
20240410;181001;163.42;1280;10088916471;B
20240410;181001;163.42;40;10088916472;B
20240410;181001;163.46;880;10088916473;B
20240410;181001;163.48;50;10088916474;B
20240410;181001;163.48;1530;10088916475;B
20240410;181001;163.48;2660;10088916476;B
20240410;181002;163.42;10;10088916525;S
20240410;181006;163.46;20;10088916852;B
20240410;181009;163.46;50;10088917112;B
20240410;181009;163.46;20;10088917118;B
20240410;181012;163.46;10;10088917362;B
20240410;181015;163.42;800;10088917614;S
20240410;181018;163.42;1850;10088917833;S
20240410;181018;163.42;150;10088917834;S
20240410;181018;163.42;50;10088917835;S
20240410;181018;163.4;1340;10088917836;S
20240410;181018;163.4;1000;10088917839;S
20240410;181023;163.44;10;10088918273;B
20240410;181023;163.46;10;10088918274;B
20240410;181023;163.46;400;10088918275;B
20240410;181023;163.46;100;10088918276;B
20240410;181024;163.4;200;10088918376;S
20240410;181025;163.4;200;10088918412;S
20240410;181025;163.44;80;10088918470;B
20240410;181026;163.44;70;10088918524;B
20240410;181026;163.44;230;10088918525;B
20240410;181027;163.4;9620;10088918577;S
20240410;181027;163.4;100;10088918578;S
20240410;181027;163.4;10;10088918579;S
20240410;181027;163.4;100;10088918580;S
20240410;181027;163.4;110;10088918581;S
20240410;181027;163.4;60;10088918582;S
20240410;181028;163.4;10;10088918744;S
20240410;181028;163.42;10;10088918805;B
20240410;181028;163.44;40;10088918806;B
20240410;181028;163.4;930;10088918826;S
20240410;181028;163.4;100;10088918827;S
20240410;181028;163.4;1200;10088918828;S
20240410;181028;163.4;10;10088918829;S
20240410;181028;163.4;10;10088918830;S
20240410;181028;163.4;10;10088918831;S
20240410;181028;163.4;20;10088918832;S
20240410;181028;163.4;10;10088918833;S
20240410;181028;163.4;60;10088918834;S
20240410;181028;163.4;10;10088918835;S
20240410;181028;163.4;300;10088918836;S
20240410;181028;163.4;10;10088918837;S
20240410;181028;163.4;60;10088918838;S
20240410;181028;163.4;10;10088918839;S
20240410;181028;163.4;10;10088918840;S
20240410;181028;163.4;10;10088918841;S
20240410;181028;163.4;10;10088918842;S
20240410;181028;163.4;2910;10088918843;S
20240410;181028;163.4;10;10088918844;S
20240410;181030;163.4;120;10088918957;B
20240410;181032;163.4;10;10088919224;B
20240410;181034;163.4;510;10088919419;B
20240410;181034;163.42;390;10088919420;B
20240410;181034;163.44;730;10088919421;B
20240410;181034;163.44;40;10088919422;B
20240410;181036;163.4;10;10088919569;B
20240410;181036;163.38;10;10088919643;S
20240410;181036;163.38;10;10088919644;S
20240410;181036;163.38;100;10088919645;S
20240410;181036;163.38;880;10088919646;S
20240410;181037;163.38;10;10088919653;S
20240410;181037;163.38;60;10088919697;S
20240410;181041;163.38;1050;10088920042;S
20240410;181041;163.38;30;10088920043;S
20240410;181041;163.38;150;10088920044;S
20240410;181041;163.38;150;10088920045;S
20240410;181041;163.36;10;10088920046;S
20240410;181041;163.36;500;10088920047;S
20240410;181041;163.36;8510;10088920048;S
20240410;181042;163.38;100;10088920059;B
20240410;181042;163.34;40;10088920064;S
20240410;181042;163.34;30;10088920065;S
20240410;181042;163.34;500;10088920066;S
20240410;181042;163.34;170;10088920067;S
20240410;181042;163.34;50;10088920068;S
20240410;181042;163.34;30;10088920069;S
20240410;181042;163.34;10;10088920070;S
20240410;181042;163.32;10;10088920071;S
20240410;181042;163.32;20;10088920072;S
20240410;181042;163.32;580;10088920073;S
20240410;181042;163.32;12610;10088920117;S
20240410;181042;163.32;210;10088920118;S
20240410;181042;163.32;10;10088920119;S
20240410;181042;163.32;50;10088920120;S
20240410;181042;163.32;500;10088920121;S
20240410;181042;163.32;500;10088920122;S
20240410;181042;163.32;10;10088920123;S
20240410;181042;163.32;6000;10088920124;S
20240410;181042;163.32;1620;10088920125;S
20240410;181042;163.32;3380;10088920126;S
20240410;181042;163.32;160;10088920127;S
20240410;181042;163.3;10;10088920128;S
20240410;181042;163.3;10;10088920129;S
20240410;181042;163.3;220;10088920130;S
20240410;181042;163.3;100;10088920147;S
20240410;181042;163.3;180;10088920150;S
20240410;181042;163.3;10;10088920151;S
20240410;181042;163.3;310;10088920152;S
20240410;181042;163.3;690;10088920153;S
20240410;181042;163.3;100;10088920154;S
20240410;181042;163.3;7260;10088920155;S
20240410;181042;163.38;50;10088920161;B
20240410;181042;163.38;170;10088920162;B
20240410;181043;163.36;10;10088920180;B
20240410;181043;163.3;1800;10088920182;S
20240410;181043;163.3;2440;10088920191;S
20240410;181043;163.3;60;10088920199;S
20240410;181043;163.3;490;10088920201;S
20240410;181043;163.3;500;10088920206;S
20240410;181043;163.3;550;10088920209;S
20240410;181043;163.3;460;10088920210;S
20240410;181043;163.3;20;10088920226;S
20240410;181045;163.36;110;10088920450;B
20240410;181045;163.36;160;10088920451;B
20240410;181045;163.36;190;10088920452;B
20240410;181045;163.36;10;10088920453;B
20240410;181045;163.38;1360;10088920454;B
20240410;181045;163.4;1990;10088920466;B
20240410;181045;163.4;3400;10088920467;B
20240410;181045;163.46;140;10088920468;B
20240410;181050;163.4;20;10088920965;S
20240410;181051;163.4;20;10088921010;S
20240410;181055;163.44;200;10088921293;B
20240410;181055;163.44;100;10088921294;B
20240410;181055;163.44;700;10088921295;B
20240410;181056;163.46;60;10088921459;B
20240410;181056;163.46;10;10088921460;B
20240410;181056;163.46;40;10088921461;B
20240410;181056;163.4;10;10088921478;S
20240410;181056;163.4;40;10088921479;S
20240410;181057;163.38;400;10088921650;S
20240410;181058;163.4;10;10088921692;B
20240410;181059;163.38;550;10088921779;S
20240410;181100;163.4;20;10088921857;B
20240410;181103;163.38;800;10088922083;S
20240410;181104;163.4;100;10088922193;B
20240410;181107;163.4;120;10088922570;B
20240410;181107;163.42;70;10088922571;B
20240410;181109;163.44;400;10088922724;B
20240410;181112;163.42;20;10088922954;S
20240410;181113;163.44;30;10088923006;B
20240410;181114;163.44;10;10088923026;B
20240410;181115;163.44;20;10088923087;B
20240410;181118;163.44;50;10088923422;B
20240410;181118;163.44;150;10088923452;B
20240410;181119;163.44;50;10088923485;B
20240410;181124;163.44;10;10088923881;B
20240410;181124;163.42;10;10088923962;S
20240410;181126;163.44;100;10088924095;B
20240410;181128;163.42;310;10088924186;S
20240410;181129;163.44;10;10088924262;B
20240410;181129;163.44;50;10088924263;B
20240410;181129;163.44;70;10088924271;B
20240410;181131;163.44;10;10088924462;B
20240410;181133;163.44;10;10088924560;B
20240410;181133;163.44;300;10088924561;B
20240410;181134;163.42;180;10088924666;S
20240410;181134;163.4;200;10088924667;S
20240410;181134;163.4;10;10088924668;S
20240410;181134;163.4;50;10088924669;S
20240410;181134;163.38;1420;10088924670;S
20240410;181134;163.38;200;10088924671;S
20240410;181134;163.38;10;10088924672;S
20240410;181134;163.38;10;10088924673;S
20240410;181134;163.36;190;10088924674;S
20240410;181134;163.36;20;10088924675;S
20240410;181134;163.36;20;10088924676;S
20240410;181134;163.36;10;10088924677;S
20240410;181134;163.36;10;10088924678;S
20240410;181134;163.36;1730;10088924679;S
20240410;181134;163.36;50;10088924680;S
20240410;181134;163.34;10;10088924681;S
20240410;181134;163.34;500;10088924682;S
20240410;181134;163.34;500;10088924683;S
20240410;181134;163.34;500;10088924684;S
20240410;181134;163.34;50;10088924685;S
20240410;181134;163.34;1220;10088924686;S
20240410;181134;163.34;1530;10088924687;S
20240410;181134;163.32;10;10088924688;S
20240410;181134;163.32;20;10088924689;S
20240410;181134;163.32;200;10088924690;S
20240410;181134;163.32;220;10088924691;S
20240410;181134;163.32;3400;10088924692;S
20240410;181134;163.32;580;10088924693;S
20240410;181134;163.32;500;10088924694;S
20240410;181134;163.32;500;10088924695;S
20240410;181134;163.3;11400;10088924696;S
20240410;181135;163.42;50;10088924781;B
20240410;181138;163.38;100;10088924981;B
20240410;181139;163.36;50;10088925007;S
20240410;181139;163.32;100;10088925008;S
20240410;181139;163.32;150;10088925009;S
20240410;181140;163.34;500;10088925119;B
20240410;181140;163.36;1000;10088925120;B
20240410;181140;163.38;40;10088925121;B
20240410;181140;163.38;1070;10088925122;B
20240410;181142;163.36;50;10088925226;B
20240410;181142;163.36;40;10088925326;B
20240410;181144;163.36;60;10088925453;B
20240410;181144;163.38;40;10088925454;B
20240410;181145;163.38;30;10088925524;B
20240410;181146;163.38;20;10088925561;B
20240410;181149;163.38;10;10088925812;B
20240410;181149;163.38;20;10088925821;B
20240410;181151;163.38;30;10088925950;B
20240410;181152;163.34;10;10088925992;S
20240410;181153;163.38;50;10088926066;B
20240410;181153;163.38;20;10088926067;B
20240410;181155;163.38;20;10088926281;S
20240410;181157;163.4;90;10088926374;B
20240410;181202;163.4;10;10088926869;B
20240410;181202;163.4;20;10088926898;B
20240410;181203;163.38;10;10088927013;S
20240410;181203;163.38;20;10088927014;S
20240410;181203;163.36;200;10088927015;S
20240410;181203;163.34;20;10088927016;S
20240410;181203;163.34;250;10088927017;S
20240410;181207;163.38;200;10088927272;B
20240410;181207;163.4;220;10088927273;B
20240410;181208;163.4;500;10088927354;B
20240410;181208;163.34;570;10088927367;S
20240410;181208;163.32;60;10088927368;S
20240410;181213;163.4;200;10088927810;B
20240410;181213;163.34;1220;10088927813;S
20240410;181213;163.34;410;10088927814;S
20240410;181213;163.32;40;10088927815;S
20240410;181213;163.32;200;10088927816;S
20240410;181213;163.32;200;10088927817;S
20240410;181213;163.32;20;10088927818;S
20240410;181213;163.32;20;10088927819;S
20240410;181213;163.32;1530;10088927820;S
20240410;181213;163.32;200;10088927821;S
20240410;181213;163.32;400;10088927822;S
20240410;181214;163.34;100;10088927869;S
20240410;181214;163.38;200;10088927908;B
20240410;181217;163.32;200;10088928126;S
20240410;181217;163.3;9000;10088928127;S
20240410;181217;163.36;200;10088928172;B
20240410;181217;163.38;300;10088928173;B
20240410;181218;163.38;10;10088928197;B
20240410;181218;163.3;400;10088928215;S
20240410;181218;163.32;100;10088928266;S
20240410;181218;163.32;100;10088928267;S
20240410;181222;163.38;10;10088928634;B
20240410;181223;163.38;10;10088928671;B
20240410;181224;163.38;70;10088928738;B
20240410;181224;163.38;20;10088928739;B
20240410;181224;163.38;10;10088928740;B
20240410;181224;163.38;200;10088928741;B
20240410;181224;163.38;20;10088928742;B
20240410;181224;163.4;1170;10088928743;B
20240410;181227;163.36;200;10088928943;S
20240410;181230;163.4;320;10088929269;B
20240410;181230;163.4;180;10088929270;B
20240410;181233;163.4;20;10088929453;B
20240410;181235;163.4;100;10088929608;B
20240410;181235;163.4;70;10088929612;B
20240410;181236;163.38;800;10088929681;S
20240410;181246;163.4;30;10088930367;B
20240410;181246;163.4;90;10088930369;B
20240410;181246;163.4;40;10088930394;B
20240410;181246;163.4;10;10088930400;B
20240410;181249;163.4;10;10088930539;B
20240410;181249;163.38;20;10088930553;S
20240410;181250;163.38;10;10088930590;S
20240410;181253;163.38;200;10088930777;S
20240410;181254;163.38;1000;10088930894;S
20240410;181255;163.38;140;10088930963;S
20240410;181255;163.38;220;10088930964;S
20240410;181257;163.4;60;10088931112;B
20240410;181257;163.4;110;10088931113;B
20240410;181300;163.38;1150;10088931343;S
20240410;181300;163.34;200;10088931344;S
20240410;181300;163.34;10;10088931345;S
20240410;181300;163.32;50;10088931346;S
20240410;181300;163.32;10;10088931347;S
20240410;181300;163.32;250;10088931348;S
20240410;181300;163.32;30;10088931349;S
20240410;181300;163.32;200;10088931350;S
20240410;181300;163.32;20;10088931351;S
20240410;181300;163.32;150;10088931352;S
20240410;181300;163.32;1590;10088931353;S
20240410;181300;163.32;200;10088931354;S
20240410;181300;163.3;14540;10088931355;S
20240410;181301;163.32;10;10088931396;S
20240410;181308;163.32;180;10088931820;S
20240410;181308;163.32;20;10088931821;S
20240410;181308;163.3;100;10088931822;S
20240410;181308;163.36;140;10088931842;B
20240410;181308;163.36;1220;10088931843;B
20240410;181308;163.36;510;10088931844;B
20240410;181309;163.3;20;10088931884;S
20240410;181310;163.3;25000;10088931980;S
20240410;181311;163.3;5200;10088931998;S
20240410;181317;163.3;60;10088932435;S
20240410;181319;163.32;260;10088932535;B
20240410;181319;163.32;2500;10088932536;B
20240410;181319;163.32;10;10088932537;B
20240410;181319;163.34;260;10088932538;B
20240410;181320;163.3;30;10088932607;S
20240410;181322;163.3;100;10088932724;S
20240410;181324;163.3;380;10088932925;S
20240410;181326;163.34;100;10088933065;B
20240410;181328;163.3;100;10088933177;S
20240410;181329;163.3;1000;10088933229;S
20240410;181329;163.3;60;10088933270;S
20240410;181330;163.34;170;10088933329;B
20240410;181332;163.3;10;10088933474;S
20240410;181332;163.3;500;10088933516;S
20240410;181334;163.3;220;10088933692;S
20240410;181338;163.32;50;10088933984;S
20240410;181338;163.3;860;10088933985;S
20240410;181338;163.3;100;10088934013;S
20240410;181338;163.3;100;10088934014;S
20240410;181338;163.3;100;10088934015;S
20240410;181338;163.3;100;10088934016;S
20240410;181338;163.3;100;10088934017;S
20240410;181338;163.3;100;10088934018;S
20240410;181338;163.3;100;10088934019;S
20240410;181339;163.34;10;10088934064;B
20240410;181341;163.34;120;10088934197;B
20240410;181341;163.34;120;10088934198;B
20240410;181342;163.3;40;10088934245;S
20240410;181345;163.32;10;10088934445;S
20240410;181345;163.3;40;10088934446;S
20240410;181345;163.34;10;10088934447;B
20240410;181347;163.3;90;10088934646;S
20240410;181349;163.3;100;10088934786;S
20240410;181352;163.32;30;10088935055;B
20240410;181354;163.3;400;10088935199;S
20240410;181358;163.3;100;10088935531;S
20240410;181400;163.32;200;10088935642;B
20240410;181400;163.3;5000;10088935661;S
20240410;181401;163.3;10;10088935741;S
20240410;181403;163.32;170;10088935868;B
20240410;181403;163.32;400;10088935869;B
20240410;181407;163.32;100;10088936210;B
20240410;181408;163.32;150;10088936247;S
20240410;181408;163.3;5930;10088936248;S
20240410;181408;163.3;100;10088936344;S
20240410;181409;163.32;20;10088936410;B
20240410;181414;163.32;630;10088936775;B
20240410;181415;163.3;300;10088936839;S
20240410;181417;163.3;750;10088936967;S
20240410;181418;163.32;70;10088937067;B
20240410;181419;163.3;1020;10088937109;S
20240410;181419;163.3;230;10088937118;S
20240410;181421;163.3;2500;10088937365;S
20240410;181422;163.32;90;10088937434;B
20240410;181423;163.3;2220;10088937478;S
20240410;181423;163.3;10;10088937479;S
20240410;181423;163.3;400;10088937480;S
20240410;181423;163.3;1070;10088937481;S
20240410;181423;163.3;3930;10088937495;S
20240410;181423;163.3;40;10088937496;S
20240410;181423;163.3;10;10088937497;S
20240410;181423;163.3;30;10088937498;S
20240410;181423;163.3;270;10088937499;S
20240410;181423;163.3;10;10088937500;S
20240410;181423;163.28;10;10088937527;S
20240410;181423;163.28;10;10088937528;S
20240410;181423;163.28;400;10088937529;S
20240410;181423;163.28;90;10088937530;S
20240410;181423;163.28;10;10088937531;S
20240410;181423;163.28;50;10088937532;S
20240410;181423;163.28;10;10088937533;S
20240410;181423;163.26;10;10088937534;S
20240410;181423;163.26;140;10088937535;S
20240410;181423;163.26;550;10088937536;S
20240410;181423;163.26;40;10088937537;S
20240410;181423;163.26;10;10088937538;S
20240410;181423;163.26;10;10088937539;S
20240410;181423;163.26;10;10088937540;S
20240410;181423;163.26;10;10088937541;S
20240410;181423;163.26;10;10088937542;S
20240410;181423;163.26;10;10088937543;S
20240410;181423;163.24;60;10088937544;S
20240410;181423;163.24;100;10088937545;S
20240410;181423;163.24;20;10088937546;S
20240410;181423;163.24;4230;10088937547;S
20240410;181423;163.24;10;10088937548;S
20240410;181423;163.24;200;10088937549;S
20240410;181423;163.24;80;10088937555;S
20240410;181424;163.24;200;10088937583;S
20240410;181424;163.24;10;10088937584;S
20240410;181424;163.24;100;10088937586;S
20240410;181424;163.24;1000;10088937588;S
20240410;181424;163.24;140;10088937598;S
20240410;181425;163.28;10;10088937627;B
20240410;181425;163.28;1670;10088937661;B
20240410;181425;163.3;380;10088937662;B
20240410;181428;163.24;210;10088937901;S
20240410;181429;163.24;30;10088937954;S
20240410;181429;163.24;90;10088937955;S
20240410;181432;163.26;20;10088938167;B
20240410;181432;163.26;30;10088938168;B
20240410;181432;163.26;200;10088938202;B
20240410;181433;163.24;50;10088938238;S
20240410;181436;163.24;20;10088938443;S
20240410;181436;163.26;60;10088938445;B
20240410;181437;163.24;40;10088938534;S
20240410;181437;163.24;260;10088938535;S
20240410;181443;163.26;10;10088938999;B
20240410;181444;163.26;10;10088939022;B
20240410;181444;163.24;200;10088939057;S
20240410;181444;163.24;3360;10088939058;S
20240410;181444;163.24;340;10088939059;S
20240410;181444;163.22;10;10088939060;S
20240410;181444;163.22;50;10088939061;S
20240410;181444;163.22;10;10088939062;S
20240410;181444;163.22;150;10088939063;S
20240410;181444;163.22;100;10088939064;S
20240410;181444;163.22;10;10088939065;S
20240410;181444;163.22;10;10088939066;S
20240410;181444;163.22;100;10088939067;S
20240410;181444;163.22;10;10088939068;S
20240410;181444;163.22;1000;10088939069;S
20240410;181444;163.22;500;10088939070;S
20240410;181444;163.22;300;10088939071;S
20240410;181444;163.22;200;10088939072;S
20240410;181444;163.22;970;10088939073;S
20240410;181444;163.22;10;10088939074;S
20240410;181444;163.22;10;10088939075;S
20240410;181444;163.22;500;10088939076;S
20240410;181444;163.22;20;10088939077;S
20240410;181444;163.22;210;10088939078;S
20240410;181444;163.22;200;10088939079;S
20240410;181444;163.22;100;10088939080;S
20240410;181444;163.22;200;10088939081;S
20240410;181444;163.22;4000;10088939082;S
20240410;181444;163.2;20;10088939083;S
20240410;181444;163.2;200;10088939084;S
20240410;181444;163.2;10;10088939085;S
20240410;181444;163.2;10;10088939086;S
20240410;181444;163.2;10;10088939087;S
20240410;181444;163.2;50;10088939088;S
20240410;181444;163.2;1120;10088939089;S
20240410;181444;163.2;10;10088939090;S
20240410;181444;163.2;10;10088939091;S
20240410;181444;163.2;500;10088939092;S
20240410;181444;163.2;600;10088939093;S
20240410;181444;163.2;1000;10088939094;S
20240410;181444;163.2;10;10088939095;S
20240410;181444;163.2;4880;10088939096;S
20240410;181444;163.2;70;10088939100;S
20240410;181444;163.2;100;10088939101;S
20240410;181444;163.2;10;10088939102;S
20240410;181444;163.2;100;10088939111;S
20240410;181445;163.2;100;10088939124;S
20240410;181445;163.2;25000;10088939138;S
20240410;181445;163.2;80;10088939146;S
20240410;181445;163.2;6000;10088939147;S
20240410;181445;163.22;30;10088939188;B
20240410;181446;163.2;960;10088939204;S
20240410;181446;163.2;550;10088939232;S
20240410;181447;163.24;200;10088939295;B
20240410;181447;163.24;1800;10088939296;B
20240410;181447;163.26;1010;10088939297;B
20240410;181447;163.26;400;10088939298;B
20240410;181447;163.3;1500;10088939299;B
20240410;181447;163.3;50;10088939300;B
20240410;181447;163.3;480;10088939301;B
20240410;181447;163.2;380;10088939318;S
20240410;181449;163.22;40;10088939407;S
20240410;181451;163.22;150;10088939552;S
20240410;181452;163.22;200;10088939620;S
20240410;181452;163.22;300;10088939621;S
20240410;181453;163.28;10;10088939630;B
20240410;181453;163.22;300;10088939679;S
20240410;181455;163.22;510;10088939762;S
20240410;181455;163.2;5630;10088939763;S
20240410;181456;163.26;20;10088939841;B
20240410;181456;163.28;130;10088939842;B
20240410;181456;163.28;100;10088939843;B
20240410;181458;163.28;100;10088939982;B
20240410;181458;163.28;200;10088939983;B
20240410;181458;163.28;470;10088939984;B
20240410;181500;163.3;20;10088940139;B
20240410;181501;163.3;10;10088940196;B
20240410;181501;163.26;10;10088940202;S
20240410;181501;163.24;10;10088940203;S
20240410;181501;163.22;10;10088940204;S
20240410;181501;163.22;370;10088940221;S
20240410;181501;163.22;90;10088940222;S
20240410;181504;163.24;40;10088940390;S
20240410;181504;163.22;10;10088940391;S
20240410;181504;163.22;250;10088940392;S
20240410;181504;163.22;20;10088940393;S
20240410;181504;163.2;680;10088940394;S
20240410;181505;163.28;100;10088940443;B
20240410;181505;163.3;70;10088940444;B
20240410;181505;163.3;250;10088940445;B
20240410;181505;163.3;1530;10088940446;B
20240410;181505;163.3;1140;10088940447;B
20240410;181505;163.32;580;10088940448;B
20240410;181505;163.32;70;10088940449;B
20240410;181506;163.22;400;10088940467;S
20240410;181507;163.24;10;10088940507;S
20240410;181507;163.26;20;10088940538;B
20240410;181507;163.26;20;10088940570;B
20240410;181509;163.26;570;10088940674;B
20240410;181509;163.26;450;10088940683;B
20240410;181513;163.26;60;10088940856;B
20240410;181515;163.24;10;10088941016;S
20240410;181515;163.22;40;10088941017;S
20240410;181515;163.22;200;10088941018;S
20240410;181515;163.22;50;10088941019;S
20240410;181516;163.22;10;10088941059;S
20240410;181516;163.26;10;10088941089;B
20240410;181520;163.26;10;10088941361;B
20240410;181520;163.26;90;10088941366;B
20240410;181521;163.26;50;10088941440;B
20240410;181522;163.26;10;10088941534;B
20240410;181523;163.22;100;10088941650;S
20240410;181525;163.22;90;10088941759;S
20240410;181525;163.22;10;10088941760;S
20240410;181526;163.24;20;10088941843;B
20240410;181526;163.22;50;10088941857;S
20240410;181526;163.24;10;10088941884;B
20240410;181531;163.24;30;10088942129;B
20240410;181531;163.24;10;10088942214;B
20240410;181533;163.22;90;10088942303;S
20240410;181533;163.24;10;10088942329;B
20240410;181534;163.22;200;10088942375;S
20240410;181537;163.24;20;10088942520;B
20240410;181537;163.24;20;10088942521;B
20240410;181537;163.24;100;10088942522;B
20240410;181537;163.26;50;10088942523;B
20240410;181538;163.24;20;10088942560;S
20240410;181538;163.22;190;10088942561;S
20240410;181538;163.22;20;10088942591;S
20240410;181539;163.26;530;10088942643;B
20240410;181539;163.26;20;10088942644;B
20240410;181539;163.26;1450;10088942645;B
20240410;181539;163.22;440;10088942655;S
20240410;181539;163.22;30;10088942656;S
20240410;181539;163.2;5680;10088942657;S
20240410;181539;163.2;200;10088942665;S
20240410;181540;163.2;450;10088942694;S
20240410;181540;163.26;250;10088942717;B
20240410;181541;163.22;100;10088942801;S
20240410;181541;163.22;10;10088942802;S
20240410;181541;163.2;90;10088942803;S
20240410;181542;163.26;1000;10088942842;B
20240410;181546;163.24;10;10088943053;S
20240410;181546;163.24;450;10088943054;S
20240410;181546;163.24;10;10088943055;S
20240410;181546;163.22;1220;10088943056;S
20240410;181546;163.22;1530;10088943057;S
20240410;181546;163.22;10;10088943058;S
20240410;181546;163.22;10;10088943059;S
20240410;181546;163.2;1960;10088943060;S
20240410;181547;163.24;10;10088943114;S
20240410;181547;163.22;1220;10088943115;S
20240410;181547;163.22;1530;10088943116;S
20240410;181547;163.22;30;10088943117;S
20240410;181547;163.2;7200;10088943118;S
20240410;181549;163.24;10;10088943330;S
20240410;181549;163.22;10;10088943331;S
20240410;181549;163.22;50;10088943332;S
20240410;181550;163.26;500;10088943358;B
20240410;181552;163.26;10;10088943450;B
20240410;181553;163.26;1580;10088943619;B
20240410;181556;163.24;10;10088943778;S
20240410;181556;163.24;200;10088943779;S
20240410;181556;163.24;90;10088943831;B
20240410;181556;163.26;130;10088943832;B
20240410;181558;163.26;90;10088944047;B
20240410;181559;163.26;10;10088944076;B
20240410;181601;163.26;170;10088944208;B
20240410;181602;163.26;10;10088944238;B
20240410;181604;163.22;10;10088944386;S
20240410;181604;163.22;10;10088944387;S
20240410;181604;163.22;10;10088944388;S
20240410;181604;163.22;10;10088944389;S
20240410;181604;163.22;160;10088944390;S
20240410;181604;163.26;90;10088944438;B
20240410;181605;163.24;220;10088944497;S
20240410;181606;163.24;100;10088944584;B
20240410;181608;163.22;600;10088944706;S
20240410;181614;163.26;150;10088945117;B
20240410;181615;163.26;10;10088945147;B
20240410;181615;163.26;110;10088945160;B
20240410;181621;163.24;10;10088945507;S
20240410;181624;163.26;20;10088945698;B
20240410;181624;163.26;50;10088945725;B
20240410;181624;163.26;10;10088945731;B
20240410;181625;163.24;500;10088945753;S
20240410;181625;163.26;430;10088945785;B
20240410;181626;163.26;100;10088945837;B
20240410;181626;163.26;110;10088945855;B
20240410;181630;163.24;90;10088946109;S
20240410;181631;163.24;300;10088946252;S
20240410;181632;163.24;220;10088946279;S
20240410;181632;163.26;10;10088946305;B
20240410;181633;163.26;50;10088946337;B
20240410;181635;163.24;430;10088946448;S
20240410;181636;163.26;10;10088946621;B
20240410;181637;163.24;350;10088946645;S
20240410;181637;163.24;30;10088946646;S
20240410;181637;163.24;20;10088946647;S
20240410;181637;163.26;150;10088946662;B
20240410;181638;163.26;10;10088946715;B
20240410;181638;163.26;20;10088946722;B
20240410;181639;163.22;20;10088946807;S
20240410;181641;163.26;50;10088946895;B
20240410;181641;163.26;20;10088946950;B
20240410;181643;163.24;20;10088947102;S
20240410;181643;163.22;90;10088947103;S
20240410;181643;163.24;1000;10088947110;S
20240410;181643;163.22;1420;10088947111;S
20240410;181643;163.22;30;10088947112;S
20240410;181643;163.22;3500;10088947113;S
20240410;181643;163.22;10;10088947114;S
20240410;181643;163.22;90;10088947115;S
20240410;181643;163.22;10;10088947116;S
20240410;181643;163.22;1220;10088947117;S
20240410;181643;163.22;10;10088947118;S
20240410;181643;163.2;8710;10088947119;S
20240410;181643;163.22;1220;10088947155;S
20240410;181643;163.22;1530;10088947156;S
20240410;181643;163.2;19880;10088947157;S
20240410;181646;163.22;1000;10088947360;S
20240410;181648;163.26;50;10088947433;B
20240410;181648;163.26;350;10088947462;B
20240410;181648;163.26;60;10088947463;B
20240410;181648;163.3;10;10088947464;B
20240410;181648;163.3;20;10088947465;B
20240410;181648;163.3;10;10088947466;B
20240410;181648;163.3;90;10088947467;B
20240410;181648;163.32;30;10088947468;B
20240410;181648;163.32;310;10088947469;B
20240410;181648;163.32;10;10088947470;B
20240410;181648;163.32;10;10088947471;B
20240410;181648;163.32;200;10088947472;B
20240410;181648;163.32;1670;10088947473;B
20240410;181648;163.34;1220;10088947474;B
20240410;181649;163.34;10;10088947524;B
20240410;181650;163.26;80;10088947637;S
20240410;181651;163.26;110;10088947652;S
20240410;181651;163.26;200;10088947653;S
20240410;181651;163.26;190;10088947654;S
20240410;181652;163.26;10;10088947713;S
20240410;181652;163.26;300;10088947714;S
20240410;181652;163.24;10;10088947715;S
20240410;181652;163.24;280;10088947716;S
20240410;181653;163.32;10;10088947772;B
20240410;181656;163.3;100;10088947968;B
20240410;181656;163.32;190;10088947969;B
20240410;181656;163.32;200;10088947970;B
20240410;181656;163.34;20;10088947971;B
20240410;181656;163.34;80;10088947972;B
20240410;181656;163.34;300;10088947973;B
20240410;181656;163.34;400;10088947974;B
20240410;181656;163.36;120;10088947975;B
20240410;181656;163.36;100;10088947976;B
20240410;181656;163.36;880;10088947977;B
20240410;181656;163.36;970;10088947978;B
20240410;181656;163.38;100;10088947979;B
20240410;181656;163.38;1540;10088947980;B
20240410;181657;163.34;30;10088948064;B
20240410;181657;163.36;110;10088948065;B
20240410;181657;163.4;20;10088948066;B
20240410;181657;163.4;50;10088948067;B
20240410;181657;163.4;2000;10088948068;B
20240410;181657;163.4;20;10088948069;B
20240410;181657;163.42;100;10088948070;B
20240410;181657;163.42;200;10088948071;B
20240410;181657;163.42;2000;10088948072;B
20240410;181657;163.44;2030;10088948073;B
20240410;181657;163.44;20;10088948074;B
20240410;181657;163.44;1000;10088948075;B
20240410;181657;163.44;150;10088948076;B
20240410;181657;163.44;8270;10088948077;B
20240410;181658;163.46;10;10088948150;B
20240410;181658;163.46;50;10088948158;B
20240410;181658;163.46;20;10088948159;B
20240410;181658;163.46;730;10088948160;B
20240410;181700;163.38;20;10088948269;S
20240410;181705;163.46;20;10088948557;B
20240410;181707;163.46;1530;10088948691;B
20240410;181707;163.46;50;10088948692;B
20240410;181707;163.48;30;10088948693;B
20240410;181707;163.48;490;10088948694;B
20240410;181709;163.48;300;10088948817;S
20240410;181710;163.46;10;10088948844;B
20240410;181710;163.46;1270;10088948855;B
20240410;181710;163.5;1990;10088948856;B
20240410;181710;163.5;30;10088948857;B
20240410;181710;163.5;1100;10088948858;B
20240410;181710;163.5;160;10088948859;B
20240410;181710;163.5;760;10088948879;B
20240410;181712;163.5;40;10088948992;B
20240410;181712;163.42;40;10088948997;S
20240410;181712;163.42;200;10088948998;S
20240410;181712;163.42;200;10088948999;S
20240410;181712;163.4;40;10088949000;S
20240410;181712;163.38;1220;10088949001;S
20240410;181712;163.36;200;10088949002;S
20240410;181712;163.36;200;10088949003;S
20240410;181712;163.36;200;10088949004;S
20240410;181712;163.36;1530;10088949005;S
20240410;181712;163.34;10;10088949006;S
20240410;181712;163.34;10;10088949007;S
20240410;181712;163.34;10;10088949008;S
20240410;181712;163.34;250;10088949009;S
20240410;181712;163.34;250;10088949010;S
20240410;181712;163.34;1540;10088949011;S
20240410;181712;163.32;10;10088949012;S
20240410;181712;163.32;10;10088949013;S
20240410;181712;163.32;10000;10088949014;S
20240410;181712;163.3;10;10088949015;S
20240410;181712;163.3;200;10088949016;S
20240410;181712;163.28;1000;10088949017;S
20240410;181712;163.28;10;10088949018;S
20240410;181712;163.28;10;10088949019;S
20240410;181712;163.26;20;10088949020;S
20240410;181712;163.26;20;10088949021;S
20240410;181712;163.26;400;10088949022;S
20240410;181712;163.26;400;10088949023;S
20240410;181712;163.24;400;10088949024;S
20240410;181712;163.24;10;10088949025;S
20240410;181714;163.42;200;10088949145;B
20240410;181714;163.42;40;10088949146;B
20240410;181721;163.4;400;10088949554;B
20240410;181721;163.42;400;10088949555;B
20240410;181721;163.42;250;10088949556;B
20240410;181721;163.42;250;10088949557;B
20240410;181721;163.42;400;10088949558;B
20240410;181721;163.42;800;10088949559;B
20240410;181722;163.44;80;10088949599;B
20240410;181722;163.44;50;10088949626;B
20240410;181725;163.42;100;10088949738;S
20240410;181725;163.44;70;10088949752;B
20240410;181725;163.44;10;10088949753;B
20240410;181725;163.44;10;10088949754;B
20240410;181725;163.46;10;10088949755;B
20240410;181725;163.46;10;10088949756;B
20240410;181725;163.48;640;10088949757;B
20240410;181726;163.42;10;10088949799;S
20240410;181728;163.48;170;10088949912;B
20240410;181728;163.48;200;10088949937;B
20240410;181730;163.48;10;10088950054;B
20240410;181730;163.48;10;10088950055;B
20240410;181730;163.5;140;10088950056;B
20240410;181730;163.44;190;10088950064;S
20240410;181732;163.48;10;10088950212;B
20240410;181734;163.5;10;10088950461;B
20240410;181738;163.44;10;10088950767;B
20240410;181742;163.44;140;10088951097;B
20240410;181743;163.44;90;10088951173;S
20240410;181743;163.42;10;10088951174;S
20240410;181743;163.42;50;10088951175;S
20240410;181747;163.46;10;10088951485;B
20240410;181750;163.46;10;10088951644;B
20240410;181750;163.48;10;10088951646;B
20240410;181757;163.42;400;10088952064;S
20240410;181757;163.46;20;10088952099;B
20240410;181800;163.46;20;10088952277;B
20240410;181803;163.46;50;10088952515;B
20240410;181804;163.42;40;10088952587;S
20240410;181804;163.42;20;10088952588;S
20240410;181804;163.42;10;10088952591;B
20240410;181805;163.42;30;10088952634;B
20240410;181806;163.42;50;10088952663;S
20240410;181807;163.44;300;10088952718;B
20240410;181809;163.42;1230;10088952865;S
20240410;181810;163.44;40;10088952924;B
20240410;181815;163.44;20;10088953203;B
20240410;181815;163.42;20;10088953213;B
20240410;181815;163.36;200;10088953378;S
20240410;181815;163.36;200;10088953379;S
20240410;181815;163.36;200;10088953380;S
20240410;181815;163.34;400;10088953381;S
20240410;181816;163.4;200;10088953443;B
20240410;181816;163.42;20;10088953444;B
20240410;181816;163.42;930;10088953445;B
20240410;181816;163.42;260;10088953446;B
20240410;181818;163.42;10;10088953548;B
20240410;181818;163.42;400;10088953570;B
20240410;181818;163.44;3680;10088953596;B
20240410;181824;163.5;10;10088953937;B
20240410;181834;163.5;10;10088954585;B
20240410;181834;163.5;20;10088954586;B
20240410;181834;163.5;10;10088954587;B
20240410;181834;163.5;20;10088954588;B
20240410;181834;163.5;1000;10088954622;S
20240410;181836;163.5;50;10088954726;S
20240410;181839;163.5;100;10088954903;S
20240410;181842;163.52;20;10088955001;B
20240410;181842;163.5;600;10088955039;S
20240410;181844;163.52;100;10088955135;B
20240410;181844;163.52;10;10088955136;B
20240410;181844;163.52;10;10088955137;B
20240410;181844;163.52;160;10088955138;B
20240410;181844;163.54;50;10088955139;B
20240410;181844;163.54;2550;10088955140;B
20240410;181844;163.54;100;10088955141;B
20240410;181844;163.56;20;10088955142;B
20240410;181847;163.56;20;10088955333;B
20240410;181850;163.52;200;10088955528;S
20240410;181850;163.52;300;10088955529;S
20240410;181854;163.56;10;10088955831;B
20240410;181857;163.54;100;10088956079;B
20240410;181900;163.56;10;10088956348;B
20240410;181900;163.52;70;10088956373;S
20240410;181900;163.5;6930;10088956374;S
20240410;181900;163.54;600;10088956382;B
20240410;181901;163.54;70;10088956392;B
20240410;181901;163.54;420;10088956394;B
20240410;181901;163.56;40;10088956395;B
20240410;181901;163.56;740;10088956396;B
20240410;181906;163.5;60;10088956764;S
20240410;181907;163.54;10;10088956799;B
20240410;181907;163.54;50;10088956879;B
20240410;181907;163.5;100;10088956893;S
20240410;181907;163.54;10;10088956916;B
20240410;181909;163.52;20;10088957043;B
20240410;181912;163.52;10;10088957310;B
20240410;181912;163.5;100;10088957311;S
20240410;181912;163.5;1000;10088957316;S
20240410;181912;163.5;40;10088957317;S
20240410;181912;163.5;10;10088957318;S
20240410;181912;163.48;200;10088957319;S
20240410;181912;163.48;50;10088957320;S
20240410;181912;163.46;50;10088957321;S
20240410;181912;163.46;1530;10088957322;S
20240410;181912;163.44;820;10088957323;S
20240410;181912;163.44;20;10088957324;S
20240410;181912;163.44;2000;10088957325;S
20240410;181912;163.44;10;10088957326;S
20240410;181912;163.42;600;10088957327;S
20240410;181912;163.42;10;10088957328;S
20240410;181912;163.42;200;10088957329;S
20240410;181912;163.42;3500;10088957330;S
20240410;181912;163.4;1000;10088957331;S
20240410;181912;163.4;160;10088957332;S
20240410;181915;163.46;20;10088957554;B
20240410;181915;163.48;200;10088957555;B
20240410;181915;163.48;10;10088957556;B
20240410;181918;163.46;10;10088957779;B
20240410;181919;163.42;100;10088957821;S
20240410;181919;163.4;470;10088957822;S
20240410;181920;163.46;10;10088957867;B
20240410;181920;163.48;590;10088957868;B
20240410;181923;163.5;10;10088958045;B
20240410;181923;163.5;140;10088958068;B
20240410;181923;163.5;250;10088958069;B
20240410;181923;163.5;170;10088958070;B
20240410;181923;163.52;20;10088958071;B
20240410;181923;163.52;20;10088958072;B
20240410;181923;163.52;400;10088958073;B
20240410;181923;163.5;150;10088958074;B
20240410;181923;163.5;90;10088958075;B
20240410;181923;163.52;40;10088958076;B
20240410;181924;163.5;100;10088958147;B
20240410;181924;163.52;50;10088958148;B
20240410;181928;163.44;10;10088958459;S
20240410;181928;163.44;10;10088958460;S
20240410;181928;163.42;80;10088958461;S
20240410;181932;163.48;20;10088958730;B
20240410;181932;163.5;150;10088958731;B
20240410;181932;163.5;40;10088958732;B
20240410;181932;163.52;40;10088958733;B
20240410;181938;163.48;10;10088959409;B
20240410;181947;163.48;10;10088960127;B
20240410;181947;163.5;20;10088960128;B
20240410;181947;163.5;20;10088960129;B
20240410;181947;163.52;600;10088960130;B
20240410;181947;163.5;10;10088960133;B
20240410;181947;163.52;50;10088960134;B
20240410;181949;163.52;2480;10088960330;B
20240410;181949;163.52;2520;10088960331;B
20240410;181954;163.52;840;10088960748;B
20240410;181954;163.52;10;10088960749;B
20240410;181954;163.52;150;10088960750;B
20240410;182001;163.5;10;10088961260;B
20240410;182002;163.52;6800;10088961323;B
20240410;182002;163.52;40;10088961340;B
20240410;182003;163.52;10;10088961361;B
20240410;182009;163.52;20;10088961832;B
20240410;182014;163.44;70;10088962118;S
20240410;182014;163.5;10;10088962150;B
20240410;182015;163.5;90;10088962215;B
20240410;182015;163.52;2410;10088962216;B
20240410;182016;163.44;100;10088962273;S
20240410;182018;163.52;570;10088962370;B
20240410;182018;163.52;20;10088962371;B
20240410;182018;163.52;250;10088962372;B
20240410;182018;163.54;160;10088962373;B
20240410;182026;163.5;30;10088964561;B
20240410;182026;163.52;500;10088964562;B
20240410;182026;163.54;3470;10088964563;B
20240410;182031;163.54;500;10088966276;B
20240410;182033;163.52;10;10088966503;S
20240410;182033;163.5;190;10088966504;S
20240410;182035;163.54;50;10088966600;B
20240410;182041;163.52;10;10088967573;B
20240410;182044;163.52;50;10088968183;B
20240410;182044;163.54;950;10088968184;B
20240410;182046;163.54;20;10088968685;B
20240410;182046;163.54;1000;10088968751;B
20240410;182048;163.54;1000;10088969010;B
20240410;182049;163.54;1000;10088969058;B
20240410;182050;163.54;1000;10088969138;B
20240410;182053;163.52;200;10088969518;B
20240410;182053;163.54;800;10088969519;B
20240410;182056;163.54;1000;10088969708;B
20240410;182059;163.5;60;10088970384;S
20240410;182059;163.5;10;10088970385;S
20240410;182059;163.5;10;10088970386;S
20240410;182059;163.48;120;10088970387;S
20240410;182059;163.52;80;10088970408;B
20240410;182103;163.5;110;10088971136;S
20240410;182104;163.52;30;10088971204;B
20240410;182105;163.52;10;10088971258;B
20240410;182105;163.54;2990;10088971259;B
20240410;182115;163.54;5000;10088973095;B
20240410;182115;163.54;200;10088973096;B
20240410;182116;163.54;310;10088973517;B
20240410;182119;163.5;30;10088973857;S
20240410;182120;163.54;1000;10088973876;B
20240410;182122;163.5;300;10088974046;S
20240410;182128;163.52;80;10088974698;B
20240410;182133;163.52;10;10088975489;B
20240410;182140;163.5;60;10088976560;S
20240410;182140;163.5;10;10088976561;S
20240410;182140;163.5;60;10088976562;S
20240410;182146;163.5;100;10088977243;S
20240410;182146;163.52;10;10088977245;B
20240410;182146;163.54;3990;10088977246;B
20240410;182154;163.54;20;10088978842;B
20240410;182155;163.54;900;10088979346;B
20240410;182157;163.54;10;10088979543;B
20240410;182159;163.54;1000;10088979644;B
20240410;182207;163.54;10;10088980701;B
20240410;182208;163.54;50;10088981059;B
20240410;182208;163.54;10;10088981073;B
20240410;182210;163.5;10;10088981171;S
20240410;182211;163.5;130;10088981243;S
20240410;182211;163.5;780;10088981244;S
20240410;182212;163.54;10;10088981614;B
20240410;182212;163.5;500;10088981634;S
20240410;182213;163.54;20;10088981641;B
20240410;182213;163.54;10;10088981698;B
20240410;182217;163.54;100;10088982023;B
20240410;182218;163.54;3580;10088982093;B
20240410;182218;163.54;50;10088982094;B
20240410;182218;163.54;1200;10088982095;B
20240410;182218;163.54;250;10088982096;B
20240410;182219;163.56;50;10088982421;B
20240410;182223;163.54;10;10088983180;S
20240410;182224;163.56;10;10088983227;B
20240410;182230;163.56;10;10088984104;B
20240410;182232;163.56;1560;10088984288;B
20240410;182233;163.54;390;10088984374;S
20240410;182235;163.56;10;10088984699;B
20240410;182235;163.54;400;10088984716;S
20240410;182238;163.56;120;10088984873;B
20240410;182239;163.56;40;10088984946;B
20240410;182244;163.56;170;10088986280;B
20240410;182246;163.56;490;10088986565;B
20240410;182246;163.56;10;10088986566;B
20240410;182246;163.56;10;10088986567;B
20240410;182246;163.56;110;10088986568;B
20240410;182246;163.58;410;10088986569;B
20240410;182254;163.54;30;10088987677;S
20240410;182256;163.58;30;10088987794;B
20240410;182301;163.58;20;10088988623;B
20240410;182302;163.58;40;10088989140;B
20240410;182302;163.58;10;10088989170;B
20240410;182302;163.58;50;10088989180;B
20240410;182310;163.56;30;10088990100;S
20240410;182311;163.56;60;10088990532;S
20240410;182313;163.58;10;10088990600;B
20240410;182313;163.58;20;10088990649;B
20240410;182315;163.58;50;10088991022;B
20240410;182315;163.58;10;10088991023;B
20240410;182315;163.58;10;10088991024;B
20240410;182315;163.58;20;10088991025;B
20240410;182315;163.6;10;10088991026;B
20240410;182315;163.6;300;10088991027;B
20240410;182315;163.6;180;10088991028;B
20240410;182315;163.6;10;10088991049;B
20240410;182316;163.6;10;10088991323;B
20240410;182316;163.6;290;10088991324;B
20240410;182318;163.6;110;10088991426;B
20240410;182318;163.6;580;10088991427;B
20240410;182322;163.6;10;10088992388;B
20240410;182330;163.58;50;10088993313;B
20240410;182331;163.56;100;10088993381;S
20240410;182335;163.58;10;10088995033;B
20240410;182337;163.56;10;10088995092;S
20240410;182340;163.58;10;10088995331;B
20240410;182400;163.58;10;10088998328;B
20240410;182400;163.58;50;10088998357;B
20240410;182406;163.58;10;10088999254;B
20240410;182407;163.56;50;10088999375;S
20240410;182410;163.58;80;10089000197;B
20240410;182414;163.56;10;10089000428;S
20240410;182414;163.56;10;10089000429;S
20240410;182414;163.52;150;10089000430;S
20240410;182414;163.52;200;10089000431;S
20240410;182414;163.5;30;10089000432;S
20240410;182416;163.5;170;10089000832;S
20240410;182418;163.56;10;10089000920;B
20240410;182418;163.58;130;10089000921;B
20240410;182418;163.58;60;10089000922;B
20240410;182418;163.58;30;10089000963;B
20240410;182418;163.58;1220;10089000964;B
20240410;182418;163.58;150;10089000965;B
20240410;182418;163.6;990;10089000966;B
20240410;182418;163.6;50;10089000967;B
20240410;182418;163.62;20;10089000968;B
20240410;182418;163.62;10;10089000969;B
20240410;182418;163.62;1530;10089000970;B
20240410;182430;163.62;10;10089002700;B
20240410;182433;163.62;10;10089003185;B
20240410;182437;163.62;10;10089003477;B
20240410;182437;163.62;10;10089003487;B
20240410;182440;163.62;20;10089003747;B
20240410;182442;163.62;1910;10089003831;B
20240410;182442;163.62;1220;10089003832;B
20240410;182442;163.62;200;10089003833;B
20240410;182455;163.62;10;10089004733;S
20240410;182456;163.62;60;10089004789;S
20240410;182456;163.56;10;10089004790;S
20240410;182459;163.6;80;10089004987;B
20240410;182459;163.62;10;10089004988;B
20240410;182459;163.62;430;10089004989;B
20240410;182459;163.62;20;10089005019;B
20240410;182502;163.62;100;10089005227;B
20240410;182502;163.62;10;10089005253;B
20240410;182502;163.62;40;10089005280;B
20240410;182506;163.62;10;10089005581;B
20240410;182508;163.62;200;10089005670;B
20240410;182515;163.62;10;10089006209;B
20240410;182520;163.56;100;10089006605;S
20240410;182526;163.56;40;10089006989;S
20240410;182531;163.54;10;10089007373;B
20240410;182533;163.54;20;10089007543;B
20240410;182538;163.5;500;10089007907;S
20240410;182546;163.5;300;10089008842;S
20240410;182548;163.54;10;10089008971;B
20240410;182554;163.54;10;10089009354;B
20240410;182555;163.54;10;10089009420;B
20240410;182559;163.54;1160;10089009723;B
20240410;182559;163.54;1530;10089009724;B
20240410;182559;163.54;140;10089009725;B
20240410;182559;163.56;180;10089009726;B
20240410;182600;163.54;160;10089009797;B
20240410;182601;163.54;40;10089009860;B
20240410;182602;163.54;20;10089009964;B
20240410;182603;163.54;10;10089009972;B
20240410;182606;163.52;10;10089010208;S
20240410;182609;163.54;40;10089010391;B
20240410;182611;163.54;540;10089010463;B
20240410;182611;163.56;920;10089010464;B
20240410;182613;163.54;520;10089010638;S
20240410;182613;163.5;180;10089010639;S
20240410;182614;163.5;50;10089010654;S
20240410;182616;163.56;40;10089010786;B
20240410;182616;163.56;10;10089010789;B
20240410;182616;163.54;10;10089010807;B
20240410;182620;163.54;30;10089011070;B
20240410;182620;163.54;30;10089011072;B
20240410;182622;163.5;30;10089011214;S
20240410;182630;163.5;10;10089011763;S
20240410;182631;163.5;10;10089011771;S
20240410;182632;163.5;10;10089011838;S
20240410;182635;163.5;140;10089012015;S
20240410;182635;163.5;100;10089012016;S
20240410;182635;163.5;500;10089012017;S
20240410;182636;163.5;20;10089012109;B
20240410;182639;163.52;30;10089012334;B
20240410;182639;163.54;10;10089012335;B
20240410;182639;163.42;30;10089012365;S
20240410;182639;163.4;480;10089012366;S
20240410;182639;163.4;50;10089012367;S
20240410;182639;163.4;10;10089012368;S
20240410;182639;163.4;140;10089012369;S
20240410;182639;163.4;10;10089012370;S
20240410;182639;163.4;1780;10089012371;S
20240410;182639;163.38;3660;10089012372;S
20240410;182639;163.38;3660;10089012373;S
20240410;182639;163.36;180;10089012374;S
20240410;182640;163.46;20;10089012413;B
20240410;182641;163.44;250;10089012462;B
20240410;182641;163.46;750;10089012463;B
20240410;182643;163.32;20;10089012563;S
20240410;182643;163.32;20;10089012564;S
20240410;182644;163.42;10;10089012651;B
20240410;182649;163.34;80;10089012951;S
20240410;182649;163.32;230;10089012952;S
20240410;182649;163.32;90;10089012953;S
20240410;182650;163.42;10;10089013055;B
20240410;182653;163.4;200;10089013251;S
20240410;182653;163.42;130;10089013257;B
20240410;182653;163.42;90;10089013258;B
20240410;182656;163.44;30;10089013445;B
20240410;182656;163.46;130;10089013446;B
20240410;182657;163.44;600;10089013516;S
20240410;182703;163.5;140;10089013890;B
20240410;182704;163.5;270;10089014016;B
20240410;182704;163.5;10;10089014017;B
20240410;182704;163.5;40;10089014032;B
20240410;182704;163.5;10;10089014053;B
20240410;182706;163.48;590;10089014195;S
20240410;182706;163.42;10;10089014213;B
20240410;182707;163.42;20;10089014236;B
20240410;182709;163.42;90;10089014389;B
20240410;182712;163.42;10;10089014599;B
20240410;182712;163.36;20;10089014600;S
20240410;182713;163.34;300;10089014679;S
20240410;182713;163.32;500;10089014685;S
20240410;182715;163.34;40;10089014779;B
20240410;182715;163.34;760;10089014820;B
20240410;182715;163.4;300;10089014821;B
20240410;182715;163.4;3660;10089014822;B
20240410;182715;163.42;7330;10089014823;B
20240410;182721;163.32;300;10089015196;S
20240410;182721;163.3;30;10089015197;S
20240410;182721;163.3;20;10089015198;S
20240410;182721;163.3;10;10089015199;S
20240410;182721;163.3;30;10089015200;S
20240410;182721;163.42;10;10089015209;B
20240410;182721;163.42;10;10089015227;B
20240410;182726;163.4;40;10089015626;B
20240410;182727;163.4;260;10089015640;B
20240410;182727;163.42;40;10089015641;B
20240410;182728;163.42;70;10089015747;B
20240410;182729;163.38;100;10089015802;S
20240410;182731;163.4;10;10089015946;S
20240410;182732;163.4;300;10089015976;S
20240410;182737;163.42;80;10089016264;B
20240410;182738;163.4;30;10089016327;S
20240410;182738;163.4;10;10089016328;S
20240410;182738;163.34;60;10089016329;S
20240410;182740;163.32;10;10089016428;S
20240410;182740;163.32;240;10089016429;S
20240410;182742;163.4;100;10089016540;S
20240410;182742;163.4;140;10089016586;B
20240410;182742;163.4;40;10089016587;B
20240410;182742;163.42;70;10089016588;B
20240410;182742;163.42;500;10089016629;B
20240410;182743;163.32;10;10089016640;S
20240410;182743;163.32;140;10089016641;S
20240410;182743;163.42;10;10089016683;B
20240410;182745;163.4;30;10089016844;B
20240410;182748;163.4;120;10089017077;B
20240410;182748;163.4;10;10089017078;B
20240410;182748;163.42;10;10089017079;B
20240410;182750;163.36;100;10089017214;S
20240410;182759;163.42;10;10089017900;B
20240410;182807;163.42;10;10089018432;B
20240410;182809;163.34;20;10089018616;S
20240410;182809;163.34;10;10089018617;S
20240410;182809;163.34;10;10089018618;S
20240410;182809;163.34;80;10089018619;S
20240410;182809;163.34;80;10089018620;S
20240410;182809;163.34;20;10089018621;S
20240410;182809;163.34;20;10089018622;S
20240410;182809;163.34;10;10089018623;S
20240410;182809;163.32;110;10089018624;S
20240410;182809;163.32;20;10089018625;S
20240410;182809;163.32;120;10089018626;S
20240410;182810;163.32;100;10089018718;S
20240410;182810;163.4;60;10089018724;B
20240410;182814;163.4;10;10089019004;B
20240410;182819;163.4;100;10089019407;B
20240410;182821;163.38;10;10089019559;B
20240410;182822;163.38;10;10089019690;B
20240410;182825;163.38;10;10089019913;B
20240410;182826;163.38;10;10089019978;B
20240410;182826;163.4;10;10089019979;B
20240410;182836;163.4;10;10089020742;B
20240410;182842;163.34;30;10089021234;S
20240410;182842;163.32;30;10089021235;S
20240410;182842;163.32;40;10089021236;S
20240410;182843;163.4;20;10089021312;B
20240410;182848;163.4;10;10089021715;B
20240410;182852;163.34;40;10089022164;S
20240410;182854;163.32;40;10089022331;S
20240410;182854;163.32;100;10089022332;S
20240410;182854;163.4;10;10089022378;B
20240410;182856;163.32;10;10089022471;S
20240410;182856;163.4;10;10089022554;B
20240410;182900;163.38;10;10089022870;B
20240410;182905;163.32;190;10089023235;S
20240410;182905;163.32;30;10089023300;B
20240410;182905;163.32;10;10089023308;B
20240410;182906;163.3;50;10089023322;S
20240410;182906;163.32;190;10089023330;B
20240410;182907;163.32;10;10089023416;B
20240410;182910;163.32;10;10089023605;B
20240410;182911;163.32;10;10089023663;B
20240410;182912;163.3;50;10089023711;S
20240410;182914;163.3;180;10089023893;S
20240410;182916;163.3;50;10089024033;S
20240410;182916;163.32;50;10089024054;B
20240410;182917;163.32;20;10089024074;B
20240410;182917;163.32;50;10089024087;B
20240410;182919;163.32;10;10089024251;B
20240410;182921;163.3;30;10089024368;S
20240410;182926;163.3;40;10089024759;S
20240410;182927;163.32;20;10089024808;B
20240410;182931;163.3;70;10089025105;S
20240410;182934;163.32;10;10089025286;B
20240410;182935;163.32;50;10089025382;B
20240410;182936;163.3;30;10089025459;S
20240410;182938;163.3;720;10089025526;S
20240410;182938;163.3;10;10089025527;S
20240410;182938;163.3;30;10089025528;S
20240410;182938;163.3;140;10089025529;S
20240410;182938;163.28;600;10089025530;S
20240410;182938;163.32;160;10089025611;B
20240410;182941;163.28;460;10089025802;S
20240410;182942;163.3;10;10089026060;B
20240410;182945;163.28;190;10089026261;S
20240410;182945;163.28;50;10089026262;S
20240410;182946;163.28;50;10089026309;S
20240410;182946;163.28;20;10089026310;S
20240410;182946;163.3;20;10089026357;B
20240410;182947;163.28;10;10089026372;S
20240410;182948;163.3;50;10089026427;B
20240410;182949;163.3;90;10089026555;B
20240410;182951;163.28;20;10089026681;S
20240410;182951;163.28;20;10089026682;S
20240410;182953;163.3;30;10089026840;B
20240410;182953;163.3;10;10089026845;B
20240410;182955;163.28;30;10089026926;S
20240410;182955;163.28;30;10089026927;S
20240410;182957;163.28;20;10089027079;S
20240410;182957;163.28;10;10089027137;S
20240410;182958;163.28;100;10089027181;S
20240410;182958;163.28;10;10089027182;S
20240410;182958;163.28;10;10089027183;S
20240410;182958;163.26;100;10089027184;S
20240410;182958;163.26;50;10089027185;S
20240410;182958;163.26;10;10089027186;S
20240410;182958;163.26;10;10089027187;S
20240410;182958;163.26;500;10089027188;S
20240410;182958;163.26;500;10089027189;S
20240410;182958;163.24;100;10089027190;S
20240410;182958;163.24;100;10089027191;S
20240410;182958;163.24;200;10089027192;S
20240410;182958;163.24;310;10089027193;S
20240410;182958;163.24;10;10089027194;S
20240410;182958;163.24;1220;10089027195;S
20240410;182958;163.24;690;10089027196;S
20240410;182958;163.24;100;10089027197;B
20240410;183000;163.24;420;10089027388;B
20240410;183001;163.24;10;10089027399;B
20240410;183001;163.22;30;10089027416;S
20240410;183001;163.22;200;10089027417;S
20240410;183001;163.22;50;10089027418;S
20240410;183001;163.22;10;10089027419;S
20240410;183001;163.22;10;10089027420;S
20240410;183001;163.2;200;10089027421;S
20240410;183001;163.2;900;10089027424;S
20240410;183001;163.2;150;10089027439;S
20240410;183001;163.2;5000;10089027461;S
20240410;183002;163.22;20;10089027474;B
20240410;183003;163.22;40;10089027584;B
20240410;183003;163.22;10;10089027585;B
20240410;183004;163.2;40;10089027642;S
20240410;183005;163.22;10;10089027667;B
20240410;183006;163.2;1470;10089027770;S
20240410;183007;163.2;5720;10089027838;S
20240410;183007;163.2;30;10089027839;S
20240410;183007;163.2;480;10089027840;S
20240410;183007;163.2;10;10089027852;S
20240410;183008;163.22;20;10089027897;B
20240410;183011;163.22;40;10089028149;B
20240410;183011;163.22;10;10089028150;B
20240410;183011;163.22;860;10089028151;B
20240410;183011;163.24;460;10089028152;B
20240410;183011;163.24;70;10089028153;B
20240410;183011;163.2;510;10089028161;S
20240410;183011;163.2;10;10089028162;S
20240410;183011;163.2;50;10089028163;S
20240410;183011;163.2;10;10089028164;S
20240410;183011;163.2;10;10089028165;S
20240410;183011;163.2;10;10089028166;S
20240410;183011;163.2;10;10089028167;S
20240410;183011;163.2;10;10089028168;S
20240410;183011;163.2;10;10089028169;S
20240410;183012;163.18;10;10089028213;S
20240410;183012;163.18;10;10089028214;S
20240410;183012;163.18;20;10089028224;S
20240410;183012;163.18;70;10089028225;S
20240410;183012;163.16;100;10089028236;S
20240410;183012;163.16;1340;10089028237;S
20240410;183012;163.16;3000;10089028239;S
20240410;183012;163.16;60;10089028245;S
20240410;183012;163.16;600;10089028247;S
20240410;183012;163.16;360;10089028248;S
20240410;183012;163.16;640;10089028258;S
20240410;183012;163.16;1000;10089028259;S
20240410;183012;163.16;20;10089028260;S
20240410;183012;163.16;10;10089028261;S
20240410;183012;163.16;530;10089028262;S
20240410;183012;163.18;3780;10089028267;S
20240410;183012;163.18;2220;10089028269;S
20240410;183012;163.16;19290;10089028270;S
20240410;183013;163.18;10;10089028292;S
20240410;183013;163.16;490;10089028293;S
20240410;183013;163.18;20;10089028300;B
20240410;183014;163.16;10;10089028327;S
20240410;183014;163.18;20;10089028351;B
20240410;183014;163.16;10;10089028357;S
20240410;183015;163.18;560;10089028447;B
20240410;183015;163.18;140;10089028448;B
20240410;183015;163.18;30;10089028449;B
20240410;183015;163.2;50;10089028450;B
20240410;183015;163.22;140;10089028451;B
20240410;183015;163.22;1530;10089028452;B
20240410;183015;163.22;540;10089028454;S
20240410;183015;163.16;2940;10089028455;S
20240410;183015;163.16;340;10089028456;S
20240410;183015;163.14;100;10089028457;S
20240410;183015;163.14;20;10089028458;S
20240410;183015;163.14;1000;10089028459;S
20240410;183015;163.14;20;10089028460;S
20240410;183015;163.14;10;10089028461;S
20240410;183015;163.14;10;10089028462;S
20240410;183015;163.14;210;10089028463;S
20240410;183015;163.14;1810;10089028464;S
20240410;183016;163.14;200;10089028501;S
20240410;183016;163.14;100;10089028510;S
20240410;183016;163.14;1550;10089028525;S
20240410;183016;163.14;140;10089028526;S
20240410;183016;163.14;200;10089028527;S
20240410;183016;163.14;170;10089028529;S
20240410;183016;163.12;10;10089028536;S
20240410;183016;163.12;20;10089028537;S
20240410;183017;163.12;1980;10089028551;S
20240410;183017;163.12;100;10089028552;S
20240410;183017;163.12;70;10089028553;S
20240410;183017;163.12;50;10089028554;S
20240410;183017;163.12;10;10089028555;S
20240410;183017;163.12;500;10089028556;S
20240410;183017;163.12;400;10089028557;S
20240410;183017;163.12;250;10089028558;S
20240410;183017;163.12;50;10089028559;S
20240410;183017;163.12;250;10089028560;S
20240410;183017;163.12;50;10089028561;S
20240410;183017;163.12;4610;10089028562;S
20240410;183017;163.12;4000;10089028569;S
20240410;183017;163.16;10;10089028586;S
20240410;183017;163.14;100;10089028587;S
20240410;183018;163.14;800;10089028643;S
20240410;183021;163.18;100;10089028797;S
20240410;183021;163.16;10;10089028798;S
20240410;183022;163.18;300;10089028816;S
20240410;183022;163.16;90;10089028824;S
20240410;183022;163.14;600;10089028837;S
20240410;183022;163.14;90;10089028838;S
20240410;183022;163.14;20;10089028839;S
20240410;183022;163.14;200;10089028840;S
20240410;183022;163.12;80;10089028841;S
20240410;183022;163.12;100;10089028890;S
20240410;183022;163.18;1530;10089028895;B
20240410;183022;163.2;200;10089028896;B
20240410;183022;163.2;760;10089028897;B
20240410;183022;163.2;260;10089028898;B
20240410;183022;163.22;830;10089028899;B
20240410;183022;163.22;440;10089028900;B
20240410;183022;163.24;820;10089028901;B
20240410;183022;163.24;540;10089028902;B
20240410;183022;163.24;350;10089028903;B
20240410;183022;163.24;360;10089028904;B
20240410;183023;163.14;10;10089028923;S
20240410;183024;163.2;20;10089028988;S
20240410;183027;163.2;10;10089029178;S
20240410;183027;163.2;70;10089029196;S
20240410;183027;163.16;40;10089029197;S
20240410;183027;163.14;40;10089029198;S
20240410;183027;163.14;360;10089029199;S
20240410;183027;163.14;40;10089029200;S
20240410;183027;163.14;40;10089029201;S
20240410;183027;163.14;200;10089029202;S
20240410;183027;163.14;20;10089029203;S
20240410;183027;163.14;300;10089029204;S
20240410;183027;163.14;250;10089029205;S
20240410;183027;163.14;630;10089029206;S
20240410;183027;163.16;10;10089029231;S
20240410;183027;163.14;20;10089029232;S
20240410;183027;163.14;2000;10089029233;S
20240410;183027;163.14;250;10089029234;S
20240410;183027;163.12;1350;10089029235;S
20240410;183027;163.12;390;10089029236;S
20240410;183027;163.12;300;10089029237;S
20240410;183027;163.12;3830;10089029238;S
20240410;183027;163.12;2000;10089029239;S
20240410;183027;163.12;1000;10089029240;S
20240410;183027;163.12;10;10089029241;S
20240410;183027;163.12;20;10089029242;S
20240410;183028;163.2;40;10089029329;B
20240410;183028;163.22;100;10089029330;B
20240410;183029;163.18;10;10089029420;B
20240410;183031;163.12;260;10089029483;S
20240410;183031;163.12;430;10089029582;S
20240410;183032;163.16;100;10089029652;B
20240410;183032;163.18;1020;10089029653;B
20240410;183033;163.18;10;10089029752;B
20240410;183033;163.18;20;10089029753;B
20240410;183033;163.18;700;10089029754;B
20240410;183033;163.2;650;10089029755;B
20240410;183033;163.2;40;10089029756;B
20240410;183033;163.2;100;10089029757;B
20240410;183033;163.18;40;10089029760;B
20240410;183034;163.18;300;10089029775;S
20240410;183034;163.2;10;10089029833;B
20240410;183038;163.2;10;10089030142;B
20240410;183040;163.2;380;10089030332;B
20240410;183040;163.2;670;10089030333;B
20240410;183040;163.2;520;10089030334;B
20240410;183040;163.22;690;10089030335;B
20240410;183040;163.22;20;10089030336;B
20240410;183040;163.22;430;10089030337;B
20240410;183040;163.22;100;10089030338;B
20240410;183040;163.24;1160;10089030339;B
20240410;183040;163.24;40;10089030340;B
20240410;183040;163.24;400;10089030341;B
20240410;183040;163.26;440;10089030342;B
20240410;183040;163.26;1180;10089030343;B
20240410;183040;163.26;390;10089030344;B
20240410;183040;163.28;80;10089030345;B
20240410;183040;163.28;10;10089030366;B
20240410;183044;163.2;150;10089030621;B
20240410;183044;163.26;530;10089030622;B
20240410;183047;163.18;470;10089030808;S
20240410;183047;163.18;630;10089030809;S
20240410;183047;163.18;20;10089030898;S
20240410;183047;163.18;20;10089030899;S
20240410;183047;163.18;10;10089030900;S
20240410;183047;163.18;60;10089030901;S
20240410;183048;163.18;140;10089030945;S
20240410;183048;163.16;40;10089030946;S
20240410;183048;163.16;10;10089030947;S
20240410;183048;163.16;10;10089030948;S
20240410;183052;163.24;30;10089031248;B
20240410;183052;163.24;10;10089031288;B
20240410;183053;163.2;10;10089031360;S
20240410;183054;163.16;10;10089031500;S
20240410;183054;163.16;20;10089031501;S
20240410;183054;163.14;10;10089031502;S
20240410;183054;163.14;40;10089031503;S
20240410;183054;163.14;10;10089031504;S
20240410;183054;163.14;1000;10089031505;S
20240410;183054;163.14;100;10089031506;S
20240410;183054;163.14;100;10089031507;S
20240410;183054;163.14;610;10089031508;S
20240410;183055;163.18;340;10089031618;B
20240410;183056;163.18;10;10089031642;B
20240410;183056;163.18;130;10089031661;B
20240410;183056;163.14;390;10089031673;S
20240410;183056;163.14;530;10089031674;S
20240410;183056;163.14;10;10089031675;S
20240410;183056;163.14;20;10089031676;S
20240410;183057;163.18;10;10089031719;B
20240410;183057;163.18;10;10089031747;B
20240410;183058;163.18;20;10089031772;B
20240410;183059;163.18;10;10089031863;B
20240410;183100;163.16;40;10089031913;B
20240410;183101;163.14;80;10089031981;S
20240410;183101;163.14;10;10089031982;S
20240410;183101;163.12;770;10089031989;S
20240410;183103;163.14;10;10089032089;B
20240410;183103;163.12;10;10089032099;S
20240410;183105;163.14;100;10089032324;B
20240410;183105;163.16;20;10089032325;B
20240410;183105;163.16;520;10089032326;B
20240410;183105;163.18;360;10089032327;B
20240410;183106;163.12;700;10089032415;S
20240410;183106;163.12;410;10089032416;S
20240410;183106;163.18;170;10089032473;B
20240410;183106;163.18;250;10089032474;B
20240410;183108;163.12;500;10089032617;S
20240410;183109;163.18;40;10089032638;B
20240410;183109;163.2;950;10089032639;B
20240410;183109;163.2;200;10089032640;B
20240410;183109;163.2;1530;10089032641;B
20240410;183109;163.2;160;10089032642;B
20240410;183109;163.22;1330;10089032643;B
20240410;183109;163.22;40;10089032644;B
20240410;183109;163.22;230;10089032645;B
20240410;183109;163.24;610;10089032646;B
20240410;183109;163.24;40;10089032647;B
20240410;183109;163.24;610;10089032648;B
20240410;183109;163.24;20;10089032649;B
20240410;183109;163.24;10;10089032650;B
20240410;183109;163.24;1100;10089032651;B
20240410;183109;163.24;190;10089032652;B
20240410;183109;163.24;100;10089032653;B
20240410;183109;163.24;700;10089032654;B
20240410;183109;163.26;660;10089032655;B
20240410;183109;163.26;360;10089032656;B
20240410;183109;163.26;1070;10089032657;B
20240410;183109;163.26;360;10089032658;B
20240410;183109;163.28;610;10089032659;B
20240410;183109;163.28;650;10089032660;B
20240410;183109;163.28;450;10089032661;B
20240410;183109;163.28;320;10089032662;B
20240410;183109;163.28;160;10089032663;B
20240410;183113;163.16;30;10089032999;S
20240410;183113;163.3;600;10089033023;B
20240410;183115;163.28;10;10089033128;B
20240410;183115;163.28;10;10089033144;B
20240410;183117;163.28;30;10089033414;B
20240410;183117;163.28;740;10089033415;B
20240410;183117;163.28;20;10089033416;B
20240410;183117;163.28;30;10089033417;B
20240410;183117;163.3;540;10089033418;B
20240410;183119;163.3;10;10089033534;B
20240410;183122;163.3;200;10089033724;B
20240410;183126;163.22;10;10089033973;S
20240410;183126;163.22;40;10089033974;S
20240410;183126;163.22;250;10089033975;S
20240410;183126;163.22;200;10089033976;S
20240410;183126;163.22;200;10089033977;S
20240410;183126;163.2;430;10089033983;S
20240410;183128;163.22;70;10089034199;B
20240410;183128;163.28;70;10089034200;B
20240410;183131;163.24;20;10089034394;S
20240410;183133;163.26;10;10089034633;B
20240410;183133;163.28;180;10089034634;B
20240410;183133;163.28;10;10089034635;B
20240410;183135;163.24;10;10089034864;S
20240410;183135;163.2;20;10089034865;S
20240410;183135;163.2;250;10089034866;S
20240410;183135;163.2;300;10089034867;S
20240410;183135;163.2;1220;10089034868;S
20240410;183135;163.2;1530;10089034869;S
20240410;183135;163.18;640;10089034870;S
20240410;183135;163.18;10;10089034871;S
20240410;183135;163.18;10;10089034872;S
20240410;183135;163.18;50;10089034873;S
20240410;183135;163.18;10000;10089034874;S
20240410;183135;163.16;20;10089034875;S
20240410;183135;163.16;200;10089034876;S
20240410;183135;163.16;100;10089034877;S
20240410;183135;163.14;640;10089034878;S
20240410;183135;163.14;10;10089034879;S
20240410;183135;163.14;250;10089034880;S
20240410;183135;163.14;250;10089034881;S
20240410;183135;163.14;100;10089034882;S
20240410;183135;163.14;10;10089034883;S
20240410;183135;163.14;100;10089034884;S
20240410;183135;163.14;300;10089034885;S
20240410;183135;163.14;500;10089034886;S
20240410;183135;163.12;5090;10089034887;S
20240410;183135;163.12;100;10089034888;S
20240410;183135;163.12;200;10089034889;S
20240410;183135;163.12;200;10089034890;S
20240410;183135;163.12;6000;10089034891;S
20240410;183135;163.12;1000;10089034892;S
20240410;183135;163.12;40;10089034893;S
20240410;183135;163.12;100;10089034894;S
20240410;183135;163.12;1000;10089034895;S
20240410;183135;163.12;1000;10089034896;S
20240410;183135;163.12;50;10089034897;S
20240410;183135;163.12;10;10089034898;S
20240410;183135;163.12;16090;10089034899;S
20240410;183135;163.12;1000;10089034900;S
20240410;183135;163.12;200;10089034901;S
20240410;183135;163.12;200;10089034902;S
20240410;183135;163.12;200;10089034903;S
20240410;183135;163.12;200;10089034904;S
20240410;183135;163.12;600;10089034905;S
20240410;183135;163.12;200;10089034906;S
20240410;183136;163.26;2800;10089034974;B
20240410;183138;163.12;7910;10089035138;S
20240410;183138;163.12;2800;10089035139;S
20240410;183138;163.12;20;10089035140;S
20240410;183138;163.1;50;10089035141;S
20240410;183138;163.1;1000;10089035142;S
20240410;183138;163.1;200;10089035143;S
20240410;183138;163.1;10;10089035144;S
20240410;183138;163.1;10;10089035145;S
20240410;183138;163.1;10;10089035146;S
20240410;183138;163.1;8990;10089035147;S
20240410;183139;163.12;40;10089035176;S
20240410;183139;163.1;1010;10089035177;S
20240410;183139;163.1;150;10089035178;S
20240410;183139;163.2;640;10089035225;B
20240410;183139;163.22;10;10089035226;B
20240410;183139;163.22;1220;10089035227;B
20240410;183139;163.22;100;10089035228;B
20240410;183140;163.12;100;10089035246;S
20240410;183140;163.1;350;10089035247;S
20240410;183140;163.1;20;10089035248;S
20240410;183140;163.1;100;10089035249;S
20240410;183140;163.1;140;10089035250;S
20240410;183140;163.1;50;10089035251;S
20240410;183140;163.1;40;10089035252;S
20240410;183141;163.12;10;10089035368;B
20240410;183141;163.1;360;10089035374;S
20240410;183141;163.1;820;10089035375;S
20240410;183142;163.12;150;10089035425;B
20240410;183142;163.12;50;10089035426;B
20240410;183143;163.12;10;10089035486;B
20240410;183143;163.12;10;10089035497;B
20240410;183145;163.1;5000;10089035594;S
20240410;183146;163.12;10;10089035650;B
20240410;183146;163.12;10;10089035664;B
20240410;183146;163.1;1200;10089035674;S
20240410;183146;163.1;10;10089035694;S
20240410;183148;163.12;2020;10089035856;B
20240410;183148;163.12;450;10089035857;B
20240410;183148;163.12;40;10089035858;B
20240410;183148;163.1;700;10089035888;S
20240410;183150;163.12;20;10089035996;B
20240410;183150;163.12;10;10089035999;B
20240410;183150;163.12;100;10089036008;B
20240410;183151;163.1;10;10089036065;S
20240410;183151;163.1;5000;10089036105;S
20240410;183152;163.12;990;10089036131;B
20240410;183152;163.12;640;10089036132;B
20240410;183152;163.12;650;10089036133;B
20240410;183152;163.12;20;10089036134;B
20240410;183152;163.12;3150;10089036135;B
20240410;183152;163.12;20;10089036136;B
20240410;183152;163.12;250;10089036158;S
20240410;183155;163.14;1000;10089036338;B
20240410;183155;163.14;30;10089036356;B
20240410;183157;163.12;620;10089036491;S
20240410;183157;163.14;200;10089036514;B
20240410;183201;163.12;200;10089036844;S
20240410;183201;163.14;20;10089036858;B
20240410;183202;163.12;1100;10089036931;S
20240410;183203;163.12;2360;10089037056;S
20240410;183203;163.12;10;10089037057;S
20240410;183203;163.12;2000;10089037058;S
20240410;183203;163.12;10;10089037059;S
20240410;183203;163.12;30;10089037060;S
20240410;183203;163.12;10;10089037061;S
20240410;183203;163.12;100;10089037088;B
20240410;183204;163.12;10;10089037092;B
20240410;183206;163.12;1000;10089037250;B
20240410;183207;163.12;140;10089037355;B
20240410;183207;163.12;360;10089037356;B
20240410;183208;163.12;10;10089037463;B
20240410;183210;163.1;360;10089037537;S
20240410;183215;163.12;10;10089037981;B
20240410;183216;163.12;100;10089038068;B
20240410;183216;163.1;3500;10089038071;S
20240410;183216;163.12;10;10089038115;B
20240410;183217;163.1;300;10089038123;S
20240410;183217;163.12;200;10089038126;B
20240410;183217;163.1;9010;10089038166;S
20240410;183217;163.1;4550;10089038182;S
20240410;183218;163.12;30;10089038259;B
20240410;183219;163.12;10;10089038341;B
20240410;183221;163.1;390;10089038484;S
20240410;183222;163.12;10;10089038565;B
20240410;183223;163.1;1130;10089038584;S
20240410;183223;163.1;1000;10089038649;S
20240410;183224;163.1;200;10089038727;S
20240410;183225;163.1;100;10089038784;S
20240410;183225;163.12;10;10089038785;B
20240410;183226;163.1;570;10089038858;S
20240410;183226;163.1;100;10089038861;S
20240410;183228;163.1;10;10089039062;S
20240410;183229;163.12;10;10089039109;B
20240410;183229;163.1;10;10089039141;S
20240410;183230;163.1;2780;10089039175;S
20240410;183231;163.1;4000;10089039250;S
20240410;183232;163.1;700;10089039293;S
20240410;183232;163.1;100;10089039302;S
20240410;183233;163.1;200;10089039341;S
20240410;183233;163.1;10;10089039371;S
20240410;183233;163.1;100;10089039390;S
20240410;183234;163.1;2000;10089039417;S
20240410;183236;163.1;1600;10089039656;S
20240410;183238;163.1;760;10089039764;S
20240410;183239;163.1;5950;10089039896;S
20240410;183241;163.1;1690;10089040118;S
20240410;183242;163.1;520;10089040161;S
20240410;183244;163.1;1550;10089040339;S
20240410;183246;163.12;4370;10089040481;B
20240410;183246;163.12;880;10089040482;B
20240410;183246;163.12;800;10089040483;B
20240410;183246;163.12;490;10089040484;B
20240410;183246;163.12;440;10089040485;B
20240410;183246;163.12;360;10089040486;B
20240410;183246;163.12;210;10089040487;B
20240410;183246;163.12;90;10089040488;B
20240410;183246;163.14;50;10089040489;B
20240410;183246;163.14;5310;10089040490;B
20240410;183248;163.12;500;10089040631;B
20240410;183249;163.12;100;10089040702;B
20240410;183251;163.12;100;10089040793;B
20240410;183251;163.1;100;10089040794;S
20240410;183252;163.1;9710;10089040888;S
20240410;183253;163.12;10;10089040900;B
20240410;183253;163.12;10;10089040915;B
20240410;183255;163.1;1600;10089041057;S
20240410;183255;163.12;100;10089041062;B
20240410;183256;163.12;10;10089041085;B
20240410;183256;163.1;500;10089041132;S
20240410;183256;163.12;10;10089041141;B
20240410;183257;163.12;10;10089041175;B
20240410;183258;163.1;500;10089041218;S
20240410;183259;163.12;150;10089041255;B
20240410;183301;163.1;90;10089041358;S
20240410;183302;163.1;100;10089041437;S
20240410;183305;163.12;100;10089041640;B
20240410;183307;163.12;10;10089041793;B
20240410;183309;163.12;20;10089041877;B
20240410;183309;163.12;20;10089041886;B
20240410;183310;163.12;40;10089041984;B
20240410;183316;163.12;10;10089042327;B
20240410;183316;163.1;12420;10089042336;S
20240410;183318;163.12;2190;10089042486;B
20240410;183318;163.12;10;10089042498;B
20240410;183321;163.1;11930;10089042748;S
20240410;183323;163.1;2000;10089042941;S
20240410;183324;163.1;190;10089042985;S
20240410;183326;163.12;10;10089043098;B
20240410;183326;163.12;60;10089043106;B
20240410;183326;163.1;7110;10089043146;S
20240410;183326;163.1;10;10089043147;S
20240410;183326;163.1;10;10089043148;S
20240410;183326;163.1;250;10089043149;S
20240410;183326;163.1;10;10089043150;S
20240410;183326;163.1;10;10089043151;S
20240410;183326;163.1;10;10089043152;S
20240410;183326;163.1;100;10089043153;S
20240410;183326;163.1;10;10089043154;S
20240410;183326;163.1;20;10089043155;S
20240410;183326;163.1;10;10089043156;S
20240410;183326;163.1;10;10089043157;S
20240410;183326;163.1;100;10089043158;S
20240410;183326;163.1;100;10089043159;S
20240410;183326;163.1;150;10089043160;S
20240410;183326;163.1;100;10089043161;S
20240410;183326;163.1;10;10089043162;S
20240410;183326;163.1;10;10089043163;S
20240410;183326;163.1;10;10089043164;S
20240410;183326;163.1;20;10089043165;S
20240410;183326;163.1;100;10089043166;S
20240410;183326;163.1;10;10089043167;S
20240410;183326;163.1;20;10089043168;S
20240410;183327;163.08;30;10089043169;S
20240410;183327;163.08;300;10089043170;S
20240410;183327;163.08;10;10089043171;S
20240410;183327;163.08;10;10089043172;S
20240410;183327;163.08;100;10089043173;S
20240410;183327;163.06;30;10089043176;S
20240410;183327;163.06;50;10089043177;S
20240410;183327;163.06;10;10089043178;S
20240410;183327;163.06;10;10089043179;S
20240410;183327;163.06;90;10089043180;S
20240410;183327;163.04;10;10089043181;S
20240410;183327;163.04;100;10089043188;S
20240410;183327;163.1;1530;10089043191;B
20240410;183327;163.12;630;10089043192;B
20240410;183327;163.04;590;10089043196;S
20240410;183327;163.04;70;10089043197;S
20240410;183327;163.04;10;10089043198;S
20240410;183327;163.04;20;10089043199;S
20240410;183327;163.04;1820;10089043200;S
20240410;183327;163.04;100;10089043201;S
20240410;183327;163.04;80;10089043202;S
20240410;183327;163.04;30;10089043203;S
20240410;183327;163.04;20;10089043211;S
20240410;183327;163.04;640;10089043212;S
20240410;183327;163.04;100;10089043213;S
20240410;183327;163.02;20;10089043214;S
20240410;183327;163.02;10;10089043215;S
20240410;183327;163.02;50;10089043216;S
20240410;183327;163.02;20;10089043217;S
20240410;183327;163.02;10;10089043218;S
20240410;183327;163.02;10;10089043219;S
20240410;183327;163.02;10;10089043220;S
20240410;183327;163.02;710;10089043221;S
20240410;183327;163.02;400;10089043222;S
20240410;183327;163.02;50;10089043243;S
20240410;183328;163.08;300;10089043280;B
20240410;183328;163.08;250;10089043285;S
20240410;183331;163.08;150;10089043559;S
20240410;183331;163.02;840;10089043572;S
20240410;183331;163.02;2000;10089043573;S
20240410;183331;163.02;50;10089043574;S
20240410;183331;163.02;100;10089043575;S
20240410;183331;163.02;10;10089043576;S
20240410;183331;163.02;100;10089043577;S
20240410;183331;163.02;100;10089043578;S
20240410;183331;163.02;10;10089043579;S
20240410;183331;163.02;100;10089043580;S
20240410;183331;163.02;100;10089043581;S
20240410;183331;163.02;500;10089043582;S
20240410;183331;163.02;250;10089043583;S
20240410;183331;163.02;280;10089043584;S
20240410;183331;163.08;10;10089043589;B
20240410;183331;163.08;50;10089043615;B
20240410;183332;163.08;10;10089043624;B
20240410;183332;163.08;10;10089043715;B
20240410;183334;163.04;200;10089043808;S
20240410;183334;163.04;50;10089043809;S
20240410;183334;163.04;200;10089043810;S
20240410;183334;163.02;320;10089043811;S
20240410;183334;163.02;10;10089043812;S
20240410;183334;163.02;10;10089043813;S
20240410;183334;163.02;1410;10089043814;S
20240410;183338;163.06;10;10089044106;B
20240410;183340;163.06;20;10089044248;B
20240410;183341;163.04;50;10089044410;S
20240410;183345;163.04;10;10089044670;S
20240410;183345;163.06;10;10089044699;B
20240410;183346;163.06;10;10089044791;B
20240410;183346;163.04;140;10089044792;S
20240410;183346;163.04;50;10089044793;S
20240410;183346;163.04;10;10089044794;S
20240410;183346;163.04;200;10089044795;S
20240410;183346;163.04;100;10089044796;S
20240410;183346;163.04;200;10089044797;S
20240410;183346;163.04;10;10089044798;S
20240410;183346;163.02;90;10089044799;S
20240410;183346;163.02;50;10089044800;S
20240410;183346;163.02;50;10089044801;S
20240410;183346;163.02;30;10089044802;S
20240410;183346;163.02;330;10089044803;S
20240410;183346;163.02;10;10089044804;S
20240410;183346;163.02;10;10089044805;S
20240410;183346;163.02;10;10089044806;S
20240410;183346;163.02;10;10089044807;S
20240410;183346;163.02;600;10089044808;S
20240410;183347;163.06;10;10089044833;B
20240410;183348;163.04;790;10089044956;S
20240410;183351;163.04;100;10089045137;S
20240410;183357;163.04;700;10089045545;S
20240410;183357;163.06;2000;10089045550;B
20240410;183357;163.04;830;10089045557;S
20240410;183357;163.06;40;10089045582;B
20240410;183358;163.06;200;10089045612;B
20240410;183358;163.04;290;10089045644;S
20240410;183358;163.04;10;10089045645;S
20240410;183358;163.04;100;10089045646;S
20240410;183358;163.06;10;10089045667;B
20240410;183400;163.04;100;10089045751;S
20240410;183402;163.06;1920;10089045958;B
20240410;183403;163.06;1800;10089045991;S
20240410;183403;163.08;1420;10089046011;B
20240410;183403;163.08;280;10089046012;B
20240410;183403;163.08;270;10089046013;B
20240410;183403;163.08;530;10089046014;B
20240410;183405;163.06;100;10089046096;S
20240410;183406;163.08;10;10089046191;B
20240410;183407;163.08;600;10089046251;B
20240410;183407;163.06;610;10089046257;S
20240410;183407;163.04;390;10089046258;S
20240410;183410;163.04;300;10089046462;S
20240410;183411;163.08;200;10089046548;B
20240410;183413;163.08;120;10089046663;B
20240410;183415;163.08;60;10089046778;B
20240410;183415;163.08;10;10089046784;B
20240410;183415;163.08;250;10089046817;B
20240410;183416;163.08;200;10089046866;B
20240410;183422;163.08;10;10089047333;B
20240410;183423;163.06;10;10089047389;S
20240410;183423;163.08;480;10089047411;B
20240410;183423;163.08;330;10089047412;B
20240410;183423;163.1;100;10089047413;B
20240410;183423;163.1;400;10089047414;B
20240410;183423;163.1;40;10089047415;B
20240410;183423;163.1;780;10089047416;B
20240410;183423;163.12;100;10089047417;B
20240410;183423;163.14;640;10089047418;B
20240410;183424;163.16;20;10089047469;B
20240410;183425;163.14;160;10089047515;S
20240410;183425;163.08;140;10089047516;S
20240410;183428;163.1;200;10089047746;B
20240410;183430;163.08;800;10089047848;S
20240410;183430;163.08;30;10089047876;S
20240410;183434;163.1;10;10089048223;B
20240410;183437;163.1;80;10089048397;B
20240410;183443;163.08;20;10089048866;S
20240410;183447;163.08;100;10089049160;S
20240410;183451;163.08;190;10089049449;S
20240410;183451;163.08;100;10089049450;S
20240410;183451;163.08;410;10089049451;S
20240410;183451;163.08;530;10089049452;S
20240410;183455;163.1;410;10089049895;B
20240410;183455;163.1;670;10089049896;B
20240410;183455;163.1;920;10089049897;B
20240410;183459;163.08;10;10089050270;S
20240410;183500;163.1;20;10089050365;B
20240410;183502;163.08;680;10089050497;S
20240410;183502;163.08;800;10089050498;S
20240410;183502;163.06;610;10089050499;S
20240410;183503;163.1;10;10089050565;B
20240410;183503;163.08;100;10089050596;S
20240410;183504;163.08;10;10089050612;S
20240410;183504;163.08;20;10089050626;S
20240410;183504;163.1;20;10089050634;B
20240410;183508;163.08;20;10089051091;S
20240410;183508;163.06;80;10089051092;S
20240410;183512;163.06;10;10089051308;S
20240410;183513;163.08;1000;10089051356;B
20240410;183514;163.08;50;10089051399;B
20240410;183514;163.08;50;10089051400;B
20240410;183516;163.08;50;10089051575;B
20240410;183516;163.06;290;10089051583;S
20240410;183516;163.06;550;10089051584;S
20240410;183527;163.06;980;10089052424;S
20240410;183527;163.06;20;10089052425;S
20240410;183527;163.06;50;10089052426;S
20240410;183527;163.06;10;10089052427;S
20240410;183527;163.06;140;10089052428;S
20240410;183528;163.08;200;10089052510;B
20240410;183529;163.08;10;10089052663;B
20240410;183542;163.08;50;10089053690;B
20240410;183542;163.08;100;10089053691;B
20240410;183542;163.06;200;10089053710;S
20240410;183546;163.06;900;10089053975;S
20240410;183546;163.06;690;10089053996;S
20240410;183546;163.06;10;10089053997;S
20240410;183546;163.04;110;10089053998;S
20240410;183546;163.04;200;10089053999;S
20240410;183546;163.04;1320;10089054000;S
20240410;183547;163.08;10;10089054017;B
20240410;183554;163.06;120;10089054759;B
20240410;183557;163.06;200;10089054994;B
20240410;183558;163.04;1610;10089055110;S
20240410;183558;163.04;1180;10089055111;S
20240410;183558;163.04;100;10089055112;S
20240410;183558;163.04;10;10089055113;S
20240410;183558;163.02;400;10089055114;S
20240410;183558;163.02;1000;10089055115;S
20240410;183558;163.02;1000;10089055116;S
20240410;183558;163.02;10;10089055117;S
20240410;183558;163.02;300;10089055118;S
20240410;183558;163.02;50;10089055119;S
20240410;183558;163.02;50;10089055120;S
20240410;183558;163.02;50;10089055121;S
20240410;183558;163.02;2000;10089055122;S
20240410;183558;163.02;90;10089055123;S
20240410;183559;163.06;400;10089055180;B
20240410;183607;163.02;50;10089055863;S
20240410;183607;163.02;10;10089055897;S
20240410;183609;163.02;20;10089055963;S
20240410;183614;163.02;380;10089056394;S
20240410;183616;163.04;130;10089056523;B
20240410;183616;163.04;950;10089056524;B
20240410;183616;163.04;90;10089056525;B
20240410;183616;163.04;20;10089056526;B
20240410;183616;163.04;90;10089056527;B
20240410;183616;163.04;1350;10089056528;B
20240410;183616;163.04;130;10089056529;B
20240410;183618;163.04;200;10089056628;S
20240410;183620;163.04;10;10089056854;S
20240410;183621;163.06;290;10089056901;B
20240410;183621;163.06;700;10089056902;B
20240410;183621;163.06;140;10089056903;B
20240410;183621;163.06;150;10089056904;B
20240410;183621;163.06;220;10089056905;B
20240410;183621;163.08;920;10089056906;B
20240410;183621;163.08;560;10089056907;B
20240410;183621;163.08;1000;10089056908;B
20240410;183621;163.08;1000;10089056909;B
20240410;183621;163.08;20;10089056910;B
20240410;183621;163.08;100;10089056918;B
20240410;183622;163.08;20;10089057028;B
20240410;183624;163.08;10;10089057149;B
20240410;183625;163.06;60;10089057207;S
20240410;183625;163.04;190;10089057208;S
20240410;183625;163.08;10;10089057216;B
20240410;183625;163.08;990;10089057251;B
20240410;183625;163.08;50;10089057252;B
20240410;183625;163.1;50;10089057253;B
20240410;183625;163.1;300;10089057254;B
20240410;183625;163.1;500;10089057255;B
20240410;183625;163.1;1610;10089057256;B
20240410;183626;163.1;50;10089057340;B
20240410;183626;163.12;20;10089057341;B
20240410;183626;163.12;430;10089057342;B
20240410;183627;163.06;40;10089057464;S
20240410;183628;163.12;10;10089057480;B
20240410;183628;163.08;20;10089057499;S
20240410;183631;163.1;500;10089057754;S
20240410;183640;163.12;10;10089058369;B
20240410;183641;163.12;10;10089058492;B
20240410;183643;163.08;50;10089058556;S
20240410;183648;163.12;10;10089058935;B
20240410;183650;163.12;30;10089059023;B
20240410;183651;163.12;10;10089059099;B
20240410;183656;163.1;10;10089059428;S
20240410;183656;163.12;50;10089059436;B
20240410;183657;163.12;480;10089059495;B
20240410;183657;163.12;530;10089059496;B
20240410;183657;163.14;500;10089059497;B
20240410;183657;163.14;1320;10089059498;B
20240410;183657;163.16;400;10089059499;B
20240410;183657;163.16;100;10089059500;B
20240410;183657;163.16;1000;10089059501;B
20240410;183658;163.18;30;10089059588;B
20240410;183658;163.18;470;10089059607;B
20240410;183658;163.2;200;10089059608;B
20240410;183658;163.2;20;10089059609;B
20240410;183658;163.2;20;10089059610;B
20240410;183658;163.24;590;10089059611;B
20240410;183658;163.24;1520;10089059629;B
20240410;183658;163.26;100;10089059630;B
20240410;183658;163.26;20;10089059631;B
20240410;183658;163.28;3360;10089059632;B
20240410;183704;163.2;10;10089060122;S
20240410;183704;163.18;470;10089060123;S
20240410;183705;163.18;250;10089060160;S
20240410;183705;163.18;250;10089060161;S
20240410;183706;163.22;10;10089060214;B
20240410;183711;163.18;30;10089060503;B
20240410;183712;163.18;30;10089060547;B
20240410;183714;163.18;440;10089060701;B
20240410;183714;163.18;560;10089060702;B
20240410;183714;163.16;100;10089060705;S
20240410;183714;163.18;10;10089060709;B
20240410;183714;163.18;30;10089060711;B
20240410;183715;163.16;570;10089060794;S
20240410;183715;163.14;10;10089060795;S
20240410;183715;163.14;10;10089060796;S
20240410;183715;163.14;2000;10089060797;S
20240410;183715;163.12;2890;10089060798;S
20240410;183715;163.12;650;10089060799;S
20240410;183718;163.14;10;10089061039;B
20240410;183719;163.14;30;10089061138;B
20240410;183721;163.12;10;10089061314;B
20240410;183724;163.12;500;10089061524;B
20240410;183726;163.12;10;10089061681;B
20240410;183727;163.12;600;10089061744;B
20240410;183728;163.14;50;10089061847;B
20240410;183729;163.12;10;10089061867;S
20240410;183729;163.1;10;10089061868;S
20240410;183729;163.1;10;10089061869;S
20240410;183729;163.1;10;10089061870;S
20240410;183729;163.1;60;10089061871;S
20240410;183734;163.14;30;10089062259;B
20240410;183739;163.12;10;10089062627;S
20240410;183739;163.12;690;10089062628;S
20240410;183747;163.14;100;10089063310;B
20240410;183753;163.12;190;10089063933;S
20240410;183753;163.1;10;10089063934;S
20240410;183755;163.14;470;10089064057;B
20240410;183755;163.14;330;10089064058;B
20240410;183755;163.14;30;10089064114;B
20240410;183759;163.14;100;10089064423;B
20240410;183804;163.12;1530;10089064897;S
20240410;183804;163.1;170;10089064898;S
20240410;183804;163.1;70;10089064953;S
20240410;183805;163.14;200;10089065028;B
20240410;183806;163.1;10;10089065072;S
20240410;183808;163.1;170;10089065191;S
20240410;183809;163.14;30;10089065271;B
20240410;183809;163.14;10;10089065287;B
20240410;183812;163.14;300;10089065534;B
20240410;183812;163.14;100;10089065535;B
20240410;183812;163.14;480;10089065536;B
20240410;183812;163.14;30;10089065537;B
20240410;183812;163.14;40;10089065538;B
20240410;183812;163.14;30;10089065539;B
20240410;183812;163.16;100;10089065540;B
20240410;183812;163.16;800;10089065541;B
20240410;183812;163.16;60;10089065542;B
20240410;183812;163.16;60;10089065543;B
20240410;183812;163.16;50;10089065544;B
20240410;183812;163.18;100;10089065545;B
20240410;183812;163.18;100;10089065546;B
20240410;183812;163.18;580;10089065547;B
20240410;183812;163.18;10;10089065548;B
20240410;183812;163.18;70;10089065549;B
20240410;183812;163.2;90;10089065550;B
20240410;183816;163.14;2200;10089065815;S
20240410;183816;163.12;50;10089065816;S
20240410;183816;163.12;1220;10089065817;S
20240410;183816;163.12;1530;10089065818;S
20240410;183816;163.1;1130;10089065819;S
20240410;183816;163.18;10;10089065843;B
20240410;183818;163.18;980;10089066048;B
20240410;183819;163.18;10;10089066100;B
20240410;183820;163.14;100;10089066137;S
20240410;183823;163.16;10;10089066535;B
20240410;183824;163.16;100;10089066572;B
20240410;183825;163.14;200;10089066663;S
20240410;183827;163.16;360;10089066852;B
20240410;183827;163.16;210;10089066853;B
20240410;183829;163.14;100;10089066973;S
20240410;183829;163.14;30;10089066974;S
20240410;183836;163.14;20;10089067515;B
20240410;183838;163.14;10;10089067650;B
20240410;183840;163.14;10;10089067776;B
20240410;183842;163.14;100;10089067977;B
20240410;183843;163.12;20;10089068046;S
20240410;183843;163.12;2910;10089068047;S
20240410;183843;163.14;10;10089068062;B
20240410;183843;163.14;20;10089068067;B
20240410;183843;163.14;120;10089068068;B
20240410;183845;163.14;500;10089068145;B
20240410;183845;163.14;590;10089068146;B
20240410;183845;163.14;40;10089068147;B
20240410;183845;163.14;30;10089068148;B
20240410;183845;163.14;1220;10089068149;B
20240410;183845;163.16;290;10089068150;B
20240410;183845;163.16;610;10089068151;B
20240410;183845;163.16;250;10089068152;B
20240410;183845;163.16;430;10089068153;B
20240410;183845;163.16;100;10089068154;B
20240410;183845;163.16;60;10089068155;B
20240410;183845;163.16;50;10089068156;B
20240410;183845;163.18;2000;10089068157;B
20240410;183845;163.18;650;10089068158;B
20240410;183845;163.18;360;10089068159;B
20240410;183845;163.18;450;10089068160;B
20240410;183845;163.18;80;10089068161;B
20240410;183845;163.18;70;10089068162;B
20240410;183845;163.2;980;10089068163;B
20240410;183845;163.18;10;10089068237;B
20240410;183845;163.12;990;10089068240;S
20240410;183846;163.18;150;10089068312;B
20240410;183847;163.18;30;10089068352;B
20240410;183847;163.14;100;10089068366;S
20240410;183847;163.12;1300;10089068367;S
20240410;183847;163.12;100;10089068368;S
20240410;183847;163.12;500;10089068369;S
20240410;183847;163.1;380;10089068370;S
20240410;183847;163.1;50;10089068371;S
20240410;183847;163.1;2570;10089068372;S
20240410;183848;163.18;1030;10089068428;B
20240410;183848;163.18;690;10089068429;B
20240410;183848;163.18;500;10089068430;B
20240410;183849;163.18;1030;10089068582;B
20240410;183849;163.18;210;10089068583;B
20240410;183850;163.18;1010;10089068663;B
20240410;183850;163.18;250;10089068664;B
20240410;183850;163.18;1530;10089068665;B
20240410;183850;163.2;1430;10089068666;B
20240410;183850;163.2;500;10089068667;B
20240410;183850;163.2;1150;10089068668;B
20240410;183850;163.22;240;10089068669;B
20240410;183851;163.14;7590;10089068770;S
20240410;183851;163.22;260;10089068807;B
20240410;183851;163.24;1000;10089068808;B
20240410;183851;163.24;20;10089068809;B
20240410;183851;163.26;1000;10089068810;B
20240410;183851;163.26;220;10089068811;B
20240410;183852;163.22;5000;10089068841;B
20240410;183853;163.22;140;10089068958;B
20240410;183854;163.22;140;10089069048;B
20240410;183855;163.22;10;10089069111;B
20240410;183855;163.22;10;10089069174;B
20240410;183856;163.22;1700;10089069220;B
20240410;183856;163.26;1530;10089069221;B
20240410;183856;163.28;3070;10089069222;B
20240410;183856;163.28;150;10089069284;B
20240410;183857;163.28;440;10089069294;B
20240410;183857;163.3;100;10089069295;B
20240410;183857;163.32;770;10089069296;B
20240410;183857;163.34;1190;10089069297;B
20240410;183857;163.34;1000;10089069308;B
20240410;183857;163.38;100;10089069310;B
20240410;183857;163.38;20;10089069311;B
20240410;183857;163.38;30;10089069350;B
20240410;183857;163.4;60;10089069351;B
20240410;183857;163.4;30;10089069352;B
20240410;183858;163.4;20;10089069378;B
20240410;183858;163.42;10;10089069379;B
20240410;183858;163.42;80;10089069380;B
20240410;183858;163.42;1120;10089069381;B
20240410;183858;163.42;50;10089069382;B
20240410;183858;163.44;50;10089069383;B
20240410;183858;163.46;100;10089069384;B
20240410;183858;163.46;60;10089069385;B
20240410;183858;163.46;40;10089069386;B
20240410;183858;163.46;500;10089069387;B
20240410;183858;163.46;870;10089069388;B
20240410;183858;163.46;300;10089069436;B
20240410;183858;163.46;50;10089069448;B
20240410;183858;163.46;1120;10089069458;B
20240410;183858;163.46;100;10089069459;B
20240410;183858;163.48;1780;10089069460;B
20240410;183858;163.48;4220;10089069461;B
20240410;183858;163.48;2000;10089069462;B
20240410;183858;163.48;400;10089069463;B
20240410;183858;163.5;370;10089069464;B
20240410;183858;163.5;10;10089069465;B
20240410;183858;163.5;3000;10089069466;B
20240410;183858;163.5;220;10089069474;B
20240410;183859;163.36;300;10089069541;S
20240410;183859;163.5;2000;10089069572;B
20240410;183859;163.5;300;10089069589;B
20240410;183900;163.4;20;10089069645;B
20240410;183900;163.5;360;10089069646;B
20240410;183900;163.5;60;10089069674;B
20240410;183900;163.5;50;10089069687;B
20240410;183901;163.5;10;10089069714;B
20240410;183901;163.52;10;10089069715;B
20240410;183901;163.52;380;10089069716;B
20240410;183901;163.52;170;10089069717;B
20240410;183901;163.52;70;10089069718;B
20240410;183901;163.56;300;10089069735;B
20240410;183901;163.56;30;10089069736;B
20240410;183901;163.56;10;10089069737;B
20240410;183901;163.56;1500;10089069738;B
20240410;183901;163.56;500;10089069739;B
20240410;183901;163.58;20;10089069740;B
20240410;183901;163.58;2640;10089069741;B
20240410;183901;163.58;10;10089069748;B
20240410;183902;163.58;10;10089069815;B
20240410;183902;163.58;280;10089069826;B
20240410;183902;163.58;560;10089069859;B
20240410;183902;163.6;1440;10089069860;B
20240410;183905;163.48;120;10089070234;B
20240410;183907;163.48;140;10089070379;B
20240410;183907;163.48;1530;10089070380;B
20240410;183907;163.5;150;10089070381;B
20240410;183911;163.4;10;10089070778;B
20240410;183911;163.46;10;10089070779;B
20240410;183911;163.48;70;10089070780;B
20240410;183912;163.48;120;10089070897;B
20240410;183912;163.5;6840;10089070898;B
20240410;183912;163.5;1000;10089070899;B
20240410;183913;163.54;100;10089071058;B
20240410;183913;163.56;10;10089071059;B
20240410;183913;163.56;10;10089071060;B
20240410;183913;163.56;4190;10089071061;B
20240410;183913;163.56;690;10089071062;B
20240410;183913;163.58;10;10089071067;B
20240410;183914;163.58;450;10089071172;B
20240410;183914;163.58;1350;10089071173;B
20240410;183915;163.54;10;10089071264;B
20240410;183916;163.5;180;10089071366;S
20240410;183916;163.54;100;10089071381;B
20240410;183916;163.54;2400;10089071389;B
20240410;183916;163.58;1150;10089071390;B
20240410;183916;163.58;50;10089071391;B
20240410;183916;163.58;1530;10089071392;B
20240410;183916;163.6;3560;10089071393;B
20240410;183916;163.6;400;10089071394;B
20240410;183916;163.6;710;10089071395;B
20240410;183916;163.6;1450;10089071396;B
20240410;183917;163.5;10;10089071440;S
20240410;183919;163.5;100;10089071619;S
20240410;183919;163.52;10;10089071624;B
20240410;183919;163.54;1700;10089071625;B
20240410;183919;163.58;20;10089071626;B
20240410;183919;163.6;1000;10089071627;B
20240410;183919;163.6;1530;10089071628;B
20240410;183919;163.62;50;10089071629;B
20240410;183919;163.62;690;10089071630;B
20240410;183919;163.62;400;10089071631;B
20240410;183919;163.62;10;10089071632;B
20240410;183919;163.62;1650;10089071633;B
20240410;183919;163.62;1220;10089071634;B
20240410;183919;163.64;20;10089071635;B
20240410;183919;163.64;10000;10089071636;B
20240410;183919;163.66;20;10089071637;B
20240410;183919;163.66;1600;10089071638;B
20240410;183919;163.66;800;10089071639;B
20240410;183919;163.68;5550;10089071640;B
20240410;183919;163.68;30;10089071641;B
20240410;183919;163.68;40;10089071642;B
20240410;183920;163.68;40;10089071716;B
20240410;183921;163.52;10;10089071939;S
20240410;183922;163.58;10;10089071952;B
20240410;183923;163.58;10;10089072105;B
20240410;183923;163.66;10;10089072106;B
20240410;183923;163.68;40;10089072107;B
20240410;183923;163.68;1220;10089072108;B
20240410;183923;163.68;1530;10089072109;B
20240410;183923;163.68;2190;10089072110;B
20240410;183925;163.66;1220;10089072257;B
20240410;183925;163.66;10;10089072258;B
20240410;183925;163.66;1530;10089072259;B
20240410;183925;163.68;3920;10089072260;B
20240410;183925;163.7;10720;10089072261;B
20240410;183925;163.7;10;10089072262;B
20240410;183925;163.7;20;10089072263;B
20240410;183925;163.74;1000;10089072264;B
20240410;183925;163.76;10000;10089072265;B
20240410;183925;163.8;10;10089072266;B
20240410;183925;163.8;400;10089072267;B
20240410;183925;163.8;20;10089072268;B
20240410;183925;163.82;50;10089072269;B
20240410;183925;163.82;1220;10089072270;B
20240410;183925;163.84;400;10089072271;B
20240410;183925;163.84;400;10089072272;B
20240410;183925;163.76;200;10089072314;S
20240410;183926;163.82;10;10089072379;B
20240410;183926;163.82;590;10089072380;B
20240410;183927;163.76;1990;10089072489;S
20240410;183928;163.78;20;10089072569;B
20240410;183929;163.78;100;10089072577;B
20240410;183929;163.76;10;10089072591;S
20240410;183929;163.76;1920;10089072659;S
20240410;183930;163.78;20;10089072813;B
20240410;183931;163.76;5510;10089072901;S
20240410;183932;163.76;10;10089072945;S
20240410;183934;163.78;860;10089073064;B
20240410;183934;163.78;10;10089073065;B
20240410;183934;163.78;130;10089073066;B
20240410;183935;163.78;40;10089073132;B
20240410;183935;163.76;950;10089073171;S
20240410;183936;163.78;1050;10089073305;B
20240410;183936;163.78;1480;10089073306;B
20240410;183936;163.8;10;10089073307;B
20240410;183936;163.8;120;10089073308;B
20240410;183936;163.8;340;10089073309;B
20240410;183937;163.76;5000;10089073355;S
20240410;183937;163.76;250;10089073377;S
20240410;183938;163.76;1000;10089073379;S
20240410;183938;163.76;1600;10089073380;S
20240410;183938;163.78;80;10089073392;B
20240410;183938;163.76;3500;10089073409;S
20240410;183938;163.76;2000;10089073423;S
20240410;183938;163.78;1000;10089073463;B
20240410;183940;163.78;20;10089073611;B
20240410;183941;163.76;120;10089073663;S
20240410;183941;163.76;890;10089073720;S
20240410;183941;163.76;20;10089073721;S
20240410;183942;163.76;100;10089073725;B
20240410;183942;163.78;1510;10089073726;B
20240410;183942;163.78;690;10089073727;B
20240410;183946;163.74;10;10089074043;B
20240410;183947;163.64;1040;10089074103;S
20240410;183947;163.74;10;10089074125;B
20240410;183951;163.64;20;10089074571;S
20240410;183951;163.58;130;10089074572;S
20240410;183952;163.66;600;10089074661;B
20240410;183955;163.74;10;10089074911;B
20240410;184521;163.5;60;10089089665;B
20240410;184521;163.5;240;10089089666;B
20240410;184521;163.5;470;10089089667;B
20240410;184521;163.5;20;10089089668;B
20240410;184521;163.5;50;10089089669;B
20240410;184521;163.5;310;10089089670;B
20240410;184521;163.5;220;10089089671;B
20240410;184521;163.5;30;10089089672;B
20240410;184521;163.5;50;10089089673;B
20240410;184521;163.5;320;10089089674;B
20240410;184521;163.5;100;10089089675;B
20240410;184521;163.5;100;10089089676;B
20240410;184521;163.5;120;10089089677;S
20240410;184521;163.5;130;10089089678;S
20240410;184521;163.5;700;10089089679;S
20240410;184521;163.5;70;10089089680;S
20240410;184521;163.5;350;10089089681;B
20240410;184521;163.5;10;10089089682;B
20240410;184521;163.5;2260;10089089683;S
20240410;184521;163.5;250;10089089684;B
20240410;184521;163.5;30;10089089685;B
20240410;184521;163.5;1750;10089089686;B
20240410;184521;163.5;720;10089089687;S
20240410;184521;163.5;100;10089089688;B
20240410;184521;163.5;30;10089089689;B
20240410;184521;163.5;30;10089089690;B
20240410;184521;163.5;20;10089089691;B
20240410;184521;163.5;300;10089089692;B
20240410;184521;163.5;10;10089089693;B
20240410;184521;163.5;30;10089089694;B
20240410;184521;163.5;90;10089089695;B
20240410;184521;163.5;40;10089089696;B
20240410;184521;163.5;60;10089089697;S
20240410;184521;163.5;20;10089089698;S
20240410;184521;163.5;10;10089089699;B
20240410;184521;163.5;20;10089089700;B
20240410;184521;163.5;50;10089089701;B
20240410;184521;163.5;20;10089089702;S
20240410;184521;163.5;3800;10089089703;S
20240410;184521;163.5;1200;10089089704;S
20240410;184521;163.5;100;10089089705;S
20240410;184521;163.5;350;10089089706;B
20240410;184521;163.5;200;10089089707;B
20240410;184521;163.5;150;10089089708;B
20240410;184521;163.5;1000;10089089709;B
20240410;184521;163.5;500;10089089710;S
20240410;184535;163.5;400;10089090768;S
20240410;184535;163.5;570;10089090769;S
20240410;184535;163.5;10;10089090770;S
20240410;184535;163.5;2150;10089090771;S
20240410;184543;163.5;20;10089090832;S
20240410;184545;163.5;100;10089090869;S
20240410;184546;163.5;610;10089090888;S
20240410;184556;163.5;30;10089090986;S
20240410;184557;163.5;590;10089090998;S
20240410;184557;163.5;10;10089090999;S
20240410;184557;163.5;300;10089091000;S
20240410;184557;163.5;30;10089091001;S
20240410;184613;163.5;10;10089091131;B
20240410;184629;163.5;10;10089091302;B
20240410;184634;163.5;5000;10089091349;B
20240410;184635;163.5;250;10089091360;B
20240410;184714;163.5;50;10089091659;B
20240410;184714;163.5;40;10089091660;B
20240410;184714;163.5;10;10089091661;B
20240410;184714;163.5;100;10089091662;B
20240410;184717;163.5;10;10089091677;B
20240410;184730;163.5;30;10089091780;B
20240410;184731;163.5;30;10089091784;B
20240410;184731;163.5;30;10089091789;B
20240410;184731;163.5;30;10089091790;B
20240410;184732;163.5;30;10089091791;B
20240410;184732;163.5;30;10089091793;B
20240410;184732;163.5;110;10089091794;B
20240410;184732;163.5;100;10089091795;B
20240410;184732;163.5;200;10089091796;B
20240410;184738;163.5;90;10089091828;S
20240410;184738;163.5;30;10089091829;S
20240410;184744;163.5;20;10089091873;B
20240410;184744;163.5;10;10089091887;B
20240410;184745;163.5;10;10089091892;B
20240410;184755;163.5;1000;10089091990;B
20240410;184823;163.5;40;10089092174;B
20240410;184823;163.5;10;10089092175;B
20240410;184826;163.5;10;10089092188;B
20240410;184848;163.5;130;10089092403;B
20240410;184848;163.5;20;10089092404;B
20240410;184849;163.5;30;10089092412;B
20240410;184849;163.5;50;10089092413;B
20240410;184849;163.5;90;10089092414;B
20240410;184849;163.5;10;10089092415;B
20240410;184916;163.5;200;10089092631;S
20240410;184940;163.5;2430;10089092738;S
20240410;184940;163.5;10;10089092739;S
20240410;184940;163.5;50;10089092740;S
20240410;184940;163.5;3300;10089092741;S
20240410;184940;163.5;4570;10089092742;S
20240410;190450;163.42;10;10089100062;S
20240410;190450;163.42;120;10089100063;S
20240410;190450;163.42;10;10089100064;S
20240410;190450;163.42;10;10089100065;S
20240410;190450;163.42;10;10089100066;S
20240410;190450;163.42;20;10089100067;B
20240410;190450;163.42;20;10089100068;B
20240410;190450;163.42;270;10089100069;S
20240410;190450;163.42;30;10089100070;S
20240410;190450;163.42;20;10089100071;S
20240410;190450;163.42;10;10089100072;S
20240410;190450;163.42;30;10089100073;S
20240410;190450;163.42;10;10089100074;S
20240410;190450;163.42;10;10089100075;S
20240410;190450;163.42;10;10089100076;S
20240410;190450;163.42;410;10089100077;S
20240410;190450;163.42;270;10089100078;S
20240410;190450;163.42;100;10089100079;S
20240410;190450;163.42;220;10089100080;S
20240410;190450;163.42;40;10089100081;B
20240410;190450;163.42;240;10089100082;B
20240410;190450;163.42;60;10089100083;S
20240410;190450;163.42;40;10089100084;S
20240410;190450;163.42;60;10089100085;S
20240410;190450;163.42;120;10089100086;B
20240410;190450;163.42;100;10089100087;S
20240410;190450;163.42;20;10089100088;S
20240410;190450;163.42;100;10089100089;B
20240410;190450;163.42;40;10089100090;S
20240410;190501;163.5;10;10089101363;B
20240410;190501;163.5;10;10089101364;B
20240410;190501;163.5;10;10089101382;B
20240410;190501;163.42;1500;10089101420;S
20240410;190501;163.42;300;10089101436;S
20240410;190501;163.42;10;10089101451;S
20240410;190501;163.42;200;10089101453;S
20240410;190501;163.5;10;10089101517;B
20240410;190501;163.5;10;10089101518;B
20240410;190501;163.58;480;10089101519;B
20240410;190501;163.58;30;10089101546;B
20240410;190501;163.58;20;10089101585;B
20240410;190501;163.42;20;10089101614;S
20240410;190501;163.58;1170;10089101615;B
20240410;190501;163.6;1000;10089101616;B
20240410;190501;163.62;10;10089101617;B
20240410;190501;163.62;2210;10089101618;B
20240410;190501;163.82;1530;10089101619;B
20240410;190501;163.84;4000;10089101620;B
20240410;190501;163.88;10000;10089101621;B
20240410;190501;163.9;50;10089101622;B
20240410;190501;163.9;30;10089101623;B
20240410;190502;163.8;60;10089101692;B
20240410;190502;163.6;200;10089102305;B
20240410;190503;163.76;290;10089102488;B
20240410;190503;163.76;930;10089102706;B
20240410;190503;163.76;1530;10089102707;B
20240410;190503;163.78;2150;10089102708;B
20240410;190503;163.84;200;10089102709;B
20240410;190503;163.88;5380;10089102710;B
20240410;190507;163.74;10;10089103482;B
20240410;190509;163.56;3710;10089103602;S
20240410;190509;163.54;400;10089103603;S
20240410;190509;163.54;200;10089103604;S
20240410;190509;163.54;500;10089103605;S
20240410;190509;163.52;10;10089103606;S
20240410;190509;163.5;4000;10089103607;S
20240410;190509;163.48;9680;10089103608;S
20240410;190511;163.78;10;10089104108;B
20240410;190512;163.44;10;10089104310;S
20240410;190516;163.7;10;10089104909;B
20240410;190520;163.7;10;10089105768;B
20240410;190520;163.7;10;10089105823;B
20240410;190521;163.7;180;10089105897;B
20240410;190521;163.72;180;10089105898;B
20240410;190522;163.52;10;10089105994;S
20240410;190522;163.72;10;10089106132;B
20240410;190522;163.72;10;10089106139;B
20240410;190526;163.7;10;10089106610;B
20240410;190526;163.72;50;10089106611;B
20240410;190534;163.54;150;10089107755;S
20240410;190536;163.66;10;10089108089;B
20240410;190540;163.7;150;10089108531;B
20240410;190540;163.72;400;10089108532;B
20240410;190540;163.74;2430;10089108533;B
20240410;190540;163.74;580;10089108534;B
20240410;190542;163.58;30;10089108708;S
20240410;190545;163.72;30;10089108994;B
20240410;190545;163.74;10;10089108995;B
20240410;190546;163.58;100;10089109062;S
20240410;190548;163.72;10;10089109272;B
20240410;190548;163.72;10;10089109345;B
20240410;190556;163.62;10;10089110149;S
20240410;190556;163.6;10;10089110150;S
20240410;190556;163.6;10;10089110151;S
20240410;190556;163.58;120;10089110152;S
20240410;190556;163.58;500;10089110153;S
20240410;190556;163.58;10;10089110154;S
20240410;190556;163.58;10;10089110155;S
20240410;190556;163.58;30;10089110156;S
20240410;190556;163.56;200;10089110157;S
20240410;190556;163.56;2440;10089110158;S
20240410;190556;163.56;320;10089110159;S
20240410;190556;163.54;50;10089110160;S
20240410;190556;163.54;3600;10089110161;S
20240410;190600;163.68;20;10089110424;B
20240410;190600;163.68;10;10089110425;B
20240410;190600;163.68;30;10089110487;B
20240410;190604;163.64;10;10089110836;B
20240410;190605;163.66;20;10089110932;B
20240410;190605;163.66;10;10089110933;B
20240410;190606;163.64;10;10089110962;B
20240410;190606;163.66;10;10089110963;B
20240410;190611;163.66;180;10089111659;B
20240410;190611;163.66;200;10089111660;B
20240410;190611;163.66;2440;10089111661;B
20240410;190611;163.66;1530;10089111662;B
20240410;190611;163.68;1180;10089111663;B
20240410;190611;163.68;1650;10089111664;B
20240410;190611;163.66;10;10089111682;B
20240410;190612;163.56;10;10089111855;S
20240410;190612;163.56;20;10089111856;S
20240410;190612;163.54;70;10089111857;S
20240410;190618;163.62;10;10089112503;B
20240410;190625;163.54;10;10089113091;S
20240410;190625;163.52;10;10089113092;S
20240410;190625;163.52;380;10089113093;S
20240410;190626;163.6;10;10089113176;S
20240410;190626;163.54;290;10089113177;S
20240410;190640;163.54;10;10089114004;B
20240410;190640;163.54;40;10089114018;B
20240410;190640;163.52;170;10089114020;S
20240410;190640;163.52;200;10089114021;S
20240410;190640;163.52;30;10089114022;S
20240410;190640;163.5;500;10089114023;S
20240410;190640;163.5;300;10089114024;S
20240410;190640;163.5;20;10089114025;S
20240410;190640;163.5;50;10089114026;S
20240410;190640;163.46;400;10089114027;S
20240410;190640;163.46;50;10089114028;S
20240410;190640;163.46;500;10089114029;S
20240410;190640;163.44;2440;10089114030;S
20240410;190640;163.44;340;10089114031;S
20240410;190640;163.5;10;10089114037;B
20240410;190641;163.5;10;10089114047;B
20240410;190648;163.5;2980;10089114341;B
20240410;190648;163.54;50;10089114342;B
20240410;190648;163.54;20;10089114343;B
20240410;190648;163.56;10;10089114344;B
20240410;190648;163.56;1040;10089114345;B
20240410;190652;163.5;100;10089114689;B
20240410;190655;163.54;100;10089115029;B
20240410;190706;163.54;10;10089116411;B
20240410;190710;163.54;1390;10089117170;B
20240410;190710;163.54;100;10089117171;B
20240410;190710;163.58;40;10089117172;B
20240410;190710;163.58;470;10089117173;B
20240410;190711;163.6;10;10089117432;B
20240410;190720;163.52;150;10089119651;S
20240410;190721;163.52;350;10089119719;S
20240410;190721;163.52;500;10089119720;S
20240410;190722;163.5;90;10089119826;S
20240410;190723;163.5;1810;10089119913;S
20240410;190723;163.5;300;10089119914;S
20240410;190723;163.48;430;10089119915;S
20240410;190723;163.46;1780;10089119916;S
20240410;190723;163.44;680;10089119917;S
20240410;190725;163.52;120;10089120074;B
20240410;190727;163.52;10;10089120211;B
20240410;190728;163.52;10;10089120323;B
20240410;190730;163.46;100;10089120480;S
20240410;190731;163.52;100;10089120534;B
20240410;190732;163.44;10;10089120598;S
20240410;190736;163.52;160;10089120936;B
20240410;190736;163.56;2440;10089120937;B
20240410;190736;163.58;1220;10089120938;B
20240410;190736;163.58;1110;10089120939;B
20240410;190737;163.6;290;10089120954;B
20240410;190737;163.6;710;10089120955;B
20240410;190739;163.6;10;10089121100;B
20240410;190742;163.48;110;10089121261;S
20240410;190749;163.52;50;10089121622;B
20240410;190753;163.52;10;10089121784;B
20240410;190754;163.48;10;10089121836;S
20240410;190754;163.46;60;10089121837;S
20240410;190755;163.46;10;10089121924;S
20240410;190758;163.52;10;10089122050;B
20240410;190803;163.46;10;10089122295;S
20240410;190805;163.46;510;10089122347;S
20240410;190805;163.52;60;10089122386;B
20240410;190807;163.46;10;10089122424;S
20240410;190812;163.52;70;10089122637;B
20240410;190812;163.46;190;10089122660;S
20240410;190812;163.44;60;10089122661;S
20240410;190813;163.46;60;10089122685;S
20240410;190816;163.52;10;10089122860;B
20240410;190817;163.46;330;10089122898;S
20240410;190817;163.46;70;10089122899;S
20240410;190821;163.52;10;10089123211;B
20240410;190829;163.52;10;10089123862;B
20240410;190830;163.52;10;10089123956;B
20240410;190831;163.46;30;10089123991;S
20240410;190831;163.46;200;10089123992;S
20240410;190831;163.46;20;10089123993;S
20240410;190836;163.46;20;10089124344;S
20240410;190845;163.52;20;10089125118;B
20240410;190845;163.52;40;10089125128;B
20240410;190847;163.48;100;10089125266;S
20240410;190847;163.46;10;10089125267;S
20240410;190847;163.46;10;10089125268;S
20240410;190847;163.46;80;10089125269;S
20240410;190853;163.52;40;10089125535;S
20240410;190853;163.48;50;10089125536;S
20240410;190853;163.46;910;10089125537;S
20240410;190855;163.58;50;10089125627;B
20240410;190857;163.58;10;10089125663;B
20240410;190901;163.5;50;10089125830;S
20240410;190901;163.48;20;10089125831;S
20240410;190901;163.48;80;10089125832;S
20240410;190906;163.58;10;10089126074;B
20240410;190906;163.48;10;10089126077;S
20240410;190906;163.58;70;10089126082;B
20240410;190906;163.6;110;10089126083;B
20240410;190907;163.48;110;10089126094;S
20240410;190907;163.48;10;10089126095;S
20240410;190907;163.48;10;10089126096;S
20240410;190907;163.46;360;10089126097;S
20240410;190909;163.58;10;10089126186;B
20240410;190909;163.58;120;10089126187;B
20240410;190909;163.58;20;10089126188;B
20240410;190911;163.6;90;10089126236;B
20240410;190913;163.5;100;10089126316;S
20240410;190915;163.6;100;10089126379;B
20240410;190916;163.5;100;10089126388;S
20240410;190916;163.48;10;10089126389;S
20240410;190916;163.48;10;10089126390;S
20240410;190916;163.46;180;10089126391;S
20240410;190916;163.58;10;10089126429;B
20240410;190920;163.58;10;10089126606;B
20240410;190924;163.56;10;10089126750;S
20240410;190924;163.54;10;10089126751;S
20240410;190924;163.54;100;10089126762;S
20240410;190930;163.6;30;10089127002;B
20240410;190930;163.6;120;10089127004;B
20240410;190932;163.54;500;10089127084;S
20240410;190933;163.54;20;10089127139;S
20240410;190935;163.54;10;10089127335;S
20240410;190940;163.54;10;10089127568;S
20240410;190941;163.54;100;10089127577;S
20240410;190941;163.54;20;10089127578;S
20240410;190947;163.6;330;10089127855;B
20240410;190947;163.6;30;10089127856;B
20240410;190947;163.6;30;10089127857;B
20240410;190947;163.6;10;10089127858;B
20240410;190947;163.6;30;10089127859;B
20240410;190947;163.6;30;10089127860;B
20240410;190947;163.6;30;10089127861;B
20240410;190947;163.6;30;10089127862;B
20240410;190947;163.6;20;10089127863;B
20240410;190947;163.64;60;10089127864;B
20240410;190948;163.56;30;10089127915;S
20240410;190950;163.66;1220;10089127988;B
20240410;190950;163.66;200;10089127989;B
20240410;190950;163.68;10;10089127990;B
20240410;190950;163.68;400;10089127991;B
20240410;190950;163.68;1780;10089127992;B
20240410;190950;163.68;900;10089127993;B
20240410;190950;163.7;10;10089127994;B
20240410;190950;163.7;19640;10089127995;B
20240410;190951;163.7;20;10089128007;S
20240410;190951;163.72;10;10089128022;B
20240410;190954;163.7;200;10089128111;S
20240410;190959;163.72;10;10089128272;B
20240410;191003;163.72;10;10089128437;B
20240410;191003;163.72;10;10089128439;B
20240410;191004;163.72;210;10089128477;B
20240410;191004;163.72;30;10089128478;B
20240410;191004;163.72;20;10089128479;B
20240410;191005;163.74;60;10089128543;B
20240410;191007;163.74;140;10089128579;B
20240410;191007;163.76;40;10089128580;B
20240410;191009;163.72;30;10089128630;S
20240410;191009;163.76;10;10089128634;B
20240410;191012;163.72;200;10089128740;S
20240410;191014;163.76;10;10089128873;B
20240410;191014;163.76;10;10089128874;B
20240410;191015;163.74;200;10089128912;S
20240410;191017;163.74;200;10089128977;S
20240410;191018;163.76;10;10089128986;B
20240410;191021;163.76;1350;10089129131;B
20240410;191021;163.76;200;10089129132;B
20240410;191021;163.8;450;10089129133;B
20240410;191023;163.8;550;10089129195;B
20240410;191023;163.82;30;10089129196;B
20240410;191023;163.82;920;10089129197;B
20240410;191023;163.84;1530;10089129198;B
20240410;191023;163.84;1220;10089129199;B
20240410;191023;163.84;400;10089129200;B
20240410;191023;163.84;400;10089129201;B
20240410;191023;163.86;1110;10089129202;B
20240410;191024;163.76;10;10089129237;S
20240410;191024;163.76;70;10089129238;S
20240410;191024;163.84;50;10089129247;B
20240410;191024;163.84;500;10089129254;B
20240410;191027;163.84;220;10089129351;B
20240410;191033;163.84;30;10089129714;B
20240410;191033;163.84;280;10089129729;B
20240410;191034;163.84;30;10089129828;B
20240410;191038;163.84;1000;10089129933;B
20240410;191046;163.84;50;10089130320;B
20240410;191049;163.84;30;10089130423;B
20240410;191049;163.84;50;10089130432;B
20240410;191050;163.84;20;10089130466;B
20240410;191054;163.8;200;10089130618;S
20240410;191054;163.8;50;10089130619;S
20240410;191054;163.78;100;10089130620;S
20240410;191054;163.78;50;10089130621;S
20240410;191056;163.78;600;10089130695;B
20240410;191056;163.82;390;10089130696;B
20240410;191056;163.82;10;10089130697;B
20240410;191057;163.82;90;10089130718;B
20240410;191057;163.84;1380;10089130719;B
20240410;191057;163.84;1530;10089130720;B
20240410;191059;163.84;10;10089130785;B
20240410;191102;163.84;10;10089130881;B
20240410;191105;163.84;30;10089130987;B
20240410;191108;163.84;10;10089131133;B
20240410;191108;163.84;10;10089131139;B
20240410;191113;163.84;10;10089131288;B
20240410;191113;163.84;320;10089131308;B
20240410;191115;163.84;10;10089131425;B
20240410;191119;163.78;600;10089131566;S
20240410;191119;163.78;100;10089131567;S
20240410;191119;163.76;400;10089131568;S
20240410;191124;163.82;20;10089131725;B
20240410;191125;163.76;10;10089131750;S
20240410;191126;163.82;30;10089131786;B
20240410;191129;163.82;50;10089131888;B
20240410;191129;163.82;120;10089131889;B
20240410;191131;163.82;980;10089131958;B
20240410;191138;163.76;1000;10089132247;S
20240410;191139;163.76;1030;10089132304;S
20240410;191139;163.76;580;10089132305;S
20240410;191139;163.76;3080;10089132306;S
20240410;191139;163.74;100;10089132307;S
20240410;191139;163.74;920;10089132308;S
20240410;191139;163.72;10;10089132309;S
20240410;191139;163.72;10;10089132310;S
20240410;191139;163.72;5000;10089132311;S
20240410;191139;163.7;15960;10089132312;S
20240410;191143;163.76;40;10089132423;B
20240410;191144;163.72;250;10089132468;S
20240410;191144;163.7;750;10089132469;S
20240410;191155;163.72;20;10089132896;B
20240410;191155;163.78;80;10089132897;B
20240410;191158;163.78;10;10089133046;B
20240410;191159;163.7;250;10089133071;S
20240410;191202;163.78;10;10089133156;B
20240410;191202;163.78;30;10089133157;B
20240410;191202;163.78;10;10089133184;B
20240410;191203;163.7;8660;10089133217;S
20240410;191203;163.7;50;10089133218;S
20240410;191203;163.7;10;10089133219;S
20240410;191203;163.7;500;10089133220;S
20240410;191203;163.7;10;10089133221;S
20240410;191203;163.64;10;10089133222;S
20240410;191203;163.64;300;10089133223;S
20240410;191203;163.62;450;10089133224;S
20240410;191205;163.72;60;10089133338;B
20240410;191208;163.72;450;10089133426;B
20240410;191208;163.72;2440;10089133427;B
20240410;191208;163.74;1150;10089133428;B
20240410;191208;163.74;200;10089133429;B
20240410;191208;163.76;1530;10089133430;B
20240410;191208;163.78;10;10089133431;B
20240410;191208;163.78;1690;10089133432;B
20240410;191211;163.76;200;10089133509;B
20240410;191211;163.64;10;10089133510;S
20240410;191217;163.66;50;10089133659;S
20240410;191219;163.7;10;10089133716;B
20240410;191219;163.7;60;10089133720;B
20240410;191225;163.64;50;10089133860;S
20240410;191226;163.64;30;10089133867;S
20240410;191227;163.68;10;10089133886;B
20240410;191230;163.64;10;10089133963;S
20240410;191232;163.68;40;10089134005;B
20240410;191232;163.68;40;10089134006;B
20240410;191232;163.7;170;10089134007;B
20240410;191240;163.7;10;10089134562;B
20240410;191247;163.7;10;10089134803;B
20240410;191250;163.7;40;10089134897;B
20240410;191250;163.7;50;10089134898;B
20240410;191251;163.68;680;10089134914;S
20240410;191251;163.68;30;10089134915;S
20240410;191251;163.64;10;10089134916;S
20240410;191251;163.62;100;10089134917;S
20240410;191251;163.62;160;10089134918;S
20240410;191256;163.66;10;10089135061;S
20240410;191259;163.7;100;10089135127;B
20240410;191300;163.7;20;10089135142;B
20240410;191307;163.66;60;10089135366;S
20240410;191315;163.66;130;10089135639;S
20240410;191315;163.66;50;10089135640;S
20240410;191315;163.64;50;10089135641;S
20240410;191315;163.64;50;10089135642;S
20240410;191315;163.64;1080;10089135665;S
20240410;191315;163.64;300;10089135666;S
20240410;191315;163.64;50;10089135667;S
20240410;191315;163.62;30;10089135668;S
20240410;191315;163.62;1530;10089135669;S
20240410;191315;163.62;2440;10089135670;S
20240410;191315;163.6;100;10089135671;S
20240410;191315;163.6;1220;10089135672;S
20240410;191315;163.6;3250;10089135673;S
20240410;191318;163.68;20;10089135771;B
20240410;191319;163.68;10;10089135784;B
20240410;191319;163.64;50;10089135793;S
20240410;191321;163.62;10;10089135830;S
20240410;191326;163.66;50;10089136042;B
20240410;191326;163.68;20;10089136043;B
20240410;191326;163.68;100;10089136044;B
20240410;191326;163.7;10;10089136045;B
20240410;191326;163.7;100;10089136046;B
20240410;191326;163.7;120;10089136047;B
20240410;191327;163.7;10;10089136066;B
20240410;191352;163.68;50;10089136765;B
20240410;191358;163.68;10;10089136924;B
20240410;191412;163.66;200;10089137259;S
20240410;191417;163.68;20;10089137429;B
20240410;191418;163.68;10;10089137437;B
20240410;191429;163.64;20;10089137877;S
20240410;191429;163.64;80;10089137878;S
20240410;191446;163.68;100;10089138423;B
20240410;191449;163.68;10;10089138530;B
20240410;191450;163.66;50;10089138556;S
20240410;191450;163.64;10;10089138557;S
20240410;191451;163.64;10;10089138584;S
20240410;191454;163.68;500;10089138693;B
20240410;191500;163.64;20;10089138847;S
20240410;191502;163.68;30;10089139034;B
20240410;191504;163.64;10;10089139080;S
20240410;191505;163.68;100;10089139145;B
20240410;191513;163.64;120;10089139432;S
20240410;191513;163.64;5370;10089139433;S
20240410;191513;163.64;20;10089139434;S
20240410;191513;163.64;10;10089139435;S
20240410;191513;163.64;10;10089139507;B
20240410;191514;163.64;100;10089139557;B
20240410;191515;163.64;70;10089139594;B
20240410;191515;163.62;50;10089139604;S
20240410;191515;163.62;20;10089139605;S
20240410;191515;163.62;100;10089139606;S
20240410;191515;163.62;20;10089139607;S
20240410;191515;163.62;20;10089139608;S
20240410;191515;163.6;790;10089139609;S
20240410;191518;163.6;1000;10089139701;S
20240410;191521;163.64;100;10089139778;B
20240410;191521;163.6;1000;10089139780;S
20240410;191522;163.6;640;10089139792;S
20240410;191523;163.64;300;10089139822;B
20240410;191523;163.66;170;10089139823;B
20240410;191523;163.66;20;10089139824;B
20240410;191523;163.68;10;10089139825;B
20240410;191523;163.66;10;10089139835;B
20240410;191523;163.6;10;10089139840;S
20240410;191526;163.66;120;10089139917;B
20240410;191526;163.62;20;10089139929;S
20240410;191526;163.6;4980;10089139930;S
20240410;191527;163.6;5000;10089139950;S
20240410;191527;163.66;480;10089139963;B
20240410;191527;163.66;20;10089139964;B
20240410;191527;163.66;200;10089139965;B
20240410;191527;163.68;220;10089139966;B
20240410;191538;163.68;30;10089140263;B
20240410;191538;163.68;10;10089140283;B
20240410;191538;163.68;110;10089140284;B
20240410;191539;163.68;90;10089140299;B
20240410;191539;163.68;10;10089140300;B
20240410;191545;163.68;10;10089140526;B
20240410;191545;163.68;20;10089140527;B
20240410;191545;163.68;200;10089140528;B
20240410;191545;163.7;10;10089140529;B
20240410;191545;163.7;290;10089140530;B
20240410;191545;163.7;1220;10089140531;B
20240410;191545;163.72;1320;10089140532;B
20240410;191545;163.74;10;10089140533;B
20240410;191545;163.74;660;10089140534;B
20240410;191545;163.74;1000;10089140535;B
20240410;191545;163.74;250;10089140536;B
20240410;191545;163.76;90;10089140537;B
20240410;191545;163.76;30;10089140538;B
20240410;191545;163.76;1530;10089140539;B
20240410;191545;163.76;1360;10089140540;B
20240410;191550;163.74;30;10089140793;B
20240410;191550;163.76;160;10089140794;B
20240410;191551;163.78;10;10089140824;B
20240410;191601;163.8;90;10089141123;B
20240410;191603;163.8;30;10089141208;B
20240410;191604;163.8;30;10089141248;B
20240410;191607;163.8;20;10089141321;B
20240410;191609;163.8;200;10089141360;B
20240410;191613;163.74;50;10089141485;S
20240410;191617;163.78;920;10089141704;B
20240410;191617;163.78;30;10089141705;B
20240410;191617;163.8;50;10089141706;B
20240410;191622;163.8;1000;10089141791;B
20240410;191635;163.78;10;10089142284;B
20240410;191635;163.78;10;10089142311;B
20240410;191653;163.78;10;10089143298;B
20240410;191654;163.78;10;10089143330;B
20240410;191659;163.78;10;10089143478;B
20240410;191700;163.74;30;10089143519;S
20240410;191700;163.74;20;10089143520;S
20240410;191703;163.78;10;10089143628;B
20240410;191705;163.78;10;10089143683;B
20240410;191707;163.78;50;10089143715;B
20240410;191708;163.74;180;10089143738;S
20240410;191708;163.72;40;10089143739;S
20240410;191708;163.7;20;10089143740;S
20240410;191708;163.68;10;10089143741;S
20240410;191708;163.68;200;10089143742;S
20240410;191708;163.68;200;10089143743;S
20240410;191708;163.68;300;10089143744;S
20240410;191708;163.68;50;10089143745;S
20240410;191708;163.66;10;10089143746;S
20240410;191708;163.66;50;10089143747;S
20240410;191708;163.66;240;10089143748;S
20240410;191712;163.76;200;10089143894;B
20240410;191712;163.76;650;10089143895;B
20240410;191712;163.78;360;10089143896;B
20240410;191716;163.76;20;10089144054;B
20240410;191716;163.76;240;10089144055;B
20240410;191716;163.76;630;10089144056;B
20240410;191723;163.76;50;10089144253;B
20240410;191725;163.76;320;10089144336;B
20240410;191725;163.78;30;10089144337;B
20240410;191726;163.74;10;10089144354;S
20240410;191727;163.74;10;10089144368;B
20240410;191733;163.74;40;10089144514;B
20240410;191734;163.74;10;10089144547;B
20240410;191737;163.78;20;10089144659;B
20240410;191738;163.78;100;10089144688;B
20240410;191739;163.74;40;10089144717;S
20240410;191752;163.76;80;10089145214;S
20240410;191752;163.7;10;10089145215;S
20240410;191752;163.7;2440;10089145216;S
20240410;191752;163.68;200;10089145217;S
20240410;191752;163.68;20;10089145218;S
20240410;191752;163.68;200;10089145219;S
20240410;191752;163.68;20;10089145220;S
20240410;191752;163.66;300;10089145221;S
20240410;191752;163.66;1450;10089145222;S
20240410;191752;163.64;10;10089145223;S
20240410;191752;163.64;20;10089145224;S
20240410;191752;163.64;260;10089145225;S
20240410;191752;163.64;50;10089145226;S
20240410;191752;163.64;1220;10089145227;S
20240410;191752;163.64;1530;10089145228;S
20240410;191752;163.62;20;10089145229;S
20240410;191752;163.62;20;10089145230;S
20240410;191752;163.62;10;10089145231;S
20240410;191752;163.62;2500;10089145232;S
20240410;191752;163.62;40;10089145233;S
20240410;191752;163.6;4600;10089145234;S
20240410;191754;163.74;20;10089145264;B
20240410;191757;163.64;100;10089145363;S
20240410;191757;163.62;1220;10089145364;S
20240410;191757;163.62;100;10089145365;S
20240410;191757;163.6;13580;10089145366;S
20240410;191803;163.62;100;10089145571;B
20240410;191803;163.68;40;10089145572;B
20240410;191804;163.68;20;10089145591;B
20240410;191805;163.6;1000;10089145597;S
20240410;191806;163.6;100;10089145632;S
20240410;191806;163.6;10;10089145656;S
20240410;191807;163.6;1000;10089145664;S
20240410;191807;163.6;70;10089145668;S
20240410;191807;163.6;30;10089145684;S
20240410;191808;163.6;500;10089145696;S
20240410;191809;163.6;1000;10089145716;S
20240410;191809;163.62;10;10089145718;B
20240410;191812;163.6;1000;10089145802;S
20240410;191812;163.6;100;10089145817;S
20240410;191813;163.62;60;10089145820;B
20240410;191814;163.62;30;10089145841;B
20240410;191814;163.6;1000;10089145866;S
20240410;191815;163.62;10;10089145893;B
20240410;191815;163.62;10;10089145894;B
20240410;191819;163.62;90;10089145991;B
20240410;191819;163.66;100;10089145992;B
20240410;191819;163.66;460;10089145993;B
20240410;191824;163.6;30;10089146152;S
20240410;191828;163.6;100;10089146281;S
20240410;191848;163.64;40;10089147119;B
20240410;191848;163.64;460;10089147120;B
20240410;191850;163.6;640;10089147240;S
20240410;191852;163.64;10;10089147318;B
20240410;191854;163.64;10;10089147406;B
20240410;191900;163.62;10;10089147560;S
20240410;191902;163.62;10;10089147676;S
20240410;191904;163.66;20;10089147771;B
20240410;191904;163.68;210;10089147772;B
20240410;191906;163.62;200;10089147831;S
20240410;191910;163.68;10;10089148000;B
20240410;191912;163.62;10;10089148122;S
20240410;191915;163.62;20;10089148240;S
20240410;191923;163.68;50;10089148581;B
20240410;191926;163.68;10;10089148689;B
20240410;191928;163.62;270;10089148735;S
20240410;191931;163.68;300;10089148855;B
20240410;191933;163.62;180;10089148909;S
20240410;191936;163.64;100;10089149027;S
20240410;191936;163.62;30;10089149028;S
20240410;191936;163.62;20;10089149029;S
20240410;191936;163.62;20;10089149030;S
20240410;191937;163.68;10;10089149038;B
20240410;191943;163.66;60;10089149233;B
20240410;191943;163.62;80;10089149238;S
20240410;191943;163.62;10;10089149239;S
20240410;191943;163.62;210;10089149240;S
20240410;191945;163.66;10;10089149286;B
20240410;191945;163.62;150;10089149291;S
20240410;191945;163.62;590;10089149292;S
20240410;191945;163.62;1220;10089149293;S
20240410;191948;163.62;90;10089149356;B
20240410;191952;163.62;20;10089149442;B
20240410;191952;163.62;10;10089149454;B
20240410;191957;163.62;190;10089149595;B
20240410;191958;163.6;60;10089149648;S
20240410;191958;163.62;610;10089149649;B
20240410;192004;163.62;50;10089149960;B
20240410;192010;163.66;10;10089150145;B
20240410;192019;163.66;20;10089150882;B
20240410;192022;163.66;20;10089150996;B
20240410;192026;163.66;10;10089151094;B
20240410;192026;163.66;30;10089151121;B
20240410;192027;163.66;60;10089151184;B
20240410;192027;163.66;200;10089151185;B
20240410;192027;163.66;200;10089151186;B
20240410;192027;163.66;20;10089151187;B
20240410;192027;163.68;420;10089151188;B
20240410;192028;163.68;20;10089151214;B
20240410;192032;163.68;2000;10089151381;B
20240410;192032;163.7;300;10089151382;B
20240410;192032;163.7;700;10089151383;B
20240410;192033;163.62;10;10089151415;S
20240410;192033;163.62;120;10089151416;S
20240410;192041;163.68;180;10089151604;B
20240410;192041;163.7;320;10089151605;B
20240410;192046;163.7;50;10089151752;B
20240410;192046;163.7;100;10089151754;B
20240410;192049;163.7;10;10089151863;B
20240410;192050;163.64;180;10089151880;S
20240410;192050;163.64;140;10089151881;S
20240410;192051;163.64;120;10089151902;S
20240410;192053;163.7;50;10089152072;B
20240410;192055;163.7;200;10089152138;B
20240410;192057;163.7;20;10089152189;B
20240410;192100;163.7;10;10089152298;B
20240410;192105;163.66;20;10089152500;S
20240410;192106;163.66;20;10089152523;S
20240410;192110;163.68;40;10089152677;B
20240410;192110;163.7;2440;10089152678;B
20240410;192111;163.72;20;10089152708;B
20240410;192111;163.72;20;10089152709;B
20240410;192111;163.72;20;10089152710;B
20240410;192115;163.74;10;10089152899;B
20240410;192117;163.74;50;10089152946;B
20240410;192120;163.7;150;10089153062;S
20240410;192125;163.74;40;10089153250;B
20240410;192128;163.7;20;10089153443;S
20240410;192133;163.72;40;10089153569;B
20240410;192136;163.7;350;10089153765;S
20240410;192136;163.7;10;10089153766;S
20240410;192136;163.7;10;10089153767;S
20240410;192139;163.7;30;10089153889;B
20240410;192142;163.72;20;10089153969;B
20240410;192144;163.7;470;10089154097;S
20240410;192203;163.7;10;10089154791;B
20240410;192207;163.7;20;10089154893;B
20240410;192207;163.72;140;10089154894;B
20240410;192207;163.72;60;10089154895;B
20240410;192207;163.74;400;10089154896;B
20240410;192207;163.76;2000;10089154897;B
20240410;192207;163.78;100;10089154898;B
20240410;192207;163.78;1130;10089154899;B
20240410;192207;163.8;3000;10089154900;B
20240410;192207;163.8;10;10089154901;B
20240410;192207;163.8;10;10089154902;B
20240410;192207;163.8;4000;10089154903;B
20240410;192207;163.8;240;10089154904;B
20240410;192207;163.7;1220;10089154967;S
20240410;192208;163.7;250;10089154973;B
20240410;192216;163.7;8530;10089155250;B
20240410;192216;163.78;1120;10089155251;B
20240410;192216;163.8;980;10089155252;B
20240410;192216;163.8;10;10089155253;B
20240410;192216;163.8;470;10089155254;B
20240410;192220;163.8;10;10089155347;B
20240410;192220;163.82;120;10089155348;B
20240410;192220;163.82;20;10089155349;B
20240410;192220;163.72;20;10089155355;S
20240410;192227;163.74;20;10089155571;S
20240410;192227;163.72;180;10089155572;S
20240410;192228;163.82;20;10089155602;B
20240410;192230;163.8;10;10089155691;B
20240410;192233;163.8;10;10089155840;B
20240410;192233;163.8;200;10089155841;B
20240410;192233;163.8;340;10089155842;B
20240410;192233;163.82;740;10089155843;B
20240410;192233;163.82;100;10089155844;B
20240410;192233;163.82;30;10089155845;B
20240410;192236;163.82;10;10089155924;B
20240410;192236;163.74;20;10089155933;S
20240410;192236;163.74;1220;10089155934;S
20240410;192236;163.72;300;10089155935;S
20240410;192236;163.72;1000;10089155936;S
20240410;192236;163.7;10;10089155937;S
20240410;192236;163.68;10;10089155938;S
20240410;192249;163.78;10;10089156577;B
20240410;192252;163.78;10;10089156673;B
20240410;192252;163.78;20;10089156674;B
20240410;192258;163.72;10;10089156964;S
20240410;192304;163.78;20;10089157250;B
20240410;192309;163.78;260;10089157465;B
20240410;192309;163.78;140;10089157466;B
20240410;192310;163.74;950;10089157503;S
20240410;192310;163.74;100;10089157514;S
20240410;192313;163.78;40;10089157573;B
20240410;192317;163.74;10;10089157683;S
20240410;192317;163.74;330;10089157704;S
20240410;192317;163.72;170;10089157705;S
20240410;192327;163.74;20;10089158062;S
20240410;192331;163.78;10;10089158276;B
20240410;192334;163.78;10;10089158402;B
20240410;192334;163.8;40;10089158403;B
20240410;192337;163.8;50;10089158514;B
20240410;192338;163.74;670;10089158529;S
20240410;192338;163.72;2260;10089158530;S
20240410;192338;163.72;30;10089158531;S
20240410;192338;163.72;40;10089158532;S
20240410;192340;163.78;250;10089158583;B
20240410;192342;163.72;200;10089158640;S
20240410;192342;163.78;120;10089158647;B
20240410;192350;163.78;60;10089158913;B
20240410;192353;163.8;10;10089158972;B
20240410;192357;163.78;100;10089159245;B
20240410;192359;163.78;100;10089159330;B
20240410;192359;163.78;60;10089159397;B
20240410;192401;163.72;980;10089159547;S
20240410;192401;163.72;10;10089159548;S
20240410;192401;163.72;10;10089159549;S
20240410;192401;163.72;430;10089159550;S
20240410;192401;163.72;370;10089159551;S
20240410;192402;163.78;10;10089159595;B
20240410;192404;163.78;60;10089159665;B
20240410;192405;163.76;20;10089159706;S
20240410;192405;163.72;130;10089159707;S
20240410;192405;163.72;1220;10089159708;S
20240410;192405;163.72;350;10089159709;S
20240410;192406;163.7;10;10089159749;S
20240410;192411;163.74;10;10089159963;B
20240410;192422;163.76;60;10089160354;B
20240410;192424;163.76;100;10089160405;B
20240410;192431;163.72;30;10089160719;S
20240410;192431;163.74;50;10089160726;B
20240410;192432;163.74;20;10089160784;B
20240410;192435;163.74;10;10089160852;B
20240410;192435;163.74;920;10089160884;B
20240410;192435;163.76;80;10089160885;B
20240410;192436;163.76;10;10089160946;B
20240410;192436;163.72;50;10089160950;S
20240410;192436;163.7;10;10089160951;S
20240410;192436;163.7;250;10089160952;S
20240410;192437;163.76;10;10089160961;B
20240410;192445;163.74;1000;10089161228;B
20240410;192447;163.74;10;10089161246;B
20240410;192453;163.76;10;10089161468;B
20240410;192454;163.76;40;10089161514;B
20240410;192503;163.74;10;10089162105;S
20240410;192505;163.72;10;10089162257;S
20240410;192513;163.76;60;10089162485;B
20240410;192517;163.76;200;10089162562;B
20240410;192522;163.72;300;10089162759;S
20240410;192523;163.72;10;10089162824;S
20240410;192524;163.76;180;10089162931;B
20240410;192524;163.76;20;10089162932;B
20240410;192524;163.76;300;10089162933;B
20240410;192524;163.76;50;10089162944;B
20240410;192525;163.76;100;10089162990;B
20240410;192526;163.72;130;10089163067;S
20240410;192527;163.76;10;10089163112;B
20240410;192527;163.72;10;10089163157;S
20240410;192528;163.72;180;10089163185;S
20240410;192528;163.76;10;10089163186;B
20240410;192531;163.76;30;10089163324;B
20240410;192534;163.76;10;10089163376;B
20240410;192535;163.76;10;10089163448;B
20240410;192535;163.76;320;10089163461;B
20240410;192536;163.76;10;10089163500;B
20240410;192541;163.76;200;10089163902;B
20240410;192541;163.78;300;10089163903;B
20240410;192549;163.76;200;10089164173;S
20240410;192549;163.74;910;10089164174;S
20240410;192549;163.74;260;10089164175;S
20240410;192553;163.74;60;10089164351;S
20240410;192553;163.78;10;10089164362;B
20240410;192555;163.76;10;10089164586;B
20240410;192557;163.76;10;10089164804;B
20240410;192604;163.76;10;10089165109;B
20240410;192604;163.76;10;10089165124;B
20240410;192608;163.76;20;10089165258;B
20240410;192616;163.76;200;10089165549;B
20240410;192616;163.76;50;10089165550;B
20240410;192624;163.76;10;10089166064;B
20240410;192624;163.78;10;10089166065;B
20240410;192625;163.78;10;10089166067;B
20240410;192639;163.78;30;10089166533;B
20240410;192639;163.78;320;10089166534;B
20240410;192639;163.78;500;10089166535;B
20240410;192639;163.78;30;10089166536;B
20240410;192639;163.78;20;10089166537;B
20240410;192639;163.78;2440;10089166538;B
20240410;192639;163.78;10;10089166539;B
20240410;192639;163.8;1650;10089166540;B
20240410;192644;163.74;70;10089166726;S
20240410;192644;163.74;460;10089166727;S
20240410;192644;163.74;220;10089166728;S
20240410;192650;163.78;180;10089166885;B
20240410;192650;163.8;820;10089166886;B
20240410;192650;163.8;20;10089166893;B
20240410;192651;163.8;13510;10089166918;B
20240410;192651;163.8;900;10089166919;B
20240410;192651;163.8;590;10089166920;B
20240410;192657;163.8;140;10089167041;B
20240410;192700;163.8;10;10089167168;B
20240410;192702;163.8;260;10089167227;B
20240410;192702;163.8;10;10089167228;B
20240410;192702;163.8;10;10089167229;B
20240410;192702;163.82;160;10089167230;B
20240410;192702;163.82;2560;10089167231;B
20240410;192702;163.8;10;10089167232;S
20240410;192705;163.82;10;10089167337;B
20240410;192714;163.8;10;10089167640;B
20240410;192714;163.82;1190;10089167641;B
20240410;192716;163.82;10;10089167716;B
20240410;192718;163.82;200;10089167748;B
20240410;192719;163.82;20;10089167843;B
20240410;192719;163.82;800;10089167858;B
20240410;192721;163.82;210;10089167955;B
20240410;192721;163.82;790;10089167956;B
20240410;192722;163.82;690;10089167987;B
20240410;192723;163.82;20;10089167996;B
20240410;192726;163.82;10;10089168173;B
20240410;192733;163.78;140;10089168414;S
20240410;192741;163.8;10;10089168653;B
20240410;192746;163.8;100;10089168801;B
20240410;192746;163.8;100;10089168803;B
20240410;192746;163.8;90;10089168804;B
20240410;192746;163.8;10;10089168805;B
20240410;192746;163.8;60;10089168808;B
20240410;192746;163.82;40;10089168809;B
20240410;192746;163.82;100;10089168810;B
20240410;192746;163.82;100;10089168812;B
20240410;192747;163.82;100;10089168813;B
20240410;192751;163.82;10;10089168901;B
20240410;192809;163.82;1000;10089169589;B
20240410;192810;163.78;10;10089169609;S
20240410;192814;163.78;100;10089169739;S
20240410;192814;163.82;10;10089169753;B
20240410;192816;163.8;200;10089169828;S
20240410;192816;163.82;200;10089169832;B
20240410;192820;163.8;20;10089169945;S
20240410;192820;163.78;80;10089169946;S
20240410;192821;163.8;10;10089169993;S
20240410;192823;163.82;100;10089170018;B
20240410;192827;163.8;100;10089170137;S
20240410;192828;163.8;10;10089170143;B
20240410;192833;163.8;20;10089170264;B
20240410;192835;163.8;10;10089170361;B
20240410;192837;163.8;60;10089170417;B
20240410;192837;163.82;940;10089170418;B
20240410;192846;163.8;10;10089170698;S
20240410;192851;163.8;100;10089170825;S
20240410;192852;163.82;90;10089170836;B
20240410;192854;163.82;330;10089170888;B
20240410;192901;163.82;20;10089171101;B
20240410;192902;163.82;10;10089171113;B
20240410;192907;163.82;200;10089171310;B
20240410;192910;163.82;10;10089171427;B
20240410;192913;163.8;5000;10089171496;S
20240410;192913;163.8;1220;10089171497;S
20240410;192916;163.8;10;10089171644;B
20240410;192917;163.8;50;10089171674;B
20240410;192920;163.8;1600;10089171734;B
20240410;192920;163.8;730;10089171735;B
20240410;192920;163.82;230;10089171736;B
20240410;192920;163.82;1450;10089171737;B
20240410;192922;163.82;10;10089171795;B
20240410;192925;163.82;10;10089171839;B
20240410;192925;163.82;10;10089171850;B
20240410;192926;163.82;30;10089171862;B
20240410;192932;163.78;10;10089172065;S
20240410;192939;163.82;20;10089172220;B
20240410;192951;163.82;40;10089172633;B
20240410;192951;163.82;6330;10089172638;B
20240410;192951;163.82;140;10089172639;B
20240410;192951;163.84;20;10089172640;B
20240410;192951;163.84;50;10089172641;B
20240410;192951;163.84;50;10089172642;B
20240410;192951;163.84;120;10089172643;B
20240410;192951;163.84;110;10089172644;B
20240410;192951;163.86;860;10089172645;B
20240410;192951;163.86;2320;10089172646;B
20240410;193000;163.86;50;10089172887;B
20240410;193000;163.86;60;10089172889;B
20240410;193002;163.86;100;10089172982;B
20240410;193003;163.86;10;10089172996;B
20240410;193003;163.82;20;10089173003;S
20240410;193005;163.86;280;10089173054;B
20240410;193013;163.86;170;10089173245;B
20240410;193013;163.86;10;10089173260;B
20240410;193014;163.86;20;10089173276;B
20240410;193017;163.86;480;10089173354;B
20240410;193017;163.86;100;10089173355;B
20240410;193017;163.86;30;10089173356;B
20240410;193017;163.86;310;10089173357;B
20240410;193017;163.88;1080;10089173358;B
20240410;193020;163.82;10;10089173456;S
20240410;193028;163.88;100;10089173681;B
20240410;193032;163.88;10;10089173854;B
20240410;193033;163.88;3430;10089173878;B
20240410;193033;163.88;200;10089173879;B
20240410;193033;163.9;10;10089173880;B
20240410;193033;163.9;910;10089173881;B
20240410;193033;163.9;1820;10089173882;B
20240410;193033;163.9;140;10089173883;B
20240410;193034;163.84;10;10089173921;S
20240410;193035;163.9;20;10089173959;B
20240410;193044;163.9;1000;10089174204;B
20240410;193044;163.9;40;10089174206;B
20240410;193047;163.88;10;10089174262;S
20240410;193047;163.84;240;10089174263;S
20240410;193048;163.9;60;10089174322;B
20240410;193049;163.9;10;10089174348;B
20240410;193052;163.88;180;10089174470;B
20240410;193052;163.9;820;10089174471;B
20240410;193053;163.9;100;10089174482;B
20240410;193053;163.9;80;10089174483;B
20240410;193102;163.9;40;10089174784;B
20240410;193107;163.82;10;10089174942;S
20240410;193110;163.82;260;10089175036;S
20240410;193110;163.82;300;10089175037;S
20240410;193123;163.82;10;10089175529;B
20240410;193123;163.8;10;10089175541;S
20240410;193123;163.78;290;10089175542;S
20240410;193125;163.82;60;10089175572;B
20240410;193128;163.82;10;10089175715;B
20240410;193129;163.82;10;10089175751;B
20240410;193130;163.82;10;10089175797;B
20240410;193132;163.82;10;10089175850;B
20240410;193135;163.82;20;10089175912;B
20240410;193135;163.82;10;10089175917;B
20240410;193136;163.82;10;10089175933;B
20240410;193150;163.8;20;10089176277;B
20240410;193150;163.8;30;10089176297;B
20240410;193156;163.8;450;10089176416;B
20240410;193159;163.8;60;10089176499;B
20240410;193200;163.78;100;10089176560;S
20240410;193201;163.78;70;10089176600;S
20240410;193201;163.78;30;10089176601;S
20240410;193201;163.78;140;10089176602;S
20240410;193201;163.78;10;10089176603;S
20240410;193201;163.78;20;10089176604;S
20240410;193201;163.76;30;10089176605;S
20240410;193203;163.78;10;10089176664;B
20240410;193223;163.8;90;10089177095;B
20240410;193223;163.8;100;10089177096;B
20240410;193223;163.82;790;10089177097;B
20240410;193224;163.82;1000;10089177098;S
20240410;193224;163.84;10;10089177113;B
20240410;193226;163.82;370;10089177147;S
20240410;193228;163.82;20;10089177213;S
20240410;193228;163.82;100;10089177229;S
20240410;193234;163.84;90;10089177353;B
20240410;193234;163.84;100;10089177354;B
20240410;193234;163.84;10;10089177355;B
20240410;193235;163.82;10;10089177381;S
20240410;193244;163.82;50;10089177642;S
20240410;193244;163.84;10;10089177643;B
20240410;193244;163.84;80;10089177654;B
20240410;193244;163.86;230;10089177655;B
20240410;193245;163.86;20;10089177679;B
20240410;193249;163.82;10;10089178640;S
20240410;193251;163.82;50;10089179432;S
20240410;193255;163.86;1110;10089181345;B
20240410;193255;163.88;890;10089181346;B
20240410;193259;163.88;800;10089181441;B
20240410;193301;163.84;10;10089181499;S
20240410;193302;163.88;70;10089181532;B
20240410;193303;163.84;20;10089181558;S
20240410;193303;163.82;410;10089181559;S
20240410;193303;163.82;30;10089181560;S
20240410;193303;163.82;20;10089181561;S
20240410;193303;163.82;500;10089181562;S
20240410;193303;163.8;100;10089181563;S
20240410;193303;163.78;140;10089181564;S
20240410;193303;163.78;420;10089181565;S
20240410;193303;163.76;470;10089181566;S
20240410;193303;163.76;200;10089181567;S
20240410;193303;163.76;2440;10089181568;S
20240410;193303;163.76;1220;10089181569;S
20240410;193303;163.74;3000;10089181570;S
20240410;193303;163.72;1530;10089181571;S
20240410;193303;163.72;400;10089181572;S
20240410;193303;163.7;1100;10089181573;S
20240410;193309;163.82;10;10089181776;B
20240410;193309;163.82;120;10089181777;B
20240410;193309;163.84;370;10089181778;B
20240410;193313;163.82;50;10089181843;B
20240410;193313;163.84;340;10089181844;B
20240410;193319;163.84;40;10089182000;B
20240410;193319;163.74;50;10089182005;S
20240410;193319;163.74;40;10089182006;S
20240410;193319;163.74;350;10089182007;S
20240410;193319;163.74;10;10089182008;S
20240410;193319;163.74;300;10089182009;S
20240410;193319;163.72;1220;10089182010;S
20240410;193319;163.72;1530;10089182011;S
20240410;193319;163.7;3190;10089182012;S
20240410;193326;163.82;10;10089182326;B
20240410;193326;163.82;90;10089182336;B
20240410;193326;163.82;50;10089182337;B
20240410;193326;163.82;350;10089182338;B
20240410;193326;163.82;10;10089182339;B
20240410;193327;163.82;30;10089182346;B
20240410;193327;163.84;80;10089182347;B
20240410;193334;163.76;50;10089182784;S
20240410;193334;163.76;50;10089182785;S
20240410;193336;163.84;10;10089182816;B
20240410;193336;163.76;10;10089182818;S
20240410;193338;163.82;30;10089182904;B
20240410;193344;163.84;300;10089183113;B
20240410;193344;163.84;550;10089183114;B
20240410;193344;163.84;50;10089183115;B
20240410;193344;163.86;100;10089183116;B
20240410;193345;163.76;30;10089183175;S
20240410;193347;163.86;60;10089183611;B
20240410;193349;163.86;10;10089184115;B
20240410;193356;163.86;100;10089184347;B
20240410;193358;163.86;200;10089184370;B
20240410;193358;163.86;380;10089184371;B
20240410;193358;163.86;50;10089184372;B
20240410;193358;163.88;2440;10089184373;B
20240410;193358;163.9;380;10089184374;B
20240410;193358;163.9;250;10089184375;B
20240410;193358;163.9;10;10089184376;B
20240410;193358;163.9;2690;10089184377;B
20240410;193358;163.84;20;10089184387;S
20240410;193401;163.78;10;10089184504;S
20240410;193401;163.78;90;10089184505;S
20240410;193406;163.84;10;10089184663;B
20240410;193408;163.84;10;10089184761;B
20240410;193410;163.84;10;10089184815;B
20240410;193414;163.84;20;10089184914;B
20240410;193416;163.84;10;10089185000;B
20240410;193419;163.84;10;10089185063;B
20240410;193419;163.84;250;10089185085;B
20240410;193419;163.86;370;10089185086;B
20240410;193427;163.82;10;10089185409;S
20240410;193445;163.84;10;10089185850;B
20240410;193447;163.82;10;10089185904;S
20240410;193449;163.82;100;10089185959;S
20240410;193454;163.82;20;10089186065;S
20240410;193457;163.86;230;10089186169;B
20240410;193457;163.86;70;10089186170;B
20240410;193501;163.82;100;10089186282;S
20240410;193502;163.86;30;10089186294;B
20240410;193505;163.86;10;10089186461;S
20240410;193508;163.88;20;10089186529;B
20240410;193531;163.86;160;10089186993;S
20240410;193531;163.82;40;10089186994;S
20240410;193532;163.88;10;10089187002;B
20240410;193541;163.86;50;10089187201;S
20240410;193543;163.88;10;10089187282;B
20240410;193544;163.88;10;10089187286;B
20240410;193544;163.88;180;10089187291;B
20240410;193546;163.84;10;10089187329;S
20240410;193549;163.84;50;10089187425;S
20240410;193549;163.88;70;10089187427;B
20240410;193549;163.88;60;10089187428;B
20240410;193550;163.88;10;10089187455;S
20240410;193559;163.88;60;10089187652;S
20240410;193559;163.88;10;10089187653;S
20240410;193559;163.88;40;10089187654;S
20240410;193607;163.9;50;10089187817;B
20240410;193607;163.9;250;10089187818;B
20240410;193614;163.88;10;10089187997;S
20240410;193619;163.9;10;10089188110;B
20240410;193620;163.88;90;10089188137;S
20240410;193620;163.84;190;10089188138;S
20240410;193620;163.84;10;10089188139;S
20240410;193620;163.82;210;10089188140;S
20240410;193620;163.9;50;10089188149;B
20240410;193620;163.9;50;10089188150;B
20240410;193623;163.88;10;10089188192;B
20240410;193625;163.88;10;10089188245;B
20240410;193631;163.88;50;10089188386;B
20240410;193645;163.88;30;10089188761;B
20240410;193649;163.88;10;10089188926;B
20240410;193653;163.88;30;10089188995;B
20240410;193706;163.88;70;10089189339;B
20240410;193706;163.88;10;10089189340;B
20240410;193706;163.88;10;10089189341;B
20240410;193706;163.88;10;10089189342;B
20240410;193716;163.86;100;10089189676;B
20240410;193722;163.86;10;10089189863;B
20240410;193732;163.86;10;10089190248;B
20240410;193738;163.86;10;10089190477;B
20240410;193749;163.86;300;10089190849;B
20240410;193751;163.82;10;10089190928;S
20240410;193751;163.82;300;10089190929;S
20240410;193751;163.82;10;10089190930;S
20240410;193751;163.8;10;10089190931;S
20240410;193751;163.8;10;10089190932;S
20240410;193751;163.8;1160;10089190933;S
20240410;193752;163.86;10;10089190947;B
20240410;193804;163.78;10;10089191227;S
20240410;193804;163.78;10;10089191228;S
20240410;193804;163.78;10;10089191229;S
20240410;193804;163.78;350;10089191230;S
20240410;193804;163.78;1240;10089191231;S
20240410;193804;163.78;500;10089191253;B
20240410;193805;163.74;140;10089191287;S
20240410;193819;163.76;10;10089191633;B
20240410;193821;163.74;50;10089191660;S
20240410;193822;163.76;50;10089191671;B
20240410;193834;163.76;290;10089191904;B
20240410;193834;163.76;580;10089191905;B
20240410;193834;163.78;130;10089191906;B
20240410;193837;163.76;10;10089191975;S
20240410;193842;163.76;40;10089192147;S
20240410;193853;163.76;20;10089192450;S
20240410;193853;163.74;110;10089192451;S
20240410;193853;163.74;200;10089192452;S
20240410;193853;163.74;20;10089192453;S
20240410;193853;163.74;20;10089192454;S
20240410;193853;163.74;20;10089192455;S
20240410;193853;163.74;1010;10089192456;S
20240410;193859;163.78;500;10089192604;B
20240410;193906;163.78;10;10089192824;B
20240410;193913;163.74;10;10089192954;S
20240410;193913;163.78;100;10089192964;B
20240410;193919;163.74;320;10089193149;S
20240410;193922;163.78;10;10089193253;B
20240410;193922;163.74;700;10089193262;S
20240410;193923;163.78;30;10089193317;B
20240410;193927;163.78;300;10089193422;B
20240410;193937;163.74;30;10089193703;S
20240410;193938;163.78;20;10089193725;B
20240410;193939;163.78;10;10089193737;B
20240410;193948;163.74;250;10089193954;S
20240410;193948;163.74;120;10089193962;S
20240410;193948;163.74;1220;10089193963;S
20240410;193948;163.72;8660;10089193964;S
20240410;193956;163.76;10;10089194208;B
20240410;194000;163.76;180;10089194289;B
20240410;194002;163.74;200;10089194347;S
20240410;194013;163.76;100;10089194562;B
20240410;194017;163.76;10;10089194665;B
20240410;194020;163.76;10;10089194756;B
20240410;194025;163.76;100;10089194888;B
20240410;194026;163.74;200;10089194909;S
20240410;194030;163.74;300;10089195085;S
20240410;194041;163.76;10;10089195402;B
20240410;194041;163.76;60;10089195403;B
20240410;194041;163.74;1220;10089195404;S
20240410;194041;163.72;1180;10089195405;S
20240410;194042;163.72;50;10089195437;S
20240410;194046;163.76;10;10089195503;B
20240410;194049;163.76;490;10089195618;B
20240410;194049;163.78;410;10089195619;B
20240410;194051;163.78;60;10089195692;B
20240410;194054;163.74;100;10089195809;S
20240410;194101;163.78;50;10089195987;B
20240410;194101;163.78;10;10089195994;B
20240410;194104;163.74;540;10089196403;S
20240410;194104;163.74;300;10089196404;S
20240410;194104;163.72;1160;10089196405;S
20240410;194106;163.78;50;10089196538;B
20240410;194113;163.72;1530;10089196703;S
20240410;194113;163.74;100;10089196705;B
20240410;194113;163.74;10;10089196706;B
20240410;194113;163.76;10;10089196707;B
20240410;194122;163.72;100;10089196924;S
20240410;194134;163.74;10;10089197235;B
20240410;194135;163.72;400;10089197253;S
20240410;194136;163.74;10;10089197261;B
20240410;194140;163.74;210;10089197415;B
20240410;194140;163.76;270;10089197416;B
20240410;194146;163.72;10;10089197554;S
20240410;194150;163.76;10;10089197683;B
20240410;194154;163.76;10;10089197791;B
20240410;194155;163.76;10;10089197802;B
20240410;194156;163.72;210;10089197819;S
20240410;194157;163.76;30;10089197843;B
20240410;194200;163.72;500;10089197904;S
20240410;194203;163.72;70;10089197953;S
20240410;194206;163.76;10;10089197990;B
20240410;194207;163.72;870;10089198003;S
20240410;194209;163.76;20;10089198087;B
20240410;194210;163.76;630;10089198114;B
20240410;194210;163.78;70;10089198115;B
20240410;194211;163.72;3700;10089198143;S
20240410;194213;163.76;10;10089198218;B
20240410;194222;163.76;10;10089198384;B
20240410;194233;163.78;10;10089198649;B
20240410;194240;163.78;600;10089198825;B
20240410;194245;163.78;70;10089198946;B
20240410;194249;163.76;90;10089199034;S
20240410;194249;163.74;20;10089199035;S
20240410;194249;163.72;1140;10089199036;S
20240410;194249;163.72;200;10089199062;S
20240410;194251;163.78;10;10089199131;B
20240410;194255;163.76;20;10089199232;B
20240410;194255;163.76;50;10089199233;B
20240410;194255;163.76;1160;10089199234;B
20240410;194258;163.76;20;10089199298;B
20240410;194301;163.76;90;10089199397;B
20240410;194303;163.76;10;10089199519;B
20240410;194306;163.74;10;10089199555;S
20240410;194309;163.78;240;10089199617;B
20240410;194311;163.78;970;10089199660;B
20240410;194314;163.76;10;10089199776;B
20240410;194315;163.78;4220;10089199777;B
20240410;194315;163.78;50;10089199778;B
20240410;194315;163.78;5410;10089199779;B
20240410;194318;163.84;20;10089199859;B
20240410;194318;163.86;360;10089199860;B
20240410;194318;163.88;2440;10089199861;B
20240410;194318;163.88;570;10089199862;B
20240410;194318;163.9;20;10089199863;B
20240410;194318;163.9;1630;10089199864;B
20240410;194318;163.9;3000;10089199865;B
20240410;194318;163.92;10;10089199866;B
20240410;194318;163.92;5000;10089199867;B
20240410;194318;163.92;10;10089199868;B
20240410;194318;163.92;1000;10089199869;B
20240410;194318;163.92;740;10089199870;B
20240410;194324;163.94;20;10089199978;B
20240410;194326;163.86;10;10089200027;S
20240410;194326;163.84;190;10089200028;S
20240410;194326;163.84;300;10089200029;S
20240410;194328;163.84;860;10089200118;S
20240410;194330;163.84;10;10089200237;B
20240410;194332;163.84;30;10089200363;B
20240410;194347;163.84;100;10089200709;B
20240410;194350;163.86;350;10089200779;S
20240410;194350;163.84;240;10089200780;S
20240410;194350;163.82;10;10089200781;S
20240410;194350;163.82;50;10089200782;S
20240410;194351;163.92;10;10089200830;B
20240410;194351;163.94;40;10089200831;B
20240410;194352;163.92;150;10089200881;B
20240410;194357;163.86;10;10089200971;B
20240410;194403;163.86;10;10089201117;B
20240410;194404;163.84;30;10089201153;S
20240410;194410;163.86;70;10089201282;B
20240410;194411;163.86;220;10089201294;B
20240410;194411;163.9;10;10089201295;B
20240410;194411;163.9;200;10089201296;B
20240410;194411;163.92;50;10089201297;B
20240410;194411;163.92;280;10089201298;B
20240410;194411;163.92;100;10089201299;B
20240410;194411;163.94;20;10089201300;B
20240410;194411;163.94;500;10089201301;B
20240410;194411;163.94;120;10089201302;B
20240410;194420;163.94;10;10089201955;B
20240410;194424;163.86;10;10089202205;S
20240410;194430;163.94;170;10089202385;B
20240410;194430;163.94;330;10089202386;B
20240410;194430;163.94;10;10089202388;B
20240410;194430;163.94;10;10089202389;B
20240410;194431;163.94;10;10089202400;B
20240410;194433;163.94;20;10089202472;B
20240410;194441;163.88;30;10089202670;S
20240410;194446;163.92;10;10089202787;B
20240410;194446;163.94;2260;10089202788;B
20240410;194449;163.94;10;10089202878;B
20240410;194451;163.92;320;10089202963;S
20240410;194451;163.9;1640;10089202964;S
20240410;194451;163.88;1530;10089202965;S
20240410;194451;163.88;10;10089202966;S
20240410;194451;163.88;1500;10089202967;S
20240410;194456;163.92;10;10089203122;B
20240410;194501;163.94;10;10089203303;B
20240410;194503;163.94;10;10089203357;B
20240410;194512;163.94;100;10089203553;B
20240410;194517;163.92;10;10089203640;B
20240410;194517;163.88;100;10089203678;S
20240410;194518;163.92;10;10089203723;B
20240410;194523;163.92;10;10089203858;B
20240410;194525;163.88;450;10089203887;S
20240410;194530;163.92;20;10089203990;B
20240410;194530;163.92;910;10089203994;B
20240410;194530;163.92;1220;10089203995;B
20240410;194530;163.92;2200;10089203996;B
20240410;194530;163.92;1530;10089203997;B
20240410;194530;163.94;10;10089203998;B
20240410;194530;163.94;8330;10089203999;B
20240410;194531;163.92;420;10089204021;B
20240410;194531;163.94;1080;10089204022;B
20240410;194533;163.94;300;10089204056;B
20240410;194539;163.94;40;10089204257;B
20240410;194540;163.94;10;10089204262;B
20240410;194547;163.88;10;10089204475;S
20240410;194547;163.88;20;10089204476;S
20240410;194554;163.92;10;10089204768;B
20240410;194555;163.92;1000;10089204775;B
20240410;194559;163.9;10;10089204999;S
20240410;194559;163.88;90;10089205000;S
20240410;194604;163.92;150;10089205399;B
20240410;194606;163.9;270;10089205455;S
20240410;194608;163.92;10;10089205499;B
20240410;194612;163.9;10;10089205681;S
20240410;194615;163.92;10;10089205798;B
20240410;194618;163.92;380;10089205858;B
20240410;194618;163.92;120;10089205859;B
20240410;194618;163.94;5240;10089205860;B
20240410;194618;163.94;600;10089205861;B
20240410;194618;163.96;100;10089205862;B
20240410;194618;163.96;20;10089205863;B
20240410;194618;163.96;10;10089205864;B
20240410;194618;163.96;20;10089205865;B
20240410;194618;163.96;10;10089205866;B
20240410;194618;163.96;50;10089205867;B
20240410;194618;163.96;100;10089205868;B
20240410;194618;163.96;3350;10089205869;B
20240410;194621;163.9;10;10089206066;S
20240410;194634;163.92;10;10089206460;S
20240410;194634;163.9;820;10089206461;S
20240410;194634;163.9;1530;10089206462;S
20240410;194634;163.9;1060;10089206463;S
20240410;194634;163.9;10;10089206464;S
20240410;194636;163.88;30;10089206514;S
20240410;194636;163.9;50;10089206530;B
20240410;194643;163.9;10;10089206722;B
20240410;194643;163.9;30;10089206724;B
20240410;194646;163.9;240;10089206858;B
20240410;194646;163.92;10;10089206859;B
20240410;194646;163.94;350;10089206860;B
20240410;194710;163.92;10;10089208102;B
20240410;194711;163.92;2080;10089208148;B
20240410;194711;163.94;2490;10089208149;B
20240410;194711;163.92;1530;10089208154;S
20240410;194711;163.9;10;10089208155;S
20240410;194711;163.9;30;10089208156;S
20240410;194711;163.9;3430;10089208157;S
20240410;194712;163.94;80;10089208219;B
20240410;194717;163.9;10;10089208339;S
20240410;194718;163.94;30;10089208351;B
20240410;194718;163.94;60;10089208370;B
20240410;194722;163.9;3560;10089208476;S
20240410;194722;163.9;1000;10089208477;S
20240410;194722;163.9;120;10089208478;S
20240410;194728;163.9;10;10089208634;B
20240410;194731;163.9;10;10089208694;B
20240410;194734;163.88;10;10089208753;S
20240410;194734;163.9;10;10089208759;B
20240410;194738;163.9;100;10089208872;B
20240410;194738;163.88;10;10089208881;S
20240410;194740;163.88;40;10089208914;S
20240410;194750;163.9;190;10089209190;B
20240410;194750;163.9;10;10089209191;B
20240410;194750;163.9;210;10089209192;B
20240410;194804;163.9;500;10089209548;S
20240410;194805;163.92;10;10089209551;B
20240410;194808;163.9;750;10089209631;S
20240410;194812;163.92;60;10089209740;B
20240410;194821;163.9;340;10089209920;S
20240410;194821;163.9;10;10089209921;S
20240410;194821;163.9;50;10089209922;S
20240410;194821;163.88;10;10089209923;S
20240410;194821;163.88;50;10089209924;S
20240410;194821;163.88;40;10089209925;S
20240410;194829;163.9;10;10089210128;B
20240410;194832;163.88;40;10089210221;S
20240410;194834;163.88;300;10089210276;S
20240410;194835;163.92;1000;10089210282;B
20240410;194835;163.92;1030;10089210284;B
20240410;194835;163.92;210;10089210285;B
20240410;194840;163.94;10;10089210491;B
20240410;194847;163.94;10;10089211008;B
20240410;194850;163.92;20;10089211182;B
20240410;194855;163.9;200;10089211376;S
20240410;194856;163.94;10;10089211381;B
20240410;194906;163.9;100;10089211739;S
20240410;194915;163.94;990;10089212163;B
20240410;194915;163.94;190;10089212164;B
20240410;194915;163.94;10;10089212165;B
20240410;194915;163.94;30;10089212166;B
20240410;194915;163.94;200;10089212167;B
20240410;194915;163.94;70;10089212168;B
20240410;194918;163.92;20;10089212224;S
20240410;194927;163.92;80;10089212466;S
20240410;194927;163.9;250;10089212467;S
20240410;194927;163.9;10;10089212468;S
20240410;194927;163.88;7010;10089212469;S
20240410;194927;163.88;610;10089212470;S
20240410;194927;163.88;30;10089212471;S
20240410;194927;163.88;100;10089212472;S
20240410;194927;163.84;90;10089212473;S
20240410;194927;163.84;10;10089212474;S
20240410;194927;163.84;100;10089212475;S
20240410;194927;163.84;10;10089212476;S
20240410;194927;163.82;10;10089212477;S
20240410;194927;163.82;100;10089212478;S
20240410;194927;163.82;1220;10089212479;S
20240410;194927;163.82;680;10089212480;S
20240410;194927;163.82;1530;10089212481;S
20240410;194927;163.8;100;10089212482;S
20240410;194927;163.8;1000;10089212483;S
20240410;194927;163.8;4000;10089212484;S
20240410;194927;163.8;50;10089212485;S
20240410;194927;163.8;440;10089212486;S
20240410;194927;163.8;100;10089212487;S
20240410;194927;163.78;10;10089212488;S
20240410;194927;163.78;100;10089212489;S
20240410;194927;163.78;10;10089212490;S
20240410;194927;163.78;10;10089212491;S
20240410;194927;163.78;2340;10089212492;S
20240410;194940;163.9;10;10089212866;B
20240410;194943;163.9;10;10089212932;B
20240410;194943;163.9;20;10089212940;B
20240410;194949;163.9;40;10089213090;B
20240410;194952;163.84;100;10089213169;S
20240410;194953;163.84;10;10089213204;S
20240410;194953;163.8;10;10089213205;S
20240410;194953;163.8;50;10089213206;S
20240410;194953;163.8;30;10089213207;S
20240410;194956;163.86;10;10089213281;B
20240410;194956;163.88;90;10089213282;B
20240410;194958;163.86;100;10089213329;B
20240410;194958;163.86;320;10089213330;B
20240410;195005;163.8;10;10089213514;S
20240410;195005;163.78;50;10089213515;S
20240410;195005;163.78;100;10089213516;S
20240410;195005;163.78;10;10089213517;S
20240410;195005;163.78;10;10089213518;S
20240410;195005;163.78;440;10089213519;S
20240410;195005;163.78;500;10089213520;S
20240410;195005;163.76;90;10089213521;S
20240410;195005;163.76;10;10089213522;S
20240410;195005;163.76;10;10089213523;S
20240410;195005;163.76;10;10089213524;S
20240410;195005;163.76;1790;10089213525;S
20240410;195009;163.84;10;10089213645;B
20240410;195015;163.82;20;10089213942;B
20240410;195015;163.82;10;10089213943;B
20240410;195016;163.76;50;10089213952;S
20240410;195020;163.82;10;10089214058;B
20240410;195020;163.76;300;10089214107;S
20240410;195021;163.82;20;10089214126;B
20240410;195023;163.82;60;10089214184;B
20240410;195023;163.82;20;10089214185;B
20240410;195023;163.82;20;10089214186;B
20240410;195023;163.82;20;10089214187;B
20240410;195023;163.82;20;10089214188;B
20240410;195026;163.84;50;10089214261;S
20240410;195032;163.84;40;10089214419;S
20240410;195034;163.84;10;10089214461;S
20240410;195041;163.88;10;10089214705;B
20240410;195042;163.9;10;10089214727;B
20240410;195049;163.88;10;10089214952;B
20240410;195049;163.88;10;10089214959;B
20240410;195052;163.84;1430;10089215049;S
20240410;195052;163.84;1310;10089215050;S
20240410;195052;163.84;300;10089215051;S
20240410;195052;163.84;10;10089215052;S
20240410;195052;163.82;530;10089215053;S
20240410;195057;163.84;230;10089215170;S
20240410;195108;163.84;100;10089215564;B
20240410;195110;163.88;10;10089215637;B
20240410;195112;163.88;30;10089215738;B
20240410;195123;163.86;10;10089216010;B
20240410;195126;163.88;80;10089216052;B
20240410;195127;163.88;10;10089216079;B
20240410;195132;163.88;200;10089216224;B
20240410;195133;163.84;10;10089216241;S
20240410;195140;163.84;10;10089216428;S
20240410;195142;163.88;10;10089216476;B
20240410;195150;163.88;10;10089216615;B
20240410;195152;163.84;100;10089216666;S
20240410;195153;163.88;140;10089216685;B
20240410;195153;163.88;10;10089216686;B
20240410;195153;163.88;1110;10089216687;B
20240410;195153;163.88;10;10089216688;B
20240410;195156;163.88;10;10089216742;S
20240410;195159;163.9;70;10089216782;B
20240410;195217;163.9;420;10089217376;B
20240410;195217;163.9;80;10089217377;B
20240410;195219;163.9;900;10089217435;B
20240410;195219;163.9;100;10089217436;B
20240410;195219;163.9;10;10089217437;B
20240410;195225;163.92;10;10089217567;B
20240410;195225;163.92;10;10089217568;B
20240410;195226;163.92;10;10089217584;B
20240410;195229;163.92;100;10089217653;B
20240410;195230;163.9;350;10089217711;S
20240410;195232;163.9;50;10089217758;S
20240410;195232;163.92;460;10089217759;B
20240410;195232;163.92;20;10089217760;B
20240410;195232;163.94;320;10089217761;B
20240410;195233;163.94;10;10089217798;B
20240410;195240;163.9;100;10089218091;S
20240410;195241;163.94;200;10089218128;B
20240410;195250;163.9;10;10089218338;S
20240410;195252;163.94;180;10089218378;B
20240410;195253;163.9;30;10089218448;S
20240410;195253;163.9;40;10089218449;S
20240410;195256;163.9;100;10089218509;S
20240410;195257;163.94;1020;10089218553;B
20240410;195257;163.94;10;10089218554;B
20240410;195257;163.94;50;10089218555;B
20240410;195257;163.94;4310;10089218556;B
20240410;195257;163.94;2310;10089218557;B
20240410;195257;163.94;10;10089218558;B
20240410;195259;163.94;180;10089218629;S
20240410;195259;163.92;760;10089218630;S
20240410;195259;163.9;60;10089218631;S
20240410;195300;163.96;1190;10089218651;B
20240410;195300;163.96;10;10089218652;B
20240410;195301;163.96;10;10089218675;B
20240410;195302;163.96;180;10089218723;B
20240410;195302;163.96;80;10089218724;B
20240410;195302;163.96;40;10089218725;B
20240410;195305;163.92;20;10089218809;S
20240410;195308;163.96;10;10089218901;B
20240410;195312;163.96;30;10089219006;B
20240410;195321;163.96;2360;10089219269;B
20240410;195321;163.96;300;10089219270;B
20240410;195323;163.94;10;10089219521;S
20240410;195323;163.94;10;10089219522;S
20240410;195323;163.92;360;10089219523;S
20240410;195323;163.92;20;10089219524;S
20240410;195326;163.92;180;10089219563;S
20240410;195326;163.92;120;10089219564;S
20240410;195328;163.92;70;10089219627;S
20240410;195328;163.9;130;10089219628;S
20240410;195334;163.98;10;10089220373;B
20240410;195334;163.98;40;10089220374;B
20240410;195335;163.98;4530;10089220836;B
20240410;195335;163.98;50;10089220837;B
20240410;195335;163.98;50;10089220838;B
20240410;195335;163.98;20;10089220839;B
20240410;195335;163.98;80;10089220840;B
20240410;195335;163.98;100;10089220841;B
20240410;195335;163.98;100;10089220842;B
20240410;195335;163.98;50;10089220843;B
20240410;195335;163.98;800;10089220844;B
20240410;195335;163.98;180;10089220845;B
20240410;195335;163.98;30;10089220846;B
20240410;195335;163.98;100;10089220847;B
20240410;195335;163.98;500;10089220848;B
20240410;195335;163.98;10;10089220849;B
20240410;195335;163.98;110;10089220850;B
20240410;195335;163.98;650;10089220851;B
20240410;195335;163.98;100;10089220852;B
20240410;195335;163.98;700;10089220853;B
20240410;195335;163.98;10;10089220854;B
20240410;195335;163.98;1000;10089220855;B
20240410;195335;164;10;10089220856;B
20240410;195335;164;200;10089220857;B
20240410;195335;164;10;10089220858;B
20240410;195335;164;20;10089220859;B
20240410;195335;164;10990;10089220860;B
20240410;195335;164;5000;10089220861;B
20240410;195335;164;50;10089220862;B
20240410;195335;164;20;10089220863;B
20240410;195335;164;11000;10089220864;B
20240410;195335;164;10;10089220865;B
20240410;195335;164;600;10089220866;B
20240410;195335;164;400;10089220867;B
20240410;195335;164;300;10089220868;B
20240410;195335;164;300;10089220869;B
20240410;195335;164;500;10089220870;B
20240410;195335;164;100;10089220871;B
20240410;195335;164;500;10089220872;B
20240410;195335;164;70;10089220873;B
20240410;195335;164;1200;10089220874;B
20240410;195335;164;10;10089220875;B
20240410;195335;164;60;10089220876;B
20240410;195335;164;90;10089220877;B
20240410;195335;164;300;10089220878;B
20240410;195335;164;300;10089220879;B
20240410;195335;164;10;10089220880;B
20240410;195335;164;100;10089220881;B
20240410;195335;164;10;10089220882;B
20240410;195335;164;10;10089220883;B
20240410;195335;164;100;10089220884;B
20240410;195335;164;10;10089220885;B
20240410;195335;164;550;10089220886;B
20240410;195335;163.92;10;10089221105;S
20240410;195336;163.98;100;10089221366;B
20240410;195336;164;20;10089221367;B
20240410;195337;164;10;10089221469;B
20240410;195337;164;10;10089221470;B
20240410;195338;164;1410;10089221476;B
20240410;195338;164;100;10089221477;B
20240410;195338;164;2960;10089221478;B
20240410;195338;164;5250;10089221479;B
20240410;195338;164;50;10089221480;B
20240410;195338;164;200;10089221481;B
20240410;195338;164;30;10089221482;B
20240410;195339;163.92;80;10089221527;S
20240410;195339;163.92;100;10089221528;S
20240410;195342;164;10;10089222558;B
20240410;195347;164;30;10089223145;B
20240410;195349;164;100;10089223201;B
20240410;195354;164;20;10089223304;B
20240410;195403;164;10;10089223521;B
20240410;195408;164;150;10089223627;B
20240410;195408;164;400;10089223644;B
20240410;195409;164;2000;10089223672;B
20240410;195411;163.98;450;10089223721;S
20240410;195415;164;50;10089223791;B
20240410;195416;163.98;100;10089223886;S
20240410;195423;163.98;10;10089224041;S
20240410;195423;163.98;100;10089224044;S
20240410;195424;164;300;10089224058;B
20240410;195428;164;450;10089224129;B
20240410;195430;164;1880;10089224188;B
20240410;195430;164;1000;10089224189;B
20240410;195430;164;10;10089224190;B
20240410;195430;164;10;10089224191;B
20240410;195430;164;60;10089224192;B
20240410;195430;164;10;10089224193;B
20240410;195430;164;100;10089224194;B
20240410;195432;164;50;10089224259;B
20240410;195432;163.9;10;10089224267;S
20240410;195432;163.9;190;10089224268;S
20240410;195454;163.98;1730;10089224790;B
20240410;195454;163.98;100;10089224791;B
20240410;195458;163.9;100;10089224860;S
20240410;195502;163.9;10;10089224980;S
20240410;195502;163.9;10;10089224981;S
20240410;195502;163.9;10;10089224982;S
20240410;195502;163.9;10;10089224983;S
20240410;195502;163.9;10;10089224984;S
20240410;195502;163.88;10;10089224985;S
20240410;195502;163.88;20;10089224986;S
20240410;195502;163.88;10;10089224987;S
20240410;195502;163.88;10;10089224988;S
20240410;195507;163.94;10;10089225078;B
20240410;195507;163.96;500;10089225079;B
20240410;195507;163.96;360;10089225080;B
20240410;195508;163.96;20;10089225098;B
20240410;195508;163.86;10;10089225099;S
20240410;195508;163.84;90;10089225100;S
20240410;195509;163.86;10;10089225123;S
20240410;195509;163.86;10;10089225124;S
20240410;195509;163.84;80;10089225125;S
20240410;195510;163.98;10;10089225167;B
20240410;195526;163.9;100;10089225528;S
20240410;195531;163.94;20;10089225646;B
20240410;195542;163.96;100;10089225841;B
20240410;195542;163.96;30;10089225842;B
20240410;195542;163.96;30;10089225843;B
20240410;195542;163.96;680;10089225844;B
20240410;195542;163.96;300;10089225845;B
20240410;195542;163.98;40;10089225846;B
20240410;195542;163.98;5040;10089225847;B
20240410;195545;163.98;50;10089225909;B
20240410;195545;163.98;10;10089225910;B
20240410;195550;163.96;10;10089225981;B
20240410;195550;163.98;20;10089225982;B
20240410;195552;163.98;4880;10089226035;B
20240410;195553;163.98;500;10089226038;S
20240410;195553;163.98;1000;10089226054;S
20240410;195554;164;50;10089226071;B
20240410;195554;163.98;50;10089226090;S
20240410;195555;164;60;10089226105;B
20240410;195601;163.98;100;10089226179;S
20240410;195602;164;10;10089226197;B
20240410;195608;164;3600;10089226381;B
20240410;195610;164;10;10089226417;B
20240410;195612;164;100;10089226460;B
20240410;195613;164;10;10089226488;B
20240410;195615;164;90;10089226538;B
20240410;195615;164;10;10089226546;B
20240410;195620;164;300;10089226688;B
20240410;195621;164;60;10089226696;B
20240410;195621;164;440;10089226697;B
20240410;195622;164;60;10089226734;B
20240410;195626;164;20;10089226789;B
20240410;195631;163.98;700;10089226864;S
20240410;195631;163.98;500;10089226869;S
20240410;195633;163.98;40;10089226900;S
20240410;195635;164;480;10089226935;B
20240410;195635;164;70;10089226936;B
20240410;195635;164;450;10089226937;B
20240410;195637;163.96;420;10089227018;B
20240410;195637;163.98;130;10089227019;B
20240410;195642;163.98;10;10089227155;B
20240410;195645;163.98;300;10089227328;B
20240410;195645;163.98;200;10089227342;B
20240410;195646;163.96;60;10089227355;B
20240410;195648;163.96;10;10089227448;B
20240410;195652;163.96;290;10089227579;B
20240410;195658;163.9;10;10089227711;S
20240410;195658;163.9;160;10089227712;S
20240410;195658;163.9;20;10089227713;S
20240410;195658;163.88;20;10089227714;S
20240410;195658;163.86;590;10089227715;S
20240410;195700;163.94;20;10089227779;B
20240410;195700;163.96;860;10089227780;B
20240410;195700;163.96;590;10089227781;B
20240410;195707;163.98;300;10089227971;B
20240410;195709;163.96;20;10089228068;S
20240410;195712;163.98;1700;10089228109;B
20240410;195720;164;50;10089228325;B
20240410;195720;164;50;10089228326;B
20240410;195722;164;60;10089228378;B
20240410;195734;164;10;10089228700;B
20240410;195734;164;100;10089228904;B
20240410;195737;164;150;10089228971;B
20240410;195737;164;300;10089228972;B
20240410;195737;164;2600;10089228973;B
20240410;195737;164;5110;10089228974;B
20240410;195737;164;1000;10089228975;B
20240410;195737;164;100;10089228976;B
20240410;195737;164;10;10089228977;B
20240410;195737;164;970;10089228978;B
20240410;195742;164;30;10089229078;B
20240410;195742;163.98;10;10089229085;S
20240410;195745;163.98;30;10089229176;S
20240410;195747;164;4860;10089229246;B
20240410;195747;164;1000;10089229247;B
20240410;195753;163.98;10;10089229445;S
20240410;195756;164;5000;10089229571;B
20240410;195756;164;1000;10089229572;B
20240410;195759;164;10;10089229649;B
20240410;195800;164;50;10089229665;B
20240410;195802;164;9270;10089229763;B
20240410;195802;164;1000;10089229764;B
20240410;195802;164;10;10089229765;B
20240410;195804;164;200;10089229806;B
20240410;195805;164;670;10089229836;B
20240410;195805;164;1000;10089229837;B
20240410;195806;164;400;10089229861;B
20240410;195810;163.98;30;10089229936;S
20240410;195811;164;10;10089230000;B
20240410;195813;164;110;10089230033;B
20240410;195819;164;4390;10089230229;B
20240410;195819;164;1000;10089230230;B
20240410;195819;164;500;10089230231;B
20240410;195827;164;20;10089230384;B
20240410;195828;163.98;100;10089230402;S
20240410;195831;164;20;10089230478;B
20240410;195840;163.98;100;10089230713;S
20240410;195842;163.98;60;10089230739;S
20240410;195842;164;870;10089230767;B
20240410;195843;164;10;10089230783;B
20240410;195845;164;60;10089230806;B
20240410;195848;163.98;890;10089230872;S
20240410;195848;163.98;1200;10089230873;S
20240410;195848;163.98;10;10089230874;S
20240410;195848;163.98;10;10089230875;S
20240410;195848;163.98;610;10089230876;S
20240410;195848;163.98;10;10089230877;S
20240410;195848;163.96;2270;10089230878;S
20240410;195855;163.98;340;10089231042;B
20240410;195855;164;6990;10089231043;B
20240410;195855;164;2400;10089231044;B
20240410;195855;164;1050;10089231045;B
20240410;195858;163.98;20;10089231127;S
20240410;195859;163.98;20;10089231138;B
20240410;195859;163.98;10;10089231141;B
20240410;195905;163.96;10;10089231380;S
20240410;195921;163.98;50;10089232164;B
20240410;195921;163.98;120;10089232165;B
20240410;195922;163.98;10;10089232177;B
20240410;195923;163.98;20;10089232215;B
20240410;195926;163.98;50;10089232320;B
20240410;195930;163.98;1250;10089232425;B
20240410;195931;163.96;10;10089232433;S
20240410;195931;163.98;220;10089232437;B
20240410;195932;163.96;1000;10089232458;S
20240410;195938;163.96;220;10089234085;S
20240410;195938;163.96;600;10089234086;S
20240410;195938;163.96;10;10089234087;S
20240410;195938;163.96;100;10089234088;S
20240410;195944;163.96;70;10089236666;B
20240410;195944;163.98;430;10089236667;B
20240410;195948;163.94;10;10089238640;S
20240410;195951;163.98;10;10089239949;B
20240410;195951;163.98;10;10089239974;B
20240410;195953;163.98;100;10089240979;B
20240410;195957;163.98;30;10089242845;B
20240410;195959;163.98;10;10089243547;B
20240410;200010;163.98;50;10089244423;B
20240410;200016;163.98;10;10089244583;B
20240410;200021;163.98;10;10089244677;B
20240410;200023;163.98;10;10089244778;B
20240410;200025;163.94;10;10089244810;S
20240410;200030;163.94;20;10089244940;S
20240410;200030;163.92;10;10089244941;S
20240410;200030;163.92;50;10089244942;S
20240410;200036;163.98;10;10089245062;B
20240410;200039;163.92;300;10089245098;S
20240410;200040;163.98;10;10089245137;B
20240410;200042;163.92;100;10089245161;S
20240410;200042;163.98;20;10089245163;B
20240410;200043;163.98;620;10089245266;B
20240410;200045;163.92;150;10089245299;S
20240410;200051;163.98;90;10089245489;B
20240410;200052;163.98;50;10089245495;B
20240410;200054;163.94;10;10089245551;S
20240410;200054;163.92;40;10089245552;S
20240410;200054;163.92;20;10089245553;S
20240410;200056;163.98;10;10089245587;B
20240410;200100;163.92;1510;10089245705;S
20240410;200100;163.92;20;10089245706;S
20240410;200100;163.92;10;10089245707;S
20240410;200100;163.9;10;10089245708;S
20240410;200100;163.9;200;10089245709;S
20240410;200100;163.9;2250;10089245710;S
20240410;200102;163.94;20;10089245803;B
20240410;200102;163.96;100;10089245804;B
20240410;200103;163.96;70;10089245806;B
20240410;200103;163.98;990;10089245807;B
20240410;200103;163.98;110;10089245855;B
20240410;200110;163.96;10;10089246034;B
20240410;200119;163.96;240;10089246306;B
20240410;200120;163.92;100;10089246327;S
20240410;200120;163.96;10;10089246334;B
20240410;200122;163.92;40;10089246388;S
20240410;200139;163.96;50;10089246775;B
20240410;200139;163.96;80;10089246776;B
20240410;200139;163.98;370;10089246777;B
20240410;200144;163.92;20;10089246890;S
20240410;200146;163.92;250;10089246933;S
20240410;200148;163.98;150;10089246981;B
20240410;200149;163.98;10;10089247027;B
20240410;200152;163.92;1000;10089247083;S
20240410;200153;163.92;20;10089247090;S
20240410;200159;163.96;20;10089247174;B
20240410;200159;163.98;40;10089247175;B
20240410;200159;163.98;30;10089247181;B
20240410;200212;163.98;10;10089247473;B
20240410;200217;163.98;10;10089247563;B
20240410;200222;163.92;20;10089247799;S
20240410;200222;163.92;10;10089247800;S
20240410;200224;163.96;20;10089247847;B
20240410;200228;163.98;30;10089247924;B
20240410;200228;163.98;70;10089247925;B
20240410;200237;163.98;10;10089248600;B
20240410;200249;163.96;10;10089248868;S
20240410;200249;163.92;160;10089248869;S
20240410;200249;163.92;80;10089248870;S
20240410;200250;163.92;10;10089248897;S
20240410;200259;163.98;20;10089249119;B
20240410;200306;163.98;20;10089249323;B
20240410;200307;163.92;270;10089249350;S
20240410;200307;163.92;20;10089249351;S
20240410;200307;163.92;10;10089249352;S
20240410;200314;163.96;10;10089249539;B
20240410;200314;163.96;10;10089249645;B
20240410;200314;163.98;10;10089249646;B
20240410;200317;163.98;10;10089249702;B
20240410;200319;163.94;100;10089249901;S
20240410;200321;163.98;20;10089249953;B
20240410;200322;163.94;280;10089249972;S
20240410;200323;163.98;540;10089249999;B
20240410;200328;163.98;10;10089250136;B
20240410;200332;163.94;130;10089250344;S
20240410;200339;163.94;500;10089250588;S
20240410;200340;163.98;90;10089250600;B
20240410;200342;163.98;10;10089250639;B
20240410;200342;163.94;350;10089250678;S
20240410;200354;163.98;10;10089251045;B
20240410;200407;163.98;10;10089251370;B
20240410;200409;163.94;10;10089251451;S
20240410;200419;163.94;70;10089251829;S
20240410;200427;163.94;20;10089252052;S
20240410;200427;163.94;440;10089252053;S
20240410;200427;163.92;30;10089252054;S
20240410;200427;163.92;280;10089252055;S
20240410;200427;163.92;10;10089252056;S
20240410;200427;163.92;520;10089252057;S
20240410;200435;163.92;30;10089252227;S
20240410;200438;163.96;10;10089252325;B
20240410;200440;163.92;120;10089252370;S
20240410;200449;163.96;100;10089252566;B
20240410;200452;163.92;10;10089252661;S
20240410;200459;163.92;10;10089252809;S
20240410;200507;163.96;50;10089253133;B
20240410;200510;163.96;10;10089253260;B
20240410;200512;163.92;2400;10089253296;S
20240410;200519;163.94;10;10089253452;B
20240410;200524;163.94;20;10089253576;B
20240410;200527;163.94;20;10089253634;B
20240410;200529;163.94;250;10089253665;B
20240410;200529;163.96;50;10089253666;B
20240410;200530;163.94;10;10089253685;B
20240410;200549;163.92;70;10089254110;S
20240410;200549;163.92;20;10089254111;S
20240410;200549;163.92;60;10089254112;S
20240410;200550;163.94;10;10089254119;B
20240410;200551;163.94;10;10089254147;B
20240410;200555;163.92;40;10089254318;S
20240410;200555;163.92;60;10089254319;S
20240410;200556;163.94;100;10089254333;B
20240410;200557;163.94;20;10089254345;B
20240410;200559;163.94;150;10089254364;B
20240410;200609;163.92;90;10089254723;S
20240410;200626;163.92;50;10089255184;S
20240410;200626;163.92;50;10089255185;S
20240410;200627;163.94;10;10089255240;B
20240410;200627;163.94;10;10089255244;B
20240410;200628;163.94;10;10089255249;B
20240410;200629;163.92;10;10089255267;S
20240410;200632;163.94;10;10089255385;B
20240410;200635;163.92;40;10089255443;S
20240410;200635;163.92;2440;10089255444;S
20240410;200635;163.9;4290;10089255445;S
20240410;200636;163.9;1000;10089255611;S
20240410;200641;163.92;120;10089255705;B
20240410;200648;163.92;30;10089255955;B
20240410;200651;163.92;20;10089256005;B
20240410;200652;163.92;10;10089256039;B
20240410;200659;163.92;10;10089256247;B
20240410;200659;163.92;60;10089256258;B
20240410;200703;163.9;10;10089256343;S
20240410;200715;163.9;10;10089256745;S
20240410;200725;163.9;200;10089257006;S
20240410;200726;163.92;10;10089257060;B
20240410;200726;163.92;290;10089257061;B
20240410;200729;163.92;20;10089257138;B
20240410;200733;163.92;100;10089257297;B
20240410;200736;163.92;20;10089257347;B
20240410;200737;163.92;1000;10089257361;B
20240410;200737;163.92;100;10089257364;B
20240410;200744;163.92;40;10089257695;B
20240410;200748;163.92;30;10089257825;B
20240410;200748;163.92;10;10089257829;B
20240410;200757;163.92;10;10089258042;B
20240410;200759;163.92;10;10089258130;B
20240410;200803;163.9;260;10089258229;S
20240410;200804;163.9;10;10089258254;S
20240410;200823;163.92;10;10089258739;B
20240410;200831;163.92;10;10089258969;B
20240410;200844;163.92;10;10089259256;B
20240410;200844;163.92;20;10089259263;B
20240410;200901;163.92;60;10089259770;B
20240410;200902;163.92;10;10089259789;B
20240410;200915;163.92;10;10089260089;B
20240410;200923;163.92;10;10089260249;B
20240410;200923;163.92;10;10089260250;B
20240410;200924;163.92;10;10089260270;B
20240410;200925;163.92;10;10089260285;B
20240410;200931;163.9;50;10089260367;S
20240410;200934;163.92;140;10089260434;B
20240410;200937;163.92;500;10089260459;B
20240410;200942;163.9;80;10089260564;S
20240410;200942;163.92;50;10089260575;B
20240410;200942;163.92;10;10089260576;B
20240410;200942;163.92;50;10089260577;B
20240410;200942;163.92;10;10089260578;B
20240410;200942;163.94;2870;10089260579;B
20240410;200942;163.94;50;10089260580;B
20240410;200942;163.94;900;10089260581;B
20240410;200942;163.96;1000;10089260582;B
20240410;200942;163.98;60;10089260583;B
20240410;201004;163.92;10;10089261140;S
20240410;201007;163.92;40;10089261196;S
20240410;201012;163.92;50;10089262239;S
20240410;201014;163.98;10;10089262288;B
20240410;201020;163.98;10;10089262458;B
20240410;201024;163.98;10;10089262542;B
20240410;201027;163.98;10;10089262661;B
20240410;201034;163.92;10;10089262835;S
20240410;201048;163.96;10;10089263173;B
20240410;201048;163.92;110;10089263176;S
20240410;201048;163.92;50;10089263177;S
20240410;201048;163.92;10;10089263178;S
20240410;201048;163.92;20;10089263179;S
20240410;201048;163.9;710;10089263180;S
20240410;201050;163.96;10;10089263238;B
20240410;201105;163.96;10;10089263503;B
20240410;201113;163.96;10;10089263747;B
20240410;201115;163.9;270;10089263792;S
20240410;201119;163.9;50;10089263911;S
20240410;201119;163.96;10;10089263919;B
20240410;201128;163.96;20;10089264162;B
20240410;201140;163.96;60;10089264373;B
20240410;201140;163.96;20;10089264374;B
20240410;201140;163.96;20;10089264375;B
20240410;201140;163.96;10;10089264376;B
20240410;201140;163.96;10;10089264377;B
20240410;201140;163.96;520;10089264378;B
20240410;201147;163.96;20;10089264537;S
20240410;201150;163.96;10;10089264613;S
20240410;201157;163.98;10;10089264785;B
20240410;201158;163.98;10;10089264813;B
20240410;201159;163.96;150;10089264846;S
20240410;201159;163.98;200;10089264880;B
20240410;201201;163.96;10;10089264896;S
20240410;201205;163.98;600;10089265174;B
20240410;201208;163.98;10;10089265254;B
20240410;201214;163.98;430;10089265359;B
20240410;201216;163.98;10;10089265406;B
20240410;201217;163.98;50;10089265438;B
20240410;201222;163.98;10;10089265589;B
20240410;201223;163.96;4170;10089265652;S
20240410;201223;163.96;10;10089265653;S
20240410;201223;163.96;30;10089265654;S
20240410;201226;163.94;30;10089265700;S
20240410;201226;163.92;1970;10089265701;S
20240410;201231;163.92;10;10089265799;S
20240410;201237;163.92;10;10089266051;S
20240410;201237;163.92;30;10089266052;S
20240410;201237;163.9;2830;10089266053;S
20240410;201243;163.94;10;10089266209;B
20240410;201243;163.94;10;10089266210;B
20240410;201243;163.96;50;10089266211;B
20240410;201255;163.96;10;10089266430;B
20240410;201257;163.92;20;10089266483;S
20240410;201257;163.9;4550;10089266484;S
20240410;201257;163.9;10;10089266485;S
20240410;201257;163.9;10;10089266486;S
20240410;201257;163.9;20;10089266487;S
20240410;201257;163.9;390;10089266488;S
20240410;201305;163.94;100;10089266736;S
20240410;201306;163.96;10;10089266769;B
20240410;201308;163.94;10;10089266822;B
20240410;201309;163.94;10;10089266850;B
20240410;201310;163.9;490;10089266905;S
20240410;201313;163.9;600;10089266935;S
20240410;201313;163.94;10;10089266940;B
20240410;201313;163.94;20;10089266941;B
20240410;201314;163.9;10;10089266974;S
20240410;201325;163.94;10;10089267205;B
20240410;201327;163.94;30;10089267250;B
20240410;201337;163.9;30;10089267412;S
20240410;201338;163.94;300;10089267419;B
20240410;201355;163.94;10;10089267736;B
20240410;201404;163.9;710;10089267939;S
20240410;201412;163.94;10;10089268134;B
20240410;201412;163.94;20;10089268135;B
20240410;201412;163.94;20;10089268136;B
20240410;201416;163.94;10;10089268227;B
20240410;201417;163.94;550;10089268229;B
20240410;201417;163.96;3720;10089268230;B
20240410;201417;163.96;200;10089268231;B
20240410;201417;163.96;220;10089268232;B
20240410;201417;163.96;1530;10089268233;B
20240410;201417;163.98;580;10089268234;B
20240410;201417;163.98;40;10089268235;B
20240410;201417;163.98;110;10089268236;B
20240410;201417;163.98;50;10089268237;B
20240410;201417;163.98;120;10089268238;B
20240410;201417;163.98;120;10089268239;B
20240410;201417;163.98;1100;10089268240;B
20240410;201417;163.98;10;10089268241;B
20240410;201417;163.98;10;10089268242;B
20240410;201417;163.98;10;10089268243;B
20240410;201417;163.98;500;10089268244;B
20240410;201417;163.98;500;10089268245;B
20240410;201417;163.98;630;10089268246;B
20240410;201420;163.94;10;10089268417;S
20240410;201420;163.92;10;10089268418;S
20240410;201422;163.98;90;10089268465;B
20240410;201428;163.98;10;10089268598;B
20240410;201448;163.96;10;10089269001;B
20240410;201450;163.94;10;10089269033;S
20240410;201450;163.94;20;10089269034;S
20240410;201455;163.96;30;10089269103;B
20240410;201456;163.96;10;10089269116;B
20240410;201456;163.98;90;10089269117;B
20240410;201508;163.92;160;10089269327;S
20240410;201512;163.98;10;10089269392;B
20240410;201525;163.98;20;10089269614;B
20240410;201532;163.92;10;10089269751;S
20240410;201537;163.98;80;10089269857;B
20240410;201537;164;20;10089269858;B
20240410;201538;163.94;30;10089269870;S
20240410;201539;163.98;10;10089269905;B
20240410;201540;163.98;40;10089269921;B
20240410;201540;164;610;10089269922;B
20240410;201547;163.94;100;10089270026;S
20240410;201549;164;1290;10089270070;B
20240410;201549;164;300;10089270071;B
20240410;201549;164;100;10089270072;B
20240410;201549;164;13310;10089270073;B
20240410;201550;164;10;10089270090;B
20240410;201551;164;610;10089270091;B
20240410;201556;163.96;630;10089270190;S
20240410;201556;163.94;1550;10089270191;S
20240410;201556;163.92;20;10089270192;S
20240410;201556;163.92;650;10089270193;S
20240410;201557;164;1000;10089270196;B
20240410;201557;164;10;10089270198;B
20240410;201559;163.98;20;10089270257;B
20240410;201559;164;100;10089270258;B
20240410;201600;163.94;10;10089270270;S
20240410;201600;164;1000;10089270271;B
20240410;201602;163.94;200;10089270327;S
20240410;201605;163.94;80;10089270398;S
20240410;201615;163.94;10;10089270635;S
20240410;201615;163.98;20;10089270636;B
20240410;201620;163.98;10;10089270782;B
20240410;201621;163.98;40;10089270813;B
20240410;201624;163.98;30;10089270844;B
20240410;201626;163.94;100;10089270901;S
20240410;201627;163.94;70;10089270925;S
20240410;201638;163.94;300;10089271089;S
20240410;201638;163.94;10;10089271090;S
20240410;201638;163.94;90;10089271091;S
20240410;201639;163.94;10;10089271097;S
20240410;201639;163.94;100;10089271099;S
20240410;201643;163.98;10;10089271199;B
20240410;201646;163.94;10;10089271233;S
20240410;201646;163.94;50;10089271234;S
20240410;201653;163.94;10;10089271353;S
20240410;201654;163.98;20;10089271380;B
20240410;201656;163.98;10;10089271423;B
20240410;201657;163.98;320;10089271454;B
20240410;201701;163.98;10;10089271539;B
20240410;201703;163.92;60;10089271573;S
20240410;201708;163.98;90;10089271668;B
20240410;201709;163.98;60;10089271699;B
20240410;201716;163.94;10;10089271880;S
20240410;201716;163.94;20;10089271881;S
20240410;201717;163.98;10;10089271904;B
20240410;201717;163.94;50;10089271906;S
20240410;201718;163.94;290;10089271911;S
20240410;201718;163.92;160;10089271912;S
20240410;201730;163.94;50;10089272140;S
20240410;201730;163.94;100;10089272149;S
20240410;201733;163.98;100;10089272188;B
20240410;201735;163.94;900;10089272238;S
20240410;201736;163.94;1470;10089272254;S
20240410;201744;163.98;10;10089272476;B
20240410;201745;163.94;10;10089272508;S
20240410;201745;163.94;40;10089272521;S
20240410;201745;163.98;60;10089272526;B
20240410;201757;163.94;40;10089272792;S
20240410;201802;163.98;10;10089272904;B
20240410;201805;163.98;60;10089272964;B
20240410;201806;163.94;10;10089272966;S
20240410;201813;163.94;130;10089273121;S
20240410;201813;163.92;20;10089273122;S
20240410;201817;163.92;40;10089273291;S
20240410;201817;163.92;40;10089273292;S
20240410;201817;163.92;10;10089273293;S
20240410;201817;163.92;20;10089273294;S
20240410;201817;163.92;30;10089273295;S
20240410;201817;163.98;130;10089273298;B
20240410;201817;163.98;20;10089273299;B
20240410;201817;163.98;20;10089273300;B
20240410;201817;163.98;830;10089273301;B
20240410;201819;163.92;90;10089273329;S
20240410;201820;163.92;490;10089273346;S
20240410;201824;163.96;20;10089273457;B
20240410;201824;163.96;80;10089273458;B
20240410;201831;163.98;60;10089273650;B
20240410;201834;163.94;10;10089273691;S
20240410;201838;163.94;20;10089273768;S
20240410;201842;163.94;10;10089273889;B
20240410;201845;163.94;10;10089273953;B
20240410;201845;163.94;20;10089273969;B
20240410;201845;163.96;480;10089273970;B
20240410;201850;163.96;10;10089274037;B
20240410;201852;163.96;10;10089274099;B
20240410;201856;163.96;30;10089274177;B
20240410;201856;163.96;40;10089274183;B
20240410;201857;163.94;10;10089274187;S
20240410;201857;163.9;6590;10089274188;S
20240410;201900;163.96;10;10089274261;B
20240410;201906;163.96;10;10089274449;B
20240410;201914;163.96;40;10089274648;B
20240410;201916;163.96;20;10089274701;B
20240410;201925;163.96;810;10089275011;B
20240410;201925;163.96;10;10089275012;B
20240410;201925;163.96;50;10089275013;B
20240410;201925;163.98;200;10089275014;B
20240410;201925;163.98;320;10089275015;B
20240410;201933;163.92;20;10089275282;S
20240410;201933;163.92;80;10089275283;S
20240410;201934;163.98;10;10089275308;B
20240410;201939;163.92;100;10089275500;S
20240410;201941;163.98;620;10089275514;B
20240410;201943;163.92;970;10089275570;S
20240410;201943;163.92;10;10089275571;S
20240410;201943;163.92;20;10089275572;S
20240410;201945;163.9;50;10089275616;S
20240410;201949;163.9;30;10089275690;S
20240410;201952;163.96;20;10089275736;B
20240410;201957;163.92;210;10089275846;S
20240410;201957;163.92;20;10089275847;S
20240410;201957;163.92;1520;10089275848;S
20240410;202004;163.94;10;10089276020;B
20240410;202005;163.94;10;10089276050;B
20240410;202005;163.96;20;10089276094;B
20240410;202007;163.96;20;10089276123;B
20240410;202007;163.96;330;10089276131;B
20240410;202008;163.92;800;10089276166;S
20240410;202013;163.96;30;10089276297;B
20240410;202025;163.92;10;10089276585;S
20240410;202031;163.92;50;10089276745;S
20240410;202035;163.96;10;10089276839;B
20240410;202039;163.96;30;10089276889;B
20240410;202039;163.96;10;10089276895;B
20240410;202048;163.92;20;10089277059;S
20240410;202050;163.96;10;10089277107;B
20240410;202059;163.96;10;10089277329;B
20240410;202108;163.96;10;10089277594;B
20240410;202118;163.96;10;10089277863;B
20240410;202128;163.96;510;10089278127;B
20240410;202133;163.98;10;10089278224;B
20240410;202134;163.98;90;10089278238;B
20240410;202137;163.98;100;10089278288;B
20240410;202140;163.96;100;10089278343;S
20240410;202144;163.98;1850;10089278404;B
20240410;202144;163.98;120;10089278405;B
20240410;202144;163.98;200;10089278406;B
20240410;202144;163.98;10;10089278407;B
20240410;202144;163.98;420;10089278408;B
20240410;202144;163.98;10;10089278416;B
20240410;202147;163.98;470;10089278474;B
20240410;202147;163.98;1000;10089278475;B
20240410;202148;164;30;10089278505;B
20240410;202152;164;150;10089278606;B
20240410;202204;164;600;10089278805;B
20240410;202205;163.98;200;10089278910;S
20240410;202207;164;10;10089278954;B
20240410;202211;164;500;10089279081;B
20240410;202213;164;50;10089279148;B
20240410;202219;163.98;200;10089279253;S
20240410;202221;164;40;10089279296;B
20240410;202221;163.98;1300;10089279303;S
20240410;202227;164;10;10089279489;B
20240410;202243;164;4210;10089280022;B
20240410;202243;164;10;10089280023;B
20240410;202243;164;10;10089280024;B
20240410;202243;164;1690;10089280025;B
20240410;202243;164;10;10089280026;B
20240410;202243;164;40;10089280027;B
20240410;202243;164;10;10089280028;B
20240410;202243;164;750;10089280029;B
20240410;202243;164;20;10089280030;B
20240410;202243;164;120;10089280031;B
20240410;202243;164;20;10089280032;B
20240410;202243;164;500;10089280033;B
20240410;202243;164;500;10089280034;B
20240410;202243;164;500;10089280035;B
20240410;202243;164;3200;10089280036;B
20240410;202243;164;100;10089280037;B
20240410;202243;164;170;10089280038;B
20240410;202243;164;5000;10089280039;B
20240410;202243;164;10;10089280040;B
20240410;202243;164;40;10089280041;B
20240410;202243;164;3000;10089280042;B
20240410;202243;164;10;10089280043;B
20240410;202243;164;80;10089280044;B
20240410;202244;163.98;100;10089280055;S
20240410;202246;163.98;270;10089280094;S
20240410;202249;164;310;10089280171;B
20240410;202249;164;690;10089280172;B
20240410;202252;164;4310;10089280310;B
20240410;202252;164;100;10089280311;B
20240410;202252;164;590;10089280312;B
20240410;202253;164;410;10089280330;B
20240410;202253;164;4590;10089280331;B
20240410;202253;164;200;10089280339;B
20240410;202257;163.98;400;10089280425;S
20240410;202258;163.98;100;10089280460;S
20240410;202258;163.98;280;10089280464;S
20240410;202259;164;3900;10089280518;B
20240410;202259;164;1000;10089280519;B
20240410;202259;164;100;10089280520;B
20240410;202306;164;680;10089280661;B
20240410;202308;164;1000;10089280731;B
20240410;202308;164;1000;10089280732;B
20240410;202308;164;30;10089280734;B
20240410;202313;164;20;10089280853;B
20240410;202313;164;600;10089280856;B
20240410;202315;164;20;10089280892;B
20240410;202319;164;840;10089280964;B
20240410;202320;163.98;680;10089280998;S
20240410;202320;163.98;430;10089280999;S
20240410;202323;164;8120;10089281086;B
20240410;202323;164;1880;10089281087;B
20240410;202326;164;120;10089281135;B
20240410;202326;164;2580;10089281136;B
20240410;202327;163.98;100;10089281175;S
20240410;202331;164;50;10089281361;B
20240410;202337;164;100;10089281492;B
20240410;202339;164;1820;10089281901;B
20240410;202339;164;450;10089282229;B
20240410;202339;164;50;10089282230;B
20240410;202340;163.98;10;10089282251;S
20240410;202343;164;20;10089282394;B
20240410;202343;164;2930;10089282411;B
20240410;202343;164;5000;10089282412;B
20240410;202343;164.02;20;10089282413;B
20240410;202343;164.04;500;10089282414;B
20240410;202343;164.04;10;10089282415;B
20240410;202343;164.04;480;10089282416;B
20240410;202343;164.04;60;10089282417;B
20240410;202343;164.06;940;10089282418;B
20240410;202346;164.02;200;10089282502;S
20240410;202346;164.02;10;10089282513;S
20240410;202349;164.06;60;10089282563;B
20240410;202349;164.06;120;10089282564;B
20240410;202350;164.06;100;10089282585;B
20240410;202354;164.06;10;10089282673;B
20240410;202402;164.06;30;10089282872;B
20240410;202403;164.06;100;10089282894;B
20240410;202404;164.06;40;10089282910;B
20240410;202413;164.04;20;10089283123;B
20240410;202418;164.04;20;10089283192;B
20240410;202419;164.06;100;10089283201;B
20240410;202419;164.06;130;10089283202;B
20240410;202419;164.06;130;10089283203;B
20240410;202419;164.06;140;10089283204;B
20240410;202422;164.04;20;10089283259;S
20240410;202423;164.06;1110;10089283286;B
20240410;202427;164.06;10;10089283353;B
20240410;202427;164.06;10;10089283362;B
20240410;202429;164.06;10;10089283396;B
20240410;202435;164.02;30;10089283482;S
20240410;202435;164.06;10;10089283497;B
20240410;202440;164.06;10;10089283584;B
20240410;202442;164.06;200;10089283627;B
20240410;202442;164.06;10;10089283628;B
20240410;202442;164.06;10;10089283629;B
20240410;202442;164.06;170;10089283630;B
20240410;202442;164.08;300;10089283631;B
20240410;202442;164.08;10;10089283632;B
20240410;202442;164.08;10;10089283633;B
20240410;202442;164.08;2000;10089283634;B
20240410;202442;164.08;100;10089283635;B
20240410;202442;164.1;30;10089283636;B
20240410;202442;164.1;100;10089283637;B
20240410;202442;164.1;100;10089283638;B
20240410;202442;164.1;10;10089283639;B
20240410;202442;164.1;610;10089283640;B
20240410;202446;164.02;970;10089283703;S
20240410;202446;164.02;840;10089283704;S
20240410;202446;164;2070;10089283705;S
20240410;202446;164;10;10089283706;S
20240410;202446;164;40;10089283707;S
20240410;202446;164;120;10089283708;S
20240410;202446;164;530;10089283709;S
20240410;202446;164;60;10089283710;S
20240410;202446;164;10;10089283711;S
20240410;202446;163.98;600;10089283712;S
20240410;202446;163.98;1220;10089283713;S
20240410;202446;163.98;20;10089283714;S
20240410;202446;163.98;40;10089283715;S
20240410;202446;163.98;2440;10089283716;S
20240410;202446;163.98;1530;10089283717;S
20240410;202446;163.96;2600;10089283718;S
20240410;202446;164.06;500;10089283722;B
20240410;202446;164.06;500;10089283723;B
20240410;202447;164.08;10;10089283729;B
20240410;202452;164.06;10;10089283847;B
20240410;202452;164.06;10;10089283855;B
20240410;202452;164.06;1280;10089283856;B
20240410;202453;164.06;70;10089283882;B
20240410;202454;164.06;10;10089283902;B
20240410;202454;164.08;90;10089283903;B
20240410;202454;164.08;2440;10089283904;B
20240410;202454;164.1;4390;10089283905;B
20240410;202454;164.1;20;10089283906;B
20240410;202454;164.1;300;10089283907;B
20240410;202454;164.12;10;10089283908;B
20240410;202454;164.12;20;10089283909;B
20240410;202454;164.12;1000;10089283910;B
20240410;202454;164.12;600;10089283911;B
20240410;202454;164.14;390;10089283912;B
20240410;202454;164.14;100;10089283913;B
20240410;202454;164.14;400;10089283914;B
20240410;202454;164.14;200;10089283915;B
20240410;202454;164.14;720;10089283916;B
20240410;202454;164.16;1310;10089283917;B
20240410;202457;164.02;10;10089283982;S
20240410;202457;164.02;20;10089283983;S
20240410;202502;164.08;20;10089284142;B
20240410;202512;164.08;50;10089284366;B
20240410;202524;164.08;50;10089284593;B
20240410;202524;164.1;100;10089284594;B
20240410;202524;164.1;100;10089284595;B
20240410;202524;164.1;4000;10089284596;B
20240410;202524;164.12;10;10089284597;B
20240410;202524;164.12;100;10089284598;B
20240410;202524;164.12;500;10089284599;B
20240410;202524;164.14;680;10089284600;B
20240410;202524;164.14;10;10089284601;B
20240410;202524;164.14;1530;10089284602;B
20240410;202524;164.16;2920;10089284603;B
20240410;202526;164.04;10;10089284639;S
20240410;202528;164.12;100;10089284701;B
20240410;202528;164.14;500;10089284702;B
20240410;202528;164.14;10;10089284703;B
20240410;202528;164.16;670;10089284704;B
20240410;202531;164.08;50;10089284755;S
20240410;202536;164.16;100;10089284927;B
20240410;202536;164.16;100;10089284928;B
20240410;202536;164.18;10;10089284929;B
20240410;202536;164.18;90;10089284930;B
20240410;202536;164.18;400;10089284931;B
20240410;202536;164.18;500;10089284932;B
20240410;202536;164.18;10;10089284933;B
20240410;202536;164.2;100;10089284934;B
20240410;202536;164.2;20;10089284935;B
20240410;202536;164.2;10;10089284936;B
20240410;202536;164.2;10;10089284937;B
20240410;202536;164.2;2500;10089284938;B
20240410;202536;164.2;400;10089284939;B
20240410;202536;164.2;100;10089284940;B
20240410;202536;164.2;340;10089284941;B
20240410;202536;164.22;70;10089284942;B
20240410;202536;164.22;1220;10089284943;B
20240410;202536;164.22;4020;10089284944;B
20240410;202536;164.18;130;10089284945;B
20240410;202536;164.2;110;10089284963;B
20240410;202536;164.2;90;10089284964;B
20240410;202543;164.16;100;10089285096;B
20240410;202543;164.2;410;10089285097;B
20240410;202543;164.2;1000;10089285098;B
20240410;202543;164.2;500;10089285099;S
20240410;202545;164.2;20;10089285141;S
20240410;202546;164.2;100;10089285151;S
20240410;202551;164.2;4000;10089285219;S
20240410;202551;164.2;500;10089285224;S
20240410;202551;164.2;380;10089285225;S
20240410;202552;164.22;40;10089285293;B
20240410;202554;164.2;80;10089285355;S
20240410;202556;164.22;10;10089285408;B
20240410;202558;164.22;20;10089285451;B
20240410;202605;164.22;200;10089285593;B
20240410;202606;164.2;60;10089285610;S
20240410;202610;164.22;1220;10089285703;B
20240410;202610;164.24;5000;10089285704;B
20240410;202610;164.24;10;10089285705;B
20240410;202610;164.26;200;10089285706;B
20240410;202610;164.26;500;10089285707;B
20240410;202610;164.26;100;10089285708;B
20240410;202610;164.28;900;10089285709;B
20240410;202610;164.28;10;10089285710;B
20240410;202610;164.28;200;10089285711;B
20240410;202610;164.28;580;10089285712;B
20240410;202610;164.3;1000;10089285713;B
20240410;202610;164.3;10;10089285714;B
20240410;202610;164.3;270;10089285715;B
20240410;202611;164.28;10;10089285719;B
20240410;202614;164.24;100;10089285785;S
20240410;202615;164.24;150;10089285791;S
20240410;202615;164.24;50;10089285792;S
20240410;202620;164.24;100;10089285868;S
20240410;202622;164.26;120;10089285914;B
20240410;202624;164.26;380;10089285941;B
20240410;202624;164.28;120;10089285942;B
20240410;202625;164.28;100;10089285974;B
20240410;202637;164.28;990;10089286240;B
20240410;202637;164.28;500;10089286241;B
20240410;202637;164.3;230;10089286242;B
20240410;202637;164.3;10;10089286243;B
20240410;202637;164.3;10;10089286244;B
20240410;202637;164.3;500;10089286245;B
20240410;202637;164.3;690;10089286246;B
20240410;202637;164.3;1530;10089286247;B
20240410;202637;164.3;150;10089286248;B
20240410;202637;164.32;5000;10089286249;B
20240410;202637;164.32;10;10089286250;B
20240410;202637;164.32;380;10089286251;B
20240410;202638;164.28;1000;10089286286;B
20240410;202638;164.28;500;10089286287;B
20240410;202638;164.32;620;10089286288;B
20240410;202638;164.32;20;10089286289;B
20240410;202638;164.32;1530;10089286290;B
20240410;202638;164.32;10;10089286291;B
20240410;202638;164.32;1220;10089286292;B
20240410;202638;164.34;10;10089286293;B
20240410;202638;164.34;10;10089286294;B
20240410;202638;164.34;5080;10089286295;B
20240410;202641;164.3;150;10089286495;B
20240410;202645;164.3;10;10089286580;B
20240410;202647;164.3;30;10089286639;B
20240410;202648;164.3;310;10089286657;B
20240410;202648;164.32;1530;10089286658;B
20240410;202648;164.32;1010;10089286659;B
20240410;202648;164.3;500;10089286662;S
20240410;202649;164.32;1530;10089286676;B
20240410;202649;164.32;1220;10089286677;B
20240410;202649;164.34;4920;10089286678;B
20240410;202649;164.34;500;10089286679;B
20240410;202649;164.36;2500;10089286680;B
20240410;202649;164.36;1030;10089286681;B
20240410;202650;164.34;200;10089286689;B
20240410;202652;164.34;10;10089286729;B
20240410;202653;164.3;30;10089286770;S
20240410;202657;164.34;1010;10089286888;B
20240410;202657;164.34;500;10089286889;B
20240410;202657;164.36;490;10089286890;B
20240410;202700;164.34;10;10089286982;B
20240410;202706;164.34;1000;10089287103;B
20240410;202710;164.34;300;10089287166;B
20240410;202711;164.34;920;10089287178;B
20240410;202711;164.34;80;10089287179;B
20240410;202713;164.34;1000;10089287239;B
20240410;202714;164.34;1000;10089287263;B
20240410;202716;164.34;300;10089287306;B
20240410;202716;164.34;700;10089287307;B
20240410;202717;164.34;180;10089287337;B
20240410;202717;164.36;820;10089287338;B
20240410;202721;164.36;50;10089287412;B
20240410;202721;164.36;50;10089287418;B
20240410;202721;164.36;50;10089287419;B
20240410;202722;164.36;10;10089287421;B
20240410;202722;164.36;40;10089287422;B
20240410;202722;164.36;50;10089287425;B
20240410;202723;164.36;80;10089287439;B
20240410;202723;164.36;50;10089287440;B
20240410;202724;164.36;2280;10089287460;B
20240410;202724;164.36;1000;10089287461;B
20240410;202724;164.36;60;10089287462;B
20240410;202724;164.34;10;10089287477;S
20240410;202725;164.36;1000;10089287503;B
20240410;202726;164.36;10;10089287518;B
20240410;202727;164.34;400;10089287531;S
20240410;202729;164.34;600;10089287623;S
20240410;202729;164.34;200;10089287625;B
20240410;202730;164.34;50;10089287662;B
20240410;202730;164.34;30;10089287666;B
20240410;202730;164.34;170;10089287667;B
20240410;202730;164.34;800;10089287668;B
20240410;202731;164.36;50;10089287688;B
20240410;202733;164.36;10;10089287760;B
20240410;202734;164.34;200;10089287788;S
20240410;202735;164.34;1400;10089287792;B
20240410;202735;164.34;470;10089287793;B
20240410;202735;164.34;1060;10089287796;B
20240410;202735;164.34;90;10089287797;B
20240410;202735;164.36;2430;10089287798;B
20240410;202735;164.36;100;10089287799;B
20240410;202735;164.36;910;10089287800;B
20240410;202741;164.36;80;10089287903;B
20240410;202742;164.36;60;10089288057;B
20240410;202744;164.34;1000;10089288119;S
20240410;202745;164.34;10;10089288135;B
20240410;202750;164.34;50;10089288267;B
20240410;202753;164.34;10;10089288313;B
20240410;202754;164.34;1470;10089288345;B
20240410;202754;164.34;40;10089288346;B
20240410;202754;164.36;1450;10089288347;B
20240410;202754;164.36;1660;10089288348;B
20240410;202754;164.36;380;10089288349;B
20240410;202801;164.36;50;10089288556;B
20240410;202803;164.36;30;10089288571;B
20240410;202803;164.36;600;10089288573;B
20240410;202804;164.36;30;10089288576;B
20240410;202804;164.36;10;10089288581;B
20240410;202805;164.36;440;10089288602;B
20240410;202814;164.34;10;10089288750;S
20240410;202814;164.32;10;10089288751;S
20240410;202814;164.32;30;10089288752;S
20240410;202815;164.32;40;10089288764;S
20240410;202815;164.36;960;10089288785;B
20240410;202815;164.36;300;10089288786;B
20240410;202815;164.36;1300;10089288787;B
20240410;202823;164.36;10;10089288922;B
20240410;202824;164.36;420;10089288926;B
20240410;202824;164.34;40;10089288928;S
20240410;202824;164.36;10;10089288948;B
20240410;202825;164.36;100;10089288979;B
20240410;202827;164.36;10;10089289003;B
20240410;202832;164.34;100;10089289147;S
20240410;202833;164.36;3150;10089289153;B
20240410;202833;164.36;2500;10089289154;B
20240410;202833;164.36;900;10089289166;B
20240410;202837;164.34;60;10089289241;S
20240410;202837;164.34;140;10089289242;S
20240410;202837;164.34;170;10089289243;S
20240410;202840;164.36;200;10089289268;B
20240410;202844;164.34;30;10089289383;S
20240410;202853;164.36;1400;10089289623;B
20240410;202853;164.36;1180;10089289624;B
20240410;202855;164.36;10;10089289651;B
20240410;202858;164.36;20;10089289672;B
20240410;202858;164.34;10;10089289675;S
20240410;202902;164.34;190;10089289754;B
20240410;202904;164.34;10;10089289816;B
20240410;202906;164.34;80;10089289832;B
20240410;202915;164.34;10;10089290161;B
20240410;202921;164.34;500;10089290323;B
20240410;202926;164.34;100;10089290410;B
20240410;202927;164.32;10;10089290435;S
20240410;202931;164.32;140;10089290517;S
20240410;202931;164.34;30;10089290536;B
20240410;202932;164.34;70;10089290563;B
20240410;202932;164.34;30;10089290564;B
20240410;202940;164.34;10;10089290809;B
20240410;202945;164.34;10;10089290932;B
20240410;202948;164.34;10;10089291042;B
20240410;202950;164.34;10;10089291088;B
20240410;202951;164.34;40;10089291107;B
20240410;202951;164.34;290;10089291111;B
20240410;202951;164.34;100;10089291112;B
20240410;202951;164.34;50;10089291113;B
20240410;202951;164.34;60;10089291114;B
20240410;202955;164.34;10;10089291251;B
20240410;203001;164.32;40;10089291396;S
20240410;203002;164.32;100;10089291405;S
20240410;203008;164.34;2000;10089291542;B
20240410;203011;164.34;10;10089291615;B
20240410;203011;164.34;1210;10089291616;B
20240410;203013;164.32;610;10089291650;S
20240410;203013;164.32;10;10089291651;S
20240410;203013;164.3;470;10089291652;S
20240410;203013;164.3;40;10089291653;S
20240410;203013;164.3;10;10089291654;S
20240410;203013;164.28;10;10089291655;S
20240410;203013;164.28;20;10089291656;S
20240410;203013;164.28;40;10089291657;S
20240410;203014;164.34;100;10089291664;B
20240410;203014;164.28;10;10089291675;S
20240410;203020;164.32;10;10089291789;B
20240410;203023;164.3;10;10089291876;B
20240410;203028;164.3;190;10089291955;B
20240410;203028;164.32;50;10089291956;B
20240410;203036;164.32;10;10089292172;B
20240410;203038;164.32;10;10089292245;B
20240410;203039;164.3;20;10089292256;S
20240410;203040;164.32;50;10089292277;B
20240410;203044;164.32;30;10089292396;B
20240410;203047;164.32;10;10089292442;B
20240410;203047;164.32;50;10089292447;B
20240410;203049;164.32;10;10089292494;B
20240410;203055;164.32;140;10089292627;B
20240410;203103;164.32;50;10089292782;B
20240410;203107;164.3;580;10089292861;S
20240410;203107;164.3;70;10089292862;S
20240410;203107;164.3;1350;10089292863;S
20240410;203116;164.32;10;10089293189;B
20240410;203120;164.3;900;10089293613;S
20240410;203124;164.3;110;10089293742;S
20240410;203127;164.32;170;10089293833;B
20240410;203127;164.32;30;10089293834;B
20240410;203131;164.3;10;10089294009;S
20240410;203134;164.3;100;10089294060;S
20240410;203136;164.3;100;10089294087;S
20240410;203139;164.32;180;10089294197;B
20240410;203139;164.32;10;10089294200;B
20240410;203141;164.3;100;10089294217;S
20240410;203145;164.32;50;10089294308;B
20240410;203150;164.32;20;10089294396;B
20240410;203153;164.3;10;10089294464;S
20240410;203154;164.32;100;10089294496;B
20240410;203159;164.3;320;10089294570;S
20240410;203159;164.3;200;10089294571;S
20240410;203159;164.3;10;10089294572;S
20240410;203205;164.3;10;10089294683;B
20240410;203208;164.3;50;10089294740;B
20240410;203210;164.24;80;10089294774;S
20240410;203211;164.3;40;10089294781;B
20240410;203226;164.3;100;10089295071;B
20240410;203227;164.3;20;10089295077;B
20240410;203228;164.3;40;10089295085;B
20240410;203228;164.3;10;10089295088;B
20240410;203231;164.24;20;10089295145;S
20240410;203231;164.24;180;10089295146;S
20240410;203237;164.24;20;10089295212;S
20240410;203246;164.3;10;10089295455;B
20240410;203252;164.3;120;10089295560;B
20240410;203259;164.3;100;10089295721;B
20240410;203302;164.24;30;10089295788;S
20240410;203304;164.3;10;10089295811;B
20240410;203306;164.3;10;10089295844;B
20240410;203309;164.24;30;10089295935;S
20240410;203313;164.3;950;10089296079;B
20240410;203313;164.32;10;10089296080;B
20240410;203313;164.32;50;10089296081;B
20240410;203313;164.32;310;10089296082;B
20240410;203318;164.32;10;10089296171;B
20240410;203326;164.3;70;10089296376;S
20240410;203326;164.3;30;10089296377;S
20240410;203328;164.3;30;10089296416;S
20240410;203328;164.26;40;10089296417;S
20240410;203329;164.32;20;10089296430;B
20240410;203329;164.32;20;10089296431;B
20240410;203332;164.26;200;10089296479;S
20240410;203332;164.32;20;10089296483;B
20240410;203332;164.32;1530;10089296484;B
20240410;203332;164.32;20;10089296485;B
20240410;203334;164.32;100;10089296557;S
20240410;203337;164.32;200;10089296596;S
20240410;203343;164.34;10;10089296733;B
20240410;203345;164.32;130;10089296754;S
20240410;203345;164.32;770;10089296755;S
20240410;203349;164.34;160;10089296809;B
20240410;203352;164.32;120;10089296852;S
20240410;203357;164.34;300;10089297002;B
20240410;203400;164.34;10;10089297105;B
20240410;203419;164.34;10;10089297495;B
20240410;203428;164.32;1500;10089297638;S
20240410;203428;164.32;110;10089297657;S
20240410;203428;164.32;30;10089297658;S
20240410;203428;164.3;100;10089297659;S
20240410;203428;164.26;1760;10089297660;S
20240410;203428;164.32;20;10089297668;B
20240410;203430;164.32;10;10089297706;B
20240410;203430;164.32;170;10089297707;B
20240410;203430;164.32;890;10089297708;B
20240410;203430;164.32;940;10089297709;B
20240410;203431;164.32;60;10089297717;B
20240410;203436;164.32;420;10089297795;B
20240410;203436;164.32;1130;10089297796;B
20240410;203446;164.32;40;10089297946;B
20240410;203448;164.26;20;10089297973;S
20240410;203448;164.26;80;10089297974;S
20240410;203448;164.32;20;10089297976;B
20240410;203456;164.3;10;10089298122;B
20240410;203513;164.28;10;10089298442;B
20240410;203517;164.24;200;10089298500;S
20240410;203517;164.24;170;10089298501;S
20240410;203517;164.3;10;10089298505;B
20240410;203522;164.3;10;10089298560;B
20240410;203533;164.24;30;10089298739;S
20240410;203533;164.24;50;10089298740;S
20240410;203533;164.24;20;10089298741;S
20240410;203533;164.24;10;10089298742;S
20240410;203546;164.24;90;10089298967;B
20240410;203546;164.28;10;10089298968;B
20240410;203548;164.28;10;10089299027;B
20240410;203548;164.3;10;10089299028;B
20240410;203550;164.3;40;10089299063;B
20240410;203551;164.22;10;10089299073;S
20240410;203551;164.22;500;10089299074;S
20240410;203551;164.22;60;10089299075;S
20240410;203551;164.22;50;10089299076;S
20240410;203551;164.22;10;10089299077;S
20240410;203551;164.22;100;10089299078;S
20240410;203551;164.22;270;10089299079;S
20240410;203551;164.28;50;10089299082;B
20240410;203553;164.22;20;10089299114;S
20240410;203553;164.22;190;10089299115;S
20240410;203606;164.22;100;10089299296;S
20240410;203614;164.22;10;10089299423;S
20240410;203626;164.26;10;10089299649;B
20240410;203644;164.22;50;10089299996;S
20240410;203646;164.24;10;10089300021;B
20240410;203658;164.22;400;10089300203;S
20240410;203659;164.26;300;10089300212;B
20240410;203703;164.26;10;10089300281;B
20240410;203703;164.26;20;10089300288;B
20240410;203710;164.26;1360;10089300355;B
20240410;203712;164.26;10;10089300398;S
20240410;203715;164.26;10;10089300454;S
20240410;203718;164.3;100;10089300498;B
20240410;203718;164.3;800;10089300499;B
20240410;203719;164.26;400;10089300510;S
20240410;203730;164.3;20;10089300682;B
20240410;203732;164.3;60;10089300717;B
20240410;203735;164.28;20;10089300752;B
20240410;203735;164.28;40;10089300754;B
20240410;203737;164.28;100;10089300779;B
20240410;203738;164.26;10;10089300794;S
20240410;203738;164.26;100;10089300796;S
20240410;203740;164.28;20;10089300828;B
20240410;203744;164.28;40;10089300863;B
20240410;203746;164.28;10;10089300900;B
20240410;203806;164.28;10;10089301306;B
20240410;203818;164.3;120;10089301445;B
20240410;203818;164.3;20;10089301446;B
20240410;203819;164.26;110;10089301465;S
20240410;203819;164.24;890;10089301466;S
20240410;203826;164.3;30;10089301548;B
20240410;203826;164.22;200;10089301559;S
20240410;203830;164.3;30;10089301594;B
20240410;203832;164.3;20;10089301645;B
20240410;203840;164.26;10;10089301787;S
20240410;203840;164.24;20;10089301788;S
20240410;203840;164.22;370;10089301789;S
20240410;203841;164.24;400;10089301799;S
20240410;203842;164.3;10;10089301820;B
20240410;203854;164.3;10;10089302019;B
20240410;203854;164.3;10;10089302027;B
20240410;203858;164.26;20;10089302068;B
20240410;203902;164.26;20;10089302144;B
20240410;203902;164.26;90;10089302146;B
20240410;203908;164.26;500;10089302202;B
20240410;203911;164.24;40;10089302256;S
20240410;203911;164.24;20;10089302257;S
20240410;203911;164.22;20;10089302258;S
20240410;203911;164.22;220;10089302259;S
20240410;203912;164.26;20;10089302274;B
20240410;203913;164.26;350;10089302280;B
20240410;203913;164.28;900;10089302281;B
20240410;203913;164.3;70;10089302282;B
20240410;203913;164.3;10;10089302283;B
20240410;203913;164.3;500;10089302284;B
20240410;203913;164.3;300;10089302285;B
20240410;203913;164.24;1200;10089302288;S
20240410;203913;164.24;490;10089302289;S
20240410;203916;164.24;310;10089302341;B
20240410;203916;164.3;10;10089302342;B
20240410;203916;164.3;280;10089302343;B
20240410;203918;164.3;410;10089302392;B
20240410;203918;164.3;2440;10089302393;B
20240410;203918;164.32;2000;10089302394;B
20240410;203918;164.32;1530;10089302395;B
20240410;203918;164.34;2120;10089302396;B
20240410;203918;164.34;40;10089302397;B
20240410;203918;164.34;860;10089302398;B
20240410;203918;164.26;1220;10089302405;S
20240410;203918;164.24;2430;10089302406;S
20240410;203922;164.32;10;10089302478;B
20240410;203922;164.32;2420;10089302481;B
20240410;203922;164.32;500;10089302482;B
20240410;203922;164.34;1040;10089302483;B
20240410;203922;164.34;70;10089302484;B
20240410;203922;164.34;100;10089302485;B
20240410;203922;164.34;2000;10089302486;B
20240410;203922;164.34;1220;10089302487;B
20240410;203922;164.34;280;10089302488;B
20240410;203922;164.34;1530;10089302489;B
20240410;203922;164.36;1290;10089302490;B
20240410;203922;164.36;480;10089302491;B
20240410;203948;164.28;20;10089302902;S
20240410;203952;164.34;10;10089302978;B
20240410;203954;164.34;20;10089303057;B
20240410;203954;164.36;10;10089303058;B
20240410;204000;164.32;100;10089303153;B
20240410;204000;164.36;210;10089303154;B
20240410;204005;164.32;10;10089303255;B
20240410;204007;164.36;10;10089303272;B
20240410;204011;164.36;300;10089303340;B
20240410;204013;164.32;10;10089303384;S
20240410;204013;164.3;1220;10089303385;S
20240410;204013;164.3;770;10089303386;S
20240410;204016;164.36;30;10089303460;B
20240410;204019;164.36;20;10089303493;B
20240410;204024;164.36;90;10089303667;B
20240410;204025;164.3;230;10089303674;S
20240410;204025;164.3;1220;10089303675;S
20240410;204025;164.3;550;10089303676;S
20240410;204025;164.3;40;10089303679;S
20240410;204028;164.36;80;10089303713;B
20240410;204029;164.36;40;10089303736;B
20240410;204035;164.3;90;10089303820;S
20240410;204044;164.3;1220;10089303951;S
20240410;204044;164.28;780;10089303952;S
20240410;204045;164.34;10;10089303973;B
20240410;204049;164.3;50;10089304039;S
20240410;204049;164.3;30;10089304054;S
20240410;204059;164.34;10;10089304269;B
20240410;204059;164.34;20;10089304272;B
20240410;204108;164.32;20;10089304379;B
20240410;204132;164.34;10;10089304868;B
20240410;204141;164.34;60;10089305072;B
20240410;204143;164.34;150;10089305108;B
20240410;204143;164.34;280;10089305124;B
20240410;204144;164.34;60;10089305155;B
20240410;204150;164.34;10;10089305338;B
20240410;204150;164.34;20;10089305339;B
20240410;204151;164.34;590;10089305342;B
20240410;204151;164.34;40;10089305343;B
20240410;204152;164.28;10;10089305362;S
20240410;204156;164.28;10;10089305505;S
20240410;204157;164.32;10;10089305522;B
20240410;204157;164.34;10;10089305523;B
20240410;204205;164.28;10;10089305734;S
20240410;204209;164.32;10;10089305851;B
20240410;204209;164.34;330;10089305852;B
20240410;204209;164.34;100;10089305853;B
20240410;204209;164.34;200;10089305854;B
20240410;204213;164.34;10;10089305947;B
20240410;204217;164.28;40;10089306042;S
20240410;204217;164.28;960;10089306043;S
20240410;204229;164.28;20;10089306263;S
20240410;204229;164.28;100;10089306264;S
20240410;204236;164.32;20;10089306357;B
20240410;204236;164.34;220;10089306358;B
20240410;204238;164.34;10;10089306396;B
20240410;204242;164.34;10;10089306450;B
20240410;204243;164.34;1500;10089306465;B
20240410;204244;164.34;50;10089306475;B
20240410;204244;164.34;1000;10089306476;B
20240410;204244;164.34;50;10089306477;B
20240410;204244;164.36;1230;10089306478;B
20240410;204244;164.36;10;10089306479;B
20240410;204244;164.36;100;10089306480;B
20240410;204244;164.36;2000;10089306481;B
20240410;204244;164.36;1000;10089306482;B
20240410;204244;164.36;500;10089306483;B
20240410;204244;164.36;5010;10089306484;B
20240410;204244;164.36;500;10089306485;B
20240410;204244;164.36;2000;10089306486;B
20240410;204244;164.36;100;10089306487;B
20240410;204244;164.36;100;10089306488;B
20240410;204244;164.36;350;10089306489;B
20240410;204245;164.34;1580;10089306505;S
20240410;204245;164.3;10;10089306506;S
20240410;204245;164.3;20;10089306507;S
20240410;204245;164.3;1390;10089306508;S
20240410;204249;164.34;20;10089306572;B
20240410;204249;164.36;100;10089306573;B
20240410;204254;164.32;790;10089306662;S
20240410;204254;164.32;500;10089306663;S
20240410;204254;164.3;710;10089306664;S
20240410;204305;164.34;30;10089306869;B
20240410;204308;164.34;10;10089306907;B
20240410;204313;164.34;460;10089307053;B
20240410;204313;164.36;120;10089307054;B
20240410;204315;164.3;660;10089307091;S
20240410;204318;164.36;2270;10089307149;B
20240410;204318;164.36;230;10089307150;B
20240410;204321;164.3;120;10089307188;S
20240410;204334;164.3;240;10089307405;S
20240410;204354;164.34;10;10089307772;B
20240410;204356;164.3;10;10089307808;S
20240410;204359;164.3;10;10089307852;S
20240410;204359;164.3;10;10089307854;S
20240410;204400;164.34;30;10089307869;B
20240410;204402;164.34;20;10089307895;B
20240410;204408;164.34;10;10089307963;B
20240410;204417;164.3;10;10089308101;S
20240410;204420;164.34;60;10089308132;B
20240410;204422;164.32;10;10089308170;B
20240410;204441;164.34;10;10089308388;B
20240410;204443;164.3;10;10089308406;S
20240410;204443;164.3;10;10089308407;S
20240410;204443;164.3;10;10089308408;S
20240410;204443;164.28;1970;10089308409;S
20240410;204451;164.32;60;10089308514;B
20240410;204451;164.32;20;10089308515;B
20240410;204451;164.34;60;10089308516;B
20240410;204457;164.34;10;10089308620;B
20240410;204504;164.32;10;10089308768;B
20240410;204504;164.34;40;10089308769;B
20240410;204506;164.34;10;10089308791;B
20240410;204515;164.32;10;10089308888;B
20240410;204516;164.32;230;10089308898;B
20240410;204516;164.34;270;10089308899;B
20240410;204517;164.3;50;10089308910;S
20240410;204519;164.34;40;10089308925;B
20240410;204526;164.3;300;10089309053;S
20240410;204526;164.3;20;10089309054;S
20240410;204526;164.3;180;10089309055;S
20240410;204529;164.32;10;10089309103;B
20240410;204530;164.32;10;10089309118;B
20240410;204530;164.34;100;10089309126;B
20240410;204537;164.32;10;10089309215;B
20240410;204537;164.34;140;10089309216;B
20240410;204539;164.34;10;10089309257;B
20240410;204539;164.34;10;10089309258;B
20240410;204542;164.32;20;10089309281;S
20240410;204542;164.3;100;10089309282;S
20240410;204542;164.3;20;10089309283;S
20240410;204546;164.32;20;10089309373;B
20240410;204546;164.34;10;10089309374;B
20240410;204546;164.34;10;10089309375;B
20240410;204551;164.34;10;10089309424;B
20240410;204557;164.32;20;10089309511;B
20240410;204559;164.32;10;10089309559;B
20240410;204605;164.32;10;10089309651;B
20240410;204605;164.32;50;10089309658;B
20240410;204606;164.32;10;10089309679;B
20240410;204607;164.32;100;10089309680;B
20240410;204607;164.32;500;10089309681;B
20240410;204607;164.34;50;10089309686;B
20240410;204615;164.34;10;10089309821;B
20240410;204615;164.34;10;10089309823;B
20240410;204616;164.34;600;10089309828;B
20240410;204618;164.34;10;10089309847;B
20240410;204628;164.34;20;10089310103;B
20240410;204633;164.34;80;10089310214;B
20240410;204633;164.34;10;10089310215;B
20240410;204633;164.34;110;10089310216;B
20240410;204634;164.34;20;10089310234;B
20240410;204636;164.34;30;10089310271;B
20240410;204639;164.36;10;10089310300;B
20240410;204640;164.36;260;10089310318;B
20240410;204640;164.36;100;10089310319;B
20240410;204640;164.36;130;10089310320;B
20240410;204640;164.34;40;10089310327;S
20240410;204641;164.34;260;10089310332;S
20240410;204641;164.32;20;10089310333;S
20240410;204642;164.36;1860;10089310344;B
20240410;204646;164.36;510;10089310396;B
20240410;204646;164.36;3000;10089310397;B
20240410;204646;164.36;500;10089310398;B
20240410;204646;164.36;500;10089310399;B
20240410;204646;164.38;10;10089310404;B
20240410;204648;164.38;10;10089310456;B
20240410;204648;164.38;500;10089310457;B
20240410;204648;164.38;480;10089310458;B
20240410;204652;164.38;10;10089310523;B
20240410;204702;164.38;30;10089310725;B
20240410;204703;164.38;20;10089310731;B
20240410;204711;164.38;20;10089310822;B
20240410;204716;164.38;20;10089310884;B
20240410;204716;164.38;10;10089310895;B
20240410;204723;164.36;3000;10089310987;S
20240410;204726;164.38;20;10089311124;B
20240410;204731;164.36;400;10089311176;S
20240410;204735;164.38;10;10089311217;B
20240410;204735;164.38;50;10089311220;B
20240410;204736;164.38;20;10089311226;B
20240410;204742;164.36;50;10089311307;S
20240410;204744;164.38;300;10089311345;B
20240410;204746;164.36;890;10089311371;S
20240410;204750;164.36;30;10089311396;B
20240410;204751;164.36;10;10089311400;B
20240410;204807;164.36;300;10089311675;B
20240410;204808;164.36;100;10089311689;B
20240410;204810;164.34;1180;10089311716;S
20240410;204816;164.34;10;10089311827;B
20240410;204824;164.34;10;10089311951;B
20240410;204824;164.34;10;10089311952;B
20240410;204824;164.34;50;10089311953;B
20240410;204827;164.34;50;10089311995;S
20240410;204827;164.36;10;10089311999;B
20240410;204831;164.36;10;10089312086;B
20240410;204831;164.34;310;10089312092;S
20240410;204832;164.36;20;10089312100;B
20240410;204833;164.34;1000;10089312105;S
20240410;204838;164.36;10;10089312171;B
20240410;204848;164.36;10;10089312306;B
20240410;204849;164.36;20;10089312335;B
20240410;204852;164.34;10;10089312407;S
20240410;204853;164.36;360;10089312411;B
20240410;204857;164.36;20;10089312466;B
20240410;204858;164.36;10;10089312475;B
20240410;204858;164.36;20;10089312481;B
20240410;204905;164.36;100;10089312607;B
20240410;204906;164.34;700;10089312613;S
20240410;204906;164.36;10;10089312618;B
20240410;204906;164.34;130;10089312621;S
20240410;204906;164.32;10;10089312622;S
20240410;204906;164.32;30;10089312623;S
20240410;204907;164.34;10;10089312625;B
20240410;204907;164.34;260;10089312626;B
20240410;204914;164.34;750;10089312787;B
20240410;204920;164.34;10;10089312916;B
20240410;204921;164.34;10;10089312938;B
20240410;204927;164.36;200;10089313042;B
20240410;204929;164.34;50;10089313067;B
20240410;204929;164.34;10;10089313071;B
20240410;204933;164.32;140;10089313135;S
20240410;204947;164.34;10;10089313436;B
20240410;204947;164.34;20;10089313440;B
20240410;205000;164.32;10;10089313660;S
20240410;205000;164.32;10;10089313661;S
20240410;205000;164.32;170;10089313662;S
20240410;205000;164.3;20;10089313663;S
20240410;205000;164.28;14790;10089313664;S
20240410;205009;164.28;4640;10089314028;S
20240410;205012;164.32;10;10089314093;B
20240410;205018;164.3;70;10089314165;B
20240410;205018;164.3;10;10089314170;B
20240410;205018;164.3;10;10089314171;B
20240410;205025;164.24;20;10089314392;S
20240410;205025;164.24;80;10089314393;S
20240410;205028;164.24;10;10089314433;S
20240410;205050;164.3;10;10089314888;B
20240410;205050;164.3;60;10089314889;B
20240410;205051;164.3;310;10089314927;B
20240410;205053;164.3;20;10089314957;B
20240410;205053;164.3;40;10089314959;B
20240410;205056;164.3;10;10089314995;B
20240410;205058;164.24;80;10089315017;S
20240410;205058;164.24;2440;10089315018;S
20240410;205058;164.24;20;10089315019;S
20240410;205058;164.24;60;10089315020;S
20240410;205058;164.24;1220;10089315021;S
20240410;205058;164.22;1000;10089315022;S
20240410;205058;164.22;20;10089315023;S
20240410;205058;164.22;10;10089315024;S
20240410;205058;164.22;500;10089315025;S
20240410;205058;164.22;1000;10089315026;S
20240410;205058;164.22;650;10089315027;S
20240410;205100;164.3;600;10089315062;B
20240410;205100;164.3;50;10089315063;B
20240410;205100;164.3;10;10089315064;B
20240410;205100;164.32;310;10089315065;B
20240410;205104;164.24;30;10089315122;S
20240410;205104;164.24;1220;10089315123;S
20240410;205104;164.22;1450;10089315124;S
20240410;205104;164.22;300;10089315125;S
20240410;205104;164.22;200;10089315126;S
20240410;205104;164.22;590;10089315127;S
20240410;205104;164.2;100;10089315128;S
20240410;205104;164.2;5000;10089315129;S
20240410;205104;164.2;14350;10089315130;S
20240410;205108;164.3;520;10089315193;B
20240410;205108;164.3;10;10089315194;B
20240410;205110;164.3;20;10089315231;B
20240410;205110;164.3;10;10089315232;B
20240410;205110;164.3;20;10089315233;B
20240410;205110;164.3;290;10089315234;B
20240410;205110;164.22;620;10089315240;S
20240410;205110;164.22;20;10089315245;S
20240410;205110;164.22;80;10089315246;S
20240410;205111;164.3;30;10089315257;B
20240410;205112;164.22;40;10089315266;S
20240410;205127;164.24;80;10089315600;B
20240410;205134;164.24;10;10089315695;B
20240410;205140;164.22;20;10089315831;S
20240410;205142;164.24;10;10089315865;B
20240410;205142;164.24;100;10089315866;B
20240410;205142;164.28;20;10089315867;B
20240410;205142;164.3;240;10089315868;B
20240410;205142;164.32;910;10089315869;B
20240410;205142;164.32;1530;10089315870;B
20240410;205142;164.32;50;10089315871;B
20240410;205142;164.32;50;10089315872;B
20240410;205142;164.32;2440;10089315873;B
20240410;205142;164.34;2270;10089315874;B
20240410;205147;164.34;40;10089316071;B
20240410;205154;164.3;50;10089316233;S
20240410;205156;164.3;40;10089316276;S
20240410;205200;164.34;30;10089316348;B
20240410;205209;164.34;180;10089316552;B
20240410;205210;164.3;10;10089316569;S
20240410;205216;164.34;40;10089316691;B
20240410;205224;164.28;300;10089316794;S
20240410;205230;164.34;440;10089316877;B
20240410;205230;164.34;500;10089316878;B
20240410;205232;164.36;20;10089316926;B
20240410;205233;164.36;30;10089316936;B
20240410;205233;164.36;70;10089316937;B
20240410;205233;164.36;10;10089316940;B
20240410;205236;164.34;9060;10089316971;S
20240410;205236;164.34;1220;10089316972;S
20240410;205236;164.3;10;10089316973;S
20240410;205236;164.28;30;10089316974;S
20240410;205236;164.28;60;10089316975;S
20240410;205237;164.34;10;10089316983;B
20240410;205237;164.28;270;10089316989;S
20240410;205242;164.32;10;10089317106;B
20240410;205244;164.32;10;10089317144;B
20240410;205246;164.32;10;10089317162;B
20240410;205246;164.26;30;10089317163;S
20240410;205252;164.32;10;10089317243;B
20240410;205259;164.28;30;10089317369;S
20240410;205259;164.26;870;10089317370;S
20240410;205301;164.26;40;10089317575;S
20240410;205301;164.32;30;10089317576;B
20240410;205301;164.32;40;10089317577;B
20240410;205301;164.34;930;10089317578;B
20240410;205302;164.34;10;10089317582;B
20240410;205305;164.32;100;10089317657;B
20240410;205305;164.34;10;10089317658;B
20240410;205308;164.28;10;10089317688;S
20240410;205316;164.32;10;10089317816;B
20240410;205319;164.28;20;10089317888;S
20240410;205319;164.28;250;10089317889;S
20240410;205333;164.26;10;10089318176;S
20240410;205334;164.32;10;10089318182;B
20240410;205340;164.28;50;10089318336;S
20240410;205343;164.26;80;10089318394;S
20240410;205343;164.32;10;10089318398;B
20240410;205345;164.28;10;10089318422;S
20240410;205349;164.34;10;10089318489;B
20240410;205405;164.34;100;10089318907;B
20240410;205412;164.34;10;10089319098;B
20240410;205416;164.34;1000;10089319145;B
20240410;205421;164.34;3200;10089319271;B
20240410;205423;164.34;10;10089319324;B
20240410;205425;164.28;20;10089319348;S
20240410;205425;164.26;180;10089319349;S
20240410;205434;164.3;20;10089319528;S
20240410;205434;164.26;60;10089319529;S
20240410;205440;164.3;10;10089319630;B
20240410;205445;164.3;10;10089319715;B
20240410;205448;164.26;20;10089319780;S
20240410;205453;164.3;10;10089319841;B
20240410;205504;164.28;10;10089320106;S
20240410;205508;164.3;30;10089320242;B
20240410;205509;164.3;40;10089320259;B
20240410;205518;164.28;100;10089320415;S
20240410;205525;164.28;10;10089320583;S
20240410;205526;164.3;50;10089320618;B
20240410;205526;164.3;30;10089320619;B
20240410;205528;164.3;10;10089320665;B
20240410;205532;164.3;10;10089320766;B
20240410;205536;164.3;100;10089320809;B
20240410;205541;164.3;10;10089320901;B
20240410;205542;164.3;10;10089320942;B
20240410;205543;164.3;10;10089320954;B
20240410;205548;164.3;20;10089321067;B
20240410;205548;164.3;20;10089321068;B
20240410;205554;164.3;10;10089321162;B
20240410;205611;164.28;80;10089321521;S
20240410;205611;164.28;10;10089321522;S
20240410;205611;164.26;10;10089321523;S
20240410;205619;164.26;10;10089321673;S
20240410;205626;164.3;60;10089321821;B
20240410;205634;164.3;10;10089322027;B
20240410;205635;164.3;20;10089322028;B
20240410;205643;164.26;40;10089322169;S
20240410;205658;164.26;10;10089322432;S
20240410;205701;164.26;800;10089322466;S
20240410;205701;164.26;1530;10089322467;S
20240410;205701;164.26;10;10089322468;S
20240410;205701;164.26;300;10089322469;S
20240410;205705;164.24;200;10089322548;S
20240410;205705;164.26;10;10089322550;B
20240410;205705;164.24;90;10089322553;S
20240410;205711;164.24;10;10089322678;S
20240410;205712;164.24;8200;10089322681;S
20240410;205712;164.22;10;10089322682;S
20240410;205712;164.22;290;10089322683;S
20240410;205712;164.22;30;10089322684;S
20240410;205712;164.22;2440;10089322685;S
20240410;205712;164.22;1220;10089322686;S
20240410;205712;164.2;960;10089322687;S
20240410;205723;164.22;10;10089322882;S
20240410;205726;164.22;30;10089323070;S
20240410;205728;164.22;30;10089323133;S
20240410;205734;164.22;150;10089323242;S
20240410;205747;164.24;10;10089323542;B
20240410;205803;164.22;20;10089323893;S
20240410;205804;164.24;20;10089323940;B
20240410;205804;164.24;10;10089323941;B
20240410;205804;164.24;20;10089323942;B
20240410;205810;164.22;400;10089324038;S
20240410;205812;164.24;40;10089324069;B
20240410;205823;164.24;100;10089324266;B
20240410;205830;164.24;200;10089324455;B
20240410;205830;164.24;100;10089324456;B
20240410;205831;164.26;10;10089324485;B
20240410;205831;164.26;60;10089324494;B
20240410;205833;164.26;10;10089324511;B
20240410;205844;164.24;10;10089324678;S
20240410;205844;164.22;20;10089324679;S
20240410;205844;164.22;200;10089324680;S
20240410;205844;164.22;1220;10089324681;S
20240410;205844;164.22;550;10089324682;S
20240410;205844;164.24;20;10089324686;B
20240410;205854;164.26;10;10089324822;B
20240410;205859;164.22;230;10089324991;S
20240410;205859;164.22;270;10089324992;S
20240410;205904;164.22;40;10089325101;S
20240410;205905;164.22;10;10089325108;S
20240410;205912;164.22;100;10089325259;S
20240410;205914;164.22;10;10089325284;S
20240410;205915;164.26;10;10089325334;B
20240410;205926;164.22;30;10089325530;S
20240410;205934;164.26;10;10089325680;B
20240410;205937;164.26;10;10089325711;B
20240410;205938;164.22;500;10089325715;S
20240410;205941;164.26;10;10089325782;B
20240410;205949;164.22;30;10089325931;S
20240410;205949;164.22;740;10089325932;S
20240410;205949;164.22;1220;10089325933;S
20240410;205949;164.22;1530;10089325934;S
20240410;205949;164.2;4130;10089325935;S
20240410;205949;164.24;10;10089325937;B
20240410;205951;164.22;1530;10089325962;S
20240410;205951;164.2;3470;10089325963;S
20240410;205958;164.2;140;10089326081;S
20240410;210003;164.2;10;10089326352;S
20240410;210004;164.2;30;10089326372;S
20240410;210011;164.24;890;10089326553;B
20240410;210017;164.22;100;10089326679;S
20240410;210033;164.24;10;10089326978;B
20240410;210042;164.22;100;10089327135;S
20240410;210044;164.22;200;10089327180;S
20240410;210052;164.24;20;10089327334;B
20240410;210054;164.22;10;10089327364;S
20240410;210054;164.24;20;10089327367;B
20240410;210055;164.24;180;10089327373;B
20240410;210055;164.24;10;10089327374;B
20240410;210100;164.22;1000;10089327450;S
20240410;210111;164.24;40;10089327624;B
20240410;210111;164.24;10;10089327625;B
20240410;210112;164.2;10;10089327660;S
20240410;210117;164.22;10;10089327742;S
20240410;210119;164.22;800;10089327760;S
20240410;210124;164.24;140;10089327844;B
20240410;210125;164.24;10;10089327860;B
20240410;210130;164.22;50;10089327951;S
20240410;210131;164.24;10;10089327971;B
20240410;210132;164.22;280;10089327973;S
20240410;210132;164.2;3220;10089327974;S
20240410;210136;164.24;10;10089328082;B
20240410;210144;164.24;10;10089328215;B
20240410;210144;164.24;130;10089328216;B
20240410;210144;164.24;610;10089328217;B
20240410;210144;164.24;10;10089328218;B
20240410;210145;164.24;10;10089328230;S
20240410;210151;164.24;500;10089328354;S
20240410;210154;164.24;360;10089328429;S
20240410;210159;164.2;50;10089328511;S
20240410;210202;164.24;640;10089328561;B
20240410;210202;164.26;330;10089328562;B
20240410;210213;164.22;70;10089328689;S
20240410;210216;164.26;10;10089328767;B
20240410;210224;164.22;1460;10089328863;S
20240410;210224;164.22;40;10089328864;S
20240410;210227;164.22;40;10089328901;S
20240410;210227;164.2;250;10089328902;S
20240410;210227;164.26;10;10089328910;B
20240410;210229;164.24;50;10089328940;B
20240410;210230;164.24;150;10089328948;B
20240410;210230;164.26;200;10089328949;B
20240410;210233;164.26;210;10089328972;B
20240410;210235;164.26;100;10089329003;B
20240410;210235;164.26;10;10089329011;B
20240410;210238;164.26;10;10089329060;B
20240410;210240;164.26;20;10089329089;B
20240410;210242;164.26;20;10089329126;B
20240410;210242;164.22;1500;10089329129;S
20240410;210243;164.22;50;10089329144;S
20240410;210243;164.2;50;10089329145;S
20240410;210243;164.26;10;10089329146;B
20240410;210244;164.26;30;10089329158;B
20240410;210249;164.26;10;10089329239;B
20240410;210250;164.2;20;10089329242;S
20240410;210252;164.2;2100;10089329257;S
20240410;210307;164.26;10;10089329563;B
20240410;210310;164.26;20;10089329627;B
20240410;210314;164.2;890;10089329662;S
20240410;210324;164.24;1530;10089329803;B
20240410;210324;164.26;120;10089329804;B
20240410;210341;164.2;100;10089330105;S
20240410;210345;164.2;10;10089330204;S
20240410;210346;164.26;60;10089330221;B
20240410;210348;164.26;100;10089330256;B
20240410;210352;164.26;100;10089330336;B
20240410;210354;164.22;1530;10089330376;S
20240410;210354;164.2;120;10089330377;S
20240410;210359;164.26;100;10089330552;B
20240410;210400;164.26;1000;10089330571;B
20240410;210408;164.26;110;10089330712;B
20240410;210408;164.26;10;10089330713;B
20240410;210408;164.26;50;10089330714;B
20240410;210408;164.26;200;10089330715;B
20240410;210408;164.26;50;10089330716;B
20240410;210408;164.26;10;10089330717;B
20240410;210408;164.26;900;10089330718;B
20240410;210410;164.28;70;10089330758;B
20240410;210424;164.28;10;10089331008;B
20240410;210425;164.26;10;10089331030;S
20240410;210431;164.28;10;10089331127;B
20240410;210439;164.28;10;10089331267;B
20240410;210448;164.26;300;10089331502;S
20240410;210452;164.26;90;10089331549;S
20240410;210506;164.28;90;10089331739;B
20240410;210508;164.26;500;10089331774;S
20240410;210511;164.26;150;10089331811;S
20240410;210512;164.26;100;10089331828;S
20240410;210517;164.26;10;10089331880;S
20240410;210522;164.28;10;10089331990;B
20240410;210522;164.28;990;10089331991;B
20240410;210528;164.28;10;10089332081;B
20240410;210534;164.28;10;10089332147;B
20240410;210548;164.28;10;10089332436;B
20240410;210556;164.28;10;10089332531;B
20240410;210601;164.28;100;10089332582;B
20240410;210608;164.26;50;10089332680;S
20240410;210608;164.26;30;10089332681;S
20240410;210608;164.26;130;10089332682;S
20240410;210608;164.26;790;10089332683;S
20240410;210612;164.28;30;10089332741;B
20240410;210619;164.28;20;10089332889;B
20240410;210627;164.28;10;10089333009;B
20240410;210627;164.28;10;10089333019;B
20240410;210632;164.28;10;10089333084;B
20240410;210638;164.26;500;10089333160;S
20240410;210644;164.26;10;10089333278;S
20240410;210649;164.28;10;10089333327;B
20240410;210655;164.26;200;10089333418;S
20240410;210655;164.24;920;10089333419;S
20240410;210655;164.22;1530;10089333420;S
20240410;210655;164.22;2190;10089333421;S
20240410;210655;164.2;160;10089333422;S
20240410;210657;164.26;10;10089333440;B
20240410;210712;164.26;800;10089333781;B
20240410;210716;164.22;100;10089333847;S
20240410;210725;164.26;10;10089333976;B
20240410;210734;164.26;100;10089334175;B
20240410;210742;164.26;20;10089334270;B
20240410;210744;164.24;10;10089334302;B
20240410;210801;164.22;1430;10089334563;S
20240410;210801;164.22;1570;10089334564;S
20240410;210806;164.22;10;10089334642;S
20240410;210815;164.22;1420;10089334800;S
20240410;210815;164.2;2080;10089334801;S
20240410;210818;164.24;20;10089334838;S
20240410;210818;164.22;10;10089334839;S
20240410;210820;164.22;110;10089334869;B
20240410;210820;164.22;50;10089334878;S
20240410;210830;164.22;40;10089335010;S
20240410;210832;164.22;30;10089335038;B
20240410;210833;164.2;50;10089335057;S
20240410;210834;164.22;100;10089335081;B
20240410;210841;164.22;400;10089335183;B
20240410;210850;164.22;10;10089335324;B
20240410;210904;164.22;10;10089335472;B
20240410;210911;164.22;10;10089335581;B
20240410;210913;164.22;10;10089335606;B
20240410;210914;164.2;200;10089335622;S
20240410;210915;164.2;150;10089335634;S
20240410;210916;164.22;10;10089335712;B
20240410;210920;164.22;10;10089335786;B
20240410;210921;164.22;30;10089335808;B
20240410;210928;164.22;10;10089335928;B
20240410;210930;164.22;10;10089335942;B
20240410;210930;164.2;70;10089335946;S
20240410;210933;164.22;10;10089335981;B
20240410;210936;164.22;40;10089336009;B
20240410;210946;164.2;200;10089336151;S
20240410;210952;164.22;100;10089336245;B
20240410;210953;164.22;20;10089336272;B
20240410;211007;164.2;10;10089336480;S
20240410;211008;164.2;170;10089336517;S
20240410;211037;164.2;1000;10089336951;S
20240410;211041;164.22;20;10089337004;B
20240410;211046;164.2;100;10089337066;S
20240410;211051;164.2;30;10089337155;S
20240410;211052;164.22;100;10089337164;B
20240410;211054;164.2;180;10089337204;S
20240410;211102;164.2;300;10089337349;S
20240410;211106;164.2;70;10089337403;S
20240410;211107;164.2;500;10089337414;S
20240410;211109;164.2;50;10089337430;S
20240410;211109;164.2;20;10089337439;S
20240410;211116;164.2;240;10089337549;S
20240410;211116;164.22;10;10089337553;B
20240410;211123;164.2;50;10089337621;S
20240410;211129;164.2;750;10089337678;S
20240410;211130;164.22;10;10089337694;B
20240410;211130;164.2;30;10089337695;S
20240410;211131;164.22;10;10089337705;B
20240410;211141;164.2;140;10089337819;S
20240410;211146;164.2;10;10089337980;S
20240410;211151;164.2;10;10089338040;S
20240410;211203;164.22;70;10089338216;B
20240410;211203;164.24;10;10089338217;B
20240410;211203;164.2;10;10089338221;S
20240410;211207;164.2;100;10089338267;S
20240410;211225;164.2;100;10089338511;S
20240410;211232;164.2;40;10089338628;S
20240410;211236;164.24;100;10089338693;B
20240410;211237;164.24;40;10089338694;B
20240410;211237;164.24;40;10089338699;B
20240410;211237;164.24;100;10089338705;B
20240410;211237;164.2;400;10089338706;S
20240410;211243;164.2;20;10089338792;S
20240410;211249;164.2;600;10089338865;S
20240410;211252;164.24;10;10089338927;B
20240410;211255;164.2;100;10089338956;S
20240410;211257;164.2;60;10089338970;S
20240410;211257;164.24;20;10089338982;B
20240410;211258;164.22;10;10089338999;S
20240410;211258;164.2;190;10089339000;S
20240410;211305;164.22;100;10089339088;S
20240410;211308;164.22;40;10089339120;S
20240410;211310;164.24;10;10089339151;B
20240410;211314;164.24;440;10089339234;B
20240410;211315;164.24;10;10089339242;B
20240410;211323;164.24;30;10089339427;B
20240410;211326;164.22;10;10089339534;S
20240410;211326;164.24;30;10089339543;B
20240410;211330;164.22;10;10089339612;S
20240410;211330;164.24;90;10089339613;B
20240410;211334;164.22;10;10089339702;S
20240410;211335;164.24;70;10089339704;B
20240410;211335;164.24;100;10089339705;B
20240410;211335;164.24;50;10089339706;B
20240410;211335;164.24;550;10089339707;B
20240410;211335;164.26;30;10089339708;B
20240410;211335;164.26;50;10089339709;B
20240410;211335;164.26;30;10089339710;B
20240410;211335;164.26;200;10089339711;B
20240410;211348;164.26;10;10089340021;B
20240410;211405;164.22;60;10089340412;S
20240410;211405;164.22;190;10089340413;S
20240410;211418;164.26;30;10089340747;B
20240410;211423;164.22;500;10089340844;S
20240410;211427;164.22;840;10089340882;S
20240410;211427;164.22;140;10089340883;S
20240410;211429;164.26;100;10089340964;B
20240410;211430;164.26;60;10089340977;B
20240410;211431;164.26;10;10089340984;B
20240410;211433;164.26;250;10089341029;B
20240410;211445;164.26;300;10089341157;B
20240410;211451;164.24;30;10089341207;S
20240410;211451;164.22;120;10089341208;S
20240410;211451;164.22;120;10089341209;S
20240410;211458;164.22;620;10089341353;S
20240410;211458;164.22;380;10089341354;S
20240410;211506;164.24;10;10089341474;B
20240410;211511;164.24;10;10089341557;B
20240410;211511;164.24;100;10089341558;B
20240410;211511;164.26;10;10089341566;B
20240410;211527;164.26;900;10089341862;B
20240410;211537;164.24;20;10089342024;S
20240410;211541;164.26;10;10089342097;B
20240410;211545;164.24;20;10089342184;S
20240410;211545;164.22;30;10089342185;S
20240410;211549;164.22;20;10089342269;S
20240410;211552;164.26;90;10089342313;B
20240410;211601;164.26;50;10089342507;B
20240410;211610;164.22;10;10089342709;S
20240410;211633;164.22;20;10089343358;S
20240410;211638;164.22;330;10089343450;S
20240410;211638;164.22;1600;10089343451;S
20240410;211638;164.22;30;10089343452;S
20240410;211638;164.22;30;10089343453;S
20240410;211638;164.22;10;10089343454;B
20240410;211639;164.22;20;10089343463;B
20240410;211644;164.2;20;10089343580;S
20240410;211645;164.22;180;10089343594;B
20240410;211645;164.24;30;10089343595;B
20240410;211645;164.26;60;10089343596;B
20240410;211653;164.26;50;10089343705;B
20240410;211703;164.2;900;10089343888;S
20240410;211704;164.2;50;10089343895;S
20240410;211704;164.2;50;10089343900;S
20240410;211705;164.2;150;10089343915;S
20240410;211708;164.2;40;10089343973;S
20240410;211709;164.2;10;10089343997;S
20240410;211716;164.22;10;10089344137;S
20240410;211718;164.26;10;10089344161;B
20240410;211722;164.26;10;10089344271;B
20240410;211739;164.22;50;10089344654;S
20240410;211741;164.26;10;10089344697;B
20240410;211744;164.26;10;10089344717;B
20240410;211744;164.26;10;10089344723;B
20240410;211752;164.26;10;10089344849;B
20240410;211757;164.26;10;10089344904;B
20240410;211805;164.26;10;10089345003;B
20240410;211808;164.26;10;10089345035;B
20240410;211811;164.26;10;10089345073;B
20240410;211811;164.26;110;10089345081;B
20240410;211811;164.26;50;10089345082;B
20240410;211811;164.26;10;10089345083;B
20240410;211811;164.26;40;10089345084;B
20240410;211811;164.26;10;10089345085;B
20240410;211811;164.26;30;10089345086;B
20240410;211811;164.26;100;10089345087;B
20240410;211811;164.26;20;10089345088;B
20240410;211811;164.26;10;10089345089;B
20240410;211811;164.26;120;10089345090;B
20240410;211812;164.22;40;10089345106;S
20240410;211812;164.22;480;10089345107;S
20240410;211812;164.22;30;10089345108;S
20240410;211816;164.22;450;10089345172;B
20240410;211816;164.26;340;10089345173;B
20240410;211816;164.26;840;10089345174;B
20240410;211816;164.26;10;10089345175;B
20240410;211816;164.26;30;10089345176;B
20240410;211816;164.28;10;10089345177;B
20240410;211816;164.28;300;10089345178;B
20240410;211816;164.28;10;10089345179;B
20240410;211816;164.28;5000;10089345180;B
20240410;211816;164.28;11270;10089345181;B
20240410;211819;164.28;30;10089345226;B
20240410;211822;164.26;600;10089345255;B
20240410;211822;164.28;4400;10089345256;B
20240410;211840;164.28;30;10089345642;B
20240410;211844;164.28;40;10089345748;B
20240410;211850;164.24;20;10089345843;S
20240410;211859;164.24;10;10089345989;S
20240410;211859;164.24;10;10089345990;S
20240410;211859;164.22;50;10089345991;S
20240410;211859;164.2;80;10089345992;S
20240410;211900;164.24;10;10089346034;B
20240410;211901;164.2;100;10089346045;S
20240410;211902;164.2;100;10089346054;S
20240410;211903;164.2;100;10089346059;S
20240410;211906;164.22;30;10089346073;B
20240410;211906;164.2;460;10089346121;S
20240410;211913;164.2;290;10089346228;S
20240410;211914;164.2;70;10089346232;S
20240410;211916;164.22;10;10089346270;B
20240410;211920;164.2;70;10089346320;S
20240410;211924;164.22;10;10089346355;B
20240410;211926;164.22;10;10089346377;B
20240410;211928;164.2;60;10089346442;S
20240410;211929;164.22;60;10089346467;B
20240410;211945;164.2;450;10089347062;S
20240410;212009;164.2;10;10089347759;S
20240410;212020;164.22;20;10089347942;B
20240410;212022;164.22;190;10089348004;B
20240410;212026;164.2;4500;10089348067;S
20240410;212033;164.2;50;10089348164;S
20240410;212038;164.22;10;10089348271;B
20240410;212041;164.22;20;10089348328;B
20240410;212044;164.2;200;10089348380;S
20240410;212045;164.22;10;10089348388;B
20240410;212045;164.2;10;10089348403;S
20240410;212056;164.2;30;10089348611;S
20240410;212059;164.22;70;10089348733;B
20240410;212103;164.22;10;10089348792;B
20240410;212109;164.22;10;10089348877;B
20240410;212111;164.2;100;10089348906;S
20240410;212115;164.22;20;10089348956;B
20240410;212119;164.22;10;10089348993;B
20240410;212122;164.22;10;10089349044;B
20240410;212131;164.22;10;10089349184;B
20240410;212132;164.22;10;10089349194;B
20240410;212138;164.2;1000;10089349307;S
20240410;212144;164.22;50;10089349405;B
20240410;212154;164.22;10;10089349556;B
20240410;212155;164.2;11730;10089349559;S
20240410;212155;164.2;10;10089349560;S
20240410;212155;164.2;100;10089349561;S
20240410;212155;164.2;10;10089349562;S
20240410;212155;164.2;10;10089349563;S
20240410;212155;164.2;30;10089349564;S
20240410;212155;164.2;10;10089349565;S
20240410;212155;164.2;10;10089349566;S
20240410;212155;164.2;10;10089349567;S
20240410;212155;164.2;2130;10089349568;S
20240410;212155;164.2;100;10089349569;S
20240410;212155;164.2;20;10089349570;S
20240410;212155;164.2;10;10089349571;S
20240410;212155;164.2;10;10089349572;S
20240410;212155;164.2;30;10089349573;S
20240410;212155;164.16;100;10089349574;S
20240410;212155;164.14;30;10089349575;S
20240410;212155;164.12;4000;10089349576;S
20240410;212155;164.12;6000;10089349577;S
20240410;212155;164.12;650;10089349578;S
20240410;212155;164.12;10;10089349579;S
20240410;212155;164.12;340;10089349580;S
20240410;212155;164.1;10;10089349581;S
20240410;212155;164.1;10;10089349582;S
20240410;212155;164.1;140;10089349583;S
20240410;212155;164.1;500;10089349589;S
20240410;212156;164.1;130;10089349597;S
20240410;212156;164.1;370;10089349598;S
20240410;212200;164.16;10;10089349672;B
20240410;212207;164.18;30;10089349831;B
20240410;212214;164.18;10;10089349909;B
20240410;212228;164.16;10;10089350155;B
20240410;212230;164.16;10;10089350183;B
20240410;212234;164.12;30;10089350239;S
20240410;212234;164.12;10;10089350240;S
20240410;212234;164.1;50;10089350241;S
20240410;212237;164.16;10;10089350301;B
20240410;212239;164.14;30;10089350335;B
20240410;212239;164.16;110;10089350336;B
20240410;212243;164.16;240;10089350431;B
20240410;212252;164.16;10;10089350620;B
20240410;212252;164.16;60;10089350625;B
20240410;212256;164.16;50;10089350726;B
20240410;212258;164.12;30;10089350744;S
20240410;212258;164.12;10;10089350745;S
20240410;212258;164.1;560;10089350746;S
20240410;212306;164.12;650;10089350864;S
20240410;212310;164.14;30;10089350929;B
20240410;212310;164.16;70;10089350930;B
20240410;212312;164.16;90;10089350952;B
20240410;212321;164.12;90;10089351095;S
20240410;212324;164.16;10;10089351134;B
20240410;212329;164.12;1130;10089351191;S
20240410;212329;164.1;2370;10089351192;S
20240410;212335;164.16;10;10089351321;B
20240410;212337;164.16;30;10089351338;B
20240410;212342;164.16;140;10089351397;B
20240410;212350;164.12;20;10089351547;S
20240410;212353;164.12;10;10089351585;S
20240410;212353;164.12;90;10089351586;S
20240410;212356;164.12;1000;10089351633;S
20240410;212359;164.14;10;10089351687;B
20240410;212359;164.16;90;10089351688;B
20240410;212403;164.16;10;10089351787;B
20240410;212404;164.12;10;10089351794;B
20240410;212410;164.14;10;10089351924;B
20240410;212414;164.1;40;10089351970;S
20240410;212420;164.1;30;10089352087;S
20240410;212425;164.14;10;10089352139;B
20240410;212427;164.1;900;10089352175;S
20240410;212435;164.14;10;10089352309;B
20240410;212435;164.14;10;10089352310;B
20240410;212444;164.14;10;10089352463;B
20240410;212444;164.14;180;10089352467;B
20240410;212444;164.14;20;10089352468;B
20240410;212444;164.1;120;10089352471;S
20240410;212447;164.14;100;10089352507;B
20240410;212451;164.1;10;10089352547;S
20240410;212453;164.14;80;10089352590;B
20240410;212453;164.14;30;10089352591;B
20240410;212453;164.16;100;10089352592;B
20240410;212509;164.16;10;10089352851;B
20240410;212512;164.14;60;10089352884;S
20240410;212512;164.1;30;10089352885;S
20240410;212512;164.1;100;10089352901;S
20240410;212515;164.16;190;10089352943;B
20240410;212515;164.16;10;10089352944;B
20240410;212515;164.16;100;10089352945;B
20240410;212515;164.16;100;10089352946;B
20240410;212515;164.16;100;10089352947;B
20240410;212515;164.16;10;10089352948;B
20240410;212515;164.16;10;10089352949;B
20240410;212515;164.16;200;10089352950;B
20240410;212515;164.16;280;10089352951;B
20240410;212527;164.14;20;10089353130;S
20240410;212529;164.16;10;10089353162;B
20240410;212535;164.14;80;10089353243;S
20240410;212544;164.14;20;10089353419;B
20240410;212544;164.16;10;10089353420;B
20240410;212550;164.16;10;10089353503;B
20240410;212550;164.16;10;10089353507;B
20240410;212554;164.16;60;10089353549;B
20240410;212604;164.16;120;10089353642;B
20240410;212604;164.16;10;10089353643;B
20240410;212604;164.16;10;10089353644;B
20240410;212604;164.16;30;10089353645;B
20240410;212604;164.16;200;10089353646;B
20240410;212604;164.16;200;10089353647;B
20240410;212604;164.16;570;10089353648;B
20240410;212604;164.16;1000;10089353649;B
20240410;212604;164.18;200;10089353650;B
20240410;212604;164.18;2440;10089353651;B
20240410;212604;164.18;200;10089353652;B
20240410;212604;164.18;1220;10089353653;B
20240410;212604;164.2;650;10089353654;B
20240410;212604;164.2;33150;10089353655;B
20240410;212613;164.16;100;10089353785;B
20240410;212623;164.18;10;10089353949;B
20240410;212632;164.16;100;10089354051;S
20240410;212643;164.18;60;10089354244;B
20240410;212649;164.18;10;10089354338;B
20240410;212652;164.16;40;10089354382;S
20240410;212658;164.18;240;10089354501;B
20240410;212715;164.16;290;10089354706;S
20240410;212716;164.18;90;10089354716;B
20240410;212721;164.18;60;10089354833;B
20240410;212733;164.18;10;10089355034;B
20240410;212751;164.16;10;10089355219;S
20240410;212800;164.18;10;10089355332;B
20240410;212811;164.16;60;10089355493;S
20240410;212811;164.16;100;10089355494;S
20240410;212811;164.14;10;10089355495;S
20240410;212811;164.14;30;10089355496;S
20240410;212811;164.14;290;10089355497;S
20240410;212814;164.16;10;10089355609;B
20240410;212815;164.16;780;10089355628;B
20240410;212818;164.14;10;10089355643;S
20240410;212823;164.18;10;10089355694;B
20240410;212833;164.12;700;10089355918;S
20240410;212836;164.1;200;10089355969;S
20240410;212837;164.16;10;10089355975;B
20240410;212841;164.16;10;10089356034;B
20240410;212849;164.12;90;10089356195;S
20240410;212906;164.16;50;10089356469;B
20240410;212922;164.16;70;10089356737;B
20240410;212932;164.16;700;10089356861;B
20240410;212936;164.12;10;10089356926;S
20240410;212936;164.12;100;10089356927;S
20240410;212936;164.12;100;10089356928;S
20240410;212936;164.12;30;10089356929;S
20240410;212936;164.12;460;10089356930;S
20240410;212942;164.14;30;10089357060;B
20240410;212942;164.16;60;10089357061;B
20240410;212943;164.1;2100;10089357075;S
20240410;212943;164.1;90;10089357076;S
20240410;212948;164.16;20;10089357163;B
20240410;212953;164.16;20;10089357228;B
20240410;212955;164.12;20;10089357257;S
20240410;213003;164.12;10;10089357408;S
20240410;213003;164.12;10;10089357409;S
20240410;213007;164.12;20;10089357449;B
20240410;213007;164.14;10;10089357450;B
20240410;213018;164.14;10;10089357681;S
20240410;213022;164.14;50;10089357738;S
20240410;213022;164.14;150;10089357739;S
20240410;213023;164.14;20;10089357746;S
20240410;213028;164.14;20;10089357809;S
20240410;213037;164.14;90;10089357946;B
20240410;213041;164.14;10;10089358014;B
20240410;213041;164.12;10;10089358019;S
20240410;213106;164.14;30;10089358469;B
20240410;213106;164.12;10;10089358479;S
20240410;213106;164.1;220;10089358480;S
20240410;213106;164.1;70;10089358481;S
20240410;213107;164.14;10;10089358487;B
20240410;213109;164.14;20;10089358505;B
20240410;213115;164.14;10;10089358576;B
20240410;213120;164.1;10;10089358629;S
20240410;213127;164.1;300;10089358719;S
20240410;213131;164.1;10;10089358761;S
20240410;213140;164.14;10;10089358895;B
20240410;213144;164.14;340;10089359022;B
20240410;213144;164.14;10;10089359023;B
20240410;213144;164.14;5650;10089359024;B
20240410;213148;164.12;1220;10089359068;S
20240410;213148;164.1;780;10089359069;S
20240410;213204;164.14;30;10089359238;B
20240410;213232;164.1;370;10089359583;S
20240410;213232;164.1;130;10089359584;S
20240410;213234;164.14;500;10089359625;B
20240410;213240;164.14;10;10089359737;B
20240410;213245;164.1;150;10089359815;S
20240410;213256;164.12;10;10089359915;B
20240410;213259;164.12;10;10089359955;B
20240410;213303;164.12;10;10089360009;B
20240410;213310;164.12;170;10089360159;B
20240410;213310;164.12;10;10089360160;B
20240410;213312;164.14;30;10089360185;B
20240410;213314;164.14;50;10089360206;B
20240410;213337;164.14;20;10089360552;B
20240410;213340;164.14;30;10089360579;B
20240410;213341;164.12;500;10089360597;S
20240410;213354;164.12;20;10089360776;S
20240410;213355;164.14;10;10089360816;B
20240410;213404;164.14;30;10089360937;B
20240410;213411;164.12;310;10089361055;S
20240410;213411;164.12;50;10089361056;S
20240410;213411;164.12;100;10089361057;S
20240410;213431;164.14;740;10089361441;B
20240410;213431;164.14;10;10089361442;B
20240410;213431;164.14;30;10089361443;B
20240410;213431;164.14;1000;10089361444;B
20240410;213431;164.14;1220;10089361445;B
20240410;213431;164.16;100;10089361446;B
20240410;213431;164.16;100;10089361447;B
20240410;213431;164.16;50;10089361448;B
20240410;213431;164.16;20;10089361449;B
20240410;213431;164.16;2370;10089361450;B
20240410;213431;164.18;500;10089361451;B
20240410;213431;164.18;200;10089361452;B
20240410;213431;164.18;200;10089361453;B
20240410;213431;164.18;200;10089361454;B
20240410;213431;164.18;100;10089361455;B
20240410;213431;164.18;10;10089361456;B
20240410;213431;164.18;30;10089361457;B
20240410;213431;164.18;50;10089361458;B
20240410;213431;164.2;70;10089361459;B
20240410;213437;164.12;10;10089361549;S
20240410;213445;164.16;100;10089361649;B
20240410;213452;164.12;20;10089361792;S
20240410;213453;164.12;540;10089361801;S
20240410;213454;164.16;20;10089361819;B
20240410;213515;164.12;460;10089362125;S
20240410;213515;164.12;20;10089362126;S
20240410;213526;164.12;30;10089362324;B
20240410;213530;164.12;20;10089362380;B
20240410;213533;164.1;310;10089362422;S
20240410;213533;164.1;130;10089362423;S
20240410;213540;164.1;370;10089362500;S
20240410;213540;164.1;100;10089362501;S
20240410;213540;164.1;10;10089362502;S
20240410;213540;164.1;40;10089362503;S
20240410;213540;164.1;480;10089362504;S
20240410;213541;164.12;10;10089362517;B
20240410;213542;164.12;50;10089362527;B
20240410;213543;164.1;100;10089362545;S
20240410;213543;164.12;60;10089362546;B
20240410;213545;164.1;20;10089362577;S
20240410;213545;164.12;200;10089362579;B
20240410;213550;164.1;100;10089362665;S
20240410;213552;164.1;10;10089362693;S
20240410;213554;164.1;90;10089362712;S
20240410;213554;164.1;10;10089362713;S
20240410;213611;164.12;20;10089362950;B
20240410;213621;164.1;20;10089363143;S
20240410;213621;164.1;80;10089363144;S
20240410;213623;164.1;120;10089363173;S
20240410;213623;164.1;10;10089363174;S
20240410;213623;164.1;20;10089363175;S
20240410;213623;164.1;10;10089363176;S
20240410;213623;164.1;30;10089363177;S
20240410;213623;164.1;40;10089363178;S
20240410;213623;164.1;60;10089363179;S
20240410;213623;164.08;50;10089363180;S
20240410;213623;164.06;10;10089363181;S
20240410;213623;164.06;960;10089363182;S
20240410;213624;164.06;10;10089363189;S
20240410;213624;164.06;20;10089363190;S
20240410;213624;164.04;10;10089363191;S
20240410;213624;164.04;10;10089363192;S
20240410;213624;164.04;10;10089363193;S
20240410;213624;164.04;1950;10089363194;S
20240410;213626;164.04;100;10089363246;S
20240410;213628;164.12;20;10089363280;B
20240410;213631;164.04;10;10089363310;S
20240410;213633;164.1;30;10089363336;B
20240410;213633;164.12;10;10089363337;B
20240410;213633;164.12;1000;10089363338;B
20240410;213633;164.14;790;10089363339;B
20240410;213635;164.06;30;10089363377;S
20240410;213635;164.04;120;10089363378;S
20240410;213636;164.16;10;10089363397;B
20240410;213640;164.14;20;10089363481;B
20240410;213641;164.14;10;10089363489;B
20240410;213641;164.16;130;10089363490;B
20240410;213650;164.06;10;10089363629;S
20240410;213650;164.06;40;10089363630;S
20240410;213650;164.04;200;10089363631;S
20240410;213656;164.06;10;10089363710;S
20240410;213656;164.04;60;10089363711;S
20240410;213656;164.04;10;10089363712;S
20240410;213656;164.04;1220;10089363713;S
20240410;213656;164.04;570;10089363714;S
20240410;213656;164.02;10;10089363715;S
20240410;213656;164.02;10;10089363716;S
20240410;213656;164.02;490;10089363717;S
20240410;213656;164.02;4100;10089363718;S
20240410;213656;164.02;20;10089363719;S
20240410;213658;164.04;580;10089363744;S
20240410;213658;164.02;160;10089363745;S
20240410;213658;164.02;760;10089363746;S
20240410;213658;164.02;120;10089363747;S
20240410;213658;164.02;80;10089363748;S
20240410;213702;164.08;10;10089363810;B
20240410;213702;164.1;10;10089363811;B
20240410;213718;164.04;50;10089364032;B
20240410;213718;164.1;30;10089364033;B
20240410;213718;164.1;10;10089364034;B
20240410;213718;164.12;30;10089364035;B
20240410;213730;164.1;10;10089364209;B
20240410;213733;164.04;30;10089364281;S
20240410;213733;164.04;40;10089364282;S
20240410;213733;164.02;300;10089364283;S
20240410;213733;164.02;630;10089364284;S
20240410;213744;164.02;20;10089364442;S
20240410;213744;164.02;120;10089364445;S
20240410;213744;164.02;350;10089364446;S
20240410;213744;164.02;170;10089364447;S
20240410;213744;164.02;220;10089364448;S
20240410;213754;164.06;10;10089364586;B
20240410;213802;164.02;240;10089364702;S
20240410;213802;164.02;40;10089364706;S
20240410;213802;164.02;10;10089364707;S
20240410;213802;164;70;10089364708;S
20240410;213802;164;130;10089364709;S
20240410;213802;164.02;100;10089364710;S
20240410;213803;164.02;400;10089364713;S
20240410;213803;164;100;10089364714;S
20240410;213803;164.06;10;10089364721;B
20240410;213803;164;270;10089364722;S
20240410;213803;164;10;10089364723;S
20240410;213803;164;50;10089364724;S
20240410;213803;164;100;10089364725;S
20240410;213803;164;920;10089364726;S
20240410;213803;164;90;10089364727;S
20240410;213803;164;170;10089364728;S
20240410;213803;164;20;10089364729;S
20240410;213803;164;90;10089364730;S
20240410;213803;164;10;10089364731;S
20240410;213803;164;130;10089364732;S
20240410;213803;164;20;10089364733;S
20240410;213803;164;10;10089364734;S
20240410;213803;164;10;10089364735;S
20240410;213803;164;30;10089364736;S
20240410;213803;164;70;10089364737;S
20240410;213803;164;30;10089364742;S
20240410;213803;164;60;10089364744;S
20240410;213803;164;10;10089364745;S
20240410;213803;164;10;10089364746;S
20240410;213803;164;10;10089364747;S
20240410;213803;164;10;10089364748;S
20240410;213803;164;10;10089364749;S
20240410;213803;164;50;10089364750;S
20240410;213803;164;10;10089364751;S
20240410;213803;164;300;10089364752;S
20240410;213803;164;20;10089364753;S
20240410;213803;164.08;10;10089364757;B
20240410;213804;164;80;10089364764;S
20240410;213804;164;10;10089364765;S
20240410;213806;164.08;30;10089364823;B
20240410;213818;164.08;10;10089365076;B
20240410;213818;164.08;10;10089365077;B
20240410;213822;164.08;10;10089365109;B
20240410;213822;164.08;60;10089365110;B
20240410;213826;164.02;60;10089365174;S
20240410;213826;164.02;10;10089365175;S
20240410;213826;164;110;10089365176;S
20240410;213826;164;20;10089365177;S
20240410;213826;164;130;10089365178;S
20240410;213826;164;10;10089365179;S
20240410;213826;164;10;10089365180;S
20240410;213826;164;50;10089365181;S
20240410;213836;164.08;10;10089365625;B
20240410;213836;164.08;10;10089365626;B
20240410;213841;164;10;10089365764;S
20240410;213841;164;10;10089365765;S
20240410;213848;164.02;10;10089365996;S
20240410;213848;164;90;10089365997;S
20240410;213848;164;10;10089365998;S
20240410;213849;164.08;10;10089366011;B
20240410;213849;164.08;10;10089366012;B
20240410;213851;164.02;10;10089366052;S
20240410;213851;164.02;10;10089366053;S
20240410;213851;164.02;10;10089366054;S
20240410;213851;164;170;10089366055;S
20240410;213857;164.06;10;10089366304;B
20240410;213858;164;320;10089366376;S
20240410;213858;164;100;10089366377;S
20240410;213858;164;20;10089366378;S
20240410;213858;164;10;10089366379;S
20240410;213858;164;50;10089366380;S
20240410;213858;164;10;10089366391;S
20240410;213858;164;10;10089366392;S
20240410;213858;164;30;10089366393;S
20240410;213902;164.02;300;10089366461;B
20240410;213902;164.06;10;10089366462;B
20240410;213902;164.06;50;10089366463;B
20240410;213902;164.08;40;10089366464;B
20240410;213902;164.08;10;10089366465;B
20240410;213902;164.1;40;10089366466;B
20240410;213902;164.1;80;10089366467;B
20240410;213902;164.1;300;10089366468;B
20240410;213902;164.12;2170;10089366469;B
20240410;213908;164.12;10;10089366575;B
20240410;213910;164.12;60;10089366628;B
20240410;213914;164.12;40;10089366683;B
20240410;213916;164.04;10;10089366747;S
20240410;213926;164.1;10;10089366902;B
20240410;213926;164.12;150;10089366903;B
20240410;213926;164.12;90;10089366904;B
20240410;213928;164.12;30;10089366932;B
20240410;213930;164.12;10;10089366957;B
20240410;213935;164.12;10;10089367067;B
20240410;213937;164.12;30;10089367191;B
20240410;213938;164.12;30;10089367205;B
20240410;213938;164.12;50;10089367206;B
20240410;213938;164.14;20;10089367207;B
20240410;213940;164.14;10;10089367218;B
20240410;213948;164.04;10;10089367360;S
20240410;213948;164.04;100;10089367361;S
20240410;213948;164.04;40;10089367362;S
20240410;213952;164.04;10;10089367468;S
20240410;213952;164.04;10;10089367469;S
20240410;213952;164.02;80;10089367470;S
20240410;213957;164.12;10;10089367533;B
20240410;213957;164.12;100;10089367534;B
20240410;213957;164.12;50;10089367535;B
20240410;213957;164.14;840;10089367536;B
20240410;214003;164.12;10;10089367689;B
20240410;214003;164.14;100;10089367690;B
20240410;214003;164.14;1220;10089367691;B
20240410;214003;164.14;180;10089367692;B
20240410;214007;164.14;20;10089367719;B
20240410;214008;164.14;10;10089367745;B
20240410;214009;164.14;200;10089367758;B
20240410;214015;164.06;70;10089368232;S
20240410;214015;164.04;100;10089368233;S
20240410;214015;164.04;100;10089368234;S
20240410;214015;164.04;50;10089368235;S
20240410;214015;164.04;100;10089368236;S
20240410;214015;164.04;20;10089368237;S
20240410;214015;164.02;210;10089368238;S
20240410;214015;164.02;250;10089368239;S
20240410;214033;164.12;10;10089369061;B
20240410;214033;164.12;60;10089369067;B
20240410;214035;164.12;10;10089369097;B
20240410;214037;164.12;20;10089369135;B
20240410;214038;164.06;100;10089369143;S
20240410;214041;164.06;10;10089369260;S
20240410;214048;164.12;10;10089369432;B
20240410;214053;164.12;10;10089369762;B
20240410;214053;164.12;20;10089369763;B
20240410;214053;164.14;290;10089369764;B
20240410;214053;164.14;10;10089369765;B
20240410;214053;164.16;240;10089369766;B
20240410;214053;164.16;30;10089369767;B
20240410;214100;164.08;10;10089369925;S
20240410;214107;164.08;50;10089370105;S
20240410;214107;164.08;10;10089370106;S
20240410;214107;164.08;30;10089370107;S
20240410;214107;164.06;150;10089370108;S
20240410;214107;164.06;60;10089370109;S
20240410;214122;164.1;10;10089370530;B
20240410;214125;164.06;240;10089370589;S
20240410;214125;164.06;10;10089370590;S
20240410;214125;164.06;70;10089370591;S
20240410;214125;164.04;2440;10089370592;S
20240410;214125;164.04;1530;10089370593;S
20240410;214125;164.04;710;10089370594;S
20240410;214129;164.1;40;10089370721;B
20240410;214129;164.12;10;10089370722;B
20240410;214129;164.14;10;10089370723;B
20240410;214129;164.14;60;10089370724;B
20240410;214129;164.14;10;10089370725;B
20240410;214129;164.14;80;10089370726;B
20240410;214132;164.1;10;10089370795;B
20240410;214144;164.1;10;10089371029;B
20240410;214144;164.1;20;10089371032;B
20240410;214146;164.1;880;10089371045;B
20240410;214202;164.14;10;10089371463;B
20240410;214210;164.14;70;10089371672;B
20240410;214223;164.12;20;10089371946;S
20240410;214227;164.14;10;10089372004;B
20240410;214229;164.12;300;10089372049;S
20240410;214240;164.14;20;10089372242;B
20240410;214250;164.14;130;10089372445;B
20240410;214250;164.14;50;10089372446;B
20240410;214250;164.14;300;10089372447;B
20240410;214250;164.16;20;10089372448;B
20240410;214255;164.18;210;10089372554;B
20240410;214306;164.18;10;10089372847;B
20240410;214313;164.12;10;10089373028;S
20240410;214327;164.12;40;10089373923;S
20240410;214330;164.1;50;10089374552;S
20240410;214337;164.1;570;10089376141;S
20240410;214337;164.1;120;10089376142;S
20240410;214339;164.14;40;10089376439;B
20240410;214340;164.14;10;10089376563;B
20240410;214342;164.1;10;10089377030;S
20240410;214343;164.14;10;10089377300;B
20240410;214344;164.14;10;10089377481;B
20240410;214346;164.14;100;10089378020;B
20240410;214347;164.14;10;10089378093;B
20240410;214351;164.1;100;10089378974;S
20240410;214401;164.14;10;10089381096;B
20240410;214402;164.14;20;10089381298;B
20240410;214412;164.14;10;10089383346;B
20240410;214419;164.14;10;10089384271;B
20240410;214421;164.14;500;10089384372;B
20240410;214423;164.14;30;10089384491;B
20240410;214426;164.14;40;10089384564;B
20240410;214431;164.14;10;10089384647;B
20240410;214436;164.1;290;10089384736;S
20240410;214440;164.12;10;10089384785;B
20240410;214442;164.1;260;10089384862;S
20240410;214442;164.1;100;10089384863;S
20240410;214442;164.1;140;10089384864;S
20240410;214446;164.12;20;10089384928;B
20240410;214447;164.12;10;10089384954;B
20240410;214452;164.12;100;10089385021;B
20240410;214507;164.12;10;10089385383;B
20240410;214508;164.12;10;10089385396;B
20240410;214529;164.1;110;10089385691;S
20240410;214529;164.1;890;10089385692;S
20240410;214548;164.1;70;10089386107;S
20240410;214551;164.1;200;10089386133;B
20240410;214554;164.1;10;10089386202;B
20240410;214614;164.06;50;10089386636;S
20240410;214614;164.04;50;10089386637;S
20240410;214621;164.08;510;10089386748;B
20240410;214621;164.08;50;10089386749;B
20240410;214621;164.1;120;10089386750;B
20240410;214621;164.1;220;10089386751;B
20240410;214628;164.08;10;10089386838;B
20240410;214636;164.08;90;10089386953;B
20240410;214636;164.08;10;10089386954;B
20240410;214651;164.06;30;10089387257;S
20240410;214651;164.04;870;10089387258;S
20240410;214652;164.1;100;10089387269;B
20240410;214700;164.06;10;10089387394;S
20240410;214702;164.1;10;10089387435;B
20240410;214703;164.1;10;10089387442;B
20240410;214706;164.1;20;10089387615;B
20240410;214721;164.08;10;10089388002;B
20240410;214723;164.06;10;10089388061;S
20240410;214734;164.08;10;10089388254;B
20240410;214742;164.1;10;10089388426;B
20240410;214745;164.1;10;10089388490;B
20240410;214746;164.08;60;10089388512;S
20240410;214746;164.08;10;10089388513;S
20240410;214746;164.06;30;10089388514;S
20240410;214758;164.1;20;10089388833;B
20240410;214800;164.04;180;10089388844;S
20240410;214811;164.08;20;10089389141;B
20240410;214812;164.08;10;10089389153;B
20240410;214812;164.1;10;10089389154;B
20240410;214816;164.1;70;10089389228;B
20240410;214824;164.1;30;10089389375;B
20240410;214824;164.04;30;10089389376;S
20240410;214827;164.04;850;10089389415;S
20240410;214832;164.04;20;10089389503;S
20240410;214832;164.04;90;10089389504;S
20240410;214832;164.04;10;10089389505;S
20240410;214832;164.04;30;10089389506;S
20240410;214832;164.04;50;10089389507;S
20240410;214832;164.02;660;10089389508;S
20240410;214849;164.06;10;10089389854;B
20240410;214851;164.02;1000;10089389881;S
20240410;214852;164.06;20;10089389913;B
20240410;214852;164.06;10;10089389914;B
20240410;214858;164.06;60;10089390013;B
20240410;214901;164.02;200;10089390085;S
20240410;214903;164.02;100;10089390102;S
20240410;214904;164.06;130;10089390105;B
20240410;214909;164.06;20;10089390204;B
20240410;214911;164.06;10;10089390228;B
20240410;214917;164.06;10;10089390312;B
20240410;214920;164.06;270;10089390401;B
20240410;214927;164.02;440;10089390506;S
20240410;214932;164.06;220;10089390604;B
20240410;214935;164.06;10;10089390622;B
20240410;214949;164.06;10;10089390936;B
20240410;214953;164.06;10;10089390973;B
20240410;214956;164.06;20;10089391005;B
20240410;214956;164.06;20;10089391006;B
20240410;214956;164.06;500;10089391007;B
20240410;215009;164.02;40;10089391418;S
20240410;215010;164.06;10;10089391439;B
20240410;215010;164.02;540;10089391440;S
20240410;215020;164.02;290;10089391739;S
20240410;215021;164.06;630;10089391794;B
20240410;215022;164.06;150;10089391829;B
20240410;215023;164.02;20;10089391835;S
20240410;215024;164.02;1000;10089391848;S
20240410;215040;164.02;10710;10089392298;S
20240410;215040;164.02;380;10089392299;S
20240410;215040;164.02;20;10089392300;S
20240410;215040;164.02;10;10089392301;S
20240410;215040;164;10;10089392302;S
20240410;215040;164;2500;10089392303;S
20240410;215040;164;10;10089392304;S
20240410;215040;164;160;10089392305;S
20240410;215040;164;300;10089392306;S
20240410;215040;164;10;10089392307;S
20240410;215040;164;20;10089392308;S
20240410;215040;164;500;10089392309;S
20240410;215040;163.98;500;10089392310;S
20240410;215040;163.98;10;10089392311;S
20240410;215040;163.98;200;10089392312;S
20240410;215040;163.98;10;10089392313;S
20240410;215040;163.98;1220;10089392314;S
20240410;215040;163.96;3430;10089392315;S
20240410;215040;164;10;10089392319;S
20240410;215040;164;440;10089392322;S
20240410;215040;163.98;1220;10089392323;S
20240410;215040;163.96;340;10089392324;S
20240410;215040;163.96;10;10089392341;S
20240410;215041;164;300;10089392354;B
20240410;215042;164;10;10089392370;B
20240410;215042;163.96;90;10089392374;S
20240410;215044;164;10;10089392416;B
20240410;215048;163.96;30;10089392511;S
20240410;215054;164;10;10089392652;B
20240410;215054;164;40;10089392653;B
20240410;215059;164;40;10089392746;B
20240410;215104;164;10;10089392849;B
20240410;215105;163.96;250;10089392856;S
20240410;215107;163.96;290;10089392915;S
20240410;215110;163.96;80;10089392979;S
20240410;215111;164;20;10089392990;B
20240410;215117;163.96;290;10089393091;S
20240410;215117;164;200;10089393093;B
20240410;215118;164;10;10089393099;B
20240410;215122;164;10;10089393178;B
20240410;215124;164;10;10089393229;B
20240410;215126;164;40;10089393249;B
20240410;215136;164;180;10089393430;B
20240410;215136;164;10;10089393431;B
20240410;215138;164;20;10089393466;B
20240410;215157;164;10;10089393865;B
20240410;215218;164;10;10089394251;B
20240410;215218;163.98;20;10089394310;S
20240410;215218;163.96;1980;10089394311;S
20240410;215221;163.96;10;10089394356;S
20240410;215221;163.96;10;10089394357;S
20240410;215221;163.96;100;10089394358;S
20240410;215221;163.96;600;10089394362;B
20240410;215230;163.96;20;10089394542;B
20240410;215232;163.96;20;10089394577;B
20240410;215234;163.96;10;10089394611;B
20240410;215240;163.96;10;10089394678;B
20240410;215243;163.96;10;10089394847;B
20240410;215245;163.96;10;10089394879;B
20240410;215257;163.94;20;10089395023;S
20240410;215301;163.96;40;10089395145;B
20240410;215307;163.96;50;10089395219;B
20240410;215309;163.94;10;10089395246;S
20240410;215313;163.94;300;10089395323;S
20240410;215317;163.96;40;10089395390;B
20240410;215320;163.94;20;10089395433;S
20240410;215320;163.94;10;10089395434;S
20240410;215320;163.94;130;10089395435;S
20240410;215321;163.94;20;10089395461;S
20240410;215321;163.96;10;10089395468;B
20240410;215323;163.96;300;10089395486;B
20240410;215333;163.96;10;10089395669;B
20240410;215344;163.96;30;10089395832;B
20240410;215346;163.94;20;10089395867;S
20240410;215347;163.94;30;10089395890;S
20240410;215347;163.94;50;10089395891;S
20240410;215347;163.94;100;10089395892;S
20240410;215347;163.94;20;10089395893;S
20240410;215347;163.94;20;10089395894;S
20240410;215347;163.94;50;10089395895;S
20240410;215347;163.94;10;10089395896;S
20240410;215347;163.94;530;10089395897;S
20240410;215358;163.94;400;10089396106;S
20240410;215359;163.94;10;10089396126;S
20240410;215404;163.94;20;10089396215;S
20240410;215405;163.94;1000;10089396222;S
20240410;215409;163.92;10;10089396356;S
20240410;215415;163.94;10;10089396434;B
20240410;215421;163.96;10;10089396537;B
20240410;215424;163.96;10;10089396566;B
20240410;215426;163.96;10;10089396608;B
20240410;215426;163.92;10;10089396609;S
20240410;215426;163.92;10;10089396610;S
20240410;215426;163.92;10;10089396611;S
20240410;215426;163.92;10;10089396612;S
20240410;215426;163.92;10;10089396613;S
20240410;215426;163.92;50;10089396614;S
20240410;215429;163.92;1210;10089396663;S
20240410;215441;163.92;10;10089396814;S
20240410;215445;163.96;50;10089396870;B
20240410;215448;163.92;6700;10089396907;S
20240410;215455;163.92;20;10089397029;S
20240410;215455;163.92;10;10089397049;S
20240410;215518;163.94;20;10089397501;S
20240410;215518;163.94;240;10089397502;S
20240410;215518;163.92;1300;10089397503;S
20240410;215524;163.96;10;10089397614;B
20240410;215527;163.92;700;10089397680;S
20240410;215527;163.92;10;10089397681;S
20240410;215527;163.92;10;10089397682;S
20240410;215527;163.92;800;10089397683;S
20240410;215532;163.96;760;10089397744;B
20240410;215532;163.96;20;10089397745;B
20240410;215532;163.96;50;10089397746;B
20240410;215532;163.96;500;10089397747;B
20240410;215532;163.98;1220;10089397748;B
20240410;215532;163.98;1530;10089397749;B
20240410;215532;164;790;10089397750;B
20240410;215532;164;130;10089397751;B
20240410;215537;163.94;50;10089397856;S
20240410;215537;163.92;1490;10089397857;S
20240410;215537;163.92;150;10089397858;S
20240410;215537;163.92;10;10089397859;S
20240410;215537;163.92;120;10089397860;S
20240410;215537;163.92;490;10089397861;S
20240410;215537;163.92;150;10089397862;S
20240410;215537;163.92;570;10089397863;S
20240410;215541;163.96;10;10089397895;B
20240410;215555;163.96;10;10089398181;B
20240410;215558;163.94;20;10089398225;S
20240410;215558;163.92;280;10089398226;S
20240410;215605;163.96;10;10089398306;B
20240410;215618;163.96;20;10089398497;B
20240410;215618;163.96;10;10089398498;B
20240410;215625;163.92;1250;10089398605;S
20240410;215625;163.92;2110;10089398606;S
20240410;215625;163.92;640;10089398607;S
20240410;215627;163.92;1790;10089398633;S
20240410;215627;163.92;10;10089398634;S
20240410;215629;163.92;100;10089398658;S
20240410;215631;163.96;10;10089398691;B
20240410;215631;163.96;20;10089398692;B
20240410;215632;163.94;100;10089398716;S
20240410;215640;163.96;100;10089398782;B
20240410;215649;163.94;300;10089398957;B
20240410;215703;163.92;200;10089399208;S
20240410;215708;163.92;100;10089399305;S
20240410;215721;163.94;30;10089399667;B
20240410;215726;163.92;260;10089399738;S
20240410;215726;163.92;10;10089399739;S
20240410;215726;163.92;230;10089399740;S
20240410;215730;163.92;100;10089399844;S
20240410;215735;163.94;10;10089399945;B
20240410;215736;163.92;90;10089399994;S
20240410;215740;163.94;10;10089400081;B
20240410;215741;163.92;240;10089400093;S
20240410;215743;163.94;30;10089400116;B
20240410;215749;163.94;10;10089400217;B
20240410;215805;163.92;340;10089400435;S
20240410;215805;163.92;10;10089400436;S
20240410;215805;163.92;100;10089400437;S
20240410;215805;163.92;200;10089400438;S
20240410;215805;163.92;1000;10089400439;S
20240410;215805;163.92;10;10089400440;S
20240410;215805;163.92;10;10089400441;S
20240410;215805;163.92;10;10089400442;S
20240410;215805;163.92;100;10089400443;S
20240410;215805;163.92;200;10089400444;S
20240410;215805;163.92;30;10089400445;S
20240410;215805;163.9;2810;10089400446;S
20240410;215805;163.9;10;10089400447;S
20240410;215805;163.9;50;10089400448;S
20240410;215805;163.9;10;10089400449;S
20240410;215805;163.9;40;10089400450;S
20240410;215805;163.9;230;10089400451;S
20240410;215805;163.9;380;10089400452;S
20240410;215805;163.9;20;10089400453;S
20240410;215805;163.9;50;10089400454;S
20240410;215805;163.9;10;10089400455;S
20240410;215805;163.9;20;10089400456;S
20240410;215805;163.9;50;10089400457;S
20240410;215805;163.9;10;10089400458;S
20240410;215805;163.9;100;10089400459;S
20240410;215805;163.9;6060;10089400460;S
20240410;215806;163.94;10;10089400478;B
20240410;215824;163.94;100;10089400810;B
20240410;215834;163.92;30;10089400975;S
20240410;215835;163.94;80;10089400992;B
20240410;215845;163.94;200;10089401210;B
20240410;215846;163.94;10;10089401213;B
20240410;215848;163.94;10;10089401246;B
20240410;215851;163.92;400;10089401275;S
20240410;215858;163.94;200;10089401340;B
20240410;215900;163.92;500;10089401417;S
20240410;215900;163.92;2370;10089401418;S
20240410;215900;163.92;200;10089401419;S
20240410;215900;163.92;1430;10089401420;S
20240410;215905;163.92;10;10089401492;S
20240410;215914;163.94;20;10089401642;B
20240410;215917;163.94;10;10089401751;B
20240410;215922;163.92;13060;10089401847;S
20240410;215922;163.92;50;10089401848;S
20240410;215922;163.92;180;10089401849;S
20240410;215922;163.92;160;10089401850;S
20240410;215922;163.92;1200;10089401851;S
20240410;215922;163.92;10;10089401852;S
20240410;215922;163.92;240;10089401853;S
20240410;215922;163.9;66600;10089401854;S
20240410;215922;163.9;2660;10089401855;S
20240410;215922;163.9;290;10089401856;S
20240410;215922;163.9;470;10089401857;S
20240410;215922;163.9;950;10089401858;S
20240410;215922;163.9;1740;10089401859;S
20240410;215922;163.9;50;10089401860;S
20240410;215922;163.9;460;10089401861;S
20240410;215922;163.9;20;10089401862;S
20240410;215922;163.9;30;10089401863;S
20240410;215922;163.9;20;10089401864;S
20240410;215922;163.9;10;10089401865;S
20240410;215922;163.9;100;10089401866;S
20240410;215922;163.9;1600;10089401867;S
20240410;215922;163.9;10100;10089401868;S
20240410;215939;163.92;20;10089402250;B
20240410;215940;163.92;10;10089402498;B
20240410;215950;163.9;40;10089403278;S
20240410;215954;163.92;10;10089403328;B
20240410;215955;163.92;10;10089403348;B
20240410;215959;163.9;800;10089403409;S
20240410;220009;163.9;730;10089403567;S
20240410;220011;163.92;960;10089403581;B
20240410;220011;163.92;20;10089403582;B
20240410;220012;163.92;410;10089403606;S
20240410;220012;163.9;1090;10089403607;S
20240410;220012;163.94;290;10089403608;B
20240410;220012;163.94;110;10089403609;B
20240410;220015;163.94;390;10089403642;B
20240410;220015;163.94;200;10089403643;B
20240410;220017;163.94;20;10089403677;B
20240410;220018;163.94;20;10089403685;B
20240410;220022;163.9;690;10089403782;S
20240410;220023;163.92;50;10089403793;B
20240410;220031;163.9;380;10089403879;S
20240410;220031;163.9;10;10089403880;S
20240410;220031;163.9;500;10089403881;S
20240410;220031;163.9;1000;10089403882;S
20240410;220031;163.9;10;10089403883;S
20240410;220039;163.9;20;10089403982;S
20240410;220041;163.92;30;10089404007;B
20240410;220041;163.9;1050;10089404016;S
20240410;220042;163.92;30;10089404021;B
20240410;220045;163.9;110;10089404064;S
20240410;220052;163.9;50;10089404193;S
20240410;220057;163.92;10;10089404283;B
20240410;220058;163.9;220;10089404318;S
20240410;220107;163.92;180;10089404498;B
20240410;220108;163.9;10;10089404509;S
20240410;220119;163.9;1200;10089404709;S
20240410;220120;163.92;250;10089404729;B
20240410;220120;163.92;250;10089404730;B
20240410;220121;163.92;10;10089404733;B
20240410;220141;163.92;30;10089404947;B
20240410;220142;163.92;10;10089404988;B
20240410;220142;163.92;150;10089404991;B
20240410;220142;163.92;50;10089404992;B
20240410;220143;163.92;10;10089405023;B
20240410;220144;163.92;10;10089405054;B
20240410;220144;163.92;10;10089405056;B
20240410;220151;163.92;10;10089405118;B
20240410;220156;163.92;10;10089405217;B
20240410;220214;163.92;10;10089405481;B
20240410;220215;163.9;100;10089405526;S
20240410;220216;163.9;20;10089405545;S
20240410;220220;163.9;10;10089405613;S
20240410;220230;163.9;100;10089405810;S
20240410;220230;163.92;50;10089405812;B
20240410;220235;163.92;400;10089405893;B
20240410;220235;163.92;610;10089405894;B
20240410;220235;163.92;500;10089405895;B
20240410;220235;163.92;620;10089405896;B
20240410;220246;163.9;100;10089406030;S
20240410;220257;163.92;20;10089406217;B
20240410;220302;163.92;20;10089406307;B
20240410;220307;163.9;1000;10089406357;S
20240410;220307;163.9;50;10089406360;S
20240410;220307;163.92;100;10089406361;B
20240410;220309;163.92;30;10089406396;B
20240410;220310;163.92;60;10089406431;B
20240410;220310;163.92;100;10089406432;B
20240410;220315;163.9;100;10089406496;S
20240410;220316;163.92;10;10089406518;B
20240410;220322;163.9;9900;10089406615;S
20240410;220322;163.9;10;10089406616;S
20240410;220322;163.9;680;10089406617;S
20240410;220322;163.9;10;10089406618;S
20240410;220322;163.9;1230;10089406619;S
20240410;220322;163.9;10;10089406620;S
20240410;220322;163.9;200;10089406621;S
20240410;220322;163.9;50;10089406622;S
20240410;220322;163.9;50;10089406623;S
20240410;220322;163.9;10;10089406624;S
20240410;220322;163.9;100;10089406625;S
20240410;220322;163.9;10;10089406626;S
20240410;220322;163.9;10;10089406627;S
20240410;220322;163.9;100;10089406628;S
20240410;220322;163.9;10;10089406629;S
20240410;220322;163.9;10;10089406630;S
20240410;220322;163.9;50;10089406631;S
20240410;220322;163.9;200;10089406632;S
20240410;220322;163.9;10;10089406633;S
20240410;220322;163.9;500;10089406634;S
20240410;220322;163.9;250;10089406635;S
20240410;220322;163.9;10;10089406636;S
20240410;220322;163.9;200;10089406637;S
20240410;220322;163.9;10;10089406638;S
20240410;220322;163.9;300;10089406639;S
20240410;220323;163.9;10;10089406650;B
20240410;220323;163.9;300;10089406651;B
20240410;220325;163.9;20;10089406682;B
20240410;220325;163.88;10;10089406686;S
20240410;220325;163.88;970;10089406687;S
20240410;220325;163.88;380;10089406688;S
20240410;220325;163.88;110;10089406689;S
20240410;220325;163.88;10;10089406690;S
20240410;220325;163.86;250;10089406691;S
20240410;220325;163.86;10;10089406692;S
20240410;220325;163.86;120;10089406693;S
20240410;220325;163.84;100;10089406694;S
20240410;220325;163.84;850;10089406695;S
20240410;220325;163.84;200;10089406696;S
20240410;220325;163.84;20;10089406697;S
20240410;220325;163.84;500;10089406698;S
20240410;220325;163.82;40;10089406699;S
20240410;220325;163.82;20;10089406700;S
20240410;220325;163.82;4770;10089406701;S
20240410;220325;163.84;50;10089406703;S
20240410;220326;163.84;450;10089406705;S
20240410;220326;163.82;30;10089406706;S
20240410;220326;163.84;10;10089406715;S
20240410;220326;163.84;40;10089406716;S
20240410;220326;163.84;50;10089406717;S
20240410;220326;163.82;850;10089406718;S
20240410;220326;163.82;440;10089406719;S
20240410;220326;163.82;10;10089406720;S
20240410;220326;163.82;10;10089406721;S
20240410;220326;163.82;500;10089406722;S
20240410;220326;163.8;40;10089406723;S
20240410;220328;163.88;10;10089406756;B
20240410;220329;163.88;10;10089406759;B
20240410;220332;163.82;300;10089406789;S
20240410;220332;163.82;50;10089406790;S
20240410;220332;163.8;20;10089406791;S
20240410;220332;163.8;50;10089406792;S
20240410;220332;163.8;590;10089406793;S
20240410;220333;163.8;10;10089406824;S
20240410;220334;163.86;10;10089406854;B
20240410;220338;163.86;20;10089406906;B
20240410;220358;163.84;20;10089407364;B
20240410;220358;163.84;10;10089407365;B
20240410;220358;163.84;10;10089407366;B
20240410;220358;163.84;10;10089407367;B
20240410;220358;163.86;60;10089407368;B
20240410;220405;163.82;20;10089407485;S
20240410;220405;163.82;180;10089407514;S
20240410;220405;163.82;50;10089407515;S
20240410;220405;163.8;1470;10089407516;S
20240410;220405;163.8;10;10089407517;S
20240410;220405;163.8;530;10089407518;S
20240410;220405;163.8;20;10089407519;S
20240410;220405;163.8;10;10089407520;S
20240410;220405;163.8;10;10089407521;S
20240410;220405;163.8;10;10089407522;S
20240410;220405;163.8;870;10089407523;S
20240410;220405;163.86;60;10089407529;B
20240410;220406;163.86;10;10089407574;B
20240410;220409;163.84;10;10089407630;B
20240410;220417;163.84;40;10089407782;B
20240410;220417;163.86;90;10089407783;B
20240410;220417;163.8;20;10089407785;S
20240410;220418;163.8;140;10089407786;S
20240410;220418;163.86;170;10089407822;B
20240410;220418;163.86;50;10089407823;B
20240410;220418;163.86;10;10089407824;B
20240410;220418;163.88;770;10089407825;B
20240410;220419;163.8;10;10089407831;S
20240410;220423;163.86;30;10089407885;B
20240410;220425;163.86;10;10089407935;B
20240410;220430;163.82;100;10089408067;S
20240410;220430;163.82;1220;10089408068;S
20240410;220430;163.8;6180;10089408069;S
20240410;220432;163.88;10;10089408098;B
20240410;220438;163.82;10;10089408167;S
20240410;220438;163.8;70;10089408168;S
20240410;220438;163.8;4000;10089408178;S
20240410;220441;163.8;180;10089408220;S
20240410;220445;163.86;10;10089408314;B
20240410;220450;163.8;1800;10089408413;S
20240410;220456;163.8;100;10089408497;S
20240410;220459;163.8;1000;10089408592;S
20240410;220500;163.84;10;10089408604;B
20240410;220500;163.86;90;10089408605;B
20240410;220512;163.84;10;10089408829;S
20240410;220518;163.86;20;10089408973;B
20240410;220520;163.86;50;10089409050;B
20240410;220520;163.86;20;10089409051;B
20240410;220522;163.84;10;10089409077;S
20240410;220523;163.86;10;10089409100;B
20240410;220526;163.84;10;10089409154;S
20240410;220526;163.8;390;10089409155;S
20240410;220532;163.8;30;10089409306;S
20240410;220534;163.8;100;10089409368;S
20240410;220546;163.86;10;10089409614;B
20240410;220546;163.8;120;10089409624;S
20240410;220551;163.86;50;10089409782;B
20240410;220555;163.8;220;10089409854;S
20240410;220555;163.8;10;10089409855;S
20240410;220555;163.8;10;10089409856;S
20240410;220555;163.8;10;10089409857;S
20240410;220555;163.8;3500;10089409858;S
20240410;220555;163.8;1380;10089409859;S
20240410;220555;163.8;10;10089409860;S
20240410;220555;163.8;100;10089409861;S
20240410;220555;163.8;20;10089409862;S
20240410;220555;163.8;10;10089409863;S
20240410;220555;163.8;270;10089409864;S
20240410;220555;163.8;320;10089409865;S
20240410;220555;163.8;120;10089409866;S
20240410;220555;163.8;10;10089409867;S
20240410;220555;163.8;100;10089409868;S
20240410;220555;163.8;100;10089409869;S
20240410;220555;163.78;460;10089409870;S
20240410;220555;163.78;80;10089409871;S
20240410;220555;163.78;290;10089409872;S
20240410;220555;163.78;970;10089409873;S
20240410;220555;163.78;1440;10089409874;S
20240410;220555;163.78;500;10089409875;S
20240410;220555;163.78;500;10089409876;S
20240410;220555;163.78;200;10089409877;S
20240410;220555;163.78;500;10089409878;S
20240410;220555;163.76;10;10089409879;S
20240410;220555;163.76;430;10089409880;S
20240410;220555;163.76;10;10089409881;S
20240410;220555;163.76;200;10089409882;S
20240410;220555;163.76;30;10089409883;S
20240410;220555;163.76;10;10089409884;S
20240410;220555;163.76;10;10089409885;S
20240410;220555;163.74;10;10089409886;S
20240410;220555;163.74;10;10089409887;S
20240410;220555;163.74;30;10089409888;S
20240410;220555;163.74;20;10089409889;S
20240410;220555;163.74;10;10089409890;S
20240410;220555;163.74;10;10089409891;S
20240410;220555;163.74;400;10089409892;S
20240410;220555;163.74;100;10089409893;S
20240410;220555;163.74;100;10089409894;S
20240410;220555;163.74;1220;10089409895;S
20240410;220555;163.72;10;10089409896;S
20240410;220555;163.72;90;10089409897;S
20240410;220555;163.72;50;10089409898;S
20240410;220555;163.72;50;10089409899;S
20240410;220555;163.72;10;10089409900;S
20240410;220555;163.72;6050;10089409901;S
20240410;220555;163.78;10;10089409902;S
20240410;220555;163.78;10;10089409903;S
20240410;220555;163.78;10;10089409904;S
20240410;220555;163.78;10;10089409905;S
20240410;220555;163.7;10;10089409920;S
20240410;220555;163.7;10;10089409921;S
20240410;220555;163.7;30;10089409922;S
20240410;220555;163.7;10;10089409923;S
20240410;220555;163.7;200;10089409924;S
20240410;220555;163.7;10;10089409925;S
20240410;220555;163.7;10;10089409926;S
20240410;220555;163.7;100;10089409927;S
20240410;220555;163.7;20;10089409928;S
20240410;220555;163.7;160;10089409929;S
20240410;220555;163.72;500;10089409910;S
20240410;220555;163.7;150;10089409911;S
20240410;220555;163.7;150;10089409912;S
20240410;220555;163.7;50;10089409913;S
20240410;220555;163.7;70;10089409914;S
20240410;220555;163.7;70;10089409915;S
20240410;220555;163.7;130;10089409916;S
20240410;220555;163.7;200;10089409917;S
20240410;220555;163.7;30;10089409918;S
20240410;220555;163.7;20;10089409919;S
20240410;220605;163.78;60;10089410089;B
20240410;220606;163.72;50;10089410096;S
20240410;220607;163.7;500;10089410158;S
20240410;220607;163.7;20;10089410159;S
20240410;220607;163.68;20;10089410160;S
20240410;220607;163.68;100;10089410161;S
20240410;220607;163.68;20;10089410162;S
20240410;220607;163.68;100;10089410163;S
20240410;220607;163.68;20;10089410164;S
20240410;220607;163.68;10;10089410165;S
20240410;220607;163.68;1210;10089410166;S
20240410;220607;163.7;10;10089410168;S
20240410;220607;163.72;10;10089410169;B
20240410;220613;163.72;100;10089410264;B
20240410;220619;163.72;20;10089410362;B
20240410;220622;163.72;10;10089410489;B
20240410;220625;163.68;10;10089410559;S
20240410;220625;163.68;10;10089410560;S
20240410;220628;163.66;10;10089410622;S
20240410;220628;163.66;40;10089410623;S
20240410;220629;163.66;60;10089410636;S
20240410;220629;163.64;40;10089410637;S
20240410;220630;163.68;180;10089410656;B
20240410;220630;163.72;110;10089410657;B
20240410;220630;163.72;90;10089410658;B
20240410;220630;163.72;170;10089410659;B
20240410;220630;163.72;10;10089410664;S
20240410;220631;163.74;30;10089410671;B
20240410;220632;163.74;50;10089410683;B
20240410;220640;163.74;20;10089410780;B
20240410;220643;163.74;10;10089410802;B
20240410;220646;163.72;120;10089410834;S
20240410;220646;163.7;10;10089410835;S
20240410;220647;163.72;70;10089410842;S
20240410;220650;163.72;380;10089410867;S
20240410;220650;163.7;3160;10089410868;S
20240410;220650;163.66;30;10089410869;S
20240410;220650;163.64;50;10089410870;S
20240410;220650;163.64;1220;10089410871;S
20240410;220650;163.64;1000;10089410872;S
20240410;220650;163.64;1220;10089410873;S
20240410;220650;163.64;500;10089410874;S
20240410;220650;163.62;10;10089410875;S
20240410;220650;163.62;10;10089410876;S
20240410;220650;163.62;50;10089410877;S
20240410;220650;163.62;30;10089410878;S
20240410;220650;163.62;100;10089410879;S
20240410;220650;163.62;10;10089410880;S
20240410;220650;163.62;10;10089410881;S
20240410;220650;163.62;500;10089410882;S
20240410;220650;163.62;300;10089410883;S
20240410;220650;163.62;1690;10089410884;S
20240410;220650;163.6;250;10089410885;S
20240410;220650;163.6;50;10089410886;S
20240410;220650;163.6;100;10089410887;S
20240410;220650;163.6;20;10089410888;S
20240410;220650;163.6;50;10089410889;S
20240410;220650;163.64;500;10089410892;S
20240410;220650;163.62;1220;10089410893;S
20240410;220650;163.6;50;10089410894;S
20240410;220650;163.6;10;10089410895;S
20240410;220650;163.6;100;10089410896;S
20240410;220650;163.6;20;10089410897;S
20240410;220650;163.6;10;10089410898;S
20240410;220650;163.6;10;10089410899;S
20240410;220650;163.6;10;10089410900;S
20240410;220650;163.6;100;10089410901;S
20240410;220650;163.6;100;10089410902;S
20240410;220650;163.6;1370;10089410903;S
20240410;220651;163.62;800;10089410906;S
20240410;220651;163.62;10;10089410907;S
20240410;220651;163.62;210;10089410909;S
20240410;220651;163.62;790;10089410910;S
20240410;220704;163.64;10;10089411100;B
20240410;220705;163.62;710;10089411109;S
20240410;220705;163.64;10;10089411119;B
20240410;220708;163.64;50;10089411134;B
20240410;220713;163.64;30;10089411199;B
20240410;220713;163.64;10;10089411207;B
20240410;220715;163.62;90;10089411245;S
20240410;220717;163.64;10;10089411279;B
20240410;220718;163.62;1130;10089411294;S
20240410;220718;163.6;30;10089411295;S
20240410;220718;163.6;2040;10089411296;S
20240410;220718;163.64;10;10089411298;B
20240410;220724;163.62;20;10089411411;S
20240410;220735;163.64;10;10089411546;B
20240410;220748;163.62;30;10089411739;S
20240410;220748;163.64;50;10089411744;B
20240410;220758;163.62;1170;10089411899;S
20240410;220758;163.62;40;10089411900;S
20240410;220758;163.62;100;10089411901;S
20240410;220758;163.6;770;10089411902;S
20240410;220758;163.62;190;10089411908;S
20240410;220759;163.64;200;10089411915;B
20240410;220807;163.64;20;10089411985;B
20240410;220812;163.64;20;10089412055;B
20240410;220813;163.62;10;10089412060;S
20240410;220814;163.64;10;10089412070;B
20240410;220817;163.64;80;10089412116;B
20240410;220824;163.64;20;10089412205;B
20240410;220826;163.64;40;10089412250;B
20240410;220833;163.62;50;10089412358;S
20240410;220835;163.64;10;10089412427;B
20240410;220836;163.62;100;10089412435;S
20240410;220843;163.62;100;10089412513;S
20240410;220856;163.62;500;10089412756;S
20240410;220856;163.62;10;10089412757;S
20240410;220858;163.62;140;10089412816;S
20240410;220858;163.62;160;10089412817;S
20240410;220901;163.64;10;10089412937;B
20240410;220904;163.64;150;10089412996;B
20240410;220906;163.62;10;10089413015;S
20240410;220913;163.64;10;10089413161;B
20240410;220913;163.62;1050;10089413170;S
20240410;220913;163.6;2190;10089413171;S
20240410;220913;163.6;50;10089413172;S
20240410;220913;163.6;50;10089413173;S
20240410;220913;163.6;10;10089413174;S
20240410;220913;163.58;10;10089413175;S
20240410;220913;163.58;300;10089413176;S
20240410;220913;163.56;10;10089413177;S
20240410;220913;163.56;10;10089413178;S
20240410;220913;163.56;10;10089413179;S
20240410;220913;163.56;990;10089413180;S
20240410;220913;163.54;250;10089413181;S
20240410;220913;163.54;10;10089413182;S
20240410;220913;163.54;20;10089413183;S
20240410;220913;163.54;200;10089413184;S
20240410;220913;163.52;10;10089413185;S
20240410;220913;163.52;50;10089413186;S
20240410;220913;163.52;10;10089413187;S
20240410;220913;163.52;10;10089413188;S
20240410;220913;163.52;1530;10089413189;S
20240410;220913;163.52;100;10089413190;S
20240410;220913;163.52;850;10089413191;S
20240410;220913;163.5;100;10089413192;S
20240410;220913;163.5;10;10089413193;S
20240410;220913;163.5;50;10089413194;S
20240410;220913;163.5;20;10089413195;S
20240410;220913;163.5;1000;10089413196;S
20240410;220913;163.5;600;10089413197;S
20240410;220913;163.5;10;10089413198;S
20240410;220913;163.5;20;10089413199;S
20240410;220913;163.5;10;10089413200;S
20240410;220913;163.5;60;10089413201;S
20240410;220913;163.5;100;10089413202;S
20240410;220913;163.5;10;10089413203;S
20240410;220913;163.5;10;10089413204;S
20240410;220913;163.5;280;10089413205;S
20240410;220914;163.54;10;10089413209;S
20240410;220914;163.54;70;10089413210;S
20240410;220914;163.54;200;10089413211;S
20240410;220914;163.54;50;10089413212;S
20240410;220919;163.52;90;10089413328;S
20240410;220921;163.52;60;10089413346;S
20240410;220921;163.52;40;10089413347;S
20240410;220921;163.52;20;10089413348;S
20240410;220921;163.52;930;10089413353;S
20240410;220927;163.52;1530;10089413437;S
20240410;220927;163.52;700;10089413438;S
20240410;220927;163.5;260;10089413439;S
20240410;220931;163.52;1530;10089413599;S
20240410;220931;163.5;2840;10089413600;S
20240410;220934;163.58;30;10089413629;B
20240410;220940;163.54;50;10089413762;S
20240410;220942;163.54;10;10089413796;S
20240410;220942;163.52;1190;10089413797;S
20240410;220942;163.58;60;10089413815;B
20240410;220944;163.58;10;10089413833;B
20240410;220944;163.6;20;10089413834;B
20240410;220948;163.6;10;10089413911;B
20240410;221008;163.6;10;10089414294;B
20240410;221013;163.54;200;10089414380;S
20240410;221020;163.54;800;10089414458;S
20240410;221020;163.6;10;10089414460;B
20240410;221028;163.6;250;10089414576;B
20240410;221028;163.6;250;10089414577;B
20240410;221028;163.6;40;10089414578;B
20240410;221029;163.6;100;10089414592;B
20240410;221032;163.54;100;10089414665;S
20240410;221032;163.52;10;10089414666;S
20240410;221032;163.52;60;10089414667;S
20240410;221032;163.52;470;10089414668;S
20240410;221035;163.54;20;10089414693;S
20240410;221035;163.52;180;10089414694;S
20240410;221038;163.56;10;10089414739;B
20240410;221049;163.54;130;10089414940;S
20240410;221056;163.56;30;10089415023;B
20240410;221103;163.58;30;10089415140;B
20240410;221103;163.6;1510;10089415141;B
20240410;221103;163.6;90;10089415142;B
20240410;221103;163.6;370;10089415143;B
20240410;221103;163.54;290;10089415144;S
20240410;221103;163.54;410;10089415145;S
20240410;221105;163.6;10;10089415179;B
20240410;221113;163.54;50;10089415284;S
20240410;221115;163.58;30;10089415308;B
20240410;221115;163.6;460;10089415309;B
20240410;221115;163.6;40;10089415310;B
20240410;221115;163.62;2440;10089415311;B
20240410;221123;163.64;20;10089415451;B
20240410;221141;163.64;290;10089415779;B
20240410;221145;163.64;10;10089415814;B
20240410;221146;163.62;20;10089415844;S
20240410;221146;163.64;50;10089415845;B
20240410;221148;163.64;10;10089415881;B
20240410;221150;163.62;10;10089415917;S
20240410;221150;163.58;10;10089415918;S
20240410;221154;163.58;1000;10089415960;S
20240410;221155;163.58;980;10089415979;S
20240410;221158;163.58;100;10089416003;S
20240410;221205;163.58;10;10089416112;S
20240410;221209;163.64;10;10089416170;B
20240410;221211;163.58;10;10089416201;S
20240410;221213;163.64;10;10089416224;B
20240410;221219;163.64;10;10089416290;B
20240410;221227;163.64;10;10089416377;B
20240410;221234;163.64;150;10089416474;B
20240410;221234;163.64;30;10089416475;B
20240410;221234;163.66;30;10089416476;B
20240410;221234;163.66;4160;10089416477;B
20240410;221239;163.66;100;10089416540;B
20240410;221241;163.6;20;10089416642;S
20240410;221241;163.58;80;10089416643;S
20240410;221241;163.58;30;10089416644;S
20240410;221241;163.58;30;10089416645;S
20240410;221241;163.58;50;10089416646;S
20240410;221241;163.58;20;10089416647;S
20240410;221241;163.58;210;10089416648;S
20240410;221241;163.58;80;10089416649;S
20240410;221241;163.56;1530;10089416650;S
20240410;221241;163.56;50;10089416651;S
20240410;221241;163.56;30;10089416652;S
20240410;221241;163.54;830;10089416653;S
20240410;221241;163.54;200;10089416654;S
20240410;221241;163.54;10;10089416655;S
20240410;221241;163.54;50;10089416656;S
20240410;221241;163.54;10;10089416657;S
20240410;221241;163.54;10;10089416658;S
20240410;221241;163.54;10;10089416659;S
20240410;221241;163.54;20;10089416660;S
20240410;221241;163.54;2440;10089416661;S
20240410;221241;163.54;970;10089416662;S
20240410;221245;163.6;30;10089416717;B
20240410;221245;163.62;10;10089416718;B
20240410;221245;163.62;10;10089416721;B
20240410;221249;163.62;2420;10089416769;B
20240410;221253;163.64;10;10089416869;B
20240410;221255;163.62;100;10089416892;S
20240410;221257;163.66;30;10089416929;B
20240410;221302;163.66;10;10089417009;B
20240410;221308;163.64;20;10089417081;S
20240410;221310;163.66;10;10089417104;B
20240410;221320;163.66;40;10089417264;B
20240410;221321;163.66;100;10089417283;B
20240410;221322;163.66;20;10089417291;B
20240410;221325;163.64;50;10089417332;S
20240410;221337;163.66;10;10089417521;B
20240410;221345;163.66;90;10089417663;B
20240410;221345;163.66;50;10089417664;B
20240410;221345;163.66;40;10089417665;B
20240410;221345;163.66;20;10089417666;B
20240410;221357;163.66;200;10089417871;B
20240410;221401;163.64;130;10089417914;S
20240410;221408;163.64;10;10089418010;B
20240410;221410;163.64;50;10089418023;B
20240410;221410;163.64;10;10089418033;B
20240410;221414;163.64;30;10089418100;B
20240410;221415;163.64;10;10089418106;B
20240410;221416;163.62;330;10089418117;S
20240410;221424;163.62;150;10089418255;S
20240410;221424;163.62;50;10089418256;S
20240410;221426;163.62;100;10089418288;S
20240410;221427;163.64;10;10089418305;B
20240410;221431;163.64;50;10089418437;B
20240410;221439;163.64;30;10089418539;B
20240410;221440;163.64;340;10089418554;B
20240410;221457;163.64;20;10089418839;B
20240410;221500;163.64;10;10089418934;B
20240410;221509;163.64;20;10089419055;B
20240410;221525;163.64;10;10089419206;B
20240410;221541;163.64;100;10089419381;B
20240410;221545;163.62;10;10089419431;S
20240410;221545;163.62;10;10089419432;S
20240410;221546;163.62;30;10089419458;B
20240410;221555;163.64;10;10089419641;B
20240410;221603;163.64;970;10089419771;B
20240410;221603;163.64;10;10089419772;B
20240410;221603;163.64;100;10089419773;B
20240410;221612;163.66;1000;10089419884;B
20240410;221617;163.64;50;10089419920;S
20240410;221618;163.64;30;10089419939;S
20240410;221626;163.64;100;10089420060;S
20240410;221626;163.66;10;10089420078;B
20240410;221628;163.66;10;10089420099;B
20240410;221643;163.66;50;10089420353;B
20240410;221647;163.66;10;10089420404;B
20240410;221652;163.66;50;10089420454;B
20240410;221653;163.66;20;10089420469;B
20240410;221656;163.64;40;10089420602;S
20240410;221656;163.64;120;10089420603;S
20240410;221656;163.6;20;10089420604;S
20240410;221656;163.6;10;10089420605;S
20240410;221656;163.6;10;10089420606;S
20240410;221657;163.64;20;10089420632;B
20240410;221657;163.62;90;10089420634;S
20240410;221714;163.62;1440;10089420901;S
20240410;221714;163.62;640;10089420902;S
20240410;221717;163.62;60;10089420937;S
20240410;221720;163.64;20;10089420956;B
20240410;221720;163.64;10;10089420957;B
20240410;221724;163.62;240;10089421179;S
20240410;221724;163.62;1530;10089421180;S
20240410;221738;163.62;10;10089422086;B
20240410;221741;163.62;40;10089422362;B
20240410;221745;163.62;10;10089422658;B
20240410;221749;163.62;10;10089422706;B
20240410;221751;163.62;100;10089422718;B
20240410;221756;163.6;50;10089422859;S
20240410;221805;163.6;220;10089423055;S
20240410;221839;163.62;50;10089423855;B
20240410;221844;163.62;10;10089423967;B
20240410;221846;163.64;40;10089424112;B
20240410;221846;163.64;20;10089424115;B
20240410;221858;163.62;20;10089424358;S
20240410;221858;163.6;280;10089424359;S
20240410;221901;163.64;100;10089424403;B
20240410;221910;163.64;20;10089424650;B
20240410;221917;163.62;20;10089424716;S
20240410;221920;163.64;100;10089424785;B
20240410;221941;163.64;10;10089425227;B
20240410;221944;163.64;50;10089425263;B
20240410;221945;163.64;60;10089425274;B
20240410;221946;163.62;30;10089425317;S
20240410;221946;163.62;10;10089425318;S
20240410;221946;163.6;60;10089425319;S
20240410;221954;163.6;1000;10089425464;S
20240410;222002;163.6;50;10089425533;S
20240410;222013;163.6;130;10089425648;S
20240410;222016;163.64;30;10089425712;B
20240410;222016;163.64;130;10089425726;B
20240410;222022;163.64;660;10089425786;B
20240410;222022;163.64;1530;10089425787;B
20240410;222022;163.66;630;10089425788;B
20240410;222022;163.66;3180;10089425789;B
20240410;222040;163.64;10;10089426020;B
20240410;222047;163.64;1210;10089426116;B
20240410;222047;163.64;20;10089426117;B
20240410;222047;163.66;1270;10089426118;B
20240410;222055;163.66;2000;10089426207;B
20240410;222113;163.64;40;10089426487;B
20240410;222117;163.66;10;10089426531;B
20240410;222120;163.62;300;10089426577;S
20240410;222120;163.62;190;10089426578;S
20240410;222120;163.6;1380;10089426579;S
20240410;222123;163.64;10;10089426621;B
20240410;222127;163.64;250;10089426669;B
20240410;222131;163.6;200;10089426708;S
20240410;222132;163.64;960;10089426711;B
20240410;222132;163.66;190;10089426712;B
20240410;222132;163.6;330;10089426715;S
20240410;222137;163.64;10;10089426759;B
20240410;222139;163.6;200;10089426783;S
20240410;222144;163.64;10;10089426910;B
20240410;222151;163.6;200;10089427011;S
20240410;222203;163.64;10;10089427193;B
20240410;222210;163.64;10;10089427262;B
20240410;222211;163.64;150;10089427291;B
20240410;222212;163.6;2000;10089427303;S
20240410;222222;163.64;10;10089427400;B
20240410;222223;163.6;1000;10089427411;S
20240410;222229;163.6;800;10089427492;S
20240410;222230;163.62;20;10089427496;B
20240410;222234;163.64;30;10089427542;B
20240410;222246;163.6;300;10089427723;S
20240410;222301;163.62;10;10089427888;B
20240410;222313;163.62;70;10089428033;B
20240410;222315;163.62;10;10089428057;B
20240410;222321;163.62;20;10089428170;B
20240410;222324;163.62;170;10089428212;B
20240410;222328;163.62;20;10089428253;B
20240410;222329;163.62;20;10089428279;B
20240410;222332;163.62;20;10089428329;B
20240410;222344;163.62;100;10089428477;B
20240410;222347;163.62;40;10089428526;B
20240410;222348;163.62;20;10089428539;B
20240410;222348;163.62;180;10089428540;B
20240410;222406;163.6;200;10089428761;S
20240410;222410;163.62;20;10089428841;B
20240410;222420;163.62;10;10089428990;B
20240410;222421;163.62;20;10089429023;B
20240410;222421;163.62;10;10089429024;B
20240410;222426;163.62;10;10089429078;B
20240410;222435;163.62;10;10089429203;B
20240410;222439;163.6;10;10089429261;S
20240410;222447;163.6;100;10089429357;S
20240410;222448;163.6;100;10089429380;S
20240410;222450;163.6;200;10089429412;S
20240410;222453;163.6;10;10089429438;S
20240410;222456;163.6;1180;10089429500;S
20240410;222456;163.6;10;10089429501;S
20240410;222456;163.6;20;10089429502;S
20240410;222456;163.6;500;10089429503;S
20240410;222456;163.6;10;10089429504;S
20240410;222456;163.6;10;10089429505;S
20240410;222456;163.6;100;10089429506;S
20240410;222456;163.6;70;10089429507;S
20240410;222456;163.6;10;10089429508;S
20240410;222456;163.6;20;10089429509;S
20240410;222456;163.6;250;10089429510;S
20240410;222456;163.58;2440;10089429511;S
20240410;222456;163.56;220;10089429512;S
20240410;222501;163.56;20;10089429578;S
20240410;222502;163.6;10;10089429592;B
20240410;222502;163.6;20;10089429593;B
20240410;222511;163.6;10;10089429754;B
20240410;222513;163.6;200;10089429839;B
20240410;222515;163.6;20;10089429870;B
20240410;222525;163.56;20;10089429948;S
20240410;222527;163.6;20;10089429968;B
20240410;222536;163.62;240;10089430082;B
20240410;222536;163.62;10;10089430083;B
20240410;222540;163.6;100;10089430122;S
20240410;222542;163.6;250;10089430153;S
20240410;222554;163.62;60;10089430349;B
20240410;222555;163.62;10;10089430399;B
20240410;222556;163.62;10;10089430435;B
20240410;222601;163.62;10;10089430497;B
20240410;222624;163.6;400;10089430834;S
20240410;222624;163.6;10;10089430835;S
20240410;222624;163.6;10;10089430836;B
20240410;222632;163.58;10;10089431085;B
20240410;222638;163.58;10;10089431154;B
20240410;222639;163.6;10;10089431175;B
20240410;222648;163.6;130;10089431259;B
20240410;222656;163.6;550;10089431395;B
20240410;222656;163.6;950;10089431396;B
20240410;222659;163.6;10;10089431441;B
20240410;222727;163.6;40;10089431765;B
20240410;222727;163.6;10;10089431766;B
20240410;222731;163.6;20;10089431823;B
20240410;222733;163.6;300;10089431865;B
20240410;222737;163.6;10;10089431944;B
20240410;222749;163.56;40;10089432196;S
20240410;222749;163.56;960;10089432197;S
20240410;222749;163.58;1220;10089432203;B
20240410;222754;163.6;10;10089432270;B
20240410;222800;163.6;10;10089432354;B
20240410;222802;163.58;100;10089432378;S
20240410;222803;163.6;230;10089432408;B
20240410;222810;163.6;30;10089432547;B
20240410;222813;163.58;900;10089432599;S
20240410;222826;163.6;10;10089432726;B
20240410;222830;163.6;200;10089432781;B
20240410;222831;163.6;30;10089432794;B
20240410;222835;163.58;70;10089432882;S
20240410;222835;163.58;300;10089432885;S
20240410;222836;163.58;80;10089432903;S
20240410;222837;163.58;20;10089432914;S
20240410;222850;163.58;200;10089433054;S
20240410;222852;163.58;100;10089433075;S
20240410;222854;163.58;10;10089433089;S
20240410;222854;163.58;300;10089433090;S
20240410;222854;163.6;10;10089433092;B
20240410;222905;163.6;200;10089433274;B
20240410;222908;163.58;250;10089433303;S
20240410;222923;163.58;30;10089433556;S
20240410;222925;163.6;50;10089433573;B
20240410;222925;163.6;30;10089433574;B
20240410;222928;163.6;170;10089433623;B
20240410;222928;163.6;30;10089433624;B
20240410;222928;163.6;1000;10089433625;B
20240410;222928;163.6;500;10089433626;B
20240410;222928;163.6;390;10089433627;B
20240410;222942;163.6;720;10089433827;B
20240410;222944;163.58;120;10089433838;S
20240410;222944;163.58;100;10089433839;S
20240410;222944;163.56;220;10089433840;S
20240410;222949;163.6;10;10089434016;B
20240410;223001;163.56;3500;10089434151;S
20240410;223010;163.56;320;10089434259;S
20240410;223010;163.56;500;10089434260;S
20240410;223010;163.56;10;10089434261;S
20240410;223010;163.56;10;10089434262;S
20240410;223010;163.54;30;10089434263;S
20240410;223010;163.54;300;10089434264;S
20240410;223010;163.54;20;10089434265;S
20240410;223010;163.54;30;10089434266;S
20240410;223010;163.54;250;10089434267;S
20240410;223010;163.54;130;10089434268;S
20240410;223023;163.54;60;10089434464;S
20240410;223028;163.54;10;10089434539;S
20240410;223028;163.54;480;10089434540;S
20240410;223028;163.54;90;10089434541;S
20240410;223028;163.54;600;10089434542;S
20240410;223028;163.52;520;10089434543;S
20240410;223038;163.58;10;10089434636;B
20240410;223039;163.54;10;10089434663;S
20240410;223039;163.52;990;10089434664;S
20240410;223044;163.56;10;10089434724;B
20240410;223052;163.52;10;10089434860;S
20240410;223056;163.56;10;10089434902;B
20240410;223103;163.56;10;10089435015;B
20240410;223111;163.56;90;10089435079;B
20240410;223116;163.56;50;10089435136;B
20240410;223122;163.56;100;10089435196;B
20240410;223122;163.56;100;10089435199;B
20240410;223123;163.56;10;10089435222;B
20240410;223124;163.56;100;10089435236;B
20240410;223124;163.56;10;10089435239;B
20240410;223125;163.56;100;10089435242;B
20240410;223126;163.56;100;10089435251;B
20240410;223126;163.56;100;10089435256;B
20240410;223127;163.56;100;10089435265;B
20240410;223129;163.58;120;10089435277;B
20240410;223130;163.56;30;10089435289;B
20240410;223130;163.56;70;10089435290;B
20240410;223130;163.56;60;10089435298;B
20240410;223131;163.56;100;10089435301;B
20240410;223132;163.56;100;10089435309;B
20240410;223133;163.58;10;10089435321;B
20240410;223139;163.6;20;10089435363;B
20240410;223141;163.6;100;10089435376;B
20240410;223206;163.6;20;10089435731;B
20240410;223208;163.6;100;10089435754;B
20240410;223229;163.6;10;10089436017;B
20240410;223234;163.58;10;10089436085;S
20240410;223234;163.58;50;10089436086;S
20240410;223240;163.54;10;10089436172;S
20240410;223257;163.54;290;10089436437;S
20240410;223257;163.54;300;10089436438;S
20240410;223257;163.52;20;10089436439;S
20240410;223312;163.52;10;10089436660;S
20240410;223315;163.52;890;10089436688;S
20240410;223318;163.54;10;10089436753;B
20240410;223329;163.54;250;10089436920;B
20240410;223338;163.54;20;10089437046;B
20240410;223342;163.54;10;10089437120;B
20240410;223345;163.54;10;10089437159;B
20240410;223347;163.52;500;10089437203;S
20240410;223401;163.52;2000;10089437363;S
20240410;223405;163.54;20;10089437402;B
20240410;223405;163.54;180;10089437403;B
20240410;223405;163.54;10;10089437404;B
20240410;223405;163.56;200;10089437405;B
20240410;223405;163.56;20;10089437406;B
20240410;223410;163.54;60;10089437481;S
20240410;223417;163.56;10;10089437593;B
20240410;223420;163.54;30;10089437667;S
20240410;223420;163.52;1970;10089437668;S
20240410;223442;163.54;30;10089437892;B
20240410;223445;163.52;1970;10089437927;S
20240410;223445;163.52;230;10089437928;S
20240410;223445;163.54;1000;10089437933;B
20240410;223449;163.54;120;10089437966;B
20240410;223455;163.52;270;10089438054;S
20240410;223455;163.52;50;10089438055;S
20240410;223455;163.52;50;10089438056;S
20240410;223455;163.52;310;10089438057;S
20240410;223455;163.52;40;10089438058;S
20240410;223455;163.52;10;10089438059;S
20240410;223455;163.52;300;10089438060;S
20240410;223455;163.52;10;10089438061;S
20240410;223455;163.52;10;10089438062;S
20240410;223455;163.52;950;10089438063;S
20240410;223506;163.52;10;10089438174;S
20240410;223509;163.52;40;10089438297;S
20240410;223509;163.52;10;10089438298;S
20240410;223511;163.54;10;10089438316;B
20240410;223513;163.54;20;10089438440;B
20240410;223514;163.54;30;10089438448;B
20240410;223514;163.56;170;10089438449;B
20240410;223517;163.54;20;10089438476;B
20240410;223517;163.52;90;10089438477;S
20240410;223517;163.52;100;10089438478;S
20240410;223517;163.52;310;10089438479;S
20240410;223521;163.52;30;10089438538;S
20240410;223521;163.5;970;10089438539;S
20240410;223523;163.54;10;10089438550;B
20240410;223528;163.54;70;10089438624;B
20240410;223528;163.54;30;10089438625;B
20240410;223537;163.54;100;10089438808;S
20240410;223537;163.52;30;10089438809;S
20240410;223545;163.52;30;10089438910;B
20240410;223545;163.52;10;10089438918;B
20240410;223556;163.5;50;10089439119;S
20240410;223605;163.5;20;10089439533;S
20240410;223611;163.52;50;10089439617;B
20240410;223617;163.52;620;10089439797;B
20240410;223623;163.52;20;10089439919;B
20240410;223633;163.52;10;10089440068;B
20240410;223638;163.52;570;10089440154;B
20240410;223638;163.52;300;10089440155;B
20240410;223641;163.52;150;10089440193;B
20240410;223645;163.52;650;10089440259;B
20240410;223646;163.5;5580;10089440272;S
20240410;223646;163.5;500;10089440273;S
20240410;223646;163.5;10;10089440274;S
20240410;223646;163.5;100;10089440275;S
20240410;223646;163.5;200;10089440276;S
20240410;223646;163.5;4650;10089440277;S
20240410;223652;163.52;310;10089440378;B
20240410;223656;163.52;10;10089440432;B
20240410;223708;163.5;1500;10089440554;S
20240410;223708;163.5;2110;10089440559;S
20240410;223717;163.52;20;10089440687;B
20240410;223719;163.52;230;10089440715;B
20240410;223721;163.52;100;10089440765;B
20240410;223724;163.52;10;10089440849;B
20240410;223734;163.52;10;10089440974;B
20240410;223736;163.52;20;10089441000;B
20240410;223736;163.52;110;10089441001;B
20240410;223736;163.5;740;10089441006;S
20240410;223736;163.5;100;10089441007;S
20240410;223736;163.5;160;10089441008;S
20240410;223738;163.52;10;10089441028;B
20240410;223742;163.52;10;10089441067;B
20240410;223742;163.5;840;10089441071;S
20240410;223742;163.5;10;10089441072;S
20240410;223742;163.5;10;10089441073;S
20240410;223742;163.5;10;10089441074;S
20240410;223742;163.5;130;10089441075;S
20240410;223745;163.52;30;10089441098;B
20240410;223748;163.52;130;10089441133;B
20240410;223804;163.5;70;10089441446;S
20240410;223804;163.5;30;10089441447;S
20240410;223810;163.52;30;10089441588;B
20240410;223813;163.5;70;10089441628;S
20240410;223813;163.5;10;10089441629;S
20240410;223813;163.5;100;10089441630;S
20240410;223813;163.5;10;10089441631;S
20240410;223813;163.5;50;10089441632;S
20240410;223813;163.5;10;10089441633;S
20240410;223813;163.5;20;10089441634;S
20240410;223813;163.5;10;10089441635;S
20240410;223813;163.5;10;10089441636;S
20240410;223813;163.5;20;10089441637;S
20240410;223813;163.5;300;10089441638;S
20240410;223813;163.5;100;10089441639;S
20240410;223813;163.5;10;10089441640;S
20240410;223813;163.5;70;10089441641;S
20240410;223813;163.5;10;10089441642;S
20240410;223813;163.5;10;10089441643;S
20240410;223813;163.5;100;10089441644;S
20240410;223813;163.5;10;10089441645;S
20240410;223813;163.5;50;10089441646;S
20240410;223813;163.5;10;10089441647;S
20240410;223813;163.5;20;10089441648;S
20240410;223817;163.52;20;10089441685;B
20240410;223817;163.52;60;10089441689;B
20240410;223825;163.52;10;10089441768;B
20240410;223826;163.52;20;10089441785;B
20240410;223826;163.52;10;10089441786;B
20240410;223827;163.52;10;10089441788;B
20240410;223840;163.52;10;10089442010;B
20240410;223852;163.5;20;10089442141;S
20240410;223859;163.5;10;10089442229;S
20240410;223859;163.5;10;10089442230;S
20240410;223859;163.5;10;10089442231;S
20240410;223859;163.5;300;10089442232;S
20240410;223859;163.5;10;10089442233;S
20240410;223859;163.5;150;10089442234;S
20240410;223859;163.48;500;10089442235;S
20240410;223859;163.48;10;10089442236;S
20240410;223859;163.48;10;10089442237;S
20240410;223859;163.46;20;10089442238;S
20240410;223859;163.46;50;10089442239;S
20240410;223859;163.46;1200;10089442240;S
20240410;223859;163.46;40;10089442241;S
20240410;223859;163.46;10;10089442242;S
20240410;223859;163.46;100;10089442243;S
20240410;223859;163.44;30;10089442244;S
20240410;223859;163.44;10;10089442245;S
20240410;223859;163.44;10;10089442246;S
20240410;223859;163.44;50;10089442247;S
20240410;223859;163.44;1220;10089442248;S
20240410;223859;163.44;10;10089442249;S
20240410;223859;163.42;940;10089442250;S
20240410;223859;163.46;100;10089442253;S
20240410;223859;163.42;470;10089442254;S
20240410;223859;163.48;10;10089442262;S
20240410;223859;163.48;10;10089442263;S
20240410;223859;163.48;10;10089442264;S
20240410;223859;163.48;10;10089442265;S
20240410;223900;163.5;30;10089442276;B
20240410;223900;163.48;10;10089442277;S
20240410;223900;163.44;50;10089442278;S
20240410;223900;163.44;30;10089442279;S
20240410;223900;163.42;70;10089442280;S
20240410;223900;163.42;5600;10089442283;S
20240410;223900;163.42;10;10089442284;S
20240410;223900;163.42;100;10089442285;S
20240410;223900;163.42;10;10089442286;S
20240410;223900;163.42;50;10089442287;S
20240410;223900;163.4;10;10089442288;S
20240410;223900;163.4;100;10089442289;S
20240410;223900;163.4;10;10089442290;S
20240410;223900;163.4;100;10089442291;S
20240410;223900;163.4;50;10089442292;S
20240410;223900;163.38;10;10089442293;S
20240410;223900;163.38;500;10089442294;S
20240410;223900;163.36;1220;10089442295;S
20240410;223900;163.34;2000;10089442296;S
20240410;223900;163.34;10;10089442297;S
20240410;223900;163.34;20;10089442298;S
20240410;223900;163.32;20;10089442299;S
20240410;223900;163.32;10;10089442300;S
20240410;223900;163.32;50;10089442301;S
20240410;223900;163.32;50;10089442302;S
20240410;223900;163.32;1530;10089442303;S
20240410;223900;163.32;500;10089442304;S
20240410;223900;163.32;1310;10089442305;S
20240410;223900;163.46;200;10089442313;B
20240410;223900;163.4;50;10089442315;S
20240410;223900;163.4;10;10089442316;S
20240410;223900;163.4;10;10089442317;S
20240410;223900;163.4;10;10089442318;S
20240410;223900;163.4;70;10089442319;S
20240410;223900;163.4;10;10089442320;S
20240410;223900;163.4;10;10089442321;S
20240410;223901;163.46;10;10089442323;B
20240410;223901;163.4;80;10089442324;S
20240410;223901;163.4;30;10089442325;S
20240410;223901;163.34;890;10089442326;S
20240410;223901;163.34;200;10089442327;S
20240410;223901;163.44;10;10089442342;B
20240410;223908;163.36;40;10089442405;S
20240410;223908;163.36;40;10089442406;S
20240410;223908;163.34;10;10089442407;S
20240410;223908;163.34;1220;10089442408;S
20240410;223908;163.34;10;10089442409;S
20240410;223908;163.34;40;10089442410;S
20240410;223908;163.34;40;10089442411;S
20240410;223908;163.32;600;10089442412;S
20240410;223909;163.4;20;10089442421;B
20240410;223909;163.4;10;10089442426;B
20240410;223913;163.34;10;10089442479;S
20240410;223913;163.34;200;10089442480;S
20240410;223913;163.34;560;10089442481;S
20240410;223913;163.34;100;10089442484;B
20240410;223918;163.34;300;10089442564;B
20240410;223921;163.32;40;10089442602;S
20240410;223921;163.32;10;10089442603;S
20240410;223921;163.32;1210;10089442604;S
20240410;223921;163.32;1530;10089442605;S
20240410;223921;163.32;3000;10089442606;S
20240410;223921;163.32;30;10089442607;S
20240410;223921;163.3;30;10089442608;S
20240410;223921;163.3;100;10089442609;S
20240410;223921;163.3;30;10089442610;S
20240410;223921;163.3;3890;10089442611;S
20240410;223921;163.32;10;10089442628;S
20240410;223924;163.34;20;10089442654;B
20240410;223925;163.34;100;10089442660;B
20240410;223928;163.34;70;10089442739;B
20240410;223934;163.34;50;10089442783;B
20240410;223940;163.34;90;10089442917;B
20240410;223942;163.34;100;10089442954;S
20240410;223945;163.34;110;10089443053;S
20240410;223945;163.32;290;10089443054;S
20240410;223947;163.38;30;10089443075;B
20240410;223947;163.4;20;10089443076;B
20240410;223955;163.42;10;10089443186;B
20240410;223955;163.42;10;10089443188;B
20240410;224007;163.4;30;10089443427;B
20240410;224017;163.4;10;10089443549;B
20240410;224022;163.36;90;10089443628;S
20240410;224026;163.36;10;10089443679;S
20240410;224032;163.4;20;10089443729;B
20240410;224043;163.36;50;10089443836;S
20240410;224043;163.36;10;10089443837;S
20240410;224043;163.36;10;10089443838;S
20240410;224043;163.34;30;10089443839;S
20240410;224043;163.34;20;10089443840;S
20240410;224043;163.34;20;10089443841;S
20240410;224043;163.34;470;10089443842;S
20240410;224043;163.34;30;10089443843;S
20240410;224049;163.38;30;10089443971;B
20240410;224049;163.38;20;10089443972;B
20240410;224049;163.4;40;10089443973;B
20240410;224049;163.4;510;10089443974;B
20240410;224050;163.4;10;10089443976;B
20240410;224051;163.34;100;10089443998;S
20240410;224057;163.36;100;10089444105;B
20240410;224100;163.36;50;10089444155;B
20240410;224105;163.34;160;10089444222;S
20240410;224110;163.36;80;10089444267;B
20240410;224114;163.34;250;10089444312;S
20240410;224116;163.34;10;10089444331;S
20240410;224122;163.34;600;10089444394;S
20240410;224123;163.34;100;10089444400;S
20240410;224132;163.32;50;10089444519;S
20240410;224135;163.36;850;10089444583;B
20240410;224136;163.36;10;10089444601;B
20240410;224140;163.32;10;10089444643;S
20240410;224148;163.34;20;10089444714;S
20240410;224148;163.32;660;10089444715;S
20240410;224157;163.34;50;10089444852;S
20240410;224159;163.36;10;10089444867;B
20240410;224200;163.36;10;10089444870;B
20240410;224202;163.36;10;10089444893;B
20240410;224210;163.34;40;10089445076;S
20240410;224215;163.34;260;10089445143;S
20240410;224215;163.34;1530;10089445144;S
20240410;224215;163.32;980;10089445145;S
20240410;224219;163.36;10;10089445228;B
20240410;224220;163.32;10;10089445238;S
20240410;224220;163.32;40;10089445254;S
20240410;224225;163.32;490;10089445373;S
20240410;224225;163.36;100;10089445375;B
20240410;224231;163.36;10;10089445489;B
20240410;224239;163.36;10;10089445593;B
20240410;224239;163.36;250;10089445599;B
20240410;224239;163.36;1600;10089445600;B
20240410;224240;163.38;10;10089445625;B
20240410;224247;163.38;20;10089445715;B
20240410;224247;163.38;180;10089445717;S
20240410;224247;163.36;150;10089445718;S
20240410;224247;163.34;500;10089445719;S
20240410;224248;163.32;10;10089445728;S
20240410;224251;163.34;10;10089445770;B
20240410;224257;163.34;70;10089445888;B
20240410;224302;163.32;610;10089445962;S
20240410;224302;163.32;10;10089445963;S
20240410;224302;163.32;250;10089445964;S
20240410;224302;163.32;130;10089445965;S
20240410;224306;163.34;500;10089446041;B
20240410;224320;163.32;30;10089446232;S
20240410;224321;163.32;170;10089446249;S
20240410;224321;163.32;50;10089446250;S
20240410;224321;163.32;380;10089446251;S
20240410;224325;163.34;1300;10089446332;B
20240410;224331;163.32;120;10089446433;S
20240410;224331;163.3;10;10089446434;S
20240410;224331;163.3;10;10089446435;S
20240410;224331;163.3;10;10089446436;S
20240410;224331;163.3;100;10089446437;S
20240410;224331;163.3;60;10089446438;S
20240410;224331;163.3;10;10089446439;S
20240410;224331;163.3;50;10089446440;S
20240410;224331;163.3;10;10089446441;S
20240410;224331;163.3;120;10089446442;S
20240410;224333;163.34;100;10089446482;B
20240410;224335;163.32;70;10089446495;B
20240410;224335;163.34;2050;10089446496;B
20240410;224337;163.34;60;10089446557;B
20240410;224339;163.3;30;10089446662;S
20240410;224340;163.3;100;10089446665;S
20240410;224341;163.34;10;10089446676;B
20240410;224344;163.34;30;10089446723;B
20240410;224344;163.34;10;10089446729;B
20240410;224344;163.3;50;10089446731;S
20240410;224344;163.3;10;10089446732;S
20240410;224344;163.3;430;10089446733;S
20240410;224344;163.3;1200;10089446734;S
20240410;224344;163.3;140;10089446735;S
20240410;224344;163.28;80;10089446736;S
20240410;224344;163.28;10;10089446739;S
20240410;224348;163.34;1000;10089446784;B
20240410;224354;163.34;10;10089446852;B
20240410;224357;163.34;10;10089446914;B
20240410;224409;163.34;10;10089447096;B
20240410;224421;163.3;10;10089447257;S
20240410;224421;163.3;30;10089447258;S
20240410;224421;163.3;50;10089447259;S
20240410;224421;163.28;90;10089447260;S
20240410;224422;163.28;50;10089447273;S
20240410;224429;163.28;7270;10089447433;S
20240410;224429;163.28;170;10089447434;S
20240410;224429;163.28;100;10089447435;S
20240410;224429;163.28;50;10089447436;S
20240410;224429;163.26;10;10089447437;S
20240410;224429;163.26;50;10089447438;S
20240410;224429;163.24;200;10089447439;S
20240410;224429;163.24;100;10089447440;S
20240410;224429;163.24;100;10089447441;S
20240410;224429;163.24;100;10089447442;S
20240410;224429;163.24;100;10089447443;S
20240410;224429;163.24;100;10089447444;S
20240410;224429;163.24;50;10089447445;S
20240410;224429;163.24;50;10089447446;S
20240410;224429;163.24;50;10089447447;S
20240410;224429;163.24;6000;10089447448;S
20240410;224429;163.24;250;10089447449;S
20240410;224429;163.24;300;10089447450;S
20240410;224429;163.22;1000;10089447451;S
20240410;224429;163.22;800;10089447452;S
20240410;224429;163.22;80;10089447453;S
20240410;224429;163.22;40;10089447454;S
20240410;224429;163.22;10;10089447455;S
20240410;224429;163.22;3500;10089447456;S
20240410;224429;163.22;30;10089447457;S
20240410;224429;163.22;50;10089447458;S
20240410;224429;163.22;300;10089447459;S
20240410;224429;163.22;10;10089447460;S
20240410;224429;163.22;10;10089447461;S
20240410;224429;163.22;3000;10089447462;S
20240410;224429;163.22;650;10089447463;S
20240410;224429;163.22;300;10089447464;S
20240410;224429;163.2;500;10089447465;S
20240410;224429;163.2;4000;10089447466;S
20240410;224429;163.2;50;10089447467;S
20240410;224429;163.2;240;10089447468;S
20240410;224429;163.2;50;10089447469;S
20240410;224429;163.2;10;10089447470;S
20240410;224429;163.2;100;10089447471;S
20240410;224429;163.2;10;10089447472;S
20240410;224429;163.2;10;10089447473;S
20240410;224429;163.2;30;10089447474;S
20240410;224429;163.2;59570;10089447475;S
20240410;224429;163.2;10;10089447479;S
20240410;224429;163.2;10;10089447480;S
20240410;224429;163.2;10;10089447481;S
20240410;224429;163.2;10;10089447482;S
20240410;224429;163.2;110;10089447484;S
20240410;224429;163.32;30;10089447485;B
20240410;224429;163.32;160;10089447486;B
20240410;224429;163.32;810;10089447487;B
20240410;224430;163.24;290;10089447488;S
20240410;224433;163.24;80;10089447507;S
20240410;224436;163.28;20;10089447534;B
20240410;224436;163.28;20;10089447540;B
20240410;224446;163.28;7730;10089447692;S
20240410;224449;163.28;50;10089447718;S
20240410;224451;163.3;20;10089447742;B
20240410;224453;163.28;100;10089447758;S
20240410;224453;163.3;20;10089447768;B
20240410;224453;163.3;480;10089447769;B
20240410;224458;163.3;60;10089447854;B
20240410;224459;163.3;200;10089447857;B
20240410;224502;163.3;10;10089447874;B
20240410;224504;163.28;200;10089447903;S
20240410;224504;163.3;10;10089447904;B
20240410;224504;163.3;10;10089447910;B
20240410;224525;163.3;100;10089448261;B
20240410;224526;163.28;550;10089448289;S
20240410;224528;163.28;1350;10089448324;S
20240410;224528;163.28;30;10089448325;S
20240410;224528;163.24;330;10089448326;S
20240410;224528;163.22;100;10089448328;S
20240410;224531;163.22;100;10089448389;S
20240410;224540;163.28;110;10089448511;B
20240410;224545;163.28;10;10089448585;B
20240410;224546;163.24;30;10089448605;S
20240410;224546;163.22;600;10089448610;S
20240410;224546;163.28;10;10089448613;B
20240410;224550;163.28;200;10089448644;B
20240410;224552;163.28;20;10089448661;B
20240410;224554;163.24;30;10089448675;S
20240410;224554;163.22;10;10089448676;S
20240410;224554;163.22;10;10089448677;S
20240410;224613;163.28;20;10089448938;B
20240410;224617;163.22;2000;10089449028;S
20240410;224624;163.28;10;10089449163;B
20240410;224632;163.26;10;10089449283;B
20240410;224634;163.26;20;10089449327;B
20240410;224634;163.26;80;10089449328;B
20240410;224637;163.26;20;10089449359;B
20240410;224637;163.28;30;10089449360;B
20240410;224640;163.24;40;10089449401;S
20240410;224641;163.24;10;10089449580;S
20240410;224642;163.24;30;10089449597;S
20240410;224655;163.28;20;10089449846;B
20240410;224657;163.28;70;10089449865;B
20240410;224657;163.28;50;10089449866;B
20240410;224657;163.28;50;10089449867;B
20240410;224657;163.28;20;10089449868;B
20240410;224658;163.3;330;10089449887;B
20240410;224659;163.28;100;10089449891;S
20240410;224705;163.3;60;10089450022;B
20240410;224714;163.28;180;10089450153;S
20240410;224716;163.3;40;10089450194;B
20240410;224716;163.3;10;10089450195;B
20240410;224724;163.3;10;10089450322;B
20240410;224729;163.3;80;10089450446;B
20240410;224732;163.3;10;10089450479;B
20240410;224743;163.3;80;10089450707;B
20240410;224747;163.3;10;10089450751;B
20240410;224754;163.28;120;10089450875;S
20240410;224806;163.28;100;10089451023;S
20240410;224808;163.3;200;10089451091;B
20240410;224811;163.28;310;10089451132;S
20240410;224811;163.28;50;10089451133;S
20240410;224811;163.28;50;10089451134;S
20240410;224811;163.28;10;10089451135;S
20240410;224811;163.28;50;10089451136;S
20240410;224811;163.28;30;10089451137;S
20240410;224814;163.3;10;10089451163;B
20240410;224824;163.3;1590;10089451307;B
20240410;224824;163.3;410;10089451308;B
20240410;224828;163.28;570;10089451359;S
20240410;224828;163.28;20;10089451360;S
20240410;224828;163.26;20;10089451361;S
20240410;224828;163.26;10;10089451362;S
20240410;224828;163.24;540;10089451363;S
20240410;224831;163.3;10;10089451373;B
20240410;224838;163.3;200;10089451436;B
20240410;224845;163.3;10;10089451617;B
20240410;224849;163.3;10;10089451664;B
20240410;224850;163.3;90;10089451712;B
20240410;224855;163.3;10;10089451824;B
20240410;224858;163.3;270;10089451915;B
20240410;224902;163.3;1000;10089451962;B
20240410;224905;163.3;200;10089451998;B
20240410;224907;163.28;30;10089452018;S
20240410;224907;163.28;20;10089452021;S
20240410;224910;163.3;10;10089452068;B
20240410;224911;163.3;20;10089452131;B
20240410;224915;163.3;770;10089452192;B
20240410;224921;163.3;320;10089452262;B
20240410;224921;163.3;80;10089452263;B
20240410;224924;163.3;10;10089452285;B
20240410;224927;163.26;10;10089452347;S
20240410;224934;163.3;10;10089452412;B
20240410;224938;163.3;20;10089452446;B
20240410;224942;163.3;300;10089452484;B
20240410;224945;163.28;350;10089452574;B
20240410;224951;163.26;20;10089452631;S
20240410;224956;163.26;20;10089452672;S
20240410;224956;163.26;10;10089452673;S
20240410;224956;163.26;700;10089452674;S
20240410;224956;163.24;380;10089452675;S
20240410;224956;163.24;10;10089452676;S
20240410;224956;163.24;10;10089452677;S
20240410;224956;163.24;30;10089452678;S
20240410;224956;163.24;470;10089452679;S
20240410;224956;163.22;2990;10089452680;S
20240410;224956;163.22;20;10089452681;S
20240410;224956;163.22;50;10089452682;S
20240410;224956;163.22;10;10089452683;S
20240410;224956;163.22;40;10089452684;S
20240410;224956;163.22;10;10089452685;S
20240410;224956;163.22;50;10089452686;S
20240410;224956;163.22;300;10089452687;S
20240410;224958;163.26;10;10089452708;B
20240410;224959;163.26;20;10089452777;B
20240410;225000;163.22;40;10089452808;S
20240410;225001;163.26;80;10089452827;B
20240410;225002;163.22;10;10089452835;S
20240410;225003;163.26;10;10089452848;B
20240410;225007;163.22;30;10089452905;S
20240410;225007;163.22;70;10089452906;S
20240410;225009;163.26;20;10089452931;B
20240410;225013;163.22;440;10089453019;S
20240410;225013;163.22;350;10089453020;S
20240410;225014;163.22;10;10089453037;B
20240410;225021;163.22;500;10089453202;B
20240410;225023;163.22;1000;10089453240;B
20240410;225026;163.2;120;10089453325;S
20240410;225027;163.2;400;10089453333;S
20240410;225027;163.22;200;10089453336;B
20240410;225048;163.22;20;10089453803;S
20240410;225049;163.26;10;10089453811;B
20240410;225056;163.26;10;10089453953;B
20240410;225102;163.22;10;10089454055;S
20240410;225107;163.22;200;10089454187;S
20240410;225111;163.26;20;10089454240;B
20240410;225111;163.26;30;10089454241;B
20240410;225111;163.26;40;10089454242;B
20240410;225112;163.3;10;10089454251;B
20240410;225116;163.24;30;10089454309;S
20240410;225116;163.24;470;10089454310;S
20240410;225143;163.28;30;10089454694;B
20240410;225143;163.28;40;10089454695;B
20240410;225143;163.3;420;10089454696;B
20240410;225143;163.3;10;10089454697;B
20240410;225151;163.3;10;10089454841;B
20240410;225206;163.3;440;10089455084;B
20240410;225209;163.3;650;10089455124;B
20240410;225209;163.3;10;10089455125;B
20240410;225209;163.3;120;10089455126;B
20240410;225209;163.3;90;10089455128;B
20240410;225209;163.3;100;10089455130;B
20240410;225235;163.24;20;10089455451;S
20240410;225246;163.28;10;10089455633;B
20240410;225252;163.28;10;10089455682;B
20240410;225252;163.3;10;10089455683;B
20240410;225252;163.3;80;10089455687;B
20240410;225256;163.3;70;10089455767;B
20240410;225259;163.3;20;10089455822;B
20240410;225303;163.3;200;10089455855;B
20240410;225303;163.28;10;10089455857;S
20240410;225303;163.24;90;10089455858;S
20240410;225316;163.3;160;10089456030;B
20240410;225324;163.3;10;10089456129;B
20240410;225326;163.3;2000;10089456152;B
20240410;225330;163.3;40;10089456227;B
20240410;225330;163.26;10;10089456230;S
20240410;225330;163.24;320;10089456231;S
20240410;225330;163.3;20;10089456232;B
20240410;225342;163.24;590;10089456415;S
20240410;225342;163.24;120;10089456416;S
20240410;225342;163.24;20;10089456417;S
20240410;225342;163.24;30;10089456418;S
20240410;225342;163.24;940;10089456419;S
20240410;225342;163.22;1530;10089456420;S
20240410;225342;163.22;10;10089456421;S
20240410;225342;163.22;10;10089456422;S
20240410;225346;163.22;90;10089456552;S
20240410;225346;163.22;110;10089456553;S
20240410;225349;163.28;30;10089456622;B
20240410;225349;163.28;50;10089456623;B
20240410;225349;163.3;10;10089456624;B
20240410;225357;163.3;2000;10089456709;B
20240410;225413;163.3;10;10089456895;B
20240410;225424;163.28;50;10089457136;B
20240410;225426;163.28;50;10089457148;B
20240410;225426;163.3;60;10089457163;B
20240410;225426;163.3;240;10089457164;B
20240410;225428;163.3;200;10089457176;B
20240410;225505;163.28;10;10089457747;S
20240410;225507;163.28;40;10089457778;S
20240410;225507;163.28;50;10089457779;S
20240410;225507;163.28;50;10089457780;S
20240410;225507;163.28;110;10089457781;S
20240410;225511;163.3;670;10089457846;B
20240410;225511;163.3;100;10089457847;B
20240410;225511;163.3;100;10089457848;B
20240410;225511;163.3;50;10089457849;B
20240410;225511;163.3;10;10089457850;B
20240410;225511;163.3;600;10089457851;B
20240410;225511;163.3;30;10089457852;B
20240410;225517;163.28;400;10089458205;S
20240410;225521;163.28;740;10089458429;S
20240410;225523;163.3;1110;10089458459;B
20240410;225532;163.28;150;10089458709;S
20240410;225533;163.3;80;10089458734;B
20240410;225534;163.28;450;10089458768;S
20240410;225537;163.28;600;10089458809;S
20240410;225542;163.3;110;10089458860;B
20240410;225543;163.3;100;10089458871;B
20240410;225545;163.28;200;10089458890;S
20240410;225552;163.3;10;10089458977;B
20240410;225559;163.28;50;10089459055;S
20240410;225602;163.3;20;10089459080;B
20240410;225608;163.28;990;10089459226;S
20240410;225611;163.3;10;10089459255;B
20240410;225615;163.3;250;10089459298;B
20240410;225618;163.3;50;10089459330;B
20240410;225619;163.3;10;10089459390;B
20240410;225622;163.28;20;10089459435;S
20240410;225623;163.28;550;10089459445;S
20240410;225629;163.3;270;10089459516;B
20240410;225632;163.28;10;10089459582;S
20240410;225639;163.28;10;10089459644;S
20240410;225639;163.3;430;10089459647;B
20240410;225639;163.3;20;10089459648;B
20240410;225639;163.3;50;10089459649;B
20240410;225640;163.28;600;10089459662;S
20240410;225644;163.28;10;10089459700;S
20240410;225647;163.3;10;10089459725;B
20240410;225711;163.3;1000;10089459971;B
20240410;225713;163.28;110;10089459980;S
20240410;225713;163.28;190;10089459981;S
20240410;225715;163.3;10;10089459998;B
20240410;225720;163.3;910;10089460040;B
20240410;225721;163.3;10;10089460043;B
20240410;225723;163.3;10;10089460059;B
20240410;225723;163.3;10;10089460075;B
20240410;225728;163.3;10;10089460108;B
20240410;225734;163.3;10;10089460161;B
20240410;225734;163.28;20;10089460171;S
20240410;225744;163.3;10;10089460354;B
20240410;225749;163.3;10;10089460573;B
20240410;225749;163.32;240;10089460574;B
20240410;225751;163.28;10;10089460649;S
20240410;225801;163.28;230;10089460834;S
20240410;225801;163.28;20;10089460835;S
20240410;225801;163.28;30;10089460836;S
20240410;225801;163.26;470;10089460837;S
20240410;225801;163.26;10;10089460838;S
20240410;225801;163.26;50;10089460839;S
20240410;225801;163.24;20;10089460840;S
20240410;225801;163.24;50;10089460841;S
20240410;225801;163.24;40;10089460842;S
20240410;225801;163.24;180;10089460843;S
20240410;225801;163.32;10;10089460849;B
20240410;225801;163.32;10;10089460850;B
20240410;225801;163.32;10;10089460851;B
20240410;225832;163.28;200;10089461307;S
20240410;225836;163.32;30;10089461356;B
20240410;225836;163.32;20;10089461357;B
20240410;225836;163.34;30;10089461358;B
20240410;225836;163.34;100;10089461359;B
20240410;225836;163.34;2440;10089461360;B
20240410;225836;163.34;50;10089461361;B
20240410;225836;163.38;10;10089461367;B
20240410;225836;163.38;20;10089461370;B
20240410;225838;163.38;80;10089461387;B
20240410;225849;163.38;30;10089461866;B
20240410;225852;163.38;50;10089461900;B
20240410;225856;163.38;1000;10089461930;B
20240410;225908;163.38;10;10089462113;B
20240410;225910;163.36;50;10089462139;B
20240410;225910;163.38;950;10089462140;B
20240410;225917;163.38;500;10089462194;B
20240410;225924;163.42;10;10089462431;B
20240410;225925;163.42;1210;10089462438;B
20240410;225925;163.42;1000;10089462439;B
20240410;225925;163.44;200;10089462440;B
20240410;225925;163.44;10;10089462441;B
20240410;225925;163.44;580;10089462442;B
20240410;225930;163.4;10;10089462561;B
20240410;225934;163.4;10;10089462587;B
20240410;225934;163.4;10;10089462588;B
20240410;225934;163.4;360;10089462589;B
20240410;225936;163.4;4620;10089462604;S
20240410;225955;163.4;10;10089462976;B
20240410;225957;163.4;10;10089462998;B
20240410;230012;163.4;20;10089463176;B
20240410;230026;163.38;50;10089463373;S
20240410;230029;163.4;30;10089463418;B
20240410;230039;163.4;10;10089463565;B
20240410;230040;163.4;100;10089463566;B
20240410;230044;163.4;10;10089463590;B
20240410;230045;163.4;10;10089463596;B
20240410;230047;163.4;30;10089463611;B
20240410;230049;163.38;450;10089463673;S
20240410;230049;163.32;200;10089463674;S
20240410;230058;163.38;10;10089464200;B
20240410;230113;163.32;200;10089464817;S
20240410;230118;163.38;10;10089464880;B
20240410;230137;163.32;200;10089465137;S
20240410;230151;163.32;10;10089465282;S
20240410;230230;163.34;10;10089465752;S
20240410;230230;163.32;10;10089465753;S
20240410;230236;163.36;40;10089465846;B
20240410;230244;163.32;100;10089466256;S
20240410;230256;163.34;20;10089466754;S
20240410;230256;163.32;580;10089466755;S
20240410;230305;163.36;10;10089466856;B
20240410;230309;163.36;60;10089466899;B
20240410;230311;163.36;50;10089466924;B
20240410;230313;163.32;400;10089466950;S
20240410;230315;163.36;10;10089466955;B
20240410;230319;163.36;20;10089467008;B
20240410;230321;163.36;10;10089467041;B
20240410;230329;163.32;20;10089467135;S
20240410;230329;163.32;100;10089467141;S
20240410;230331;163.36;100;10089467164;B
20240410;230348;163.32;20;10089467709;S
20240410;230400;163.36;40;10089467846;B
20240410;230400;163.36;30;10089467847;B
20240410;230400;163.36;10;10089467848;B
20240410;230402;163.32;200;10089467875;S
20240410;230403;163.32;10;10089467888;S
20240410;230404;163.32;50;10089467900;S
20240410;230408;163.32;290;10089467956;S
20240410;230428;163.36;40;10089468504;B
20240410;230428;163.36;10;10089468505;B
20240410;230430;163.32;50;10089468528;S
20240410;230430;163.32;20;10089468529;S
20240410;230430;163.32;10;10089468530;S
20240410;230430;163.32;10;10089468531;S
20240410;230430;163.32;100;10089468532;S
20240410;230430;163.32;30;10089468533;S
20240410;230430;163.32;50;10089468534;S
20240410;230430;163.32;10;10089468535;S
20240410;230430;163.32;200;10089468536;S
20240410;230430;163.3;520;10089468537;S
20240410;230453;163.32;20;10089469637;B
20240410;230459;163.3;20;10089469697;S
20240410;230508;163.3;60;10089469795;S
20240410;230508;163.3;10;10089469796;S
20240410;230508;163.3;10;10089469797;S
20240410;230508;163.3;1000;10089469798;S
20240410;230508;163.3;420;10089469799;S
20240410;230510;163.36;10;10089469839;B
20240410;230512;163.36;10;10089469858;B
20240410;230520;163.36;40;10089469939;B
20240410;230520;163.36;60;10089469940;B
20240410;230523;163.3;30;10089469978;S
20240410;230534;163.32;60;10089470151;B
20240410;230534;163.36;370;10089470152;B
20240410;230534;163.36;10;10089470153;B
20240410;230534;163.36;100;10089470154;B
20240410;230534;163.36;50;10089470155;B
20240410;230534;163.36;10;10089470156;B
20240410;230534;163.36;10;10089470157;B
20240410;230538;163.36;300;10089470215;S
20240410;230548;163.38;10;10089470353;B
20240410;230550;163.38;10;10089470385;B
20240410;230552;163.36;90;10089470405;S
20240410;230553;163.3;150;10089470427;S
20240410;230553;163.3;10;10089470428;S
20240410;230553;163.3;140;10089470429;S
20240410;230559;163.32;10;10089470501;B
20240410;230608;163.32;10;10089470613;B
20240410;230620;163.3;500;10089470906;S
20240410;230623;163.32;1110;10089470924;B
20240410;230624;163.32;10;10089470938;B
20240410;230640;163.3;100;10089471121;S
20240410;230640;163.32;10;10089471124;B
20240410;230644;163.32;10;10089471169;B
20240410;230648;163.32;10;10089471220;B
20240410;230655;163.32;40;10089471321;B
20240410;230656;163.32;10;10089471323;B
20240410;230705;163.3;1760;10089471416;S
20240410;230705;163.3;100;10089471417;S
20240410;230705;163.3;1000;10089471418;S
20240410;230705;163.3;10;10089471419;S
20240410;230705;163.3;10;10089471420;S
20240410;230705;163.3;60;10089471421;S
20240410;230705;163.3;5000;10089471422;S
20240410;230720;163.28;300;10089471744;S
20240410;230720;163.3;30;10089471756;B
20240410;230734;163.32;30;10089471957;B
20240410;230740;163.32;10;10089472031;B
20240410;230743;163.28;60;10089472159;S
20240410;230750;163.32;10;10089472325;B
20240410;230752;163.32;10;10089472342;B
20240410;230808;163.3;10;10089472517;S
20240410;230808;163.34;20;10089472524;B
20240410;230822;163.3;400;10089472684;S
20240410;230837;163.3;100;10089472847;S
20240410;230838;163.32;10;10089472884;B
20240410;230839;163.32;10;10089472905;B
20240410;230851;163.32;10;10089473045;B
20240410;230851;163.32;10;10089473047;B
20240410;230905;163.3;250;10089473235;S
20240410;230907;163.3;100;10089473264;S
20240410;230907;163.32;130;10089473268;B
20240410;230916;163.3;10;10089473365;S
20240410;230926;163.32;20;10089473462;B
20240410;230927;163.32;700;10089473467;B
20240410;230939;163.32;10;10089473863;B
20240410;230942;163.32;1100;10089473901;B
20240410;230942;163.32;1220;10089473902;B
20240410;230942;163.32;1530;10089473903;B
20240410;230942;163.32;60;10089473904;B
20240410;230942;163.34;6260;10089473905;B
20240410;230952;163.34;10;10089474186;B
20240410;231003;163.34;10;10089474381;B
20240410;231006;163.3;130;10089474480;S
20240410;231006;163.3;60;10089474481;S
20240410;231008;163.3;310;10089474533;S
20240410;231008;163.3;10;10089474534;S
20240410;231008;163.3;10;10089474535;S
20240410;231008;163.3;10;10089474536;S
20240410;231008;163.3;60;10089474537;S
20240410;231010;163.3;170;10089474554;S
20240410;231024;163.34;10;10089474788;B
20240410;231037;163.34;600;10089474982;B
20240410;231038;163.38;60;10089474993;B
20240410;231044;163.38;20;10089475164;B
20240410;231047;163.38;10;10089475199;B
20240410;231049;163.38;10;10089475230;B
20240410;231049;163.38;2440;10089475231;B
20240410;231049;163.38;400;10089475232;B
20240410;231055;163.32;10;10089475290;S
20240410;231055;163.32;10;10089475291;S
20240410;231055;163.3;230;10089475292;S
20240410;231059;163.3;10;10089475404;S
20240410;231106;163.38;50;10089475533;B
20240410;231115;163.3;40;10089475658;S
20240410;231118;163.3;20;10089475703;S
20240410;231135;163.3;70;10089476093;S
20240410;231148;163.38;20;10089476351;B
20240410;231205;163.3;280;10089476605;S
20240410;231212;163.3;120;10089476692;S
20240410;231212;163.3;180;10089476693;S
20240410;231217;163.38;200;10089476766;B
20240410;231228;163.36;1000;10089476904;B
20240410;231231;163.36;1000;10089476952;B
20240410;231231;163.36;1000;10089476963;B
20240410;231232;163.36;1000;10089476965;B
20240410;231234;163.38;10;10089476989;B
20240410;231234;163.38;70;10089476990;B
20240410;231307;163.32;30;10089477356;S
20240410;231310;163.32;640;10089477379;S
20240410;231319;163.36;490;10089477491;B
20240410;231325;163.36;730;10089477562;B
20240410;231348;163.38;100;10089478201;B
20240410;231403;163.36;270;10089478610;S
20240410;231403;163.34;120;10089478611;S
20240410;231411;163.36;1000;10089478716;B
20240410;231437;163.32;10;10089479093;S
20240410;231449;163.36;10;10089479254;B
20240410;231507;163.3;20;10089479694;S
20240410;231507;163.3;300;10089479695;S
20240410;231507;163.3;10;10089479696;S
20240410;231507;163.3;1090;10089479697;S
20240410;231507;163.3;1000;10089479698;S
20240410;231507;163.3;2100;10089479699;S
20240410;231507;163.3;10;10089479700;S
20240410;231524;163.28;200;10089480032;S
20240410;231524;163.28;1440;10089480033;S
20240410;231526;163.28;130;10089480059;S
20240410;231528;163.28;360;10089480073;S
20240410;231532;163.3;10;10089480146;B
20240410;231558;163.3;20;10089480470;B
20240410;231602;163.3;500;10089480524;B
20240410;231604;163.3;20;10089480543;B
20240410;231618;163.28;510;10089480718;S
20240410;231618;163.28;500;10089480719;S
20240410;231618;163.26;4670;10089480720;S
20240410;231625;163.3;40;10089480802;B
20240410;231651;163.26;100;10089481035;S
20240410;231653;163.3;10;10089481054;B
20240410;231720;163.26;230;10089481404;S
20240410;231720;163.26;10;10089481405;S
20240410;231720;163.26;40;10089481411;B
20240410;231729;163.24;10;10089481532;S
20240410;231732;163.24;90;10089481575;S
20240410;231732;163.24;10;10089481576;S
20240410;231732;163.26;20;10089481581;B
20240410;231739;163.26;10;10089481683;B
20240410;231739;163.24;10;10089481695;S
20240410;231742;163.24;200;10089481735;S
20240410;231742;163.24;250;10089481736;S
20240410;231742;163.24;250;10089481737;S
20240410;231742;163.22;370;10089481738;S
20240410;231742;163.22;10;10089481739;S
20240410;231742;163.22;10;10089481740;S
20240410;231742;163.22;70;10089481741;S
20240410;231742;163.22;250;10089481742;S
20240410;231742;163.22;490;10089481743;S
20240410;231742;163.22;10;10089481744;S
20240410;231744;163.22;10;10089481764;S
20240410;231749;163.26;10;10089481797;B
20240410;231812;163.26;10;10089482119;B
20240410;231813;163.26;60;10089482122;B
20240410;231813;163.26;10;10089482131;B
20240410;231814;163.26;10;10089482137;B
20240410;231815;163.26;10;10089482153;B
20240410;231817;163.26;10;10089482170;B
20240410;231818;163.26;10;10089482191;B
20240410;231820;163.24;20;10089482208;S
20240410;231825;163.26;10;10089482277;B
20240410;231827;163.26;10;10089482351;B
20240410;231831;163.26;10;10089482610;B
20240410;231833;163.26;10;10089482626;B
20240410;231833;163.26;10;10089482636;B
20240410;231833;163.26;10;10089482640;B
20240410;231836;163.26;10;10089482671;B
20240410;231838;163.26;10;10089482694;B
20240410;231840;163.24;80;10089482711;S
20240410;231840;163.22;20;10089482712;S
20240410;231840;163.26;10;10089482715;B
20240410;231841;163.26;10;10089482754;B
20240410;231843;163.26;10;10089482774;B
20240410;231844;163.26;10;10089482793;B
20240410;231846;163.26;10;10089482816;B
20240410;231847;163.26;10;10089482823;B
20240410;231849;163.26;10;10089482842;B
20240410;231850;163.26;10;10089482878;B
20240410;231852;163.26;10;10089482889;B
20240410;231856;163.26;10;10089482921;B
20240410;231857;163.26;10;10089482929;B
20240410;231857;163.24;1000;10089482934;S
20240410;231857;163.22;470;10089482935;S
20240410;231857;163.22;1090;10089482936;S
20240410;231858;163.26;10;10089482938;B
20240410;231859;163.26;10;10089482953;B
20240410;231901;163.26;10;10089482970;B
20240410;231902;163.26;10;10089483010;B
20240410;231904;163.26;10;10089483041;B
20240410;231904;163.26;10;10089483043;B
20240410;231908;163.26;10;10089483174;B
20240410;231909;163.26;10;10089483242;B
20240410;231909;163.26;10;10089483244;B
20240410;231909;163.26;10;10089483245;B
20240410;231910;163.26;10;10089483265;B
20240410;231913;163.24;70;10089483405;S
20240410;231922;163.26;10;10089483537;B
20240410;231955;163.26;20;10089484876;B
20240410;231959;163.26;230;10089484981;B
20240410;231959;163.26;100;10089484982;B
20240410;231959;163.28;10;10089484983;B
20240410;231959;163.28;1220;10089484984;B
20240410;231959;163.3;150;10089484985;B
20240410;232006;163.26;30;10089485104;B
20240410;232007;163.3;100;10089485127;B
20240410;232007;163.3;50;10089485128;B
20240410;232007;163.3;900;10089485129;B
20240410;232007;163.32;30;10089485130;B
20240410;232007;163.32;1000;10089485131;B
20240410;232007;163.32;500;10089485132;B
20240410;232013;163.26;100;10089485272;S
20240410;232016;163.26;20;10089485290;S
20240410;232024;163.32;10;10089485457;B
20240410;232024;163.32;10;10089485458;B
20240410;232031;163.34;180;10089485551;B
20240410;232032;163.26;20;10089485559;S
20240410;232043;163.34;1060;10089485792;B
20240410;232046;163.26;100;10089485832;S
20240410;232049;163.34;500;10089485890;B
20240410;232051;163.34;10;10089485923;B
20240410;232103;163.34;10;10089486035;B
20240410;232108;163.34;70;10089486102;B
20240410;232115;163.34;260;10089486222;B
20240410;232122;163.34;170;10089486309;B
20240410;232123;163.28;150;10089486332;S
20240410;232129;163.34;10;10089486401;B
20240410;232130;163.34;120;10089486412;B
20240410;232134;163.28;50;10089486458;S
20240410;232134;163.28;50;10089486459;S
20240410;232210;163.32;10;10089496905;B
20240410;232211;163.32;30;10089496934;B
20240410;232215;163.3;60;10089496957;S
20240410;232231;163.28;100;10089497320;S
20240410;232235;163.3;100;10089497362;B
20240410;232235;163.3;4990;10089497364;B
20240410;232239;163.3;10;10089497444;S
20240410;232239;163.28;90;10089497445;S
20240410;232242;163.32;10;10089497460;B
20240410;232242;163.34;490;10089497461;B
20240410;232259;163.34;10;10089497767;B
20240410;232307;163.32;10;10089497848;B
20240410;232347;163.32;380;10089498391;B
20240410;232358;163.34;50;10089498525;B
20240410;232405;163.34;300;10089498621;B
20240410;232407;163.34;10;10089498663;B
20240410;232409;163.34;50;10089498737;B
20240410;232411;163.34;50;10089498751;B
20240410;232413;163.32;200;10089498776;S
20240410;232415;163.32;190;10089498787;S
20240410;232422;163.32;10;10089498913;S
20240410;232432;163.34;20;10089499022;B
20240410;232435;163.34;110;10089499082;B
20240410;232437;163.32;500;10089499104;S
20240410;232443;163.32;20;10089499258;S
20240410;232455;163.34;40;10089499372;B
20240410;232457;163.32;200;10089499454;S
20240410;232502;163.34;10;10089499514;B
20240410;232502;163.32;300;10089499515;S
20240410;232504;163.32;230;10089499562;S
20240410;232519;163.32;1970;10089499840;S
20240410;232519;163.32;1610;10089499841;S
20240410;232522;163.34;10;10089499871;B
20240410;232524;163.34;100;10089499936;B
20240410;232526;163.34;10;10089499971;B
20240410;232550;163.34;10;10089500327;B
20240410;232601;163.34;40;10089500514;B
20240410;232604;163.34;10;10089500555;B
20240410;232617;163.34;230;10089500914;B
20240410;232625;163.34;40;10089501093;B
20240410;232629;163.32;100;10089501171;S
20240410;232631;163.32;300;10089501198;S
20240410;232636;163.32;170;10089501276;S
20240410;232636;163.32;130;10089501277;S
20240410;232652;163.32;30;10089501526;S
20240410;232656;163.32;400;10089501597;S
20240410;232705;163.34;20;10089501788;B
20240410;232712;163.32;200;10089501946;S
20240410;232712;163.34;30;10089501948;B
20240410;232724;163.34;10;10089502062;B
20240410;232729;163.34;1230;10089502111;B
20240410;232731;163.34;20;10089502123;B
20240410;232740;163.34;10;10089502219;B
20240410;232744;163.34;110;10089502300;B
20240410;232805;163.32;200;10089502628;S
20240410;232809;163.34;100;10089502692;B
20240410;232810;163.34;50;10089502730;B
20240410;232817;163.32;100;10089502810;S
20240410;232820;163.34;4640;10089502827;B
20240410;232820;163.34;40;10089502828;B
20240410;232820;163.34;1320;10089502829;B
20240410;232822;163.34;10;10089502889;B
20240410;232822;163.34;10;10089502904;B
20240410;232828;163.34;100;10089502991;B
20240410;232835;163.34;50;10089503052;B
20240410;232837;163.34;10;10089503081;B
20240410;232843;163.34;190;10089503173;B
20240410;232844;163.34;310;10089503181;S
20240410;232844;163.34;40;10089503182;S
20240410;232844;163.38;30;10089503186;B
20240410;232909;163.38;40;10089503471;B
20240410;232919;163.38;30;10089503627;B
20240410;232920;163.38;30;10089503636;B
20240410;232921;163.38;180;10089503654;B
20240410;232921;163.38;50;10089503673;B
20240410;232932;163.38;150;10089503841;B
20240410;232934;163.34;300;10089503882;S
20240410;232934;163.34;100;10089503883;S
20240410;232940;163.34;10;10089504016;S
20240410;232941;163.38;150;10089504043;B
20240410;232941;163.38;20;10089504053;B
20240410;232945;163.38;20;10089504104;B
20240410;232951;163.34;10;10089504287;S
20240410;232953;163.4;100;10089504327;B
20240410;232953;163.4;100;10089504328;B
20240410;233003;163.34;380;10089504502;S
20240410;233003;163.34;30;10089504503;S
20240410;233003;163.34;1000;10089504504;S
20240410;233003;163.34;170;10089504505;S
20240410;233003;163.34;330;10089504506;S
20240410;233003;163.34;10;10089504507;S
20240410;233003;163.34;3500;10089504508;S
20240410;233009;163.38;10;10089504592;B
20240410;233013;163.38;50;10089504627;B
20240410;233026;163.34;1500;10089504821;S
20240410;233026;163.34;120;10089504822;S
20240410;233026;163.34;10;10089504823;S
20240410;233055;163.32;310;10089505508;S
20240410;233101;163.34;200;10089505728;S
20240410;233101;163.32;1630;10089505729;S
20240410;233101;163.32;2500;10089505730;S
20240410;233101;163.32;10;10089505731;S
20240410;233101;163.3;10;10089505732;S
20240410;233101;163.3;100;10089505733;S
20240410;233101;163.3;670;10089505734;S
20240410;233101;163.3;1000;10089505737;S
20240410;233102;163.34;10;10089505746;B
20240410;233102;163.34;600;10089505751;B
20240410;233103;163.34;10;10089505756;B
20240410;233104;163.3;600;10089505769;S
20240410;233120;163.36;30;10089506092;B
20240410;233133;163.36;30;10089506374;B
20240410;233142;163.36;10;10089506581;B
20240410;233143;163.36;440;10089506597;B
20240410;233151;163.36;1020;10089506823;B
20240410;233151;163.36;690;10089506824;B
20240410;233152;163.34;10;10089506865;B
20240410;233159;163.3;230;10089507025;S
20240410;233159;163.3;80;10089507026;S
20240410;233159;163.3;1190;10089507027;S
20240410;233204;163.34;1270;10089507083;B
20240410;233208;163.34;10;10089507166;B
20240410;233208;163.34;10;10089507168;B
20240410;233209;163.34;20;10089507182;B
20240410;233212;163.34;1490;10089507224;B
20240410;233212;163.36;180;10089507225;B
20240410;233212;163.36;360;10089507226;B
20240410;233212;163.36;10;10089507227;B
20240410;233212;163.36;10;10089507230;B
20240410;233216;163.36;10;10089507262;B
20240410;233217;163.3;30;10089507312;S
20240410;233218;163.36;10;10089507335;B
20240410;233219;163.36;640;10089507344;B
20240410;233223;163.36;10;10089507406;B
20240410;233238;163.32;10;10089507611;S
20240410;233310;163.36;30;10089508156;B
20240410;233316;163.36;50;10089508242;B
20240410;233316;163.38;100;10089508243;B
20240410;233316;163.38;450;10089508244;B
20240410;233322;163.38;10;10089508308;B
20240410;233323;163.38;260;10089508309;B
20240410;233326;163.38;10;10089508363;B
20240410;233331;163.38;100;10089508424;B
20240410;233336;163.38;10;10089508526;B
20240410;233350;163.36;100;10089508821;B
20240410;233350;163.38;150;10089508822;B
20240410;233403;163.34;50;10089509028;S
20240410;233403;163.32;990;10089509029;S
20240410;233403;163.32;60;10089509030;S
20240410;233403;163.32;400;10089509031;S
20240410;233409;163.36;30;10089509160;B
20240410;233411;163.36;20;10089509215;B
20240410;233411;163.36;40;10089509216;B
20240410;233423;163.36;560;10089509375;B
20240410;233425;163.36;30;10089509418;B
20240410;233425;163.38;20;10089509419;B
20240410;233426;163.38;630;10089509439;B
20240410;233433;163.32;200;10089509526;S
20240410;233440;163.38;20;10089509607;B
20240410;233451;163.32;10;10089509880;S
20240410;233453;163.38;10;10089509924;B
20240410;233459;163.38;70;10089509983;B
20240410;233503;163.38;100;10089510044;B
20240410;233508;163.32;10;10089510150;S
20240410;233516;163.38;100;10089510297;B
20240410;233530;163.38;30;10089510493;B
20240410;233533;163.32;10;10089510560;S
20240410;233539;163.32;20;10089510655;S
20240410;233557;163.38;20;10089511133;B
20240410;233611;163.38;50;10089511485;B
20240410;233640;163.36;100;10089512049;S
20240410;233655;163.38;10;10089512266;B
20240410;233659;163.38;20;10089512318;B
20240410;233711;163.38;10;10089512566;B
20240410;233717;163.38;20;10089512860;B
20240410;233724;163.38;20;10089512966;B
20240410;233724;163.38;10;10089512967;B
20240410;233724;163.38;50;10089512968;B
20240410;233724;163.38;3370;10089512969;B
20240410;233724;163.4;1000;10089512970;B
20240410;233724;163.4;10;10089512971;B
20240410;233724;163.4;100;10089512972;B
20240410;233724;163.4;10;10089512973;B
20240410;233724;163.4;11000;10089512974;B
20240410;233724;163.42;100;10089512975;B
20240410;233724;163.42;1530;10089512976;B
20240410;233724;163.44;540;10089512977;B
20240410;233724;163.44;100;10089512978;B
20240410;233724;163.44;690;10089512979;B
20240410;233734;163.46;100;10089513213;B
20240410;233734;163.46;10;10089513214;B
20240410;233735;163.4;50;10089513221;S
20240410;233735;163.36;10;10089513222;S
20240410;233735;163.46;1530;10089513228;B
20240410;233735;163.46;470;10089513229;B
20240410;233743;163.46;100;10089513395;B
20240410;233746;163.36;30;10089513463;S
20240410;233759;163.36;300;10089513775;S
20240410;233759;163.36;430;10089513776;S
20240410;233759;163.34;370;10089513777;S
20240410;233803;163.46;20;10089513902;B
20240410;233810;163.46;100;10089514079;B
20240410;233812;163.46;10;10089514100;B
20240410;233823;163.46;10;10089514238;B
20240410;233843;163.44;50;10089514596;B
20240410;233843;163.44;40;10089514597;B
20240410;233858;163.44;10;10089514895;B
20240410;233906;163.44;10;10089515052;B
20240410;233924;163.44;40;10089515469;B
20240410;233924;163.44;50;10089515470;B
20240410;233924;163.44;50;10089515471;B
20240410;233925;163.46;2000;10089515523;B
20240410;233929;163.46;440;10089515590;B
20240410;233929;163.46;1530;10089515591;B
20240410;233929;163.48;350;10089515592;B
20240410;233929;163.48;5000;10089515593;B
20240410;233929;163.5;200;10089515594;B
20240410;233929;163.5;50;10089515595;B
20240410;233929;163.5;120;10089515596;B
20240410;233929;163.5;20;10089515597;B
20240410;233929;163.5;1610;10089515598;B
20240410;233929;163.52;60;10089515599;B
20240410;233929;163.52;5000;10089515600;B
20240410;233929;163.52;3060;10089515601;B
20240410;233929;163.52;10;10089515602;B
20240410;233929;163.52;1000;10089515603;B
20240410;233929;163.52;200;10089515604;B
20240410;233929;163.52;200;10089515605;B
20240410;233929;163.54;250;10089515606;B
20240410;233929;163.54;10000;10089515607;B
20240410;233929;163.56;400;10089515608;B
20240410;233929;163.58;10;10089515609;B
20240410;233929;163.58;10;10089515610;B
20240410;233929;163.58;10;10089515611;B
20240410;233929;163.58;250;10089515612;B
20240410;233929;163.58;6500;10089515613;B
20240410;233929;163.58;100;10089515614;B
20240410;233929;163.6;850;10089515615;B
20240410;233929;163.6;120;10089515616;B
20240410;233929;163.6;2000;10089515617;B
20240410;233929;163.6;650;10089515618;B
20240410;233930;163.58;120;10089515629;B
20240410;233937;163.56;250;10089515718;B
20240410;233941;163.56;50;10089515810;B
20240410;233945;163.5;970;10089515905;S
20240410;233945;163.48;1000;10089515906;S
20240410;233946;163.48;10;10089515915;B
20240410;233954;163.48;10;10089516012;B
20240410;233955;163.46;50;10089516043;S
20240410;233955;163.46;470;10089516044;S
20240410;234024;163.48;3010;10089516699;B
20240410;234029;163.5;10;10089516809;S
20240410;234054;163.56;20;10089517363;B
20240410;234057;163.5;100;10089517427;S
20240410;234106;163.56;30;10089517676;B
20240410;234106;163.56;10;10089517677;B
20240410;234122;163.5;10;10089517949;S
20240410;234129;163.56;10;10089518049;B
20240410;234134;163.56;30;10089518106;B
20240410;234135;163.56;10;10089518114;B
20240410;234143;163.56;10;10089518227;B
20240410;234148;163.56;10;10089518305;B
20240410;234151;163.56;10;10089518330;B
20240410;234151;163.56;30;10089518331;B
20240410;234155;163.56;100;10089518368;B
20240410;234205;163.52;40;10089518518;S
20240410;234207;163.56;90;10089518541;B
20240410;234207;163.56;410;10089518542;B
20240410;234219;163.56;10;10089518695;B
20240410;234221;163.56;580;10089518722;B
20240410;234221;163.56;100;10089518723;B
20240410;234221;163.58;1530;10089518724;B
20240410;234221;163.58;510;10089518725;B
20240410;234221;163.6;350;10089518726;B
20240410;234221;163.6;240;10089518727;B
20240410;234221;163.6;11680;10089518728;B
20240410;234221;163.6;2010;10089518729;B
20240410;234222;163.58;1530;10089518740;B
20240410;234227;163.58;20;10089518789;S
20240410;234236;163.6;500;10089518877;B
20240410;234241;163.6;610;10089518916;B
20240410;234241;163.58;50;10089518917;S
20240410;234247;163.6;100;10089518997;B
20240410;234249;163.6;10;10089519045;B
20240410;234254;163.6;10;10089519114;B
20240410;234301;163.58;10;10089519186;S
20240410;234304;163.6;200;10089519251;B
20240410;234310;163.6;10;10089519356;B
20240410;234313;163.58;1330;10089519403;S
20240410;234323;163.6;90;10089519638;B
20240410;234329;163.58;10;10089519719;S
20240410;234332;163.58;190;10089519748;S
20240410;234332;163.58;100;10089519749;S
20240410;234332;163.58;100;10089519750;S
20240410;234332;163.58;10;10089519775;B
20240410;234340;163.58;250;10089519879;B
20240410;234343;163.56;200;10089519894;S
20240410;234347;163.58;100;10089519936;B
20240410;234408;163.58;10;10089520214;B
20240410;234420;163.56;10;10089520427;S
20240410;234422;163.58;1170;10089520488;B
20240410;234422;163.58;830;10089520489;B
20240410;234423;163.56;10;10089520497;S
20240410;234425;163.56;10;10089520512;S
20240410;234426;163.56;10;10089520522;S
20240410;234433;163.56;60;10089520583;S
20240410;234433;163.56;10;10089520584;S
20240410;234433;163.56;10;10089520585;S
20240410;234434;163.52;50;10089520617;S
20240410;234434;163.52;50;10089520618;S
20240410;234434;163.52;200;10089520619;S
20240410;234435;163.56;20;10089520627;B
20240410;234453;163.52;10;10089520878;S
20240410;234453;163.52;300;10089520879;S
20240410;234453;163.52;30;10089520880;S
20240410;234453;163.5;10;10089520881;S
20240410;234453;163.5;300;10089520882;S
20240410;234453;163.5;5350;10089520883;S
20240410;234458;163.52;10;10089520938;B
20240410;234501;163.5;200;10089520972;S
20240410;234515;163.5;200;10089521193;S
20240410;234518;163.54;10;10089521248;B
20240410;234520;163.54;10;10089521271;B
20240410;234522;163.54;10;10089521280;B
20240410;234523;163.52;150;10089521312;S
20240410;234524;163.52;500;10089521322;S
20240410;234525;163.52;10;10089521329;S
20240410;234534;163.52;70;10089521450;S
20240410;234540;163.52;490;10089521533;S
20240410;234540;163.5;1050;10089521534;S
20240410;234540;163.5;10;10089521535;S
20240410;234545;163.48;10;10089521605;B
20240410;234546;163.46;30;10089521608;S
20240410;234549;163.48;10;10089521638;B
20240410;234549;163.46;20;10089521666;S
20240410;234549;163.44;10;10089521667;S
20240410;234549;163.42;10;10089521668;S
20240410;234549;163.42;360;10089521669;S
20240410;234550;163.48;20;10089521687;B
20240410;234551;163.42;10;10089521698;S
20240410;234558;163.48;150;10089521798;B
20240410;234559;163.48;10;10089521818;B
20240410;234602;163.42;130;10089521854;S
20240410;234602;163.42;20;10089521855;S
20240410;234607;163.42;40;10089521933;B
20240410;234609;163.38;260;10089521951;S
20240410;234617;163.38;80;10089522098;S
20240410;234625;163.4;10;10089522216;B
20240410;234627;163.4;90;10089522231;B
20240410;234627;163.42;530;10089522232;B
20240410;234629;163.42;200;10089522263;B
20240410;234637;163.42;150;10089522378;B
20240410;234643;163.42;30;10089522439;B
20240410;234647;163.4;10;10089522479;S
20240410;234649;163.42;10;10089522498;B
20240410;234656;163.42;10;10089522551;B
20240410;234701;163.42;10;10089522622;B
20240410;234701;163.42;200;10089522630;B
20240410;234708;163.42;30;10089522771;B
20240410;234710;163.4;70;10089522788;S
20240410;234720;163.42;10;10089522986;B
20240410;234732;163.4;30;10089523306;S
20240410;234732;163.38;970;10089523307;S
20240410;234755;163.42;100;10089523659;B
20240410;234811;163.42;30;10089524062;B
20240410;234812;163.42;200;10089524078;B
20240410;234818;163.42;60;10089524192;B
20240410;234825;163.42;20;10089524294;B
20240410;234827;163.38;690;10089524335;S
20240410;234827;163.38;1000;10089524336;S
20240410;234827;163.38;7650;10089524337;S
20240410;234840;163.4;10;10089524657;B
20240410;234843;163.4;490;10089524708;B
20240410;234843;163.42;320;10089524709;B
20240410;234843;163.46;510;10089524710;B
20240410;234843;163.46;1530;10089524711;B
20240410;234843;163.48;1290;10089524712;B
20240410;234843;163.5;2070;10089524713;B
20240410;234844;163.38;20;10089524751;S
20240410;234844;163.38;10;10089524752;S
20240410;234849;163.38;100;10089524885;B
20240410;234902;163.38;400;10089525065;B
20240410;234907;163.42;100;10089525243;B
20240410;234914;163.42;30;10089525425;B
20240410;234918;163.38;200;10089525512;S
20240410;234920;163.4;50;10089525546;B
20240410;234920;163.42;70;10089525547;B
20240410;234920;163.42;650;10089525548;B
20240410;234920;163.44;560;10089525549;B
20240410;234920;163.44;560;10089525550;B
20240410;234920;163.46;650;10089525551;B
20240410;234920;163.48;3460;10089525552;B
20240410;234922;163.38;260;10089525656;S
20240410;234923;163.5;10;10089525670;B
20240410;234923;163.38;140;10089525687;S
20240410;234923;163.36;410;10089525688;S
20240410;234925;163.36;320;10089525715;S
20240410;234938;163.48;20;10089526155;B
20240410;234939;163.42;10;10089526186;S
20240410;234939;163.42;30;10089526187;S
20240410;234939;163.38;1460;10089526188;S
20240410;234939;163.36;270;10089526189;S
20240410;234939;163.36;2000;10089526190;S
20240410;234939;163.34;3000;10089526191;S
20240410;234939;163.34;5000;10089526192;S
20240410;234939;163.32;10;10089526193;S
20240410;234939;163.3;3780;10089526194;S
20240410;234939;163.3;40;10089526195;S
20240410;234939;163.3;6020;10089526196;S
20240410;234939;163.3;80;10089526197;S
20240410;234939;163.3;10;10089526198;S
20240410;234939;163.3;50;10089526199;S
20240410;234939;163.3;10;10089526200;S
20240410;234939;163.3;2000;10089526201;S
20240410;234939;163.3;10;10089526202;S
20240410;234939;163.3;100;10089526203;S
20240410;234939;163.3;10000;10089526204;S
20240410;234940;163.3;10;10089526236;B
20240410;234942;163.3;10;10089526290;B
20240410;234944;163.3;200;10089526366;B
20240410;234953;163.3;500;10089526641;B
20240410;234955;163.3;210;10089526675;B
20240410;234957;163.3;10;10089526760;B
