<DATE>;<TIME>;<LAST>;<VOL>;<ID>;<OPER>
20241023;095954;3.815;2700;11328176489;S
20241023;095954;3.815;100;11328176490;S
20241023;095954;3.815;600;11328176491;S
20241023;095954;3.815;100;11328176492;S
20241023;095954;3.815;300;11328176493;S
20241023;095954;3.815;100;11328176494;S
20241023;095954;3.815;100;11328176495;B
20241023;095954;3.815;100;11328176496;B
20241023;095954;3.815;100;11328176497;B
20241023;095954;3.815;300;11328176498;B
20241023;095954;3.815;21700;11328176499;S
20241023;095954;3.815;900;11328176500;S
20241023;095954;3.815;100;11328176501;S
20241023;095954;3.815;22800;11328176502;S
20241023;095954;3.815;100;11328176503;S
20241023;095954;3.815;2100;11328176504;S
20241023;095954;3.815;100;11328176505;S
20241023;095954;3.815;300;11328176506;B
20241023;095954;3.815;200;11328176507;S
20241023;095954;3.815;2500;11328176508;S
20241023;095954;3.815;100;11328176509;S
20241023;095954;3.815;100;11328176510;S
20241023;095954;3.815;300;11328176511;S
20241023;095954;3.815;100;11328176512;B
20241023;095954;3.815;600;11328176513;S
20241023;095954;3.815;200;11328176514;S
20241023;100004;3.8115;100;11328180481;B
20241023;100004;3.8115;100;11328180483;B
20241023;100004;3.8115;100;11328180486;B
20241023;100004;3.8115;100;11328181628;B
20241023;100004;3.809;100;11328181729;S
20241023;100004;3.8095;2000;11328181944;B
20241023;100004;3.8095;7300;11328181953;B
20241023;100005;3.809;1300;11328182807;S
20241023;100005;3.809;200;11328182896;S
20241023;100005;3.809;600;11328182897;S
20241023;100005;3.809;100;11328182898;S
20241023;100005;3.809;100;11328182899;S
20241023;100005;3.809;300;11328182900;S
20241023;100005;3.809;300;11328182901;S
20241023;100005;3.809;300;11328182902;S
20241023;100005;3.809;900;11328182903;S
20241023;100005;3.8085;500;11328183007;S
20241023;100005;3.808;4000;11328183008;S
20241023;100005;3.807;200;11328183009;S
20241023;100005;3.807;100;11328183010;S
20241023;100005;3.807;2600;11328183011;S
20241023;100005;3.807;200;11328183012;S
20241023;100005;3.805;4000;11328183013;S
20241023;100005;3.8045;25300;11328183014;S
20241023;100005;3.8045;100;11328183016;S
20241023;100005;3.8095;100;11328183022;B
20241023;100005;3.8095;100;11328183024;B
20241023;100006;3.804;200;11328183802;S
20241023;100006;3.804;300;11328184100;S
20241023;100006;3.803;2000;11328184101;S
20241023;100006;3.8025;600;11328184102;S
20241023;100006;3.8025;400;11328184497;S
20241023;100008;3.8025;10400;11328185537;S
20241023;100010;3.8025;100;11328185885;S
20241023;100010;3.8025;900;11328185922;S
20241023;100010;3.807;2300;11328185927;B
20241023;100010;3.807;100;11328185975;B
20241023;100010;3.8025;12500;11328185992;S
20241023;100010;3.8025;4000;11328186057;S
20241023;100010;3.8025;10400;11328186126;S
20241023;100013;3.8025;12500;11328186665;S
20241023;100013;3.8025;900;11328186689;S
20241023;100013;3.802;10700;11328186690;S
20241023;100016;3.8095;10000;11328187078;B
20241023;100025;3.802;1400;11328189157;S
20241023;100027;3.802;40600;11328189658;S
20241023;100027;3.802;20000;11328189659;S
20241023;100027;3.8015;32100;11328189685;S
20241023;100027;3.801;32300;11328189707;B
20241023;100028;3.803;400;11328189977;B
20241023;100031;3.801;300;11328191275;S
20241023;100042;3.8015;4000;11328194034;B
20241023;100044;3.801;600;11328194538;S
20241023;100047;3.8015;600;11328195561;B
20241023;100048;3.8015;300;11328195691;B
20241023;100051;3.801;30000;11328196322;S
20241023;100051;3.801;20000;11328196323;B
20241023;100051;3.801;12300;11328196420;S
20241023;100051;3.801;32300;11328196421;B
20241023;100051;3.801;12700;11328196422;B
20241023;100052;3.8015;7900;11328196552;B
20241023;100053;3.801;200;11328196786;S
20241023;100056;3.8;2000;11328197475;S
20241023;100056;3.8;1000;11328197476;S
20241023;100056;3.8;7100;11328197477;S
20241023;100109;3.8015;300;11328200629;B
20241023;100113;3.8005;10000;11328201181;S
20241023;100119;3.8015;4200;11328202073;B
20241023;100121;3.801;800;11328202484;S
20241023;100121;3.8005;1700;11328202485;S
20241023;100122;3.8015;14800;11328202653;B
20241023;100127;3.8005;5100;11328203408;S
20241023;100128;3.8015;28000;11328203663;B
20241023;100128;3.8015;200;11328203664;B
20241023;100131;3.801;3300;11328204169;S
20241023;100138;3.802;3300;11328205202;S
20241023;100143;3.8035;1000;11328206349;B
20241023;100145;3.802;10500;11328206688;S
20241023;100146;3.8035;300;11328206842;B
20241023;100146;3.8035;1900;11328206929;B
20241023;100146;3.8035;1900;11328206999;B
20241023;100147;3.8035;1900;11328207129;B
20241023;100149;3.802;12900;11328207657;S
20241023;100154;3.8015;3000;11328208722;S
20241023;100156;3.802;300;11328209062;B
20241023;100205;3.8015;100;11328210636;S
20241023;100206;3.8015;2900;11328210940;S
20241023;100206;3.801;1700;11328210941;S
20241023;100210;3.8015;900;11328211826;S
20241023;100212;3.802;100;11328212236;B
20241023;100234;3.801;100;11328216340;S
20241023;100234;3.8005;9600;11328216341;S
20241023;100234;3.802;100;11328216386;B
20241023;100242;3.801;100;11328217671;S
20241023;100242;3.801;100;11328217672;S
20241023;100249;3.802;6400;11328218685;B
20241023;100249;3.802;16900;11328218732;B
20241023;100249;3.802;4300;11328218809;B
20241023;100249;3.802;2700;11328218865;B
20241023;100249;3.802;100;11328218866;B
20241023;100251;3.802;200;11328219205;B
20241023;100256;3.8025;3100;11328220201;B
20241023;100257;3.8025;5300;11328220291;B
20241023;100259;3.8025;100;11328220578;B
20241023;100301;3.802;100;11328220928;S
20241023;100320;3.8025;1000;11328224378;B
20241023;100337;3.8025;500;11328227715;B
20241023;100340;3.802;10000;11328228070;S
20241023;100344;3.802;4000;11328228588;S
20241023;100422;3.8025;11700;11328234299;B
20241023;100423;3.803;13500;11328234471;B
20241023;100423;3.8035;9100;11328234553;B
20241023;100424;3.8035;200;11328234608;B
20241023;100425;3.8035;200;11328234808;B
20241023;100449;3.8035;100;11328238608;B
20241023;100453;3.8035;200;11328239191;B
20241023;100456;3.8025;300;11328239704;S
20241023;100502;3.8025;100;11328240733;S
20241023;100505;3.8025;100;11328241228;S
20241023;100510;3.8025;1000;11328242127;S
20241023;100518;3.803;4600;11328243601;B
20241023;100518;3.803;12400;11328243602;B
20241023;100518;3.8035;15400;11328243603;B
20241023;100518;3.8035;21700;11328243604;B
20241023;100518;3.8035;4600;11328243605;B
20241023;100518;3.804;41300;11328243606;B
20241023;100521;3.8035;300;11328244177;B
20241023;100528;3.8035;10000;11328245605;S
20241023;100528;3.8035;12400;11328245606;S
20241023;100528;3.8035;4800;11328245607;S
20241023;100528;3.8035;8000;11328245608;S
20241023;100540;3.8035;100;11328247915;B
20241023;100550;3.803;100;11328250345;S
20241023;100550;3.803;100;11328250389;S
20241023;100550;3.803;1000;11328250402;B
20241023;100553;3.803;8000;11328251336;B
20241023;100557;3.803;1200;11328252046;B
20241023;100558;3.8025;1500;11328252285;S
20241023;100600;3.803;100;11328252618;B
20241023;100605;3.8025;30300;11328253723;S
20241023;100609;3.803;100;11328254713;B
20241023;100610;3.8025;10000;11328255094;S
20241023;100612;3.8025;3600;11328255662;S
20241023;100617;3.8025;10000;11328256823;S
20241023;100618;3.803;2000;11328257118;B
20241023;100621;3.803;100;11328258001;B
20241023;100625;3.803;100;11328259135;B
20241023;100632;3.803;1300;11328260896;B
20241023;100633;3.803;1300;11328261132;B
20241023;100634;3.803;1400;11328261329;B
20241023;100634;3.803;600;11328261412;B
20241023;100634;3.803;1100;11328261440;B
20241023;100638;3.803;100;11328262407;B
20241023;100638;3.803;500;11328262487;B
20241023;100642;3.803;29400;11328263143;B
20241023;100642;3.8035;4600;11328263144;B
20241023;100642;3.803;4200;11328263301;B
20241023;100646;3.803;1100;11328263897;B
20241023;100650;3.803;400;11328264507;B
20241023;100656;3.803;1100;11328265309;B
20241023;100656;3.803;9500;11328265353;B
20241023;100712;3.803;800;11328268152;B
20241023;100728;3.8025;3000;11328271963;S
20241023;100732;3.803;300;11328272609;B
20241023;100732;3.803;100;11328272777;B
20241023;100732;3.803;7100;11328272828;B
20241023;100732;3.803;100;11328272869;B
20241023;100734;3.8025;40000;11328273262;S
20241023;100745;3.8025;1600;11328275561;S
20241023;100745;3.8025;100;11328275562;S
20241023;100745;3.8025;700;11328275563;S
20241023;100745;3.802;100;11328275564;S
20241023;100745;3.802;100;11328275565;S
20241023;100745;3.8005;900;11328275566;S
20241023;100745;3.8005;100;11328275594;B
20241023;100746;3.8;100;11328275710;S
20241023;100746;3.8;1000;11328275711;S
20241023;100746;3.8;2000;11328275712;S
20241023;100746;3.8;300;11328275713;S
20241023;100746;3.8;100;11328275714;S
20241023;100746;3.8;300;11328275715;S
20241023;100746;3.7985;100;11328275716;S
20241023;100746;3.7985;200;11328275717;S
20241023;100746;3.7985;800;11328275718;B
20241023;100746;3.7975;4000;11328275722;S
20241023;100753;3.799;400;11328277150;B
20241023;100753;3.799;4900;11328277151;B
20241023;100758;3.798;100;11328278027;S
20241023;100813;3.8005;100;11328281265;B
20241023;100819;3.798;40000;11328282249;S
20241023;100819;3.798;20000;11328282250;S
20241023;100819;3.798;2000;11328282251;S
20241023;100819;3.798;700;11328282252;S
20241023;100819;3.798;7300;11328282253;S
20241023;100840;3.7995;500;11328286018;B
20241023;100842;3.7985;700;11328286377;S
20241023;100842;3.798;600;11328286378;S
20241023;100842;3.7975;1000;11328286379;S
20241023;100842;3.797;1600;11328286380;S
20241023;100842;3.797;1700;11328286381;S
20241023;100842;3.797;100;11328286382;S
20241023;100842;3.797;5300;11328286383;S
20241023;100842;3.7965;19000;11328286384;S
20241023;100842;3.7965;5300;11328286385;S
20241023;100842;3.796;500;11328286386;S
20241023;100842;3.796;100;11328286387;S
20241023;100842;3.796;100;11328286388;S
20241023;100842;3.796;100;11328286389;S
20241023;100842;3.796;12400;11328286390;S
20241023;100842;3.7955;1000;11328286391;S
20241023;100842;3.7955;20500;11328286392;S
20241023;100846;3.797;100;11328287118;B
20241023;100848;3.797;200;11328287748;B
20241023;100852;3.797;100;11328288252;B
20241023;100852;3.797;100;11328288285;B
20241023;100855;3.797;100;11328288880;B
20241023;100856;3.797;400;11328288932;B
20241023;100910;3.796;600;11328292290;S
20241023;100910;3.796;100;11328292291;S
20241023;100911;3.7955;15000;11328292512;S
20241023;100913;3.796;1600;11328293177;B
20241023;100913;3.796;400;11328293178;B
20241023;100916;3.796;200;11328294872;B
20241023;100916;3.797;1900;11328294873;B
20241023;100916;3.797;300;11328294874;B
20241023;100917;3.798;200;11328295124;B
20241023;100923;3.798;800;11328296193;B
20241023;100923;3.798;100;11328296425;B
20241023;100924;3.7975;100;11328296558;S
20241023;100924;3.7975;100;11328296559;B
20241023;100932;3.797;5300;11328298409;B
20241023;100934;3.797;1000;11328298890;B
20241023;100935;3.7975;1100;11328299306;B
20241023;100937;3.7975;5300;11328299730;B
20241023;100942;3.797;400;11328300702;B
20241023;100954;3.7995;2700;11328303614;B
20241023;100954;3.7995;200;11328303615;B
20241023;100956;3.7995;2300;11328304156;S
20241023;101002;3.7995;100;11328305713;S
20241023;101002;3.7995;2900;11328305714;S
20241023;101004;3.798;100;11328306062;B
20241023;101004;3.7975;2300;11328306065;S
20241023;101004;3.798;800;11328306071;B
20241023;101005;3.7985;3300;11328306361;B
20241023;101010;3.798;2400;11328308408;B
20241023;101018;3.799;3800;11328310005;B
20241023;101023;3.797;500;11328310953;S
20241023;101023;3.796;500;11328310954;S
20241023;101023;3.796;1000;11328310955;S
20241023;101023;3.7955;2000;11328310956;S
20241023;101023;3.7955;4700;11328310957;S
20241023;101023;3.795;3200;11328310958;S
20241023;101030;3.7965;500;11328311942;B
20241023;101040;3.7955;200;11328313813;S
20241023;101042;3.7955;100;11328314068;S
20241023;101042;3.795;1800;11328314069;S
20241023;101042;3.795;100;11328314070;S
20241023;101042;3.795;100;11328314071;S
20241023;101042;3.795;500;11328314072;S
20241023;101042;3.794;100;11328314073;S
20241023;101042;3.794;3300;11328314074;S
20241023;101042;3.7935;2300;11328314075;S
20241023;101044;3.7955;800;11328314614;B
20241023;101047;3.7935;100;11328315079;S
20241023;101047;3.7925;17900;11328315080;S
20241023;101050;3.7955;200;11328315791;B
20241023;101053;3.7925;400;11328316221;S
20241023;101053;3.7925;100;11328316222;S
20241023;101053;3.792;100;11328316223;S
20241023;101053;3.792;300;11328316224;S
20241023;101053;3.792;40300;11328316225;S
20241023;101053;3.7915;200;11328316226;S
20241023;101053;3.7915;12400;11328316227;S
20241023;101053;3.7915;36800;11328316228;S
20241023;101053;3.791;9400;11328316229;S
20241023;101053;3.7915;3000;11328316288;S
20241023;101054;3.7945;2000;11328316538;B
20241023;101054;3.7945;11800;11328316539;B
20241023;101059;3.7965;100;11328317754;B
20241023;101100;3.795;10000;11328317882;S
20241023;101107;3.7985;12400;11328319318;B
20241023;101107;3.7985;2000;11328319319;B
20241023;101107;3.799;1200;11328319320;B
20241023;101108;3.7965;100;11328319434;S
20241023;101116;3.7965;400;11328320717;S
20241023;101116;3.7965;2600;11328320718;S
20241023;101119;3.7995;2000;11328321061;B
20241023;101119;3.7995;100;11328321062;B
20241023;101120;3.7965;300;11328321221;S
20241023;101120;3.796;100;11328321222;S
20241023;101125;3.7955;100;11328322155;S
20241023;101125;3.7955;100;11328322156;S
20241023;101141;3.796;100;11328324622;B
20241023;101142;3.796;800;11328324681;B
20241023;101146;3.7955;400;11328325426;S
20241023;101149;3.796;1000;11328325868;B
20241023;101151;3.796;300;11328326108;B
20241023;101206;3.7955;300;11328328399;S
20241023;101207;3.7955;300;11328328569;S
20241023;101207;3.7955;100;11328328570;S
20241023;101207;3.795;800;11328328571;S
20241023;101207;3.795;1800;11328328572;S
20241023;101214;3.796;300;11328329465;B
20241023;101220;3.796;200;11328330204;B
20241023;101220;3.796;100;11328330311;B
20241023;101221;3.796;200;11328330376;B
20241023;101236;3.796;2700;11328332203;B
20241023;101236;3.796;2000;11328332213;B
20241023;101240;3.796;100;11328332633;B
20241023;101246;3.796;100;11328333601;B
20241023;101249;3.7955;500;11328333972;S
20241023;101250;3.7955;100;11328334210;S
20241023;101254;3.796;100;11328334690;B
20241023;101259;3.796;100;11328335151;B
20241023;101304;3.796;7000;11328335957;B
20241023;101313;3.7955;100;11328337179;S
20241023;101313;3.796;200;11328337210;B
20241023;101314;3.7955;170300;11328337334;S
20241023;101314;3.7955;20000;11328337335;S
20241023;101314;3.7955;100;11328337336;S
20241023;101314;3.7955;30000;11328337337;S
20241023;101314;3.7955;100;11328337338;S
20241023;101314;3.7955;390000;11328337339;S
20241023;101314;3.796;3000;11328337418;B
20241023;101324;3.796;100;11328338895;B
20241023;101326;3.796;100;11328339174;B
20241023;101327;3.796;500;11328339331;B
20241023;101327;3.796;9500;11328339332;B
20241023;101329;3.7955;400;11328339523;S
20241023;101350;3.796;100;11328342518;B
20241023;101352;3.7955;2000;11328342706;S
20241023;101354;3.796;600;11328342944;B
20241023;101400;3.7955;100;11328343578;S
20241023;101445;3.7955;100;11328349996;S
20241023;101454;3.796;11500;11328351391;B
20241023;101454;3.796;18600;11328351392;B
20241023;101456;3.7955;100;11328351725;S
20241023;101510;3.796;2000;11328354281;B
20241023;101510;3.796;1300;11328354283;B
20241023;101513;3.7955;300;11328355264;S
20241023;101513;3.7955;100;11328355339;S
20241023;101515;3.7955;100;11328355933;S
20241023;101515;3.7955;100;11328356127;S
20241023;101516;3.7955;800;11328356402;S
20241023;101516;3.796;100;11328356531;B
20241023;101517;3.7955;100;11328356836;S
20241023;101519;3.796;10500;11328357354;B
20241023;101519;3.796;100;11328357390;B
20241023;101519;3.7955;100;11328357561;S
20241023;101519;3.796;10000;11328357563;B
20241023;101520;3.7955;7100;11328357605;S
20241023;101520;3.796;400;11328357627;B
20241023;101520;3.796;200;11328357718;B
20241023;101522;3.796;1000;11328358336;B
20241023;101523;3.796;100;11328358552;B
20241023;101531;3.7955;100;11328360751;S
20241023;101533;3.796;8200;11328361232;B
20241023;101534;3.7955;500;11328361468;S
20241023;101539;3.796;100;11328362765;B
20241023;101539;3.796;100;11328362780;B
20241023;101540;3.796;100;11328363052;B
20241023;101542;3.796;100;11328363425;B
20241023;101543;3.7955;100;11328363588;S
20241023;101544;3.796;500;11328363780;B
20241023;101545;3.796;600;11328363986;B
20241023;101546;3.796;1000;11328364261;B
20241023;101547;3.796;200;11328364404;B
20241023;101547;3.796;100;11328364516;B
20241023;101547;3.796;100;11328364590;B
20241023;101549;3.796;100;11328364841;B
20241023;101549;3.796;300;11328365019;B
20241023;101555;3.7955;100;11328366297;S
20241023;101557;3.796;5000;11328366551;B
20241023;101558;3.796;100;11328366701;B
20241023;101600;3.7955;200;11328367097;S
20241023;101601;3.796;300;11328367249;B
20241023;101601;3.796;100;11328367288;B
20241023;101601;3.796;100;11328367323;B
20241023;101602;3.796;300;11328367435;B
20241023;101604;3.796;300;11328367712;B
20241023;101604;3.796;2300;11328367736;B
20241023;101606;3.796;1000;11328368066;B
20241023;101608;3.796;2500;11328368592;B
20241023;101609;3.796;100;11328368871;B
20241023;101610;3.796;600;11328369000;B
20241023;101610;3.796;400;11328369007;B
20241023;101610;3.796;500;11328369036;B
20241023;101613;3.796;1300;11328369531;B
20241023;101614;3.796;200;11328369685;B
20241023;101615;3.796;2400;11328369831;B
20241023;101619;3.796;800;11328370538;B
20241023;101620;3.796;100;11328370553;B
20241023;101620;3.796;800;11328370554;B
20241023;101631;3.796;56700;11328372310;B
20241023;101631;3.7965;300;11328372311;B
20241023;101631;3.7965;4200;11328372312;B
20241023;101631;3.797;4200;11328372313;B
20241023;101631;3.798;12400;11328372314;B
20241023;101631;3.7995;65700;11328372315;B
20241023;101631;3.7995;90000;11328372316;B
20241023;101631;3.7995;47400;11328372317;B
20241023;101631;3.7995;13500;11328372318;B
20241023;101631;3.8;3000;11328372319;B
20241023;101631;3.8;44700;11328372320;B
20241023;101631;3.7995;90000;11328372421;S
20241023;101631;3.7995;12400;11328372422;S
20241023;101631;3.7995;20000;11328372423;S
20241023;101631;3.7995;2000;11328372424;S
20241023;101631;3.799;6700;11328372425;S
20241023;101631;3.799;600;11328372426;S
20241023;101644;3.7985;100;11328374259;B
20241023;101644;3.7985;10000;11328374271;B
20241023;101648;3.7985;300;11328374793;B
20241023;101649;3.7985;2000;11328374894;B
20241023;101656;3.7985;200;11328375775;B
20241023;101707;3.7985;3000;11328377051;B
20241023;101746;3.7975;100;11328383336;B
20241023;101749;3.7975;600;11328383714;B
20241023;101753;3.7975;400;11328384292;B
20241023;101803;3.7975;100;11328386159;B
20241023;101804;3.7975;100;11328386307;B
20241023;101805;3.7975;200;11328386339;B
20241023;101814;3.797;200;11328387263;S
20241023;101814;3.797;100;11328387264;S
20241023;101814;3.796;100;11328387265;S
20241023;101814;3.796;2600;11328387266;S
20241023;101826;3.796;500;11328388553;S
20241023;101827;3.796;1900;11328388604;S
20241023;101831;3.7955;100;11328389066;S
20241023;101833;3.7955;100;11328389280;S
20241023;101839;3.796;5000;11328390032;B
20241023;101842;3.7955;1500;11328390473;S
20241023;101847;3.796;100;11328391243;B
20241023;101849;3.7955;1100;11328391460;S
20241023;101850;3.796;1100;11328391717;B
20241023;101859;3.796;100;11328393025;B
20241023;101859;3.796;100;11328393096;B
20241023;101905;3.7955;5100;11328393824;S
20241023;101914;3.7955;8700;11328395690;S
20241023;101916;3.796;1700;11328396194;B
20241023;101916;3.796;3300;11328396195;B
20241023;101916;3.796;200;11328396237;B
20241023;101917;3.796;100;11328396398;B
20241023;101923;3.7955;100;11328397454;S
20241023;101924;3.796;2700;11328397553;B
20241023;101927;3.7955;200;11328398107;S
20241023;101937;3.796;300;11328401317;B
20241023;101938;3.796;200;11328401613;B
20241023;101944;3.796;100;11328403125;B
20241023;101948;3.796;2000;11328403511;B
20241023;101953;3.796;4600;11328404335;B
20241023;101953;3.7955;100;11328404446;S
20241023;101954;3.796;100;11328404596;B
20241023;101959;3.796;100;11328405132;B
20241023;102002;3.7955;9600;11328405654;S
20241023;102002;3.7955;400;11328405655;S
20241023;102004;3.796;6900;11328405927;B
20241023;102008;3.7955;6000;11328406830;S
20241023;102014;3.796;500;11328408149;B
20241023;102020;3.796;9700;11328409660;B
20241023;102020;3.796;2000;11328409845;B
20241023;102030;3.7955;500;11328415110;S
20241023;102035;3.796;1500;11328417616;B
20241023;102036;3.796;1600;11328418207;B
20241023;102036;3.796;200;11328418363;B
20241023;102036;3.796;1900;11328418833;B
20241023;102037;3.796;1900;11328419751;B
20241023;102039;3.796;500;11328420626;B
20241023;102040;3.796;100;11328421262;B
20241023;102049;3.796;10600;11328427030;B
20241023;102050;3.7955;100;11328427570;S
20241023;102058;3.796;100;11328431657;B
20241023;102107;3.796;100;11328435188;B
20241023;102108;3.796;100;11328435929;B
20241023;102113;3.796;100;11328438591;B
20241023;102116;3.796;100;11328440045;B
20241023;102118;3.7955;300;11328440877;S
20241023;102118;3.7955;2700;11328441174;S
20241023;102121;3.7955;7900;11328442523;S
20241023;102122;3.7955;68000;11328443004;S
20241023;102128;3.796;1000;11328444836;B
20241023;102130;3.7955;1000;11328445119;S
20241023;102143;3.7955;10000;11328446924;S
20241023;102145;3.796;15100;11328447132;B
20241023;102149;3.796;15100;11328447695;B
20241023;102151;3.796;100;11328448244;B
20241023;102154;3.796;200;11328448683;B
20241023;102154;3.7955;10000;11328448684;S
20241023;102156;3.7955;500;11328449052;S
20241023;102202;3.796;100;11328450005;B
20241023;102202;3.796;5500;11328450083;B
20241023;102205;3.7955;200;11328450585;S
20241023;102206;3.7955;5000;11328450722;S
20241023;102206;3.7955;24800;11328450772;S
20241023;102206;3.7955;200;11328450773;S
20241023;102206;3.7955;100;11328450774;S
20241023;102206;3.7955;100;11328450775;S
20241023;102206;3.7955;100;11328450776;S
20241023;102206;3.7955;50000;11328450777;S
20241023;102206;3.7955;10000;11328450778;S
20241023;102206;3.7955;100;11328450779;S
20241023;102206;3.7955;100;11328450780;S
20241023;102209;3.7955;300;11328451371;S
20241023;102219;3.796;200;11328452918;B
20241023;102230;3.7955;50000;11328454360;S
20241023;102233;3.796;1300;11328454677;B
20241023;102234;3.796;7500;11328454807;B
20241023;102256;3.7955;100;11328457378;S
20241023;102308;3.796;100;11328459498;B
20241023;102313;3.7955;500;11328460269;S
20241023;102315;3.7955;100;11328460625;S
20241023;102327;3.7955;2100;11328462822;S
20241023;102335;3.796;200;11328464361;B
20241023;102336;3.796;100;11328464606;B
20241023;102349;3.7955;5400;11328466141;S
20241023;102412;3.7955;1000;11328468645;S
20241023;102434;3.7955;200;11328472009;S
20241023;102450;3.796;10500;11328474769;B
20241023;102452;3.796;3900;11328475122;B
20241023;102453;3.796;300;11328475226;B
20241023;102453;3.796;300;11328475341;B
20241023;102454;3.796;300;11328475456;B
20241023;102455;3.796;300;11328475682;B
20241023;102455;3.796;5500;11328475745;B
20241023;102455;3.796;12500;11328475767;B
20241023;102509;3.7955;1100;11328477751;S
20241023;102512;3.7955;144300;11328478330;S
20241023;102512;3.7955;50000;11328478331;S
20241023;102512;3.7955;10000;11328478332;S
20241023;102512;3.7955;100;11328478333;S
20241023;102512;3.7955;100;11328478334;S
20241023;102512;3.7955;200;11328478335;S
20241023;102512;3.7955;200;11328478336;S
20241023;102512;3.7955;100;11328478337;S
20241023;102512;3.7955;300;11328478338;S
20241023;102512;3.7955;12400;11328478339;S
20241023;102516;3.7955;200;11328478948;S
20241023;102524;3.796;100;11328480444;B
20241023;102535;3.7955;300;11328482052;S
20241023;102540;3.796;100;11328482760;B
20241023;102543;3.796;100;11328483115;B
20241023;102543;3.796;100;11328483302;B
20241023;102543;3.796;100;11328483303;B
20241023;102543;3.796;800;11328483304;B
20241023;102544;3.796;700;11328483329;B
20241023;102544;3.796;200;11328483377;B
20241023;102544;3.796;17500;11328483473;B
20241023;102544;3.796;61500;11328483474;B
20241023;102544;3.796;121000;11328483475;B
20241023;102544;3.796;10700;11328483476;B
20241023;102544;3.796;9100;11328483477;B
20241023;102545;3.796;800;11328483656;B
20241023;102554;3.796;5200;11328484897;B
20241023;102554;3.796;15900;11328484898;B
20241023;102615;3.796;200;11328487925;B
20241023;102615;3.796;10600;11328488021;B
20241023;102618;3.7955;200;11328488415;S
20241023;102628;3.796;100;11328489999;B
20241023;102628;3.796;900;11328490054;B
20241023;102630;3.796;7800;11328490409;B
20241023;102631;3.796;100;11328490615;B
20241023;102633;3.796;1800;11328490810;B
20241023;102636;3.796;100;11328491194;B
20241023;102638;3.796;500;11328491380;B
20241023;102647;3.7955;2500;11328492616;S
20241023;102655;3.796;6700;11328493510;B
20241023;102655;3.7955;100;11328493513;S
20241023;102700;3.796;1100;11328494060;B
20241023;102702;3.7955;200;11328494475;S
20241023;102706;3.7955;25000;11328495002;S
20241023;102706;3.7955;400;11328495019;S
20241023;102710;3.796;200;11328495522;B
20241023;102713;3.7955;100;11328495931;S
20241023;102714;3.7955;100;11328496061;S
20241023;102718;3.796;100;11328496637;B
20241023;102739;3.796;600;11328499782;B
20241023;102759;3.796;200;11328502556;B
20241023;102759;3.796;1300;11328502575;B
20241023;102800;3.796;3100;11328502817;B
20241023;102807;3.7955;12800;11328504041;S
20241023;102807;3.796;800;11328504098;B
20241023;102808;3.796;100;11328504192;B
20241023;102812;3.796;1000;11328504687;B
20241023;102821;3.7955;1300;11328505663;S
20241023;102821;3.7955;1300;11328505791;S
20241023;102824;3.7955;1300;11328506185;S
20241023;102828;3.7955;1700;11328506563;S
20241023;102828;3.7955;5900;11328506564;S
20241023;102834;3.7955;600;11328507377;S
20241023;102840;3.796;5200;11328508083;B
20241023;102846;3.7955;300;11328508934;S
20241023;102847;3.796;3200;11328509053;B
20241023;102850;3.796;100;11328509435;B
20241023;102858;3.796;10000;11328510346;B
20241023;102859;3.796;1500;11328510582;B
20241023;102902;3.796;1000;11328511156;B
20241023;102902;3.796;2000;11328511196;B
20241023;102904;3.796;4900;11328511650;B
20241023;102906;3.796;2000;11328511833;B
20241023;102906;3.796;300;11328511852;B
20241023;102918;3.796;100;11328513623;B
20241023;102924;3.796;600;11328514519;B
20241023;102927;3.7955;100;11328514757;S
20241023;102939;3.796;600;11328516012;B
20241023;102942;3.7955;500;11328516292;S
20241023;102950;3.7955;300;11328517120;S
20241023;102957;3.796;4000;11328517688;B
20241023;103002;3.796;100;11328518369;B
20241023;103006;3.796;100;11328519032;B
20241023;103013;3.796;100;11328520436;B
20241023;103024;3.796;200;11328521828;B
20241023;103033;3.796;500;11328522924;B
20241023;103035;3.7955;100;11328523191;S
20241023;103038;3.796;100;11328523447;B
20241023;103046;3.796;100;11328524338;B
20241023;103047;3.7955;100;11328524406;S
20241023;103047;3.796;500;11328524408;B
20241023;103047;3.7955;100;11328524452;S
20241023;103057;3.7955;100;11328525829;S
20241023;103057;3.796;300;11328525835;B
20241023;103110;3.796;100;11328527362;B
20241023;103119;3.796;100;11328528124;B
20241023;103121;3.796;18100;11328528389;B
20241023;103125;3.796;7600;11328528732;B
20241023;103130;3.796;100;11328529246;B
20241023;103130;3.796;15000;11328529343;B
20241023;103130;3.796;85000;11328529344;B
20241023;103132;3.796;100;11328529513;B
20241023;103134;3.796;100;11328529760;B
20241023;103137;3.796;90000;11328530070;B
20241023;103145;3.796;200;11328531721;B
20241023;103146;3.7955;25000;11328531844;S
20241023;103146;3.7955;16900;11328531948;S
20241023;103146;3.7955;3200;11328531949;S
20241023;103146;3.7955;700;11328531950;S
20241023;103146;3.7955;4200;11328531951;S
20241023;103147;3.796;200;11328532014;B
20241023;103148;3.7955;26300;11328532110;S
20241023;103150;3.7955;13000;11328532334;S
20241023;103209;3.7955;100;11328534678;S
20241023;103209;3.796;100;11328534695;B
20241023;103213;3.796;500;11328535172;B
20241023;103215;3.796;100;11328535310;B
20241023;103232;3.796;700;11328536493;B
20241023;103240;3.7955;1000;11328537113;S
20241023;103240;3.7955;9600;11328537117;S
20241023;103245;3.7955;1300;11328537503;S
20241023;103247;3.796;900;11328537798;B
20241023;103259;3.796;100;11328539426;B
20241023;103304;3.7955;1200;11328540097;S
20241023;103308;3.7955;46800;11328540975;S
20241023;103308;3.7955;100;11328541131;S
20241023;103308;3.796;500;11328541180;B
20241023;103317;3.796;50000;11328542757;B
20241023;103322;3.7955;100;11328543464;S
20241023;103328;3.7955;1500;11328544386;S
20241023;103342;3.7955;700;11328546200;S
20241023;103346;3.796;100;11328546587;B
20241023;103353;3.796;200;11328547292;B
20241023;103403;3.796;100;11328549339;B
20241023;103413;3.796;3300;11328550628;B
20241023;103413;3.7955;200;11328550674;S
20241023;103424;3.7955;500;11328552177;S
20241023;103429;3.7955;2700;11328552709;S
20241023;103435;3.796;100;11328553573;B
20241023;103435;3.7955;1600;11328553574;S
20241023;103440;3.796;11700;11328554329;B
20241023;103443;3.796;100;11328554716;B
20241023;103446;3.796;200;11328555139;B
20241023;103452;3.796;1500;11328555891;B
20241023;103458;3.796;100;11328556637;B
20241023;103512;3.796;100;11328558550;B
20241023;103513;3.7955;100;11328558668;S
20241023;103525;3.7955;300;11328560110;S
20241023;103529;3.7955;300;11328560591;S
20241023;103532;3.7955;100;11328561096;S
20241023;103533;3.7955;300;11328561219;S
20241023;103535;3.7955;300;11328561386;S
20241023;103543;3.7955;100;11328562231;S
20241023;103543;3.796;2700;11328562267;B
20241023;103543;3.796;5300;11328562319;B
20241023;103546;3.796;200;11328562563;B
20241023;103601;3.796;300;11328564637;B
20241023;103606;3.796;100;11328565325;B
20241023;103611;3.7955;100;11328566369;S
20241023;103621;3.7955;17500;11328567815;S
20241023;103621;3.7955;1000;11328567816;S
20241023;103621;3.7955;200;11328567817;S
20241023;103621;3.7955;1300;11328567818;S
20241023;103621;3.7955;1500;11328567819;S
20241023;103626;3.7955;100;11328568341;S
20241023;103626;3.7955;8000;11328568407;S
20241023;103626;3.7955;600;11328568446;S
20241023;103630;3.796;1000;11328568946;B
20241023;103632;3.796;200;11328569099;B
20241023;103636;3.7955;3500;11328569816;S
20241023;103639;3.796;1000;11328570168;B
20241023;103639;3.7955;100;11328570171;S
20241023;103639;3.796;100;11328570189;B
20241023;103642;3.7955;200;11328570403;S
20241023;103643;3.796;2000;11328570556;B
20241023;103644;3.796;6500;11328570650;B
20241023;103700;3.796;100;11328572458;B
20241023;103731;3.7955;13500;11328577099;S
20241023;103732;3.796;600;11328577244;B
20241023;103733;3.7955;700;11328577323;S
20241023;103733;3.796;15000;11328577418;B
20241023;103734;3.796;2100;11328577533;B
20241023;103734;3.796;2100;11328577537;B
20241023;103734;3.796;2100;11328577541;B
20241023;103734;3.796;2100;11328577556;B
20241023;103734;3.796;2100;11328577567;B
20241023;103734;3.796;2100;11328577574;B
20241023;103734;3.796;2100;11328577586;B
20241023;103734;3.796;2100;11328577592;B
20241023;103735;3.796;2100;11328577595;B
20241023;103735;3.796;1700;11328577597;B
20241023;103738;3.7955;2000;11328578151;S
20241023;103745;3.7955;8000;11328579019;S
20241023;103808;3.796;300;11328582025;B
20241023;103813;3.796;100;11328582623;B
20241023;103826;3.796;500;11328584171;B
20241023;103830;3.7955;1000;11328585081;S
20241023;103836;3.7955;800;11328585901;S
20241023;103837;3.796;700;11328586036;B
20241023;103840;3.7955;300;11328587174;S
20241023;103841;3.796;300;11328587335;B
20241023;103843;3.7955;2000;11328587482;S
20241023;103850;3.796;200;11328588782;B
20241023;103904;3.7955;100;11328590849;S
20241023;103913;3.796;1500;11328592085;B
20241023;103913;3.796;2200;11328592086;B
20241023;103913;3.796;11300;11328592087;B
20241023;103917;3.7955;200;11328592593;S
20241023;103919;3.7955;5000;11328593092;S
20241023;103925;3.796;400;11328593707;B
20241023;103931;3.7955;1100;11328594393;S
20241023;103931;3.7955;200;11328594394;S
20241023;103931;3.7955;7000;11328594395;S
20241023;103931;3.7955;130000;11328594396;S
20241023;103931;3.7955;20000;11328594397;S
20241023;103931;3.7955;500;11328594398;S
20241023;103931;3.7955;148200;11328594399;S
20241023;103937;3.7955;200;11328595039;S
20241023;103940;3.796;120000;11328595355;B
20241023;103940;3.796;500;11328595356;B
20241023;103940;3.796;2000;11328595357;B
20241023;103940;3.796;100;11328595358;B
20241023;103940;3.796;12400;11328595359;B
20241023;103940;3.796;21200;11328595360;B
20241023;103940;3.796;1000;11328595361;B
20241023;103940;3.796;1000;11328595362;B
20241023;103940;3.796;1000;11328595363;B
20241023;103940;3.796;1000;11328595364;B
20241023;103940;3.796;1000;11328595365;B
20241023;103940;3.796;700;11328595366;S
20241023;103941;3.796;131700;11328595417;S
20241023;103947;3.7965;200;11328596177;B
20241023;103947;3.7965;200;11328596178;B
20241023;103950;3.7965;1800;11328596666;B
20241023;103951;3.7965;8200;11328596697;S
20241023;103951;3.796;123500;11328596698;S
20241023;103951;3.7965;100000;11328596792;B
20241023;103959;3.796;100;11328597662;S
20241023;104000;3.7965;26300;11328597877;B
20241023;104000;3.7965;5400;11328597878;B
20241023;104008;3.7965;1500;11328599095;B
20241023;104012;3.7965;900;11328599821;B
20241023;104014;3.7965;1100;11328600403;B
20241023;104016;3.796;2000;11328600691;S
20241023;104016;3.796;2000;11328600821;S
20241023;104027;3.796;200;11328602460;S
20241023;104028;3.7965;100;11328602664;B
20241023;104033;3.7965;90000;11328603900;B
20241023;104033;3.7965;38100;11328603935;B
20241023;104033;3.7965;100;11328603936;B
20241023;104033;3.7965;25000;11328603937;B
20241023;104033;3.797;10000;11328603938;B
20241023;104033;3.797;12400;11328603939;B
20241023;104033;3.797;10000;11328604064;S
20241023;104033;3.7965;90000;11328604196;S
20241023;104033;3.7965;12400;11328604197;S
20241023;104033;3.7965;20000;11328604198;S
20241023;104037;3.7965;200;11328605081;B
20241023;104041;3.796;4000;11328605813;S
20241023;104041;3.796;6000;11328605918;S
20241023;104042;3.796;6000;11328606065;S
20241023;104043;3.796;12000;11328606168;S
20241023;104046;3.7965;300;11328606628;B
20241023;104047;3.7965;100;11328606847;B
20241023;104048;3.796;10000;11328607081;S
20241023;104059;3.7965;100;11328609366;B
20241023;104059;3.7965;1000;11328609521;B
20241023;104107;3.7965;1000;11328610799;B
20241023;104109;3.7965;100;11328611112;B
20241023;104112;3.7965;6500;11328611466;B
20241023;104112;3.7965;20000;11328611467;B
20241023;104112;3.7965;13500;11328611555;S
20241023;104113;3.796;14000;11328611643;S
20241023;104114;3.796;20000;11328611826;S
20241023;104126;3.796;1200;11328613601;S
20241023;104127;3.7965;100;11328613754;B
20241023;104130;3.7965;1000;11328614124;B
20241023;104132;3.796;14000;11328614484;S
20241023;104133;3.796;28000;11328614590;S
20241023;104133;3.796;2000;11328614592;S
20241023;104134;3.796;6800;11328614819;S
20241023;104134;3.796;100;11328614820;S
20241023;104134;3.796;2000;11328614925;S
20241023;104136;3.7965;5000;11328615475;B
20241023;104136;3.7965;300;11328615536;B
20241023;104141;3.796;2000;11328616459;S
20241023;104142;3.796;100;11328616738;S
20241023;104143;3.7965;100;11328616946;B
20241023;104144;3.7965;400;11328616989;B
20241023;104145;3.7965;100;11328617071;B
20241023;104149;3.796;25000;11328617863;S
20241023;104151;3.7965;300;11328618200;B
20241023;104154;3.7965;100;11328618495;B
20241023;104155;3.7965;100;11328618621;B
20241023;104200;3.796;5500;11328619507;S
20241023;104205;3.796;2000;11328620169;S
20241023;104218;3.7965;300;11328623317;B
20241023;104220;3.7965;1000;11328623947;B
20241023;104224;3.796;2000;11328624454;S
20241023;104230;3.796;14000;11328625227;S
20241023;104238;3.7965;100;11328626048;B
20241023;104238;3.796;1200;11328626058;S
20241023;104239;3.7965;800;11328626336;B
20241023;104241;3.796;600;11328626700;S
20241023;104247;3.7965;100;11328627704;B
20241023;104249;3.796;2000;11328627941;S
20241023;104252;3.796;1700;11328628312;S
20241023;104253;3.7965;100;11328628471;B
20241023;104255;3.796;100;11328628707;S
20241023;104259;3.796;32000;11328629286;S
20241023;104300;3.796;100;11328629346;S
20241023;104300;3.7965;100;11328629445;B
20241023;104300;3.796;50000;11328629446;S
20241023;104302;3.796;8000;11328629652;S
20241023;104309;3.796;3000;11328630445;S
20241023;104309;3.796;50000;11328630506;S
20241023;104315;3.796;3000;11328631395;S
20241023;104318;3.796;40000;11328631813;S
20241023;104319;3.7965;400;11328631898;B
20241023;104331;3.796;500;11328633518;S
20241023;104332;3.796;500;11328633643;S
20241023;104343;3.796;200;11328635080;S
20241023;104349;3.7965;100;11328635835;B
20241023;104359;3.7965;100;11328637220;B
20241023;104407;3.796;10200;11328638548;S
20241023;104421;3.7965;500;11328640639;B
20241023;104429;3.7965;100;11328641716;B
20241023;104430;3.7965;1000;11328641780;B
20241023;104431;3.7965;100;11328642007;B
20241023;104438;3.796;5000;11328642805;S
20241023;104446;3.7965;100;11328643666;B
20241023;104459;3.7965;100;11328645182;B
20241023;104501;3.796;200;11328645380;S
20241023;104505;3.7965;1000;11328645740;B
20241023;104512;3.7965;100;11328646440;B
20241023;104514;3.796;200;11328646639;S
20241023;104519;3.7965;5000;11328647196;B
20241023;104525;3.7965;500;11328648129;B
20241023;104528;3.796;100;11328648406;S
20241023;104538;3.7965;600;11328649548;B
20241023;104538;3.7965;100;11328649560;B
20241023;104538;3.796;600;11328649594;S
20241023;104546;3.796;100;11328650688;S
20241023;104548;3.7965;600;11328651022;B
20241023;104554;3.796;27000;11328651999;S
20241023;104554;3.796;15000;11328652000;S
20241023;104606;3.7965;500;11328654340;B
20241023;104615;3.7965;100;11328655463;B
20241023;104617;3.7965;66300;11328655764;B
20241023;104617;3.7965;10000;11328655765;B
20241023;104617;3.7965;12400;11328655766;B
20241023;104617;3.7965;1000;11328655767;B
20241023;104617;3.7965;100;11328655768;B
20241023;104617;3.7965;210200;11328655769;B
20241023;104621;3.7965;40000;11328656170;B
20241023;104624;3.796;6000;11328656445;S
20241023;104628;3.7965;100;11328656840;B
20241023;104630;3.7965;800;11328657072;B
20241023;104638;3.7965;200;11328658221;B
20241023;104649;3.7965;300;11328659450;B
20241023;104650;3.796;144600;11328659547;S
20241023;104650;3.796;100;11328659548;S
20241023;104650;3.796;400;11328659549;S
20241023;104650;3.796;4900;11328659550;S
20241023;104650;3.796;100;11328659555;S
20241023;104650;3.796;2700;11328659556;S
20241023;104650;3.796;100;11328659557;S
20241023;104650;3.796;10500;11328659558;S
20241023;104650;3.796;100;11328659559;S
20241023;104650;3.796;100;11328659560;S
20241023;104650;3.796;100;11328659561;S
20241023;104650;3.796;300;11328659562;S
20241023;104650;3.796;1000;11328659563;S
20241023;104658;3.796;200;11328660284;S
20241023;104658;3.796;100;11328660285;S
20241023;104658;3.796;100;11328660286;S
20241023;104658;3.7955;6000;11328660287;S
20241023;104659;3.796;100;11328660416;B
20241023;104706;3.7955;2000;11328661223;S
20241023;104708;3.796;100;11328661483;B
20241023;104709;3.796;100;11328661540;B
20241023;104709;3.796;39700;11328661576;B
20241023;104709;3.796;12000;11328661577;B
20241023;104709;3.796;12000;11328661599;S
20241023;104709;3.796;11900;11328661619;S
20241023;104710;3.796;10800;11328661690;S
20241023;104710;3.796;9700;11328661705;S
20241023;104710;3.796;8700;11328661726;S
20241023;104710;3.796;7900;11328661745;S
20241023;104711;3.796;7100;11328661767;S
20241023;104711;3.796;6400;11328661804;S
20241023;104711;3.7965;600;11328661860;B
20241023;104711;3.796;5800;11328661871;S
20241023;104711;3.796;5200;11328661888;S
20241023;104712;3.796;4700;11328661958;S
20241023;104712;3.796;4200;11328661978;S
20241023;104712;3.796;3800;11328662020;S
20241023;104712;3.796;3400;11328662045;S
20241023;104713;3.796;3100;11328662087;S
20241023;104713;3.796;2800;11328662107;S
20241023;104713;3.796;2500;11328662124;S
20241023;104713;3.796;2300;11328662152;S
20241023;104714;3.796;2000;11328662213;S
20241023;104714;3.796;1800;11328662232;S
20241023;104714;3.796;1700;11328662252;S
20241023;104714;3.796;1500;11328662272;S
20241023;104715;3.796;1300;11328662309;S
20241023;104721;3.796;500;11328662993;S
20241023;104734;3.796;100;11328664969;S
20241023;104739;3.796;100;11328665575;S
20241023;104740;3.796;100;11328665764;S
20241023;104755;3.796;17100;11328667251;S
20241023;104805;3.7965;100;11328668109;B
20241023;104819;3.796;1600;11328669403;S
20241023;104834;3.7965;1000;11328671223;B
20241023;104844;3.796;300;11328672510;S
20241023;104857;3.7965;100;11328673898;B
20241023;104920;3.796;9000;11328676267;S
20241023;104923;3.7965;100;11328676575;B
20241023;104929;3.796;13000;11328677163;S
20241023;104930;3.796;800;11328677336;S
20241023;105001;3.796;800;11328681970;S
20241023;105005;3.7965;100;11328682321;B
20241023;105023;3.7965;300;11328684419;B
20241023;105030;3.7965;300;11328685281;B
20241023;105038;3.7965;1300;11328686205;B
20241023;105041;3.7965;100;11328686764;B
20241023;105051;3.7965;100;11328688030;B
20241023;105052;3.7965;300;11328688283;B
20241023;105057;3.7965;100;11328688967;B
20241023;105107;3.796;300;11328690833;S
20241023;105107;3.796;100;11328690846;S
20241023;105109;3.7965;8000;11328691155;B
20241023;105109;3.796;7000;11328691219;S
20241023;105111;3.7965;40000;11328691526;B
20241023;105111;3.7965;6900;11328691527;B
20241023;105111;3.7965;100;11328691528;B
20241023;105111;3.7965;100;11328691529;B
20241023;105112;3.7965;17500;11328691591;S
20241023;105113;3.797;100;11328691721;B
20241023;105119;3.797;700;11328692401;B
20241023;105119;3.797;600;11328692402;B
20241023;105119;3.797;1200;11328692403;B
20241023;105120;3.797;12400;11328692481;S
20241023;105120;3.797;7600;11328692482;S
20241023;105128;3.799;100;11328693545;B
20241023;105129;3.799;100;11328693610;B
20241023;105140;3.799;100;11328694794;B
20241023;105141;3.7985;100;11328694985;B
20241023;105144;3.7985;2000;11328695345;B
20241023;105203;3.7985;500;11328697752;B
20241023;105211;3.7985;1400;11328698648;B
20241023;105219;3.7985;12000;11328699583;B
20241023;105219;3.799;1100;11328699584;B
20241023;105253;3.798;100;11328703193;B
20241023;105306;3.798;100;11328704517;B
20241023;105311;3.796;10000;11328705093;S
20241023;105331;3.798;100;11328706985;B
20241023;105332;3.798;100;11328706996;B
20241023;105338;3.798;100;11328707509;B
20241023;105345;3.7975;600;11328708373;S
20241023;105402;3.797;2800;11328709831;B
20241023;105408;3.796;8000;11328710496;S
20241023;105409;3.796;2700;11328710690;S
20241023;105420;3.797;400;11328711764;B
20241023;105456;3.797;200;11328720765;B
20241023;105505;3.7975;300;11328730118;B
20241023;105509;3.7975;100;11328734862;B
20241023;105509;3.7975;200;11328734868;B
20241023;105512;3.7975;100;11328738423;B
20241023;105519;3.796;10000;11328745982;S
20241023;105524;3.797;1000;11328751497;B
20241023;105532;3.797;500;11328758939;B
20241023;105539;3.797;100;11328765148;B
20241023;105614;3.797;200;11328799000;B
20241023;105625;3.796;30000;11328812017;S
20241023;105625;3.796;16200;11328812018;S
20241023;105625;3.796;200;11328812020;S
20241023;105627;3.796;300;11328813379;S
20241023;105627;3.797;100;11328813947;B
20241023;105651;3.796;1000;11328842130;S
20241023;105651;3.796;100;11328842131;S
20241023;105651;3.796;2000;11328842132;S
20241023;105651;3.796;200;11328842133;S
20241023;105651;3.796;1000;11328842134;S
20241023;105651;3.796;500;11328842135;S
20241023;105651;3.796;1000;11328842136;S
20241023;105651;3.796;1500;11328842137;S
20241023;105651;3.796;500;11328842138;S
20241023;105651;3.796;400;11328842139;S
20241023;105651;3.796;100;11328842140;S
20241023;105651;3.796;400;11328842141;S
20241023;105651;3.7955;1100;11328842984;S
20241023;105651;3.7955;50000;11328842985;S
20241023;105651;3.7955;10200;11328842986;S
20241023;105653;3.7955;16000;11328845132;S
20241023;105658;3.7955;5500;11328850893;S
20241023;105659;3.796;100;11328852209;B
20241023;105701;3.796;12300;11328853742;B
20241023;105701;3.796;14000;11328853743;B
20241023;105711;3.7955;50000;11328864551;S
20241023;105716;3.796;200;11328870946;B
20241023;105718;3.7955;1000;11328873717;S
20241023;105720;3.7955;18000;11328875643;S
20241023;105720;3.7955;48400;11328875844;S
20241023;105720;3.7955;50000;11328875845;S
20241023;105720;3.7955;100;11328875846;S
20241023;105729;3.796;4900;11328885665;S
20241023;105729;3.7955;45100;11328885666;S
20241023;105730;3.7955;100;11328886338;S
20241023;105735;3.7965;200;11328892051;B
20241023;105742;3.796;200;11328900958;S
20241023;105742;3.7955;49800;11328900959;S
20241023;105744;3.7965;7500;11328902355;B
20241023;105744;3.7965;1100;11328902356;B
20241023;105744;3.7965;1400;11328902357;B
20241023;105808;3.7965;100;11328929719;B
20241023;105808;3.7955;100;11328929957;S
20241023;105814;3.7955;300;11328936031;S
20241023;105833;3.7955;100;11328953178;S
20241023;105834;3.7955;19500;11328954239;S
20241023;105834;3.7955;500;11328954240;S
20241023;105834;3.796;2100;11328954656;B
20241023;105847;3.7955;20000;11328968206;S
20241023;105857;3.7955;28000;11328980189;S
20241023;105859;3.796;100;11328982154;B
20241023;105900;3.796;100;11328983767;B
20241023;105903;3.7955;5000;11328986647;S
20241023;105916;3.796;1000;11329000214;B
20241023;105922;3.7955;12900;11329007674;S
20241023;105933;3.7955;500;11329019621;B
20241023;105933;3.7955;1400;11329019750;B
20241023;105936;3.795;2700;11329022190;S
20241023;105936;3.795;500;11329022191;S
20241023;105936;3.795;100;11329022192;S
20241023;105936;3.795;100;11329022193;S
20241023;105936;3.795;1000;11329022194;S
20241023;105936;3.795;600;11329022195;S
20241023;105936;3.795;100;11329022196;S
20241023;105936;3.795;500;11329022197;S
20241023;105936;3.795;100;11329022198;S
20241023;105936;3.795;100;11329022199;S
20241023;105936;3.795;200;11329022200;S
20241023;105936;3.795;400;11329022276;S
20241023;105936;3.795;100;11329022277;S
20241023;105936;3.795;100;11329022278;S
20241023;105936;3.795;300;11329022279;S
20241023;105936;3.795;1100;11329022280;S
20241023;105939;3.7955;100;11329026641;B
20241023;105943;3.7955;100;11329029977;B
20241023;105947;3.7955;100;11329035234;B
20241023;105949;3.795;600;11329036894;S
20241023;105953;3.795;100;11329041979;S
20241023;110011;3.7955;1000;11329062021;B
20241023;110015;3.7955;100;11329066636;B
20241023;110041;3.7955;3800;11329096023;B
20241023;110041;3.7955;500;11329096024;B
20241023;110041;3.7955;500;11329096025;B
20241023;110041;3.7955;3000;11329096026;B
20241023;110041;3.7955;7000;11329096518;S
20241023;110052;3.7955;100;11329108467;S
20241023;110057;3.796;100;11329113107;B
20241023;110057;3.796;100;11329113108;B
20241023;110057;3.796;100;11329113109;B
20241023;110059;3.796;100;11329114884;B
20241023;110112;3.796;100;11329126435;B
20241023;110115;3.796;1000;11329128765;B
20241023;110122;3.796;900;11329135273;B
20241023;110126;3.796;500;11329139548;B
20241023;110130;3.796;100;11329143297;B
20241023;110133;3.796;100;11329146522;B
20241023;110133;3.7955;400;11329147217;S
20241023;110142;3.796;300;11329156326;B
20241023;110143;3.7955;7500;11329156869;S
20241023;110147;3.7955;400;11329161046;B
20241023;110147;3.7955;100;11329161222;B
20241023;110148;3.7955;200;11329162229;B
20241023;110149;3.7955;1000;11329164095;B
20241023;110158;3.796;200;11329172595;B
20241023;110201;3.796;100;11329176380;B
20241023;110202;3.796;100;11329177022;B
20241023;110211;3.795;1700;11329185983;S
20241023;110211;3.795;100;11329185984;S
20241023;110211;3.795;100;11329185985;S
20241023;110212;3.7945;200;11329186868;S
20241023;110212;3.7945;100;11329186869;S
20241023;110212;3.7945;100;11329186870;S
20241023;110212;3.7945;100;11329186871;S
20241023;110212;3.7945;100;11329186872;S
20241023;110212;3.794;900;11329186873;S
20241023;110212;3.794;1500;11329187310;S
20241023;110218;3.794;200;11329192962;S
20241023;110232;3.795;200;11329206974;B
20241023;110236;3.795;200;11329211493;B
20241023;110237;3.794;200;11329212159;S
20241023;110259;3.794;7200;11329233425;S
20241023;110259;3.794;10000;11329233426;S
20241023;110259;3.794;2800;11329233427;S
20241023;110311;3.795;100;11329245838;B
20241023;110313;3.794;100;11329247126;S
20241023;110314;3.795;100;11329248524;B
20241023;110332;3.794;100;11329268189;S
20241023;110353;3.794;3000;11329290591;S
20241023;110356;3.795;100;11329293691;B
20241023;110404;3.795;100;11329300072;B
20241023;110424;3.794;200;11329318682;S
20241023;110425;3.794;100;11329319853;S
20241023;110426;3.795;100;11329320321;B
20241023;110428;3.7945;200;11329322881;S
20241023;110430;3.795;100;11329324179;B
20241023;110441;3.7945;100;11329336842;S
20241023;110443;3.7945;8000;11329338948;S
20241023;110443;3.7945;2000;11329338949;S
20241023;110444;3.794;4700;11329339947;S
20241023;110447;3.794;1200;11329343401;S
20241023;110452;3.7945;100;11329348983;B
20241023;110456;3.794;1500;11329352935;S
20241023;110504;3.7945;100;11329361150;B
20241023;110513;3.7945;100;11329370502;B
20241023;110517;3.7945;500;11329375090;B
20241023;110519;3.7945;200;11329377155;B
20241023;110527;3.7945;300;11329384792;B
20241023;110527;3.7945;200;11329384793;B
20241023;110528;3.794;5300;11329385897;S
20241023;110528;3.794;300;11329385898;S
20241023;110528;3.794;100;11329385899;S
20241023;110528;3.794;700;11329385900;S
20241023;110528;3.794;100;11329385901;S
20241023;110528;3.794;100;11329385902;S
20241023;110528;3.794;1200;11329385903;S
20241023;110528;3.7945;100;11329387049;B
20241023;110530;3.7945;100;11329388279;B
20241023;110532;3.7945;500;11329391213;B
20241023;110533;3.794;7400;11329392385;S
20241023;110537;3.7945;100;11329396225;B
20241023;110542;3.794;200;11329401343;S
20241023;110546;3.7945;500;11329405325;B
20241023;110552;3.7945;200;11329412149;B
20241023;110556;3.7945;100;11329416472;B
20241023;110601;3.7945;100;11329421364;B
20241023;110609;3.794;1200;11329429212;S
20241023;110609;3.794;2800;11329429213;S
20241023;110610;3.7945;100;11329429873;B
20241023;110611;3.794;900;11329430941;S
20241023;110614;3.7945;2000;11329434433;B
20241023;110622;3.7945;12000;11329443417;B
20241023;110623;3.7945;1100;11329444177;B
20241023;110638;3.7945;100;11329460693;B
20241023;110648;3.7945;700;11329471345;B
20241023;110648;3.7945;11100;11329471346;B
20241023;110649;3.7945;3200;11329471578;S
20241023;110649;3.7945;6800;11329471579;S
20241023;110705;3.7945;200;11329485849;B
20241023;110707;3.7945;200;11329487176;B
20241023;110713;3.7945;500;11329493219;B
20241023;110718;3.7945;100;11329497970;B
20241023;110728;3.7945;1000;11329508502;B
20241023;110729;3.7945;300;11329509646;B
20241023;110733;3.7945;100;11329513880;B
20241023;110737;3.794;900;11329517924;S
20241023;110749;3.7945;200;11329531143;B
20241023;110801;3.7945;8800;11329542821;B
20241023;110801;3.795;1200;11329542822;B
20241023;110815;3.7945;100;11329557107;B
20241023;110815;3.7945;100;11329557233;B
20241023;110850;3.7945;100;11329593801;B
20241023;110854;3.794;5400;11329598217;S
20241023;110854;3.794;100;11329598218;S
20241023;110854;3.794;100;11329598219;S
20241023;110854;3.794;1000;11329598220;S
20241023;110854;3.794;100;11329598221;S
20241023;110854;3.794;100;11329598222;S
20241023;110854;3.794;3200;11329598223;S
20241023;110856;3.794;100;11329599934;S
20241023;110857;3.7945;500;11329601280;B
20241023;110858;3.7945;1000;11329602581;B
20241023;110859;3.7945;100;11329603088;B
20241023;110923;3.7945;100;11329627411;B
20241023;110923;3.7945;500;11329628128;B
20241023;110938;3.7945;800;11329642746;B
20241023;110944;3.7945;7700;11329647785;B
20241023;110947;3.794;1200;11329650393;S
20241023;110949;3.794;5000;11329652130;S
20241023;111000;3.794;4500;11329660722;S
20241023;111002;3.7945;500;11329662437;B
20241023;111016;3.7945;100;11329675564;B
20241023;111016;3.794;2000;11329675845;S
20241023;111021;3.794;3000;11329681791;S
20241023;111021;3.794;2500;11329681792;S
20241023;111023;3.7945;100;11329682838;B
20241023;111025;3.7945;100;11329685515;B
20241023;111032;3.7945;300;11329692187;B
20241023;111035;3.7945;100;11329694953;B
20241023;111037;3.794;1500;11329697642;S
20241023;111042;3.7945;100;11329702699;B
20241023;111100;3.7945;100;11329720921;B
20241023;111101;3.794;100;11329722210;S
20241023;111131;3.794;5900;11329751945;S
20241023;111131;3.794;5300;11329751946;S
20241023;111142;3.7945;2500;11329763906;B
20241023;111157;3.794;500;11329778584;S
20241023;111157;3.794;2000;11329779372;S
20241023;111216;3.794;2100;11329797886;S
20241023;111227;3.794;100;11329809641;S
20241023;111245;3.7945;1500;11329826963;B
20241023;111251;3.7945;100;11329831357;B
20241023;111254;3.794;1900;11329834965;S
20241023;111304;3.7945;300;11329843150;B
20241023;111326;3.7945;400;11329865305;B
20241023;111326;3.7945;6800;11329865306;B
20241023;111326;3.7945;200;11329865307;B
20241023;111326;3.7945;20000;11329865308;B
20241023;111326;3.7945;12400;11329865309;B
20241023;111326;3.7945;6100;11329865358;S
20241023;111327;3.7945;5500;11329865377;S
20241023;111328;3.794;700;11329865607;S
20241023;111329;3.7945;100;11329865723;B
20241023;111335;3.7945;200;11329866378;B
20241023;111336;3.7945;4900;11329866531;B
20241023;111336;3.7945;4500;11329866554;S
20241023;111336;3.7945;4000;11329866590;S
20241023;111336;3.7945;3200;11329866608;S
20241023;111336;3.7945;400;11329866609;S
20241023;111350;3.7945;1000;11329868350;B
20241023;111350;3.7945;100;11329868440;B
20241023;111352;3.7945;100;11329868695;B
20241023;111356;3.7945;500;11329869285;B
20241023;111357;3.795;400;11329869348;B
20241023;111400;3.7945;100;11329869853;B
20241023;111403;3.794;600;11329870352;S
20241023;111403;3.794;600;11329870353;S
20241023;111408;3.7945;3100;11329870936;B
20241023;111408;3.795;16900;11329870937;B
20241023;111408;3.7945;300;11329870990;B
20241023;111414;3.7945;200;11329871717;B
20241023;111416;3.7945;500;11329872015;B
20241023;111427;3.7945;100;11329873449;B
20241023;111438;3.794;100;11329874988;S
20241023;111438;3.7945;1900;11329874989;B
20241023;111442;3.7945;100;11329875428;B
20241023;111445;3.7945;1200;11329875735;B
20241023;111447;3.7945;100;11329876160;B
20241023;111456;3.7945;200;11329877418;B
20241023;111459;3.7945;1100;11329877747;B
20241023;111459;3.7945;1400;11329877748;B
20241023;111505;3.794;2500;11329878490;S
20241023;111505;3.794;100;11329878491;S
20241023;111505;3.794;900;11329878492;S
20241023;111511;3.794;500;11329879267;S
20241023;111514;3.7945;2300;11329879763;B
20241023;111514;3.7945;2100;11329879815;S
20241023;111514;3.7945;1900;11329879839;S
20241023;111514;3.7945;1700;11329879872;S
20241023;111515;3.7945;1600;11329879915;S
20241023;111515;3.7945;1400;11329879989;S
20241023;111515;3.7945;1300;11329880043;S
20241023;111515;3.795;50600;11329880064;B
20241023;111515;3.795;1000;11329880065;B
20241023;111515;3.795;500;11329880066;B
20241023;111515;3.795;1300;11329880067;B
20241023;111515;3.795;200;11329880068;B
20241023;111515;3.795;300;11329880069;B
20241023;111515;3.795;300;11329880070;B
20241023;111515;3.795;200;11329880071;B
20241023;111515;3.7955;6100;11329880072;B
20241023;111515;3.7955;1100;11329880073;B
20241023;111519;3.7955;8400;11329880521;S
20241023;111519;3.7955;11600;11329880522;S
20241023;111559;3.796;100;11329886481;B
20241023;111606;3.7955;300;11329887547;S
20241023;111607;3.796;1300;11329887834;B
20241023;111608;3.7965;100;11329887943;B
20241023;111610;3.7965;100;11329888209;B
20241023;111611;3.7965;600;11329888339;B
20241023;111611;3.7965;1000;11329888340;B
20241023;111611;3.797;400;11329888341;B
20241023;111611;3.798;1000;11329888342;B
20241023;111611;3.7985;10000;11329888343;B
20241023;111611;3.799;1600;11329888344;B
20241023;111621;3.797;100;11329889798;S
20241023;111630;3.7985;200;11329891061;B
20241023;111635;3.7985;700;11329891908;B
20241023;111640;3.797;10000;11329892694;S
20241023;111658;3.7985;500;11329895930;B
20241023;111711;3.7985;3800;11329897956;B
20241023;111711;3.7985;900;11329897957;B
20241023;111711;3.799;400;11329897958;B
20241023;111711;3.799;100;11329897959;B
20241023;111722;3.7985;800;11329899939;B
20241023;111722;3.799;500;11329899940;B
20241023;111722;3.799;12400;11329899941;B
20241023;111722;3.799;100;11329899942;B
20241023;111722;3.799;100;11329899943;B
20241023;111722;3.7995;2200;11329899944;B
20241023;111722;3.7995;35200;11329899945;B
20241023;111724;3.7995;300;11329900324;B
20241023;111729;3.7995;100;11329900975;B
20241023;111743;3.798;100;11329903104;S
20241023;111743;3.798;3100;11329903105;S
20241023;111743;3.7975;47300;11329903106;S
20241023;111743;3.7975;1900;11329903107;S
20241023;111800;3.798;100;11329905468;S
20241023;111800;3.798;200;11329905469;S
20241023;111806;3.798;100;11329906526;S
20241023;111813;3.798;100;11329908005;S
20241023;111813;3.798;400;11329908006;S
20241023;111813;3.797;1100;11329908007;S
20241023;111813;3.7965;2400;11329908008;S
20241023;111834;3.798;100;11329911507;S
20241023;111837;3.7985;500;11329911903;B
20241023;111839;3.7985;100;11329912361;B
20241023;111845;3.798;100;11329913373;S
20241023;111845;3.797;100;11329913374;S
20241023;111845;3.7965;200;11329913375;S
20241023;111845;3.7965;100;11329913376;S
20241023;111846;3.798;100;11329913559;B
20241023;111855;3.798;100;11329914956;B
20241023;111904;3.7975;100;11329916411;S
20241023;111919;3.798;1000;11329918850;B
20241023;111921;3.799;100;11329919181;B
20241023;111926;3.799;200;11329920099;B
20241023;111934;3.799;100;11329921328;B
20241023;111934;3.799;1700;11329921381;B
20241023;111934;3.799;8600;11329921382;B
20241023;111934;3.7995;2100;11329921383;B
20241023;111935;3.7995;100;11329921407;B
20241023;111939;3.799;100;11329921926;B
20241023;111946;3.799;800;11329923023;B
20241023;111947;3.799;2000;11329923133;B
20241023;111951;3.799;5000;11329923615;B
20241023;111956;3.799;3000;11329924347;B
20241023;112000;3.799;600;11329924943;B
20241023;112001;3.799;100;11329925092;B
20241023;112010;3.799;2600;11329926142;B
20241023;112012;3.7985;100;11329926449;S
20241023;112012;3.7985;900;11329926527;S
20241023;112012;3.798;100;11329926528;S
20241023;112020;3.798;100;11329927460;S
20241023;112029;3.799;400;11329928833;B
20241023;112037;3.799;800;11329929826;B
20241023;112037;3.799;6300;11329929827;B
20241023;112039;3.798;100;11329930037;S
20241023;112039;3.7975;800;11329930038;S
20241023;112039;3.797;1500;11329930039;S
20241023;112051;3.7965;2500;11329931838;S
20241023;112104;3.7965;1400;11329933703;S
20241023;112106;3.7965;100;11329933984;S
20241023;112107;3.7965;400;11329934112;S
20241023;112152;3.797;100;11329940523;S
20241023;112201;3.797;400;11329941830;B
20241023;112201;3.797;4600;11329941831;B
20241023;112202;3.798;100;11329941967;B
20241023;112208;3.7965;300;11329942835;S
20241023;112208;3.7965;1000;11329942836;S
20241023;112208;3.7965;1300;11329942837;S
20241023;112208;3.796;8400;11329942838;S
20241023;112212;3.796;1600;11329943401;S
20241023;112212;3.796;8400;11329943402;S
20241023;112214;3.798;100;11329943609;B
20241023;112222;3.796;700;11329944713;S
20241023;112223;3.796;600;11329944936;S
20241023;112223;3.796;700;11329945061;S
20241023;112243;3.798;5500;11329947891;B
20241023;112243;3.798;4900;11329947892;B
20241023;112243;3.798;12400;11329947893;B
20241023;112243;3.798;5000;11329947926;S
20241023;112244;3.798;4500;11329947945;S
20241023;112244;3.798;4000;11329947972;S
20241023;112244;3.798;3600;11329948015;S
20241023;112244;3.798;3300;11329948056;S
20241023;112245;3.798;3000;11329948090;S
20241023;112245;3.798;2700;11329948138;S
20241023;112245;3.798;2400;11329948167;S
20241023;112245;3.798;2200;11329948205;S
20241023;112246;3.798;4500;11329948213;S
20241023;112254;3.796;100;11329949504;S
20241023;112255;3.796;100;11329949635;S
20241023;112256;3.796;100;11329949764;S
20241023;112257;3.796;100;11329949876;S
20241023;112258;3.796;100;11329949956;S
20241023;112258;3.796;100;11329950032;S
20241023;112259;3.796;100;11329950124;S
20241023;112300;3.796;100;11329950283;S
20241023;112301;3.796;100;11329950350;S
20241023;112302;3.796;100;11329950452;S
20241023;112302;3.796;100;11329950509;S
20241023;112303;3.796;100;11329950623;S
20241023;112306;3.797;100;11329950939;B
20241023;112320;3.7965;100;11329952488;B
20241023;112331;3.7965;100;11329953728;B
20241023;112333;3.796;200;11329954502;S
20241023;112338;3.796;3600;11329955788;S
20241023;112401;3.796;1000;11329961129;S
20241023;112404;3.7965;100;11329961746;B
20241023;112408;3.7965;100;11329962317;B
20241023;112408;3.797;100;11329962318;B
20241023;112409;3.797;1900;11329962473;B
20241023;112409;3.797;1700;11329962536;S
20241023;112414;3.7975;100;11329963134;B
20241023;112419;3.798;100;11329963736;B
20241023;112425;3.798;1600;11329965007;B
20241023;112425;3.798;1600;11329965008;B
20241023;112425;3.7985;700;11329965009;B
20241023;112428;3.798;1300;11329965580;B
20241023;112440;3.797;3000;11329967553;S
20241023;112443;3.798;500;11329967942;B
20241023;112451;3.7975;12500;11329968826;B
20241023;112451;3.7975;12500;11329968858;B
20241023;112452;3.798;100;11329968913;B
20241023;112453;3.798;1200;11329969032;B
20241023;112453;3.7985;1800;11329969033;B
20241023;112453;3.7985;2800;11329969034;B
20241023;112453;3.799;800;11329969035;B
20241023;112459;3.797;6000;11329969562;S
20241023;112506;3.798;200;11329970047;B
20241023;112507;3.799;2200;11329970052;B
20241023;112507;3.799;3000;11329970053;B
20241023;112507;3.7995;7800;11329970054;B
20241023;112526;3.7995;1100;11329971674;B
20241023;112531;3.7995;100;11329972294;B
20241023;112548;3.7995;12400;11329973864;B
20241023;112549;3.7985;2000;11329974052;S
20241023;112556;3.7985;1000;11329974748;S
20241023;112606;3.7985;100;11329975863;S
20241023;112606;3.799;2500;11329975873;B
20241023;112618;3.799;1200;11329977025;B
20241023;112620;3.7995;300;11329977305;B
20241023;112620;3.799;100;11329977388;B
20241023;112621;3.7985;1300;11329977463;S
20241023;112625;3.799;6600;11329978069;B
20241023;112630;3.799;100;11329978717;B
20241023;112633;3.799;100;11329978991;B
20241023;112643;3.799;100;11329980129;B
20241023;112650;3.799;100;11329980700;B
20241023;112657;3.799;4500;11329981179;B
20241023;112657;3.799;800;11329981180;B
20241023;112657;3.7995;500;11329981181;B
20241023;112657;3.7995;900;11329981182;B
20241023;112657;3.7995;2900;11329981183;B
20241023;112657;3.7995;900;11329981184;B
20241023;112719;3.7985;2700;11329983664;S
20241023;112719;3.7985;600;11329983758;S
20241023;112719;3.7985;700;11329983824;S
20241023;112720;3.7985;700;11329984001;S
20241023;112720;3.7985;600;11329984078;S
20241023;112720;3.7985;300;11329984128;S
20241023;112720;3.7985;300;11329984129;S
20241023;112720;3.798;2100;11329984130;S
20241023;112720;3.798;700;11329984237;S
20241023;112732;3.799;100;11329985483;B
20241023;112733;3.7985;200;11329985615;S
20241023;112733;3.798;800;11329985616;S
20241023;112737;3.798;4300;11329985956;S
20241023;112737;3.798;2100;11329986086;S
20241023;112737;3.798;100;11329986087;S
20241023;112737;3.798;1000;11329986088;S
20241023;112737;3.7975;200;11329986089;S
20241023;112737;3.797;100;11329986133;S
20241023;112737;3.797;200;11329986134;S
20241023;112737;3.797;100;11329986135;S
20241023;112737;3.7965;100;11329986145;S
20241023;112737;3.796;9800;11329986147;S
20241023;112737;3.796;12200;11329986152;S
20241023;112737;3.796;5000;11329986153;S
20241023;112737;3.796;100;11329986154;S
20241023;112737;3.796;200;11329986155;S
20241023;112737;3.796;12500;11329986156;S
20241023;112742;3.7985;300;11329986623;B
20241023;112744;3.7985;100;11329986788;B
20241023;112756;3.797;200;11329988075;B
20241023;112756;3.797;100;11329988079;B
20241023;112756;3.797;200;11329988083;B
20241023;112803;3.7955;600;11329988882;S
20241023;112803;3.7955;100;11329988883;S
20241023;112803;3.795;600;11329988884;S
20241023;112803;3.795;1000;11329988885;S
20241023;112803;3.795;100;11329988886;S
20241023;112803;3.7945;5300;11329988981;S
20241023;112803;3.794;8600;11329988988;S
20241023;112803;3.794;600;11329988989;S
20241023;112804;3.794;12700;11329989172;S
20241023;112804;3.794;1000;11329989293;S
20241023;112809;3.796;100;11329989836;B
20241023;112836;3.796;100;11329994171;B
20241023;112836;3.796;100;11329994242;B
20241023;112841;3.7945;600;11329994827;S
20241023;112850;3.796;100;11329995656;B
20241023;112856;3.796;200;11329996107;B
20241023;112858;3.7965;100;11329996236;B
20241023;112904;3.7965;900;11329996967;B
20241023;112904;3.797;1700;11329996968;B
20241023;112904;3.7975;9100;11329996969;B
20241023;112912;3.7965;800;11329997718;B
20241023;112912;3.7975;100;11329997719;B
20241023;112914;3.7965;200;11329997828;B
20241023;112917;3.796;600;11329998123;S
20241023;112917;3.796;7400;11329998161;S
20241023;112918;3.798;500;11329998266;B
20241023;112920;3.7965;100;11329998621;S
20241023;112920;3.796;4000;11329998622;S
20241023;112927;3.795;2100;11329999334;S
20241023;112936;3.798;200;11330000277;B
20241023;112950;3.7945;100;11330001356;S
20241023;112957;3.7975;500;11330001857;B
20241023;113014;3.798;100;11330003520;B
20241023;113017;3.798;900;11330003829;B
20241023;113034;3.795;600;11330005499;S
20241023;113043;3.798;100;11330006505;B
20241023;113054;3.798;900;11330007482;B
20241023;113054;3.798;600;11330007483;B
20241023;113054;3.799;5000;11330007484;B
20241023;113058;3.798;100;11330007950;B
20241023;113104;3.798;600;11330008658;B
20241023;113107;3.799;200;11330008936;B
20241023;113108;3.799;900;11330009083;B
20241023;113125;3.799;100;11330010421;B
20241023;113145;3.799;100;11330012124;B
20241023;113154;3.8;300;11330013098;B
20241023;113226;3.8;1400;11330016151;B
20241023;113236;3.799;100;11330017023;S
20241023;113236;3.799;100;11330017024;S
20241023;113237;3.8;3000;11330017095;B
20241023;113253;3.8;100;11330018443;B
20241023;113305;3.8;100;11330019384;B
20241023;113317;3.8;400;11330020148;B
20241023;113317;3.8;300;11330020149;B
20241023;113317;3.8;500;11330020150;B
20241023;113317;3.8;300;11330020151;B
20241023;113323;3.798;100;11330020634;S
20241023;113333;3.798;2000;11330021612;S
20241023;113333;3.798;1300;11330021707;S
20241023;113335;3.8;100;11330021829;B
20241023;113341;3.798;9000;11330022412;S
20241023;113341;3.7975;1600;11330022413;S
20241023;113349;3.796;3200;11330023144;S
20241023;113427;3.7975;100;11330026487;B
20241023;113428;3.796;100;11330026561;S
20241023;113434;3.7975;100;11330027089;B
20241023;113441;3.7985;1300;11330027615;B
20241023;113447;3.798;100;11330028083;B
20241023;113447;3.7985;200;11330028130;B
20241023;113449;3.798;100;11330028239;B
20241023;113450;3.798;100;11330028377;B
20241023;113501;3.798;100;11330029342;B
20241023;113516;3.798;100;11330030784;B
20241023;113517;3.798;100;11330030849;B
20241023;113521;3.798;300;11330031317;B
20241023;113542;3.798;100;11330033223;B
20241023;113546;3.7975;100;11330033574;S
20241023;113546;3.7975;300;11330033575;S
20241023;113553;3.798;100;11330034162;B
20241023;113554;3.798;500;11330034240;B
20241023;113558;3.798;100;11330034590;B
20241023;113558;3.7985;200;11330034591;B
20241023;113559;3.7975;3200;11330034621;S
20241023;113612;3.7985;100;11330035745;B
20241023;113615;3.7985;100;11330035946;B
20241023;113617;3.7985;100;11330036094;B
20241023;113619;3.7985;100;11330036230;B
20241023;113633;3.7985;100;11330037776;B
20241023;113637;3.7985;100;11330038457;B
20241023;113641;3.798;1100;11330038732;S
20241023;113641;3.798;500;11330038733;S
20241023;113641;3.798;1000;11330038768;B
20241023;113642;3.797;2300;11330038785;S
20241023;113643;3.7965;1400;11330038860;S
20241023;113644;3.796;11400;11330038978;S
20241023;113645;3.796;300;11330039098;S
20241023;113646;3.796;100;11330039189;S
20241023;113649;3.797;500;11330039445;B
20241023;113701;3.797;300;11330040343;S
20241023;113701;3.7965;1200;11330040344;S
20241023;113714;3.7975;300;11330041575;B
20241023;113722;3.7965;100;11330042199;S
20241023;113722;3.7965;1100;11330042200;S
20241023;113722;3.796;500;11330042201;S
20241023;113722;3.796;200;11330042202;S
20241023;113722;3.796;100;11330042203;S
20241023;113722;3.796;100;11330042204;S
20241023;113722;3.796;1100;11330042205;S
20241023;113722;3.796;700;11330042206;S
20241023;113722;3.797;2400;11330042207;S
20241023;113742;3.7975;100;11330043855;B
20241023;113744;3.797;7600;11330044096;S
20241023;113744;3.797;100;11330044097;S
20241023;113744;3.797;100;11330044098;S
20241023;113756;3.7965;100;11330045480;S
20241023;113756;3.796;2300;11330045481;S
20241023;113756;3.7955;2100;11330045482;S
20241023;113757;3.796;100;11330045701;B
20241023;113759;3.796;1300;11330045885;B
20241023;113805;3.796;100;11330046741;B
20241023;113805;3.7955;1000;11330046755;S
20241023;113805;3.795;300;11330046756;S
20241023;113809;3.7945;100;11330047075;S
20241023;113812;3.7945;100;11330047379;S
20241023;113812;3.7945;300;11330047380;S
20241023;113812;3.794;3000;11330047381;S
20241023;113816;3.795;100;11330047609;B
20241023;113819;3.796;100;11330047842;B
20241023;113825;3.796;100;11330048335;B
20241023;113828;3.7945;500;11330048484;S
20241023;113833;3.796;100;11330048882;B
20241023;113833;3.7945;10400;11330048912;S
20241023;113835;3.7945;100;11330049090;S
20241023;113835;3.7945;300;11330049091;S
20241023;113856;3.795;100;11330050553;S
20241023;113858;3.796;200;11330050775;B
20241023;113915;3.795;9300;11330052202;S
20241023;113920;3.795;5400;11330052515;S
20241023;113931;3.796;2200;11330053354;B
20241023;113931;3.797;3000;11330053355;B
20241023;113938;3.796;200;11330053915;B
20241023;113939;3.796;100;11330053941;B
20241023;113949;3.796;300;11330054804;B
20241023;113957;3.796;100;11330055527;B
20241023;113959;3.796;100;11330055763;B
20241023;114002;3.796;500;11330055955;B
20241023;114014;3.796;1500;11330057053;B
20241023;114044;3.796;100;11330059483;B
20241023;114053;3.796;1000;11330060454;B
20241023;114104;3.7955;500;11330061592;S
20241023;114108;3.796;700;11330062159;B
20241023;114113;3.797;500;11330062595;B
20241023;114123;3.797;100;11330063552;B
20241023;114125;3.797;300;11330063722;B
20241023;114126;3.7965;100;11330063831;S
20241023;114126;3.7965;4900;11330063832;S
20241023;114126;3.7965;3000;11330063833;S
20241023;114126;3.7965;8000;11330063895;S
20241023;114129;3.797;300;11330064214;B
20241023;114130;3.797;100;11330064270;B
20241023;114135;3.797;3000;11330064639;B
20241023;114135;3.797;100;11330064666;B
20241023;114136;3.7965;18000;11330064689;S
20241023;114158;3.796;100;11330066574;S
20241023;114158;3.796;400;11330066575;S
20241023;114200;3.7965;100;11330066852;B
20241023;114211;3.7965;400;11330067821;B
20241023;114214;3.7965;500;11330068052;B
20241023;114215;3.7965;200;11330068138;B
20241023;114215;3.797;600;11330068139;B
20241023;114227;3.797;900;11330069094;B
20241023;114233;3.797;100;11330069571;B
20241023;114234;3.797;100;11330069647;B
20241023;114238;3.797;100;11330069948;B
20241023;114241;3.797;200;11330070208;B
20241023;114243;3.797;100;11330070334;B
20241023;114244;3.797;100;11330070425;B
20241023;114245;3.797;100;11330070491;B
20241023;114255;3.797;100;11330071328;B
20241023;114259;3.796;100;11330071651;S
20241023;114259;3.796;500;11330071652;S
20241023;114304;3.796;600;11330072117;S
20241023;114305;3.796;100;11330072277;S
20241023;114313;3.797;100;11330072902;B
20241023;114318;3.796;1400;11330073316;S
20241023;114321;3.797;100;11330073536;B
20241023;114323;3.796;1600;11330073624;S
20241023;114323;3.797;200;11330073685;B
20241023;114324;3.797;100;11330073791;B
20241023;114333;3.797;100;11330074455;B
20241023;114337;3.797;2300;11330074775;B
20241023;114337;3.797;1500;11330074776;B
20241023;114337;3.797;3500;11330074777;B
20241023;114337;3.7975;1700;11330074778;B
20241023;114346;3.796;5200;11330075431;S
20241023;114347;3.796;7400;11330075603;S
20241023;114348;3.797;200;11330075715;B
20241023;114352;3.796;1200;11330076086;S
20241023;114352;3.796;2000;11330076087;S
20241023;114352;3.7955;1000;11330076088;S
20241023;114352;3.7955;200;11330076089;S
20241023;114352;3.7955;3000;11330076090;S
20241023;114353;3.795;300;11330076252;S
20241023;114353;3.795;300;11330076253;S
20241023;114353;3.795;1000;11330076254;S
20241023;114353;3.7945;5000;11330076296;S
20241023;114353;3.7945;300;11330076297;S
20241023;114353;3.7945;500;11330076298;S
20241023;114358;3.7955;100;11330076848;B
20241023;114400;3.7955;200;11330077016;B
20241023;114402;3.7955;100;11330077220;B
20241023;114404;3.7955;600;11330077422;B
20241023;114406;3.7955;1200;11330077567;B
20241023;114406;3.796;100;11330077568;B
20241023;114406;3.796;600;11330077617;B
20241023;114414;3.796;100;11330078272;B
20241023;114417;3.7945;100;11330078524;S
20241023;114424;3.796;100;11330079038;B
20241023;114430;3.796;100;11330079577;B
20241023;114435;3.796;100;11330079929;B
20241023;114437;3.796;100;11330080131;B
20241023;114446;3.796;100;11330080862;B
20241023;114454;3.795;200;11330081614;B
20241023;114456;3.7945;400;11330081814;S
20241023;114503;3.7945;100;11330082700;S
20241023;114503;3.7945;200;11330082701;S
20241023;114503;3.7945;500;11330082702;S
20241023;114504;3.794;22700;11330082787;S
20241023;114504;3.794;100;11330082788;S
20241023;114504;3.794;100;11330082789;S
20241023;114504;3.794;19000;11330082790;S
20241023;114504;3.794;2700;11330082791;S
20241023;114504;3.794;10000;11330082792;S
20241023;114504;3.794;9000;11330082793;S
20241023;114504;3.794;500;11330082794;S
20241023;114504;3.794;200;11330082795;S
20241023;114504;3.794;100;11330082796;S
20241023;114504;3.794;500;11330082797;S
20241023;114504;3.794;100;11330082798;S
20241023;114504;3.794;6500;11330082799;S
20241023;114525;3.7945;100;11330084820;B
20241023;114527;3.7945;1900;11330085008;B
20241023;114527;3.795;800;11330085009;B
20241023;114527;3.795;9000;11330085010;B
20241023;114527;3.7955;800;11330085011;B
20241023;114528;3.7955;1200;11330085024;B
20241023;114528;3.796;100;11330085025;B
20241023;114528;3.796;11200;11330085026;B
20241023;114530;3.7945;2600;11330085209;B
20241023;114531;3.7945;1900;11330085331;B
20241023;114538;3.7945;200;11330085746;B
20241023;114544;3.794;100;11330086326;S
20241023;114549;3.7945;100;11330086721;B
20241023;114557;3.7945;100;11330087341;B
20241023;114600;3.7945;3400;11330087703;S
20241023;114606;3.795;100;11330088106;B
20241023;114637;3.796;100;11330090611;B
20241023;114637;3.796;400;11330090614;B
20241023;114642;3.796;100;11330090913;B
20241023;114645;3.796;100;11330091171;B
20241023;114654;3.796;1000;11330091819;B
20241023;114658;3.796;100;11330092097;B
20241023;114708;3.795;200;11330092893;S
20241023;114708;3.795;200;11330092894;S
20241023;114710;3.796;100;11330093022;B
20241023;114712;3.796;300;11330093213;B
20241023;114717;3.796;200;11330093671;B
20241023;114733;3.7945;300;11330094793;S
20241023;114747;3.796;100;11330095825;B
20241023;114749;3.796;100;11330095976;B
20241023;114751;3.796;100;11330096144;B
20241023;114757;3.796;200;11330096839;B
20241023;114800;3.796;400;11330097074;B
20241023;114802;3.796;10000;11330097244;B
20241023;114810;3.796;200;11330097952;B
20241023;114810;3.796;400;11330097980;B
20241023;114812;3.796;100;11330098053;B
20241023;114817;3.796;100;11330098375;B
20241023;114842;3.796;1000;11330100419;B
20241023;114842;3.796;600;11330100420;B
20241023;114844;3.796;100;11330100565;B
20241023;114853;3.7955;1000;11330101276;S
20241023;114853;3.795;1900;11330101277;S
20241023;114855;3.795;300;11330101363;S
20241023;114855;3.795;200;11330101364;S
20241023;114855;3.795;100;11330101365;S
20241023;114856;3.796;200;11330101436;B
20241023;114920;3.7965;100;11330103728;S
20241023;114926;3.7945;100;11330104154;S
20241023;114926;3.7945;100;11330104155;S
20241023;114926;3.7945;3000;11330104156;S
20241023;114926;3.7945;1100;11330104213;S
20241023;114927;3.7945;2100;11330104389;S
20241023;114929;3.796;200;11330104519;B
20241023;114931;3.7945;3300;11330104671;S
20241023;114931;3.7945;500;11330104672;S
20241023;114931;3.794;11200;11330104673;S
20241023;114933;3.7955;100;11330104842;B
20241023;114957;3.7945;300;11330106853;S
20241023;115000;3.796;1000;11330107013;B
20241023;115004;3.7955;100;11330107316;S
20241023;115009;3.796;200;11330107702;B
20241023;115011;3.7965;200;11330107894;B
20241023;115021;3.796;200;11330108639;S
20241023;115021;3.7965;900;11330108710;B
20241023;115022;3.797;100;11330108811;B
20241023;115024;3.797;200;11330108936;B
20241023;115031;3.797;100;11330109496;B
20241023;115036;3.797;200;11330109980;B
20241023;115039;3.796;300;11330110203;S
20241023;115039;3.796;75100;11330110204;S
20241023;115039;3.796;100;11330110205;S
20241023;115039;3.796;2800;11330110206;S
20241023;115039;3.7955;47400;11330110207;S
20241023;115039;3.7955;12400;11330110208;S
20241023;115039;3.7955;2800;11330110209;S
20241023;115039;3.794;2200;11330110210;S
20241023;115039;3.794;30600;11330110211;S
20241023;115039;3.794;1300;11330110212;S
20241023;115039;3.794;300;11330110213;S
20241023;115039;3.794;140600;11330110214;S
20241023;115039;3.794;31100;11330110215;S
20241023;115039;3.794;100;11330110216;S
20241023;115039;3.7935;100;11330110217;S
20241023;115039;3.7935;100;11330110218;S
20241023;115039;3.7935;1500;11330110219;S
20241023;115039;3.7935;100;11330110220;S
20241023;115039;3.7935;100;11330110221;S
20241023;115039;3.7935;100;11330110222;S
20241023;115039;3.7935;2000;11330110223;S
20241023;115039;3.7935;21100;11330110224;S
20241023;115039;3.7935;13500;11330110225;S
20241023;115039;3.7935;28900;11330110226;S
20241023;115039;3.7935;40000;11330110227;B
20241023;115039;3.7935;57700;11330110228;B
20241023;115048;3.7935;100;11330110856;B
20241023;115100;3.7935;100;11330111784;B
20241023;115106;3.793;100;11330112208;S
20241023;115108;3.793;100;11330112316;S
20241023;115108;3.7935;100;11330112387;B
20241023;115119;3.7935;300;11330113308;B
20241023;115124;3.7935;400;11330113640;B
20241023;115126;3.7935;500;11330113740;B
20241023;115130;3.7935;100;11330114009;B
20241023;115137;3.7935;300;11330114508;B
20241023;115139;3.7935;500;11330114676;B
20241023;115142;3.7935;100;11330114827;B
20241023;115143;3.7935;900;11330114871;B
20241023;115148;3.7935;100;11330115355;B
20241023;115156;3.7935;22000;11330115900;B
20241023;115157;3.7935;1000;11330115976;B
20241023;115157;3.7935;58000;11330116031;B
20241023;115157;3.7935;1200;11330116039;B
20241023;115157;3.7935;18000;11330116041;B
20241023;115157;3.793;1000;11330116069;S
20241023;115157;3.793;15900;11330116147;S
20241023;115200;3.7935;100;11330116502;B
20241023;115203;3.7935;100;11330116781;B
20241023;115208;3.793;14600;11330117244;S
20241023;115208;3.793;2200;11330117315;S
20241023;115208;3.793;11100;11330117358;S
20241023;115208;3.793;2100;11330117411;S
20241023;115211;3.793;600;11330117821;S
20241023;115212;3.793;1000;11330117901;S
20241023;115212;3.7935;400;11330117963;B
20241023;115216;3.7935;300;11330118268;B
20241023;115218;3.7935;100;11330118334;B
20241023;115218;3.7935;4300;11330118366;B
20241023;115221;3.7935;500;11330118605;B
20241023;115237;3.7935;100;11330119699;B
20241023;115238;3.7935;100;11330119734;B
20241023;115246;3.7935;500;11330120401;B
20241023;115256;3.7935;200;11330121086;B
20241023;115303;3.7935;500;11330121805;B
20241023;115304;3.7935;100;11330121860;B
20241023;115307;3.7935;300;11330122101;B
20241023;115308;3.7935;500;11330122168;B
20241023;115316;3.7935;300;11330122769;B
20241023;115316;3.793;2100;11330122806;S
20241023;115324;3.793;2700;11330123547;S
20241023;115325;3.7935;200;11330123587;B
20241023;115328;3.793;100;11330123833;S
20241023;115337;3.7935;100;11330124616;B
20241023;115349;3.7935;600;11330125786;B
20241023;115350;3.7935;700;11330125869;B
20241023;115355;3.7935;100;11330126428;B
20241023;115358;3.7935;500;11330126673;B
20241023;115400;3.7935;300;11330126912;B
20241023;115401;3.7935;100;11330126978;B
20241023;115402;3.7935;200;11330127046;B
20241023;115409;3.7935;100;11330127504;B
20241023;115409;3.7935;100;11330127507;B
20241023;115414;3.7935;100;11330127920;B
20241023;115414;3.7935;500;11330127932;B
20241023;115417;3.793;100;11330128182;S
20241023;115418;3.7935;300;11330128287;B
20241023;115418;3.7935;100;11330128316;B
20241023;115420;3.793;30000;11330128471;S
20241023;115422;3.7935;700;11330128555;B
20241023;115425;3.7935;1600;11330128753;B
20241023;115431;3.7935;100;11330129211;B
20241023;115434;3.7935;100;11330129429;B
20241023;115434;3.793;100;11330129468;S
20241023;115449;3.7935;100;11330130695;B
20241023;115449;3.7935;600;11330130757;B
20241023;115450;3.7935;100;11330130848;B
20241023;115451;3.7935;100;11330130923;B
20241023;115452;3.7935;200;11330131040;B
20241023;115458;3.7935;200;11330131440;B
20241023;115500;3.7935;500;11330131625;B
20241023;115503;3.7935;100;11330131841;B
20241023;115504;3.7935;100;11330131972;B
20241023;115508;3.7935;400;11330132220;B
20241023;115509;3.793;10200;11330132358;S
20241023;115509;3.793;58000;11330132359;S
20241023;115509;3.793;26000;11330132360;S
20241023;115509;3.793;10000;11330132361;S
20241023;115509;3.793;2700;11330132362;S
20241023;115512;3.7935;100;11330132543;B
20241023;115517;3.7935;300;11330132898;B
20241023;115522;3.793;600;11330133260;S
20241023;115527;3.7935;300;11330133713;B
20241023;115535;3.7935;100;11330134386;B
20241023;115537;3.7935;500;11330134559;B
20241023;115539;3.7935;100;11330134675;B
20241023;115541;3.793;6700;11330134805;S
20241023;115541;3.793;100;11330134806;S
20241023;115541;3.793;600;11330134807;S
20241023;115541;3.793;100;11330134808;S
20241023;115541;3.793;100;11330134809;S
20241023;115541;3.793;100;11330134810;S
20241023;115541;3.793;300;11330134811;S
20241023;115541;3.793;500;11330134812;S
20241023;115541;3.793;12400;11330134813;S
20241023;115541;3.793;100;11330134814;S
20241023;115541;3.793;100;11330134815;S
20241023;115541;3.793;500;11330134816;S
20241023;115541;3.793;100;11330134817;S
20241023;115541;3.793;9600;11330134818;S
20241023;115543;3.793;100;11330134946;S
20241023;115545;3.793;100;11330135050;S
20241023;115546;3.7935;500;11330135138;B
20241023;115547;3.793;2700;11330135246;S
20241023;115548;3.7935;200;11330135312;B
20241023;115549;3.793;4200;11330135483;S
20241023;115554;3.7935;400;11330135914;B
20241023;115554;3.7935;100;11330135929;B
20241023;115557;3.793;5300;11330136195;S
20241023;115557;3.793;32100;11330136280;S
20241023;115557;3.793;6300;11330136359;S
20241023;115557;3.793;1300;11330136441;S
20241023;115604;3.7935;100;11330137065;B
20241023;115610;3.7935;400;11330137510;B
20241023;115625;3.793;1000;11330138623;S
20241023;115628;3.7935;3800;11330138833;B
20241023;115629;3.7935;100;11330138891;B
20241023;115632;3.7935;100;11330139132;B
20241023;115638;3.793;100;11330139567;S
20241023;115640;3.793;100;11330139724;S
20241023;115643;3.7935;100;11330139970;B
20241023;115644;3.7935;300;11330140028;B
20241023;115650;3.7935;100;11330140513;B
20241023;115651;3.7935;1500;11330140590;B
20241023;115653;3.7935;500;11330140772;B
20241023;115656;3.7935;100;11330141023;B
20241023;115703;3.7935;300;11330141593;B
20241023;115708;3.7935;4000;11330142001;B
20241023;115714;3.7935;100;11330142380;B
20241023;115715;3.793;31100;11330142439;S
20241023;115715;3.793;58000;11330142440;S
20241023;115715;3.793;10900;11330142441;S
20241023;115717;3.7935;100;11330142581;B
20241023;115719;3.7935;500;11330142711;B
20241023;115721;3.7935;3000;11330142905;B
20241023;115725;3.7935;700;11330143181;B
20241023;115726;3.7935;200;11330143345;B
20241023;115735;3.7935;200;11330143986;B
20241023;115736;3.7935;100;11330144003;B
20241023;115736;3.7935;1700;11330144011;B
20241023;115741;3.793;100;11330144349;S
20241023;115742;3.7935;100;11330144528;B
20241023;115747;3.793;100;11330144827;S
20241023;115753;3.7935;100;11330145283;B
20241023;115755;3.7935;900;11330145425;B
20241023;115759;3.7935;700;11330145731;B
20241023;115804;3.793;100;11330146089;S
20241023;115805;3.793;100;11330146107;S
20241023;115808;3.7935;500;11330146353;B
20241023;115810;3.7935;500;11330146436;B
20241023;115813;3.7935;10000;11330146716;B
20241023;115814;3.7935;100;11330146740;B
20241023;115816;3.7935;200;11330146835;B
20241023;115817;3.7935;400;11330146903;B
20241023;115822;3.7935;100;11330147391;B
20241023;115825;3.7935;2000;11330147660;B
20241023;115827;3.793;14700;11330147848;S
20241023;115827;3.793;4400;11330147849;S
20241023;115829;3.7935;1000;11330148087;B
20241023;115832;3.7935;100;11330148329;B
20241023;115833;3.7935;500;11330148392;B
20241023;115834;3.7935;1000;11330148470;B
20241023;115835;3.7935;500;11330148532;B
20241023;115840;3.793;400;11330148962;S
20241023;115842;3.7935;1000;11330149278;B
20241023;115854;3.793;2100;11330150383;S
20241023;115855;3.7935;500;11330150524;B
20241023;115855;3.7935;400;11330150527;B
20241023;115900;3.7935;800;11330150948;B
20241023;115910;3.793;700;11330151791;S
20241023;115916;3.793;2400;11330152343;S
20241023;115916;3.793;300;11330152344;S
20241023;115918;3.7935;100;11330152487;B
20241023;115922;3.793;4200;11330152879;S
20241023;115923;3.7935;1000;11330152933;B
20241023;115924;3.7935;100;11330153014;B
20241023;115928;3.793;200;11330153368;S
20241023;115940;3.7935;14000;11330154781;B
20241023;115943;3.7935;500;11330155114;B
20241023;115944;3.7935;2000;11330155204;B
20241023;115946;3.7935;7700;11330155609;B
20241023;115946;3.7935;19000;11330155611;B
20241023;115947;3.7935;40500;11330155736;B
20241023;115950;3.7935;1000;11330155975;B
20241023;115952;3.7935;200;11330156191;B
20241023;115957;3.7935;100;11330156586;B
20241023;115957;3.7935;20700;11330156587;B
20241023;120001;3.793;2600;11330157178;S
20241023;120001;3.793;2100;11330157201;S
20241023;120001;3.793;600;11330157235;S
20241023;120001;3.793;100;11330157236;S
20241023;120001;3.793;1500;11330157237;S
20241023;120002;3.793;14800;11330157397;S
20241023;120002;3.793;4200;11330157429;S
20241023;120004;3.7935;100;11330158102;B
20241023;120005;3.793;2100;11330158389;S
20241023;120006;3.793;700;11330158696;S
20241023;120006;3.793;600;11330158814;S
20241023;120007;3.793;3200;11330159024;S
20241023;120008;3.793;10500;11330159308;S
20241023;120008;3.793;7400;11330159422;S
20241023;120009;3.7935;100;11330159604;B
20241023;120009;3.793;6300;11330159631;S
20241023;120010;3.793;4300;11330159991;S
20241023;120010;3.793;5200;11330160117;S
20241023;120013;3.793;1100;11330161069;S
20241023;120014;3.793;6100;11330161170;S
20241023;120016;3.793;200;11330161759;S
20241023;120019;3.7935;300;11330162208;B
20241023;120019;3.7935;500;11330162289;B
20241023;120019;3.7935;100;11330162315;B
20241023;120023;3.7935;100;11330162888;B
20241023;120033;3.793;100;11330164055;S
20241023;120042;3.7935;100;11330165225;B
20241023;120044;3.7935;100;11330165423;B
20241023;120046;3.793;100;11330166021;S
20241023;120051;3.7935;100;11330166709;B
20241023;120052;3.7935;500;11330167008;B
20241023;120052;3.7935;7000;11330167042;B
20241023;120053;3.7935;5000;11330167178;B
20241023;120054;3.7935;100;11330167333;B
20241023;120054;3.7935;500;11330167441;B
20241023;120057;3.7935;500;11330167954;B
20241023;120058;3.7935;100;11330168051;B
20241023;120100;3.7935;2600;11330168368;B
20241023;120100;3.7935;2500;11330168369;B
20241023;120100;3.7935;1000;11330168370;B
20241023;120100;3.7935;300;11330168371;B
20241023;120100;3.7935;43400;11330168372;B
20241023;120101;3.7945;300;11330168649;B
20241023;120101;3.7945;1200;11330168650;B
20241023;120101;3.797;200;11330168652;B
20241023;120101;3.797;100;11330168662;B
20241023;120101;3.7965;1100;11330168686;B
20241023;120103;3.797;2400;11330169339;B
20241023;120103;3.7975;300;11330169340;B
20241023;120103;3.7975;1000;11330169341;B
20241023;120110;3.798;5700;11330170369;B
20241023;120110;3.7985;1200;11330170370;B
20241023;120110;3.7985;4200;11330170371;B
20241023;120110;3.7985;1000;11330170372;B
20241023;120110;3.799;3300;11330170373;B
20241023;120110;3.799;900;11330170374;B
20241023;120110;3.799;1100;11330170375;B
20241023;120110;3.799;200;11330170512;B
20241023;120111;3.7995;100;11330170649;B
20241023;120114;3.7995;200;11330171205;B
20241023;120114;3.7995;200;11330171206;B
20241023;120114;3.7995;9600;11330171207;B
20241023;120121;3.7995;500;11330172773;B
20241023;120132;3.8;200;11330174730;B
20241023;120138;3.8;200;11330176027;B
20241023;120139;3.799;200;11330176175;S
20241023;120140;3.8;1000;11330176282;B
20241023;120143;3.799;100;11330176765;S
20241023;120143;3.7985;10500;11330176766;S
20241023;120143;3.7985;100;11330176865;S
20241023;120143;3.7975;5100;11330176903;S
20241023;120147;3.7975;4900;11330177406;S
20241023;120147;3.7975;100;11330177407;S
20241023;120157;3.7965;100;11330179093;B
20241023;120157;3.796;47300;11330179128;S
20241023;120201;3.7965;200;11330179733;B
20241023;120207;3.7965;3800;11330180772;S
20241023;120208;3.797;500;11330180862;B
20241023;120215;3.797;500;11330181801;B
20241023;120217;3.7965;1400;11330182195;S
20241023;120217;3.797;1900;11330182210;B
20241023;120217;3.797;100;11330182222;S
20241023;120217;3.7965;400;11330182241;S
20241023;120222;3.797;100;11330182816;B
20241023;120228;3.797;500;11330183398;B
20241023;120229;3.797;100;11330183583;B
20241023;120230;3.7965;41800;11330183641;S
20241023;120230;3.7965;1700;11330183642;S
20241023;120234;3.797;100;11330184317;B
20241023;120238;3.797;600;11330184818;B
20241023;120239;3.797;1400;11330185168;B
20241023;120240;3.797;100;11330185223;S
20241023;120240;3.797;1200;11330185224;S
20241023;120242;3.797;500;11330185616;B
20241023;120245;3.797;500;11330185929;B
20241023;120247;3.7965;26300;11330186165;S
20241023;120252;3.797;1000;11330186982;B
20241023;120252;3.797;900;11330187004;S
20241023;120256;3.7975;300;11330187451;B
20241023;120259;3.7985;200;11330187755;B
20241023;120306;3.7985;100;11330188990;B
20241023;120306;3.7985;300;11330188991;B
20241023;120307;3.7985;100;11330189059;B
20241023;120310;3.7985;100;11330189419;B
20241023;120317;3.7985;500;11330190320;B
20241023;120321;3.7985;100;11330191161;B
20241023;120324;3.7985;1400;11330191440;B
20241023;120324;3.7985;900;11330191441;B
20241023;120336;3.799;300;11330192838;B
20241023;120337;3.7985;3400;11330192954;S
20241023;120337;3.7985;100;11330192955;S
20241023;120337;3.7985;12400;11330192956;S
20241023;120337;3.7985;300;11330192957;S
20241023;120337;3.7985;100;11330192958;S
20241023;120339;3.799;500;11330193343;B
20241023;120340;3.799;500;11330193626;B
20241023;120341;3.799;1000;11330193770;B
20241023;120344;3.799;300;11330194215;B
20241023;120346;3.799;100;11330194857;B
20241023;120347;3.799;100;11330195041;B
20241023;120347;3.799;100;11330195219;B
20241023;120351;3.799;100;11330196074;B
20241023;120351;3.799;100;11330196075;B
20241023;120351;3.7995;200;11330196076;B
20241023;120355;3.8;100;11330196704;B
20241023;120405;3.7995;300;11330198468;B
20241023;120406;3.8;100;11330198712;B
20241023;120406;3.8;100;11330198913;B
20241023;120412;3.8;500;11330199594;B
20241023;120413;3.8;2000;11330199663;B
20241023;120415;3.8;300;11330199863;B
20241023;120421;3.8;100;11330200696;B
20241023;120422;3.8;300;11330200895;B
20241023;120424;3.7985;1500;11330201125;S
20241023;120428;3.7985;1000;11330201471;S
20241023;120428;3.7985;2800;11330201472;S
20241023;120428;3.7985;6800;11330201473;S
20241023;120433;3.8;300;11330202657;B
20241023;120433;3.8;300;11330202658;B
20241023;120434;3.8;100;11330202705;B
20241023;120436;3.798;300;11330203042;S
20241023;120442;3.7985;1900;11330203967;S
20241023;120442;3.8;100;11330203983;B
20241023;120442;3.8;400;11330203984;B
20241023;120444;3.7985;6000;11330204213;S
20241023;120445;3.8;100;11330204431;B
20241023;120449;3.8;100;11330204834;B
20241023;120449;3.7985;100;11330204856;S
20241023;120450;3.7985;1100;11330204975;S
20241023;120454;3.7995;200;11330205725;B
20241023;120455;3.7985;300;11330205804;S
20241023;120455;3.7975;100;11330205805;S
20241023;120455;3.7975;100;11330205806;S
20241023;120455;3.797;200;11330205825;S
20241023;120456;3.798;500;11330206007;B
20241023;120502;3.798;100;11330206875;B
20241023;120503;3.798;1100;11330206924;B
20241023;120504;3.799;1900;11330207127;B
20241023;120506;3.798;200;11330207392;S
20241023;120506;3.7975;3100;11330207393;S
20241023;120506;3.797;8600;11330207490;S
20241023;120506;3.797;8300;11330207491;S
20241023;120508;3.797;5400;11330207858;S
20241023;120510;3.798;500;11330208190;B
20241023;120512;3.798;500;11330208350;B
20241023;120512;3.797;700;11330208368;S
20241023;120512;3.797;9500;11330208408;S
20241023;120512;3.7965;100;11330208485;S
20241023;120512;3.7965;1000;11330208486;S
20241023;120513;3.7965;1300;11330208699;S
20241023;120520;3.7975;200;11330209500;B
20241023;120529;3.7975;3600;11330210575;B
20241023;120529;3.798;1000;11330210576;B
20241023;120529;3.798;5400;11330210577;B
20241023;120532;3.7965;200;11330210799;S
20241023;120535;3.798;600;11330211063;B
20241023;120542;3.798;400;11330211683;B
20241023;120543;3.798;800;11330211755;B
20241023;120544;3.799;500;11330211904;B
20241023;120544;3.799;4400;11330211905;B
20241023;120545;3.799;500;11330212009;B
20241023;120550;3.799;100;11330212505;B
20241023;120550;3.7995;400;11330212506;B
20241023;120557;3.798;100;11330213512;S
20241023;120608;3.7995;600;11330214693;B
20241023;120609;3.7995;100;11330214958;B
20241023;120611;3.7995;100;11330215189;B
20241023;120613;3.7995;300;11330215420;B
20241023;120615;3.7995;200;11330215594;B
20241023;120622;3.7995;100;11330216578;B
20241023;120625;3.7995;600;11330216961;B
20241023;120625;3.8;4000;11330216962;B
20241023;120625;3.8;3400;11330217019;B
20241023;120637;3.7985;200;11330218367;B
20241023;120638;3.7985;500;11330218531;B
20241023;120641;3.7985;7300;11330218892;B
20241023;120641;3.799;600;11330218893;B
20241023;120643;3.8;700;11330219190;B
20241023;120644;3.7995;100;11330219336;B
20241023;120647;3.798;100;11330219599;S
20241023;120656;3.7995;200;11330220585;B
20241023;120659;3.7995;100;11330220835;B
20241023;120659;3.8;1800;11330220836;B
20241023;120701;3.8;100;11330221029;B
20241023;120702;3.8;100;11330221132;B
20241023;120703;3.798;100;11330221358;S
20241023;120703;3.798;800;11330221359;S
20241023;120703;3.7975;6200;11330221360;S
20241023;120706;3.799;200;11330221805;B
20241023;120708;3.798;100;11330222009;S
20241023;120708;3.7975;6500;11330222010;S
20241023;120708;3.7975;1600;11330222011;S
20241023;120708;3.797;900;11330222012;S
20241023;120711;3.799;5000;11330222611;B
20241023;120712;3.799;100;11330222717;B
20241023;120714;3.799;100;11330222906;B
20241023;120716;3.797;5100;11330223158;S
20241023;120716;3.797;1100;11330223251;S
20241023;120717;3.797;1000;11330223359;S
20241023;120717;3.797;500;11330223409;S
20241023;120718;3.797;1100;11330223495;S
20241023;120718;3.799;200;11330223591;B
20241023;120719;3.797;1100;11330223688;S
20241023;120720;3.797;1000;11330223777;S
20241023;120720;3.797;1100;11330223887;S
20241023;120721;3.797;1000;11330223986;S
20241023;120722;3.797;2000;11330224177;S
20241023;120730;3.7985;1300;11330225062;B
20241023;120732;3.7985;500;11330225475;B
20241023;120746;3.7985;100;11330226843;B
20241023;120747;3.7985;100;11330226938;B
20241023;120747;3.7985;100;11330226943;B
20241023;120752;3.7985;700;11330227584;B
20241023;120753;3.797;100;11330227728;S
20241023;120757;3.799;500;11330228184;B
20241023;120757;3.799;100;11330228185;B
20241023;120800;3.8;7400;11330228676;B
20241023;120811;3.8;500;11330229677;B
20241023;120815;3.8;200;11330230041;B
20241023;120815;3.8;500;11330230059;B
20241023;120818;3.8;2000;11330230452;B
20241023;120821;3.8;400;11330230914;B
20241023;120823;3.8;14000;11330231240;B
20241023;120839;3.8;500;11330233028;B
20241023;120852;3.8;700;11330234609;B
20241023;120852;3.8;100;11330234629;B
20241023;120856;3.8;1200;11330235208;B
20241023;120859;3.8;500;11330235475;B
20241023;120906;3.8;100;11330236434;B
20241023;120908;3.8;100;11330236670;B
20241023;120914;3.8;100;11330237253;B
20241023;120918;3.8;200;11330237746;B
20241023;120918;3.799;700;11330237832;S
20241023;120918;3.799;4400;11330237833;S
20241023;120924;3.8;300;11330238513;B
20241023;120927;3.8;200;11330238872;B
20241023;120935;3.8;300;11330239878;B
20241023;120936;3.8;100;11330239935;B
20241023;120938;3.799;700;11330240361;S
20241023;120938;3.799;8400;11330240362;S
20241023;120939;3.8;100;11330240452;B
20241023;120941;3.799;100;11330240755;S
20241023;120941;3.799;700;11330240756;S
20241023;120941;3.799;100;11330240757;S
20241023;120941;3.799;700;11330240760;B
20241023;120941;3.799;700;11330240765;B
20241023;120941;3.799;700;11330240770;B
20241023;120941;3.799;700;11330240771;B
20241023;120941;3.799;700;11330240772;B
20241023;120942;3.799;700;11330240776;B
20241023;120942;3.799;700;11330240778;B
20241023;120947;3.799;100;11330241340;B
20241023;120950;3.799;100;11330241561;B
20241023;120950;3.8;100;11330241562;B
20241023;120952;3.8;100;11330241779;B
20241023;120952;3.8;1300;11330241791;B
20241023;120955;3.799;100;11330242111;S
20241023;121011;3.8;100;11330243788;B
20241023;121022;3.799;10100;11330244837;S
20241023;121022;3.799;1100;11330244914;S
20241023;121022;3.799;100;11330245047;S
20241023;121022;3.799;5200;11330245048;S
20241023;121032;3.8;200;11330246165;B
20241023;121037;3.8;100;11330246874;B
20241023;121042;3.8;100;11330247478;B
20241023;121044;3.8;300;11330247755;B
20241023;121046;3.8;300;11330247961;B
20241023;121102;3.8;6800;11330249794;B
20241023;121110;3.8;100;11330250620;B
20241023;121119;3.799;500;11330251539;S
20241023;121121;3.8;200;11330251873;B
20241023;121122;3.8;100;11330251931;B
20241023;121130;3.8;100;11330252676;B
20241023;121130;3.8;100;11330252690;B
20241023;121134;3.799;200;11330253001;S
20241023;121148;3.8;100;11330254494;B
20241023;121203;3.799;600;11330256022;S
20241023;121203;3.799;100;11330256023;S
20241023;121203;3.799;100;11330256024;S
20241023;121203;3.799;100;11330256025;S
20241023;121203;3.7985;2000;11330256026;S
20241023;121209;3.8;200;11330256883;B
20241023;121213;3.8;100;11330257413;B
20241023;121214;3.7985;2000;11330257557;S
20241023;121214;3.7995;100;11330257600;B
20241023;121215;3.7985;100;11330257839;S
20241023;121215;3.7995;100;11330257882;B
20241023;121217;3.7985;1300;11330258185;S
20241023;121220;3.7995;100;11330258691;B
20241023;121221;3.7995;1000;11330258847;B
20241023;121223;3.7995;500;11330259094;B
20241023;121229;3.7995;8700;11330259885;B
20241023;121231;3.7985;700;11330260261;S
20241023;121231;3.7985;1000;11330260303;S
20241023;121231;3.7995;100;11330260377;B
20241023;121235;3.8;3900;11330260963;B
20241023;121241;3.8;15500;11330262657;B
20241023;121241;3.8;100;11330262658;B
20241023;121241;3.8;1000;11330262659;B
20241023;121241;3.8;11500;11330262660;B
20241023;121241;3.8;1700;11330262661;B
20241023;121241;3.8;2000;11330262662;B
20241023;121241;3.8;200;11330262663;B
20241023;121241;3.8;12000;11330262664;B
20241023;121241;3.8;200;11330262665;B
20241023;121241;3.8;1600;11330262666;B
20241023;121241;3.8;2700;11330262667;B
20241023;121241;3.8;1000;11330262668;B
20241023;121241;3.8;3000;11330262669;B
20241023;121241;3.8;2000;11330262670;B
20241023;121241;3.8;300;11330262671;B
20241023;121241;3.8;3500;11330262672;B
20241023;121241;3.8;700;11330262673;B
20241023;121241;3.8;81000;11330262674;B
20241023;121244;3.8;100;11330263086;B
20241023;121248;3.8;100;11330263554;B
20241023;121250;3.8;500;11330263802;B
20241023;121255;3.7995;100;11330265057;B
20241023;121255;3.7995;100;11330265080;B
20241023;121256;3.799;500;11330265150;S
20241023;121258;3.7995;100;11330265424;B
20241023;121301;3.7995;100;11330265830;B
20241023;121305;3.7995;200;11330266258;B
20241023;121309;3.7985;100;11330266928;S
20241023;121309;3.7995;500;11330266948;B
20241023;121310;3.7995;100;11330266981;B
20241023;121311;3.7995;300;11330267209;B
20241023;121313;3.7995;400;11330267430;B
20241023;121315;3.7985;200;11330267641;S
20241023;121323;3.8;200;11330268529;B
20241023;121323;3.8;100;11330268582;B
20241023;121328;3.8;100;11330269000;B
20241023;121329;3.7995;500;11330269142;S
20241023;121329;3.7995;200;11330269143;S
20241023;121334;3.799;1500;11330269721;S
20241023;121334;3.799;13700;11330269722;S
20241023;121334;3.7985;9000;11330269723;S
20241023;121336;3.8;100;11330270254;B
20241023;121336;3.8;100;11330270412;B
20241023;121340;3.8;100;11330270798;B
20241023;121342;3.8;100;11330271218;B
20241023;121344;3.8;100;11330271350;B
20241023;121345;3.799;900;11330271464;S
20241023;121350;3.8;100;11330272974;B
20241023;121355;3.7995;6400;11330273968;S
20241023;121358;3.8;200;11330274335;B
20241023;121358;3.7995;1600;11330274381;S
20241023;121359;3.8;100;11330274541;B
20241023;121400;3.8;23900;11330274647;B
20241023;121403;3.8;100;11330275052;B
20241023;121403;3.7995;300;11330275081;S
20241023;121403;3.8;300;11330275082;B
20241023;121408;3.8;500;11330275697;B
20241023;121409;3.8;100;11330275763;B
20241023;121409;3.8;100;11330275879;B
20241023;121413;3.8;100;11330276352;B
20241023;121414;3.8;8500;11330276535;B
20241023;121418;3.8;2000;11330276837;B
20241023;121429;3.8;100;11330278841;B
20241023;121433;3.7995;2500;11330279693;S
20241023;121438;3.8;200;11330280166;B
20241023;121443;3.8;18100;11330280688;B
20241023;121443;3.8;6600;11330280689;B
20241023;121443;3.8;6600;11330280690;B
20241023;121446;3.8;200;11330281196;B
20241023;121447;3.799;1000;11330281301;S
20241023;121447;3.799;1100;11330281440;S
20241023;121448;3.799;400;11330281566;S
20241023;121448;3.799;600;11330281567;S
20241023;121449;3.7985;1100;11330281692;S
20241023;121449;3.7985;1100;11330281827;S
20241023;121450;3.7985;1000;11330282035;S
20241023;121451;3.799;1100;11330282253;S
20241023;121451;3.7985;1000;11330282465;S
20241023;121454;3.8;100;11330282869;B
20241023;121454;3.7985;1100;11330282904;S
20241023;121454;3.8;100;11330282940;B
20241023;121501;3.7985;1000;11330283622;S
20241023;121502;3.8;200;11330283941;B
20241023;121503;3.7985;1100;11330283994;S
20241023;121503;3.7985;300;11330284079;S
20241023;121506;3.7985;3900;11330284869;S
20241023;121506;3.7985;600;11330284870;S
20241023;121506;3.7985;100;11330284871;S
20241023;121515;3.7985;1300;11330285738;B
20241023;121517;3.7995;100;11330285968;B
20241023;121523;3.798;100;11330287054;S
20241023;121533;3.7985;200;11330288166;B
20241023;121536;3.7985;100;11330288538;B
20241023;121540;3.798;2400;11330289117;S
20241023;121540;3.7975;300;11330289118;S
20241023;121540;3.7975;300;11330289119;S
20241023;121541;3.798;500;11330289220;B
20241023;121542;3.7975;1500;11330289401;S
20241023;121545;3.7975;1100;11330289789;S
20241023;121550;3.7975;500;11330290481;B
20241023;121552;3.7975;400;11330291078;B
20241023;121555;3.7975;500;11330291383;B
20241023;121556;3.7975;600;11330291532;B
20241023;121558;3.7975;1700;11330291780;B
20241023;121558;3.7985;4300;11330291781;B
20241023;121558;3.7995;900;11330291796;B
20241023;121606;3.7985;400;11330292935;S
20241023;121611;3.7995;1000;11330293876;B
20241023;121613;3.7985;200;11330294117;S
20241023;121618;3.8;100;11330294789;B
20241023;121618;3.7985;800;11330294854;S
20241023;121618;3.798;3700;11330294855;S
20241023;121618;3.7975;100;11330294856;S
20241023;121618;3.7975;1000;11330294857;S
20241023;121618;3.7975;3700;11330294858;S
20241023;121618;3.7975;4000;11330294859;S
20241023;121618;3.797;200;11330294860;S
20241023;121618;3.797;1700;11330294861;S
20241023;121626;3.7995;100;11330295757;B
20241023;121627;3.7995;400;11330295931;B
20241023;121630;3.7975;3800;11330296319;S
20241023;121630;3.7975;300;11330296320;S
20241023;121630;3.797;4100;11330296321;S
20241023;121636;3.797;200;11330297693;S
20241023;121638;3.7995;200;11330298131;B
20241023;121641;3.7995;200;11330298814;B
20241023;121657;3.7995;1000;11330301106;B
20241023;121705;3.7995;100;11330302301;B
20241023;121707;3.7995;700;11330302567;B
20241023;121715;3.7995;300;11330303417;B
20241023;121717;3.7975;300;11330303586;S
20241023;121717;3.7975;200;11330303587;S
20241023;121717;3.797;1000;11330303588;S
20241023;121717;3.797;6000;11330303589;S
20241023;121722;3.797;200;11330304064;S
20241023;121722;3.797;300;11330304065;S
20241023;121722;3.797;700;11330304066;S
20241023;121723;3.7995;100;11330304146;B
20241023;121729;3.7995;100;11330304721;B
20241023;121731;3.797;100;11330304905;S
20241023;121737;3.799;100;11330305475;B
20241023;121742;3.7965;300;11330306087;S
20241023;121748;3.7985;500;11330306745;B
20241023;121749;3.7985;300;11330306911;B
20241023;121757;3.7995;100;11330308118;B
20241023;121804;3.7995;200;11330308840;B
20241023;121813;3.7995;100;11330309910;B
20241023;121814;3.7995;100;11330309976;B
20241023;121825;3.7995;300;11330311092;B
20241023;121825;3.7995;200;11330311093;B
20241023;121827;3.7975;200;11330311325;S
20241023;121832;3.7995;100;11330311892;B
20241023;121833;3.7995;100;11330311938;B
20241023;121833;3.7975;200;11330311952;S
20241023;121842;3.7975;300;11330312794;S
20241023;121843;3.7975;500;11330313003;S
20241023;121844;3.7975;2100;11330313219;S
20241023;121853;3.797;100;11330314110;S
20241023;121855;3.7975;100;11330314266;B
20241023;121855;3.7975;100;11330314267;B
20241023;121856;3.7975;100;11330314363;B
20241023;121857;3.7975;200;11330314489;B
20241023;121857;3.797;100;11330314611;S
20241023;121857;3.797;100;11330314612;S
20241023;121857;3.797;6900;11330314613;S
20241023;121858;3.797;500;11330314721;S
20241023;121858;3.797;5200;11330314784;S
20241023;121858;3.797;900;11330314825;S
20241023;121858;3.797;200;11330314944;S
20241023;121859;3.797;8100;11330315161;S
20241023;121900;3.7975;5000;11330315237;B
20241023;121906;3.7975;1600;11330315921;B
20241023;121907;3.7975;100;11330316094;B
20241023;121910;3.797;100;11330316443;S
20241023;121917;3.7975;200;11330317186;B
20241023;121921;3.7975;400;11330317555;B
20241023;121922;3.7975;200;11330317700;B
20241023;121926;3.797;500;11330318123;S
20241023;121927;3.797;200;11330318335;S
20241023;121931;3.797;100;11330318793;S
20241023;121937;3.797;500;11330319406;S
20241023;121937;3.7975;100;11330319459;B
20241023;121940;3.7975;300;11330319734;B
20241023;121942;3.797;100;11330319971;S
20241023;121942;3.7975;100;11330320038;B
20241023;121946;3.7975;300;11330320859;B
20241023;121948;3.7975;1000;11330321025;B
20241023;121950;3.797;200;11330321208;S
20241023;121951;3.7975;100;11330321256;B
20241023;121956;3.797;200;11330321776;S
20241023;121957;3.7975;600;11330321897;B
20241023;122004;3.7975;500;11330322606;B
20241023;122016;3.7975;1000;11330324338;B
20241023;122019;3.797;100;11330325356;S
20241023;122021;3.797;4000;11330326285;S
20241023;122022;3.797;100;11330326623;S
20241023;122022;3.797;100;11330326688;S
20241023;122024;3.7975;900;11330327681;B
20241023;122025;3.797;100;11330328020;S
20241023;122025;3.7975;500;11330328130;B
20241023;122027;3.7975;100;11330329047;B
20241023;122032;3.797;10200;11330331345;S
20241023;122033;3.797;1000;11330331657;S
20241023;122034;3.797;1100;11330331863;S
20241023;122034;3.797;1000;11330332091;S
20241023;122034;3.797;5000;11330332123;S
20241023;122035;3.797;1100;11330332364;S
20241023;122036;3.797;1000;11330332633;S
20241023;122036;3.797;1100;11330332841;S
20241023;122037;3.7975;100;11330333010;B
20241023;122037;3.797;1000;11330333109;S
20241023;122042;3.797;100;11330334407;S
20241023;122043;3.797;3000;11330334821;S
20241023;122044;3.7975;1500;11330335251;B
20241023;122054;3.7975;100;11330338880;B
20241023;122055;3.7975;100;11330339120;B
20241023;122056;3.7975;300;11330339462;B
20241023;122056;3.797;200;11330339469;S
20241023;122101;3.7975;100;11330341150;B
20241023;122102;3.797;3000;11330341463;S
20241023;122103;3.7975;200;11330341824;B
20241023;122108;3.7975;300;11330342782;B
20241023;122115;3.797;200;11330343658;S
20241023;122118;3.7975;100;11330344399;B
20241023;122127;3.7975;100;11330345650;B
20241023;122130;3.7975;1500;11330345952;B
20241023;122132;3.7975;200;11330346082;B
20241023;122134;3.7975;2500;11330346232;B
20241023;122134;3.797;9200;11330346275;S
20241023;122143;3.7975;200;11330347325;B
20241023;122144;3.7975;200;11330347405;B
20241023;122148;3.7975;1600;11330347851;B
20241023;122156;3.7975;100;11330348653;B
20241023;122157;3.7975;200;11330348884;B
20241023;122159;3.7975;100;11330349224;B
20241023;122202;3.797;200;11330349568;S
20241023;122202;3.797;1100;11330349686;S
20241023;122203;3.797;1000;11330349884;S
20241023;122206;3.797;1100;11330350453;S
20241023;122207;3.797;1100;11330350536;S
20241023;122208;3.797;1000;11330350638;S
20241023;122208;3.797;1100;11330350723;S
20241023;122209;3.797;1000;11330350822;S
20241023;122210;3.797;1100;11330350902;S
20241023;122210;3.797;1000;11330351031;S
20241023;122211;3.797;900;11330351128;S
20241023;122218;3.797;2000;11330351617;S
20241023;122220;3.7975;100;11330351797;B
20241023;122223;3.797;200;11330352048;S
20241023;122224;3.797;1000;11330352126;S
20241023;122224;3.7975;100;11330352159;B
20241023;122230;3.797;1000;11330352763;S
20241023;122235;3.7975;200;11330353273;B
20241023;122243;3.7975;500;11330354310;B
20241023;122245;3.797;100;11330354526;S
20241023;122248;3.7975;100;11330354802;B
20241023;122254;3.7975;400;11330355423;B
20241023;122305;3.7975;100;11330356587;B
20241023;122305;3.7975;800;11330356591;B
20241023;122311;3.7975;1000;11330357180;B
20241023;122315;3.7975;100;11330358340;B
20241023;122317;3.797;1300;11330358637;S
20241023;122317;3.797;48800;11330358642;S
20241023;122317;3.797;4800;11330358688;S
20241023;122317;3.797;3900;11330358760;S
20241023;122317;3.797;100;11330358761;S
20241023;122317;3.797;200;11330358762;S
20241023;122317;3.797;200;11330358763;S
20241023;122317;3.797;100;11330358764;S
20241023;122317;3.797;400;11330358822;S
20241023;122317;3.797;1000;11330358823;S
20241023;122317;3.797;100;11330358824;S
20241023;122317;3.7965;100;11330358888;S
20241023;122317;3.7965;1000;11330358889;S
20241023;122317;3.7965;100;11330358890;S
20241023;122317;3.7965;1800;11330358891;S
20241023;122317;3.796;100;11330358892;S
20241023;122317;3.796;5000;11330358893;S
20241023;122317;3.796;10000;11330359024;S
20241023;122317;3.796;2100;11330359025;S
20241023;122317;3.796;100;11330359026;S
20241023;122317;3.7955;5500;11330359027;S
20241023;122317;3.7955;1400;11330359028;S
20241023;122317;3.7955;700;11330359029;S
20241023;122317;3.795;300;11330359030;S
20241023;122317;3.795;500;11330359031;S
20241023;122317;3.795;100;11330359065;S
20241023;122318;3.795;1100;11330359178;S
20241023;122318;3.795;1000;11330359205;S
20241023;122318;3.795;300;11330359243;S
20241023;122318;3.795;3500;11330359296;S
20241023;122318;3.795;900;11330359388;S
20241023;122318;3.795;2800;11330359493;S
20241023;122319;3.795;300;11330359659;S
20241023;122319;3.795;300;11330359660;S
20241023;122319;3.795;500;11330359661;S
20241023;122319;3.7955;200;11330359683;B
20241023;122319;3.795;3100;11330359765;S
20241023;122320;3.795;1000;11330360000;S
20241023;122321;3.795;400;11330360060;S
20241023;122321;3.795;200;11330360061;S
20241023;122321;3.795;10000;11330360062;S
20241023;122321;3.795;300;11330360063;S
20241023;122321;3.795;300;11330360064;S
20241023;122321;3.7945;100;11330360065;S
20241023;122321;3.7945;500;11330360066;S
20241023;122321;3.7945;800;11330360067;S
20241023;122321;3.7935;100;11330360068;S
20241023;122321;3.7935;800;11330360069;S
20241023;122322;3.7935;3000;11330360240;S
20241023;122325;3.794;200;11330360633;B
20241023;122331;3.7935;200;11330361275;S
20241023;122335;3.794;300;11330361739;B
20241023;122336;3.794;500;11330361837;B
20241023;122337;3.794;800;11330361852;B
20241023;122353;3.794;300;11330363484;B
20241023;122359;3.794;100;11330363937;B
20241023;122405;3.7935;200;11330364437;S
20241023;122410;3.794;1200;11330364917;B
20241023;122419;3.7935;500;11330365802;S
20241023;122422;3.794;100;11330366260;B
20241023;122422;3.794;300;11330366268;B
20241023;122427;3.7935;500;11330366684;S
20241023;122429;3.794;100;11330366792;B
20241023;122430;3.7935;13500;11330366903;S
20241023;122430;3.7935;11300;11330366944;S
20241023;122430;3.7935;400;11330366945;S
20241023;122430;3.7935;100;11330366946;S
20241023;122430;3.7935;200;11330366947;S
20241023;122434;3.7935;200;11330367421;B
20241023;122440;3.7935;12200;11330368120;B
20241023;122440;3.7935;27800;11330368121;B
20241023;122447;3.7935;100;11330368745;B
20241023;122448;3.7935;100;11330368864;B
20241023;122449;3.7935;5000;11330368910;B
20241023;122500;3.793;1200;11330370195;S
20241023;122504;3.7935;100;11330370550;B
20241023;122506;3.7935;100;11330370731;B
20241023;122514;3.7935;100;11330371569;B
20241023;122514;3.7935;100;11330371577;B
20241023;122517;3.7935;100;11330371894;B
20241023;122527;3.793;600;11330372821;S
20241023;122531;3.7935;100;11330376160;B
20241023;122533;3.7935;600;11330377498;B
20241023;122533;3.793;1200;11330377558;S
20241023;122535;3.793;7000;11330380953;S
20241023;122554;3.7935;200;11330401909;B
20241023;122558;3.7935;500;11330405940;B
20241023;122600;3.7935;700;11330407248;B
20241023;122603;3.793;3400;11330411393;S
20241023;122609;3.7935;100;11330417163;B
20241023;122611;3.793;500;11330419500;S
20241023;122611;3.7935;100;11330420334;B
20241023;122615;3.793;1100;11330425014;S
20241023;122620;3.7935;100;11330429222;B
20241023;122621;3.793;10600;11330430951;S
20241023;122621;3.793;29400;11330430952;S
20241023;122631;3.793;10000;11330442040;S
20241023;122632;3.7935;500;11330443052;B
20241023;122633;3.7935;100;11330444565;B
20241023;122634;3.7935;300;11330445241;B
20241023;122634;3.7935;3000;11330446084;B
20241023;122650;3.7935;100;11330463670;B
20241023;122651;3.7935;100;11330465183;B
20241023;122652;3.7935;500;11330465979;B
20241023;122659;3.793;300;11330473878;S
20241023;122701;3.7935;500;11330475990;B
20241023;122705;3.7935;100;11330480560;B
20241023;122706;3.7935;100;11330481558;B
20241023;122706;3.7935;300;11330481966;B
20241023;122706;3.7935;1000;11330482089;B
20241023;122708;3.793;500;11330483612;S
20241023;122708;3.7935;6300;11330484200;B
20241023;122708;3.7935;100;11330484203;B
20241023;122713;3.7935;100;11330490101;B
20241023;122716;3.793;400;11330492469;S
20241023;122724;3.7935;100;11330499987;B
20241023;122728;3.7935;100;11330500326;B
20241023;122730;3.793;200;11330500510;S
20241023;122733;3.793;900;11330500857;S
20241023;122735;3.7935;700;11330500990;B
20241023;122736;3.793;15200;11330501162;S
20241023;122736;3.793;1000;11330501231;S
20241023;122737;3.793;100;11330501396;S
20241023;122737;3.793;1000;11330501397;S
20241023;122743;3.793;300;11330503137;S
20241023;122744;3.7935;400;11330503203;B
20241023;122747;3.793;600;11330503594;S
20241023;122750;3.7935;100;11330504063;B
20241023;122756;3.793;4900;11330504661;S
20241023;122806;3.7935;3000;11330506400;B
20241023;122808;3.7935;100;11330506620;B
20241023;122814;3.793;200;11330507601;S
20241023;122814;3.793;200;11330507604;S
20241023;122815;3.793;200;11330507608;S
20241023;122815;3.793;200;11330507615;S
20241023;122815;3.793;200;11330507621;S
20241023;122815;3.793;200;11330507640;S
20241023;122815;3.793;200;11330507665;S
20241023;122815;3.793;100;11330507676;S
20241023;122819;3.7935;100;11330508148;B
20241023;122824;3.7935;100;11330508797;B
20241023;122824;3.7935;100;11330508817;B
20241023;122824;3.7935;800;11330508818;B
20241023;122826;3.7935;500;11330509090;B
20241023;122829;3.7935;100;11330509572;B
20241023;122839;3.7935;100;11330511180;B
20241023;122841;3.7935;200;11330511338;B
20241023;122843;3.7935;100;11330511507;B
20241023;122848;3.7935;100;11330511934;B
20241023;122850;3.7935;100;11330512224;B
20241023;122853;3.7935;2100;11330512564;B
20241023;122856;3.7935;100;11330513016;B
20241023;122857;3.7935;1000;11330513100;B
20241023;122900;3.7935;500;11330513495;B
20241023;122914;3.793;6500;11330515092;S
20241023;122923;3.7935;3000;11330515882;B
20241023;122927;3.793;3000;11330516258;S
20241023;122933;3.7935;100;11330516883;B
20241023;122934;3.7935;3000;11330516974;B
20241023;122935;3.793;200;11330517306;S
20241023;122937;3.7935;100;11330517440;B
20241023;122938;3.793;3000;11330517543;S
20241023;122939;3.7935;200;11330517594;B
20241023;122940;3.7935;100;11330517717;B
20241023;122951;3.7935;300;11330518695;B
20241023;122953;3.7935;1000;11330518894;B
20241023;122957;3.793;1000;11330519132;S
20241023;122957;3.793;2800;11330519149;S
20241023;122958;3.7935;100;11330519255;B
20241023;122959;3.793;200;11330519284;S
20241023;123003;3.7935;100;11330519853;B
20241023;123009;3.793;1000;11330520273;S
20241023;123009;3.793;100;11330520274;S
20241023;123011;3.793;1000;11330520497;S
20241023;123011;3.793;500;11330520526;S
20241023;123011;3.793;1100;11330520610;S
20241023;123012;3.793;1000;11330520720;S
20241023;123012;3.793;100;11330520721;S
20241023;123012;3.793;100;11330520722;S
20241023;123012;3.793;1000;11330520723;S
20241023;123012;3.793;500;11330520724;S
20241023;123012;3.793;100;11330520725;S
20241023;123012;3.793;100;11330520726;S
20241023;123012;3.793;500;11330520727;S
20241023;123013;3.7935;500;11330520758;B
20241023;123015;3.793;500;11330520984;S
20241023;123018;3.7935;100;11330521357;B
20241023;123030;3.7935;500;11330522492;B
20241023;123033;3.7935;100;11330522883;B
20241023;123033;3.793;500;11330522892;S
20241023;123034;3.7935;100;11330523024;B
20241023;123042;3.7935;100;11330523781;B
20241023;123044;3.7935;200;11330523896;B
20241023;123050;3.793;5700;11330524490;S
20241023;123056;3.7935;1000;11330525085;B
20241023;123058;3.7935;100;11330525218;B
20241023;123102;3.7935;200;11330525667;B
20241023;123109;3.7935;100;11330526217;B
20241023;123121;3.7935;100;11330527253;B
20241023;123121;3.7935;100;11330527263;B
20241023;123123;3.793;100;11330527457;S
20241023;123125;3.7935;100;11330527593;B
20241023;123137;3.7935;100;11330528756;B
20241023;123147;3.7935;100;11330530002;B
20241023;123158;3.793;1000;11330531035;S
20241023;123206;3.7935;100;11330531753;B
20241023;123220;3.7935;100;11330533217;B
20241023;123227;3.7935;100;11330533734;B
20241023;123231;3.7935;200;11330534062;B
20241023;123232;3.7935;100;11330534149;B
20241023;123246;3.7935;200;11330535835;B
20241023;123249;3.7935;100;11330536174;B
20241023;123249;3.793;100;11330536219;S
20241023;123250;3.7935;1000;11330536502;B
20241023;123251;3.7935;500;11330536596;B
20241023;123251;3.793;1900;11330536626;S
20241023;123256;3.793;200;11330537171;S
20241023;123305;3.793;400;11330538003;S
20241023;123306;3.7935;300;11330538096;B
20241023;123307;3.793;300;11330538310;S
20241023;123310;3.7935;100;11330538935;B
20241023;123311;3.7935;300;11330539090;B
20241023;123312;3.7935;100;11330539115;B
20241023;123312;3.7935;500;11330539128;B
20241023;123319;3.793;1100;11330539958;S
20241023;123324;3.793;100;11330540356;S
20241023;123324;3.793;300;11330540461;S
20241023;123326;3.7935;100;11330540674;B
20241023;123329;3.793;900;11330540870;S
20241023;123330;3.793;1600;11330541094;S
20241023;123331;3.7935;500;11330541215;B
20241023;123334;3.7935;100;11330541433;B
20241023;123347;3.7935;1300;11330543186;B
20241023;123349;3.793;2000;11330543392;S
20241023;123352;3.793;800;11330543660;S
20241023;123354;3.7935;100;11330543933;B
20241023;123356;3.7935;300;11330544097;B
20241023;123356;3.7935;100;11330544150;B
20241023;123357;3.7935;1000;11330544217;B
20241023;123406;3.7935;100;11330545014;B
20241023;123407;3.793;500;11330545069;S
20241023;123412;3.793;100;11330545559;S
20241023;123415;3.7935;100;11330545909;B
20241023;123416;3.7935;500;11330546029;B
20241023;123419;3.7935;5600;11330547050;B
20241023;123419;3.7935;1000;11330547051;B
20241023;123419;3.7935;100;11330547052;B
20241023;123419;3.7935;4200;11330547053;B
20241023;123419;3.794;100;11330547054;B
20241023;123419;3.794;500;11330547055;B
20241023;123419;3.7945;500;11330547056;B
20241023;123421;3.7945;200;11330547384;B
20241023;123426;3.7945;500;11330547907;B
20241023;123428;3.7935;100;11330548153;S
20241023;123428;3.7935;100;11330548154;S
20241023;123431;3.794;100;11330549121;B
20241023;123434;3.794;500;11330549412;B
20241023;123439;3.7935;100;11330550529;S
20241023;123439;3.793;100;11330550530;S
20241023;123442;3.794;200;11330551070;S
20241023;123446;3.794;200;11330551522;B
20241023;123446;3.7945;300;11330551523;B
20241023;123448;3.7945;1000;11330551772;B
20241023;123448;3.795;100;11330551773;B
20241023;123459;3.7945;900;11330553272;B
20241023;123459;3.795;100;11330553273;B
20241023;123506;3.7945;500;11330554245;B
20241023;123509;3.7945;200;11330554681;B
20241023;123512;3.7945;200;11330555013;B
20241023;123532;3.7935;500;11330557046;B
20241023;123539;3.7945;100;11330557930;B
20241023;123541;3.793;1300;11330558054;S
20241023;123541;3.7935;1100;11330558111;S
20241023;123541;3.7935;6200;11330558112;S
20241023;123544;3.7935;200;11330558645;S
20241023;123550;3.7955;100;11330559419;B
20241023;123558;3.794;1100;11330560221;S
20241023;123602;3.7945;2500;11330560586;B
20241023;123602;3.7955;700;11330560587;B
20241023;123602;3.796;1800;11330560588;B
20241023;123605;3.7955;100;11330560956;B
20241023;123619;3.7955;100;11330562051;B
20241023;123636;3.7955;100;11330563516;B
20241023;123641;3.7955;600;11330563929;B
20241023;123641;3.7955;500;11330563930;B
20241023;123644;3.7955;300;11330564216;B
20241023;123645;3.7955;100;11330564237;B
20241023;123653;3.7955;100;11330564800;B
20241023;123704;3.7955;300;11330565861;B
20241023;123713;3.7955;100;11330566687;B
20241023;123722;3.7935;100;11330567499;S
20241023;123722;3.7935;100;11330567500;S
20241023;123722;3.7935;2300;11330567501;S
20241023;123744;3.7955;100;11330569682;B
20241023;123802;3.795;200;11330571432;B
20241023;123809;3.794;100;11330572239;B
20241023;123811;3.7935;100;11330572443;S
20241023;123811;3.795;100;11330572455;B
20241023;123815;3.7935;2700;11330572802;B
20241023;123819;3.7935;100;11330573210;B
20241023;123823;3.7935;300;11330573578;B
20241023;123823;3.795;200;11330573579;B
20241023;123844;3.793;100;11330575560;S
20241023;123857;3.7945;100;11330576701;B
20241023;123857;3.795;5300;11330576702;B
20241023;123905;3.795;100;11330577515;B
20241023;123914;3.795;1300;11330578245;B
20241023;123915;3.795;200;11330578379;B
20241023;123920;3.795;100;11330579048;B
20241023;123928;3.795;100;11330579647;B
20241023;123929;3.795;100;11330579759;B
20241023;123942;3.7945;100;11330581073;S
20241023;123944;3.795;100;11330581343;B
20241023;123944;3.7955;100;11330581344;B
20241023;123956;3.7955;200;11330582602;B
20241023;124009;3.7955;1900;11330583735;B
20241023;124009;3.7955;100;11330583752;B
20241023;124009;3.7955;100;11330583753;B
20241023;124016;3.796;3000;11330584483;B
20241023;124021;3.796;200;11330584962;B
20241023;124023;3.796;100;11330585147;B
20241023;124024;3.796;600;11330585249;B
20241023;124045;3.796;100;11330586916;B
20241023;124046;3.796;200;11330587015;B
20241023;124046;3.796;2000;11330587016;B
20241023;124046;3.796;10000;11330587017;B
20241023;124046;3.796;1800;11330587018;B
20241023;124046;3.7965;500;11330587019;B
20241023;124046;3.797;2500;11330587023;B
20241023;124046;3.797;100;11330587065;B
20241023;124101;3.797;400;11330588916;B
20241023;124101;3.7975;5000;11330588917;B
20241023;124101;3.798;4000;11330588918;B
20241023;124101;3.798;400;11330588919;B
20241023;124101;3.7985;3300;11330588920;B
20241023;124102;3.798;400;11330589035;B
20241023;124102;3.799;500;11330589036;B
20241023;124104;3.799;500;11330589232;B
20241023;124106;3.796;1100;11330589406;S
20241023;124111;3.799;100;11330589821;B
20241023;124111;3.799;1000;11330589823;B
20241023;124113;3.799;700;11330590071;B
20241023;124117;3.796;100;11330590740;S
20241023;124118;3.7985;100;11330590824;B
20241023;124128;3.7985;100;11330591761;B
20241023;124138;3.7985;100;11330592722;B
20241023;124138;3.7985;100;11330592723;B
20241023;124138;3.799;200;11330592724;B
20241023;124139;3.799;100;11330592872;B
20241023;124152;3.7985;300;11330594116;B
20241023;124200;3.7985;100;11330594991;B
20241023;124222;3.7985;100;11330597306;B
20241023;124227;3.7985;12300;11330597985;B
20241023;124227;3.7985;800;11330597986;B
20241023;124229;3.7985;3000;11330598181;B
20241023;124243;3.7965;100;11330599364;S
20241023;124244;3.7965;200;11330599452;S
20241023;124248;3.7985;200;11330599722;B
20241023;124252;3.7985;300;11330600083;B
20241023;124301;3.7965;200;11330600980;S
20241023;124301;3.7965;12900;11330600981;S
20241023;124324;3.7985;600;11330603358;B
20241023;124330;3.7985;300;11330603802;B
20241023;124334;3.7985;500;11330604182;B
20241023;124334;3.7985;400;11330604232;B
20241023;124343;3.7985;200;11330604935;B
20241023;124347;3.7985;200;11330605291;B
20241023;124414;3.7985;200;11330607888;B
20241023;124419;3.797;100;11330608378;S
20241023;124428;3.7985;1400;11330609283;B
20241023;124431;3.7985;1100;11330609504;B
20241023;124435;3.7985;200;11330609874;B
20241023;124435;3.797;400;11330609949;S
20241023;124435;3.797;100;11330609950;S
20241023;124435;3.797;100;11330609951;S
20241023;124435;3.7965;2600;11330609952;S
20241023;124438;3.7985;100;11330610344;B
20241023;124443;3.7985;100;11330610745;B
20241023;124443;3.7985;100;11330610786;B
20241023;124446;3.7985;100;11330610988;B
20241023;124454;3.7985;100;11330611512;B
20241023;124454;3.7985;100;11330611523;B
20241023;124501;3.7985;100;11330612140;B
20241023;124502;3.7985;200;11330612221;B
20241023;124508;3.797;100;11330612683;S
20241023;124516;3.7985;500;11330613270;B
20241023;124555;3.7985;500;11330617807;B
20241023;124555;3.797;300;11330617846;S
20241023;124601;3.798;100;11330618441;B
20241023;124601;3.7985;400;11330618442;B
20241023;124614;3.7985;500;11330619764;B
20241023;124616;3.7985;400;11330619932;B
20241023;124621;3.7985;200;11330620309;B
20241023;124635;3.7985;600;11330621814;B
20241023;124639;3.797;100;11330622222;S
20241023;124639;3.797;200;11330622223;S
20241023;124639;3.7965;1800;11330622224;S
20241023;124650;3.7985;100;11330622952;B
20241023;124704;3.798;100;11330624119;B
20241023;124704;3.7985;300;11330624120;B
20241023;124726;3.7985;100;11330625870;B
20241023;124738;3.7985;7300;11330627460;B
20241023;124738;3.7985;3000;11330627461;B
20241023;124738;3.7985;2200;11330627462;B
20241023;124753;3.7965;10000;11330628923;S
20241023;124759;3.798;700;11330630691;B
20241023;124759;3.798;1000;11330630697;B
20241023;124803;3.798;100;11330631077;B
20241023;124811;3.7975;100;11330631709;S
20241023;124811;3.798;400;11330631800;B
20241023;124818;3.798;1000;11330632478;B
20241023;124823;3.797;2000;11330633289;S
20241023;124827;3.797;1500;11330633670;B
20241023;124827;3.798;900;11330633671;B
20241023;124833;3.798;300;11330635606;B
20241023;124835;3.7985;700;11330635799;B
20241023;124847;3.7985;300;11330636851;B
20241023;124849;3.7985;100;11330636998;B
20241023;124849;3.7985;1200;11330637025;B
20241023;124855;3.7985;1600;11330637401;B
20241023;124856;3.7985;100;11330637473;B
20241023;124904;3.7985;1400;11330638234;B
20241023;124910;3.7985;200;11330638766;B
20241023;124923;3.7985;300;11330639976;B
20241023;124926;3.7985;100;11330640323;B
20241023;124952;3.798;100;11330642867;B
20241023;124957;3.798;1000;11330643482;B
20241023;124958;3.798;500;11330643628;B
20241023;124958;3.798;500;11330643704;B
20241023;125007;3.798;1000;11330644482;B
20241023;125014;3.798;200;11330645127;B
20241023;125017;3.798;200;11330645419;B
20241023;125025;3.798;100;11330646180;B
20241023;125043;3.798;100;11330648040;B
20241023;125044;3.7975;100;11330648146;S
20241023;125045;3.7975;100;11330648250;B
20241023;125050;3.7975;300;11330648665;B
20241023;125111;3.7975;300;11330650850;B
20241023;125114;3.7975;100;11330651200;B
20241023;125126;3.7975;100;11330653039;B
20241023;125129;3.797;200;11330653423;S
20241023;125129;3.7965;100;11330653424;S
20241023;125137;3.797;100;11330654920;S
20241023;125138;3.7975;500;11330655003;B
20241023;125150;3.7975;300;11330656974;B
20241023;125204;3.7975;900;11330658923;B
20241023;125205;3.7975;100;11330658992;B
20241023;125208;3.797;100;11330659479;S
20241023;125212;3.797;100;11330659854;S
20241023;125223;3.7975;100;11330661279;B
20241023;125233;3.7975;100;11330662575;B
20241023;125242;3.7975;100;11330663708;B
20241023;125244;3.7975;100;11330664005;B
20241023;125259;3.7975;200;11330665471;B
20241023;125316;3.797;100;11330666928;S
20241023;125316;3.797;100;11330666929;S
20241023;125316;3.797;100;11330666930;S
20241023;125316;3.797;100;11330666931;S
20241023;125317;3.7975;100;11330667003;B
20241023;125324;3.7975;100;11330667533;B
20241023;125325;3.7975;100;11330667647;B
20241023;125337;3.797;100;11330668958;S
20241023;125337;3.7975;700;11330668970;B
20241023;125338;3.7975;100;11330669030;B
20241023;125340;3.7965;10600;11330669408;S
20241023;125341;3.7965;1200;11330669663;S
20241023;125341;3.7965;500;11330669767;S
20241023;125341;3.7965;8800;11330669837;S
20241023;125342;3.7965;900;11330670083;S
20241023;125342;3.7965;600;11330670150;S
20241023;125342;3.7965;1200;11330670321;S
20241023;125342;3.7965;2000;11330670400;S
20241023;125343;3.7965;6000;11330670455;S
20241023;125343;3.7965;3200;11330670503;S
20241023;125343;3.7965;6500;11330670559;S
20241023;125343;3.7965;12200;11330670628;S
20241023;125343;3.7965;3800;11330670763;S
20241023;125343;3.7965;8000;11330670817;S
20241023;125343;3.7965;100;11330670827;S
20241023;125343;3.7965;1700;11330670889;S
20241023;125343;3.797;1600;11330670915;B
20241023;125346;3.797;100;11330671295;B
20241023;125347;3.797;100;11330671490;B
20241023;125357;3.7965;4000;11330672984;S
20241023;125409;3.797;500;11330674672;B
20241023;125412;3.797;100;11330674908;B
20241023;125417;3.7965;100;11330675636;S
20241023;125423;3.7965;100;11330676935;S
20241023;125452;3.7965;9200;11330679755;S
20241023;125458;3.797;300;11330680331;B
20241023;125501;3.797;300;11330680793;B
20241023;125502;3.7965;400;11330680898;S
20241023;125509;3.797;200;11330681766;B
20241023;125510;3.797;300;11330681901;B
20241023;125517;3.7965;200;11330682576;S
20241023;125517;3.797;500;11330682614;B
20241023;125517;3.797;100;11330682617;B
20241023;125527;3.797;2700;11330683678;B
20241023;125528;3.797;1300;11330683746;B
20241023;125532;3.7965;21700;11330684156;S
20241023;125532;3.7965;6600;11330684253;S
20241023;125539;3.797;500;11330685076;B
20241023;125549;3.797;100;11330686248;B
20241023;125550;3.7965;2000;11330686321;S
20241023;125600;3.797;100;11330687438;B
20241023;125607;3.797;500;11330688198;B
20241023;125620;3.797;200;11330689582;B
20241023;125629;3.797;100;11330690422;B
20241023;125630;3.7965;20000;11330690488;S
20241023;125632;3.797;400;11330690622;B
20241023;125633;3.7965;4000;11330690784;S
20241023;125635;3.7965;800;11330690996;S
20241023;125637;3.7965;50000;11330691357;S
20241023;125637;3.7965;36200;11330691358;S
20241023;125637;3.7965;2600;11330691359;S
20241023;125637;3.7965;100;11330691360;S
20241023;125637;3.7965;100;11330691361;S
20241023;125637;3.7965;500;11330691362;S
20241023;125637;3.7965;100;11330691363;S
20241023;125640;3.7965;200;11330691722;B
20241023;125647;3.796;200;11330692368;S
20241023;125648;3.796;100;11330692462;S
20241023;125649;3.796;500;11330692527;S
20241023;125649;3.796;100;11330692528;S
20241023;125649;3.796;100;11330692529;S
20241023;125649;3.795;100;11330692574;S
20241023;125649;3.795;100;11330692575;S
20241023;125649;3.795;100;11330692576;S
20241023;125649;3.795;4500;11330692577;S
20241023;125649;3.795;100;11330692578;S
20241023;125649;3.794;100;11330692583;S
20241023;125649;3.794;100;11330692584;S
20241023;125649;3.794;100;11330692585;S
20241023;125649;3.794;100;11330692586;S
20241023;125650;3.7935;1000;11330692699;S
20241023;125650;3.7935;100;11330692700;S
20241023;125650;3.7935;2500;11330692701;S
20241023;125657;3.7935;16000;11330693458;S
20241023;125705;3.7935;200;11330694248;S
20241023;125707;3.794;100;11330694405;B
20241023;125712;3.794;10100;11330694936;B
20241023;125712;3.794;3200;11330694937;B
20241023;125714;3.7935;700;11330695107;S
20241023;125716;3.794;19700;11330695323;B
20241023;125730;3.7945;1000;11330697221;B
20241023;125746;3.794;5300;11330698682;S
20241023;125751;3.794;1100;11330699249;S
20241023;125753;3.794;800;11330699506;S
20241023;125753;3.794;800;11330699541;S
20241023;125753;3.794;900;11330699581;S
20241023;125753;3.794;800;11330699629;S
20241023;125753;3.794;900;11330699666;S
20241023;125804;3.794;100;11330700802;S
20241023;125819;3.795;100;11330702089;B
20241023;125836;3.794;200;11330703516;S
20241023;125846;3.7945;100;11330705491;B
20241023;125848;3.7945;100;11330705655;B
20241023;125854;3.7945;1000;11330706296;B
20241023;125858;3.7945;400;11330706506;B
20241023;125904;3.794;200;11330707129;S
20241023;125910;3.7945;700;11330707633;B
20241023;125915;3.794;100;11330708198;S
20241023;125917;3.7945;100;11330708392;B
20241023;125918;3.7945;200;11330708509;B
20241023;125920;3.7945;100;11330708653;B
20241023;125923;3.7945;500;11330709154;B
20241023;125925;3.7945;2600;11330709335;B
20241023;125925;3.7945;2500;11330709336;B
20241023;125925;3.7945;100;11330709337;B
20241023;125949;3.796;100;11330711873;B
20241023;125953;3.7955;47400;11330712300;S
20241023;125953;3.7955;12400;11330712301;S
20241023;125953;3.7955;500;11330712354;B
20241023;125959;3.7955;20100;11330712880;B
20241023;130002;3.795;3000;11330713354;S
20241023;130002;3.795;2300;11330713481;S
20241023;130002;3.795;1000;11330713482;S
20241023;130002;3.7945;800;11330713483;S
20241023;130002;3.7945;1000;11330713484;S
20241023;130002;3.7945;22300;11330713485;S
20241023;130002;3.794;11900;11330713486;S
20241023;130002;3.794;13200;11330713503;S
20241023;130008;3.794;1000;11330714474;S
20241023;130009;3.794;1100;11330714581;S
20241023;130010;3.7945;1500;11330714649;B
20241023;130010;3.794;1000;11330714670;S
20241023;130010;3.794;1100;11330714753;S
20241023;130011;3.794;1000;11330714907;S
20241023;130012;3.794;1100;11330715035;S
20241023;130012;3.7945;200;11330715066;B
20241023;130014;3.794;200;11330715271;S
20241023;130014;3.794;1100;11330715305;S
20241023;130014;3.794;1000;11330715339;S
20241023;130014;3.794;1100;11330715386;S
20241023;130018;3.794;1000;11330715830;S
20241023;130018;3.794;1000;11330715952;S
20241023;130019;3.794;1100;11330716085;S
20241023;130020;3.794;4100;11330716226;S
20241023;130020;3.794;1000;11330716286;S
20241023;130020;3.794;600;11330716524;S
20241023;130020;3.794;1000;11330716560;S
20241023;130021;3.794;1100;11330716753;S
20241023;130021;3.7945;100;11330716938;B
20241023;130022;3.794;1000;11330717060;S
20241023;130022;3.794;1100;11330717388;S
20241023;130023;3.794;100;11330717517;S
20241023;130026;3.794;1100;11330718204;S
20241023;130028;3.7945;100;11330718438;B
20241023;130029;3.794;8000;11330718657;S
20241023;130029;3.794;22300;11330718658;S
20241023;130029;3.794;1000;11330718782;S
20241023;130029;3.794;6500;11330718804;S
20241023;130030;3.794;1100;11330718994;S
20241023;130030;3.794;600;11330719056;S
20241023;130030;3.794;1100;11330719171;S
20241023;130030;3.794;17800;11330719280;S
20241023;130031;3.794;100;11330719366;S
20241023;130031;3.794;200;11330719448;S
20241023;130031;3.794;14300;11330719610;S
20241023;130031;3.794;7500;11330719669;S
20241023;130032;3.794;6100;11330719798;S
20241023;130034;3.794;14500;11330720320;S
20241023;130035;3.7945;100;11330720455;B
20241023;130049;3.7945;100;11330722935;B
20241023;130055;3.7945;100;11330724329;B
20241023;130055;3.7945;300;11330724403;B
20241023;130101;3.7945;1000;11330725060;B
20241023;130105;3.7945;600;11330725605;B
20241023;130108;3.7945;400;11330725870;B
20241023;130108;3.7945;100;11330725901;B
20241023;130115;3.7945;500;11330727782;B
20241023;130118;3.7945;100;11330728966;B
20241023;130122;3.7945;200;11330730269;B
20241023;130127;3.7945;100;11330731572;B
20241023;130140;3.7945;500;11330733861;B
20241023;130146;3.794;5000;11330734508;S
20241023;130146;3.7945;100;11330734520;B
20241023;130146;3.794;1500;11330734545;S
20241023;130149;3.794;8100;11330734948;S
20241023;130151;3.794;11200;11330735246;S
20241023;130157;3.7945;100;11330735783;B
20241023;130200;3.794;1200;11330736224;S
20241023;130201;3.7945;500;11330736241;B
20241023;130204;3.7945;100;11330736587;B
20241023;130209;3.7945;100;11330737201;B
20241023;130209;3.7945;100;11330737254;B
20241023;130215;3.7945;200;11330737870;B
20241023;130223;3.7945;200;11330738466;B
20241023;130227;3.7945;100;11330738809;B
20241023;130232;3.794;2600;11330739293;S
20241023;130239;3.7945;26600;11330740686;B
20241023;130242;3.7945;200;11330740949;B
20241023;130247;3.7945;1000;11330741270;B
20241023;130251;3.794;1100;11330741850;S
20241023;130255;3.7945;500;11330742205;B
20241023;130258;3.7945;100;11330742466;B
20241023;130322;3.7945;100;11330745234;B
20241023;130326;3.794;5000;11330745707;S
20241023;130334;3.7945;200;11330746533;B
20241023;130334;3.7945;100;11330746630;B
20241023;130335;3.794;2000;11330746785;S
20241023;130345;3.794;7100;11330748583;S
20241023;130347;3.794;2100;11330749365;S
20241023;130348;3.7945;100;11330749685;B
20241023;130350;3.7945;5000;11330749998;B
20241023;130404;3.7945;100;11330751857;B
20241023;130406;3.7945;100;11330751963;B
20241023;130406;3.7945;1000;11330751972;B
20241023;130408;3.794;26300;11330752312;S
20241023;130432;3.7945;600;11330754378;B
20241023;130442;3.7945;100;11330755534;B
20241023;130443;3.7945;1000;11330755608;B
20241023;130444;3.7945;100;11330755740;B
20241023;130452;3.7945;300;11330756660;B
20241023;130500;3.794;25000;11330757248;S
20241023;130500;3.794;20800;11330757249;S
20241023;130508;3.7945;300;11330758113;B
20241023;130511;3.794;100;11330758344;S
20241023;130511;3.794;400;11330758345;S
20241023;130514;3.7945;3000;11330758645;B
20241023;130519;3.7945;100;11330760009;B
20241023;130523;3.7945;100;11330760432;B
20241023;130523;3.794;100;11330760442;S
20241023;130532;3.7945;100;11330761252;B
20241023;130532;3.7945;100;11330761256;B
20241023;130532;3.7945;800;11330761264;B
20241023;130545;3.7945;2000;11330762431;B
20241023;130551;3.7945;100;11330763005;B
20241023;130556;3.7945;14600;11330763503;B
20241023;130556;3.7945;2400;11330763504;B
20241023;130556;3.7945;100;11330763505;B
20241023;130556;3.7945;21200;11330763506;B
20241023;130608;3.7955;100;11330764815;B
20241023;130619;3.7955;100;11330766023;B
20241023;130620;3.7955;16700;11330766106;B
20241023;130621;3.7955;100;11330766179;B
20241023;130624;3.7955;200;11330766749;B
20241023;130626;3.7955;400;11330767121;B
20241023;130627;3.7955;700;11330767204;B
20241023;130628;3.795;13400;11330767355;S
20241023;130630;3.7955;200;11330768209;B
20241023;130634;3.7955;200;11330768684;B
20241023;130642;3.7955;1000;11330770281;B
20241023;130649;3.795;28700;11330770865;S
20241023;130649;3.795;7200;11330770866;S
20241023;130700;3.7955;200;11330771902;B
20241023;130708;3.7955;300;11330772869;B
20241023;130719;3.7955;100;11330774136;B
20241023;130723;3.7955;100;11330774455;B
20241023;130723;3.7955;100;11330774481;B
20241023;130724;3.7955;100;11330774642;B
20241023;130740;3.7955;14200;11330776538;B
20241023;130748;3.7955;300;11330777556;B
20241023;130749;3.7955;8700;11330777643;B
20241023;130751;3.7955;100;11330778082;B
20241023;130752;3.7955;100;11330778131;B
20241023;130756;3.7955;100;11330778804;B
20241023;130757;3.7955;1400;11330778960;B
20241023;130804;3.7955;100;11330780169;B
20241023;130808;3.7955;600;11330781089;B
20241023;130811;3.7955;100;11330781494;B
20241023;130813;3.7955;100;11330781737;B
20241023;130828;3.795;100;11330783953;S
20241023;130830;3.7955;500;11330784179;B
20241023;130831;3.7955;4300;11330784328;B
20241023;130833;3.7955;1000;11330784455;B
20241023;130839;3.7955;100;11330784924;B
20241023;130842;3.7955;100;11330785533;B
20241023;130903;3.795;100;11330787954;S
20241023;130903;3.7945;100;11330787955;S
20241023;130903;3.794;2100;11330787956;S
20241023;130903;3.794;100;11330787957;S
20241023;130903;3.794;100;11330787958;S
20241023;130903;3.794;100;11330787959;S
20241023;130903;3.794;100;11330787960;S
20241023;130903;3.7945;2100;11330787962;S
20241023;130906;3.7945;500;11330788262;B
20241023;130911;3.7955;100;11330789011;B
20241023;130915;3.7955;100;11330789420;B
20241023;130920;3.7945;10600;11330789929;S
20241023;130925;3.7955;100;11330790815;B
20241023;130931;3.7955;100;11330791588;B
20241023;130934;3.7955;500;11330791919;B
20241023;130936;3.7955;500;11330792137;B
20241023;130939;3.7955;900;11330792729;B
20241023;130946;3.7955;300;11330793488;B
20241023;130958;3.7955;100;11330794834;B
20241023;131000;3.7945;900;11330795036;S
20241023;131017;3.7955;100;11330797109;B
20241023;131026;3.7945;100;11330798084;S
20241023;131028;3.7955;300;11330798264;B
20241023;131030;3.7945;600;11330798411;S
20241023;131031;3.7945;100;11330798467;B
20241023;131033;3.7945;100;11330798822;B
20241023;131042;3.7945;1800;11330799638;B
20241023;131050;3.7955;100;11330800405;B
20241023;131054;3.7955;5000;11330800824;B
20241023;131105;3.7955;100;11330801825;B
20241023;131105;3.7955;200;11330801838;B
20241023;131105;3.7955;300;11330801854;B
20241023;131130;3.7955;200;11330804071;B
20241023;131131;3.7945;100;11330804260;S
20241023;131138;3.7955;27000;11330804773;B
20241023;131141;3.7955;100;11330805032;B
20241023;131145;3.7955;1000;11330805284;B
20241023;131154;3.7955;100;11330805985;B
20241023;131212;3.7945;100;11330807865;S
20241023;131217;3.7955;100;11330808273;B
20241023;131218;3.7955;1000;11330808363;B
20241023;131223;3.7955;900;11330809279;B
20241023;131242;3.7955;500;11330812595;B
20241023;131248;3.7955;200;11330813288;B
20241023;131258;3.7955;100;11330814649;B
20241023;131302;3.795;100;11330815239;S
20241023;131303;3.795;200;11330815497;S
20241023;131303;3.7945;1600;11330815498;S
20241023;131305;3.7945;100;11330815652;B
20241023;131307;3.794;100;11330815779;S
20241023;131307;3.794;100;11330815780;S
20241023;131308;3.794;100;11330815929;S
20241023;131308;3.794;100;11330815930;S
20241023;131308;3.794;300;11330815931;S
20241023;131308;3.7935;100;11330815932;S
20241023;131308;3.7935;500;11330815933;S
20241023;131308;3.7935;100;11330815934;S
20241023;131308;3.7935;9400;11330815935;S
20241023;131308;3.7935;3400;11330815936;S
20241023;131329;3.7945;200;11330817864;B
20241023;131336;3.7945;400;11330818623;B
20241023;131339;3.7945;500;11330818802;B
20241023;131404;3.7945;1300;11330821029;B
20241023;131405;3.7945;700;11330821127;B
20241023;131418;3.7945;600;11330822429;B
20241023;131440;3.7935;4600;11330824435;S
20241023;131440;3.793;400;11330824436;S
20241023;131441;3.7945;500;11330824488;B
20241023;131500;3.7945;100;11330826994;B
20241023;131517;3.7945;100;11330829799;B
20241023;131519;3.7945;100;11330830062;B
20241023;131519;3.7945;1600;11330830063;B
20241023;131519;3.7955;12700;11330830125;B
20241023;131519;3.7955;10800;11330830890;B
20241023;131519;3.7955;100;11330830891;B
20241023;131519;3.7955;100;11330830892;B
20241023;131519;3.7955;400;11330830893;B
20241023;131519;3.7955;7000;11330830894;B
20241023;131519;3.7955;10800;11330830896;B
20241023;131519;3.7955;4000;11330830934;B
20241023;131520;3.7955;100;11330831103;B
20241023;131521;3.795;12400;11330831403;S
20241023;131521;3.795;100;11330831404;S
20241023;131521;3.7955;6000;11330831426;B
20241023;131521;3.795;12500;11330831471;S
20241023;131522;3.795;2100;11330831808;S
20241023;131525;3.795;1500;11330832329;S
20241023;131528;3.7955;100;11330832903;B
20241023;131528;3.7955;100;11330832931;B
20241023;131535;3.7955;100;11330833796;B
20241023;131539;3.795;20000;11330834187;S
20241023;131540;3.7955;100;11330834234;B
20241023;131540;3.795;400;11330834257;S
20241023;131541;3.7955;1400;11330834430;B
20241023;131541;3.7955;600;11330834431;B
20241023;131542;3.7955;1400;11330834455;S
20241023;131542;3.7955;1300;11330834468;S
20241023;131543;3.7955;1100;11330834649;B
20241023;131544;3.7955;1000;11330834659;S
20241023;131544;3.7955;900;11330834669;S
20241023;131552;3.796;600;11330835652;B
20241023;131552;3.796;100;11330835664;B
20241023;131608;3.796;100;11330837091;B
20241023;131610;3.7955;1000;11330837327;S
20241023;131621;3.796;900;11330838370;B
20241023;131631;3.796;100;11330842599;B
20241023;131635;3.796;100;11330842904;B
20241023;131637;3.796;2300;11330843045;B
20241023;131649;3.796;300;11330844349;B
20241023;131701;3.796;100;11330845684;B
20241023;131714;3.796;1000;11330847773;B
20241023;131720;3.796;1900;11330848564;B
20241023;131729;3.796;100;11330849464;B
20241023;131741;3.796;800;11330850501;B
20241023;131742;3.7955;100;11330850584;S
20241023;131746;3.7955;100;11330850966;S
20241023;131746;3.7955;500;11330850967;S
20241023;131752;3.796;200;11330851600;B
20241023;131755;3.796;500;11330851860;B
20241023;131755;3.796;100;11330851866;B
20241023;131801;3.796;11700;11330852328;B
20241023;131801;3.796;200;11330852329;B
20241023;131801;3.796;500;11330852330;B
20241023;131801;3.7965;3900;11330852331;B
20241023;131801;3.797;3900;11330852332;B
20241023;131801;3.797;800;11330852333;B
20241023;131801;3.7975;5500;11330852334;B
20241023;131806;3.7965;100;11330852828;S
20241023;131817;3.7975;100;11330853783;B
20241023;131823;3.7975;200;11330854180;B
20241023;131825;3.7975;200;11330854370;B
20241023;131825;3.7965;200;11330854373;S
20241023;131835;3.7965;500;11330855245;S
20241023;131841;3.7975;6000;11330855756;B
20241023;131841;3.7975;500;11330855757;B
20241023;131841;3.798;300;11330855758;B
20241023;131841;3.798;10000;11330855759;B
20241023;131841;3.798;3200;11330855760;B
20241023;131902;3.7985;2200;11330857888;B
20241023;131903;3.7985;1000;11330857967;B
20241023;131920;3.7985;200;11330859473;B
20241023;131923;3.7985;200;11330859681;B
20241023;131937;3.7985;400;11330861002;B
20241023;131938;3.7985;200;11330861168;B
20241023;131946;3.7985;100;11330861958;B
20241023;131947;3.7985;100;11330862250;B
20241023;131948;3.7985;100;11330862403;B
20241023;131948;3.7985;500;11330862445;B
20241023;131949;3.7985;100;11330863433;B
20241023;131949;3.798;7300;11330863694;S
20241023;131949;3.798;100;11330863695;S
20241023;131949;3.7975;2600;11330863696;S
20241023;131951;3.7985;100;11330864085;B
20241023;131955;3.7985;3600;11330864945;B
20241023;132008;3.7985;100;11330866478;B
20241023;132013;3.7985;300;11330867045;B
20241023;132015;3.7985;100;11330867305;B
20241023;132017;3.7985;200;11330867579;B
20241023;132019;3.798;4800;11330867826;S
20241023;132019;3.7975;100;11330867827;S
20241023;132019;3.7975;100;11330867828;S
20241023;132019;3.7975;3000;11330867829;S
20241023;132019;3.797;3100;11330867830;S
20241023;132019;3.796;100;11330867831;S
20241023;132019;3.796;8800;11330867832;S
20241023;132021;3.798;900;11330867957;B
20241023;132026;3.796;500;11330868488;S
20241023;132029;3.7955;100;11330869003;S
20241023;132038;3.798;100;11330869743;B
20241023;132119;3.798;200;11330874277;B
20241023;132139;3.798;100;11330877598;B
20241023;132153;3.798;700;11330879111;B
20241023;132205;3.7985;100;11330880185;B
20241023;132211;3.7965;4100;11330880741;S
20241023;132221;3.7965;100;11330881754;S
20241023;132223;3.7985;2000;11330882247;B
20241023;132230;3.7985;400;11330883235;B
20241023;132235;3.7985;500;11330883852;B
20241023;132238;3.7985;19300;11330884102;B
20241023;132238;3.7985;3000;11330884103;B
20241023;132238;3.7985;800;11330884104;B
20241023;132238;3.7985;200;11330884105;B
20241023;132238;3.799;2400;11330884106;B
20241023;132238;3.799;10200;11330884107;B
20241023;132304;3.799;500;11330888142;B
20241023;132314;3.799;200;11330889244;B
20241023;132315;3.799;100;11330889345;B
20241023;132318;3.799;100;11330889556;B
20241023;132319;3.799;100;11330889627;B
20241023;132319;3.799;300;11330889644;B
20241023;132324;3.799;300;11330889983;B
20241023;132326;3.799;100;11330890160;B
20241023;132328;3.799;200;11330890330;B
20241023;132333;3.799;100;11330890652;B
20241023;132345;3.799;600;11330891685;B
20241023;132402;3.799;600;11330893228;B
20241023;132402;3.799;400;11330893229;B
20241023;132402;3.799;100;11330893248;B
20241023;132409;3.799;100;11330893957;B
20241023;132412;3.799;100;11330894318;B
20241023;132413;3.799;100;11330894374;B
20241023;132419;3.799;100;11330895194;B
20241023;132421;3.799;100;11330895382;B
20241023;132424;3.799;100;11330895770;B
20241023;132426;3.797;100;11330895934;S
20241023;132434;3.799;1500;11330896735;B
20241023;132438;3.799;100;11330897117;B
20241023;132455;3.799;100;11330898974;B
20241023;132511;3.799;200;11330900332;B
20241023;132512;3.7975;800;11330900404;S
20241023;132514;3.799;100;11330900603;B
20241023;132516;3.799;500;11330900729;B
20241023;132521;3.799;100;11330901112;B
20241023;132523;3.799;100;11330901270;B
20241023;132524;3.799;100;11330901306;B
20241023;132530;3.799;100;11330901688;B
20241023;132530;3.799;200;11330901703;B
20241023;132532;3.799;100;11330901976;B
20241023;132534;3.799;100;11330902341;B
20241023;132534;3.799;100;11330902344;B
20241023;132537;3.799;100;11330902619;B
20241023;132539;3.799;6000;11330902757;B
20241023;132539;3.799;100;11330902758;B
20241023;132543;3.799;100;11330903038;S
20241023;132547;3.7995;100;11330903404;B
20241023;132548;3.7995;100;11330903483;B
20241023;132548;3.7995;200;11330903484;B
20241023;132557;3.7995;1500;11330904085;B
20241023;132557;3.7995;500;11330904086;B
20241023;132557;3.7995;8000;11330904087;B
20241023;132602;3.799;100;11330904428;S
20241023;132611;3.7995;100;11330905649;B
20241023;132612;3.7995;100;11330905708;B
20241023;132614;3.7995;200;11330905803;B
20241023;132617;3.7995;200;11330905967;B
20241023;132618;3.7995;100;11330906005;B
20241023;132619;3.799;200;11330906070;S
20241023;132619;3.799;200;11330906071;S
20241023;132619;3.7985;100;11330906072;S
20241023;132624;3.7995;100;11330906468;B
20241023;132625;3.7995;100;11330906542;B
20241023;132625;3.7995;4100;11330906596;B
20241023;132625;3.7995;500;11330906597;B
20241023;132625;3.7995;100;11330906598;B
20241023;132625;3.7995;3000;11330906599;B
20241023;132625;3.8;12700;11330906600;B
20241023;132625;3.8;4000;11330906601;B
20241023;132625;3.8;6100;11330906602;B
20241023;132625;3.8;2300;11330906603;B
20241023;132625;3.8;100;11330906604;B
20241023;132625;3.8;2000;11330906605;B
20241023;132625;3.8;3000;11330906606;B
20241023;132625;3.8;1000;11330906607;B
20241023;132625;3.8;1000;11330906608;B
20241023;132625;3.8;3000;11330906609;B
20241023;132625;3.8;10000;11330906610;B
20241023;132625;3.8;12400;11330906611;B
20241023;132625;3.8;1600;11330906612;B
20241023;132627;3.8005;100;11330906830;B
20241023;132631;3.8005;100;11330907533;B
20241023;132633;3.8005;400;11330907617;B
20241023;132633;3.8005;900;11330907680;B
20241023;132634;3.8005;200;11330907717;B
20241023;132634;3.8005;600;11330907723;B
20241023;132634;3.8005;500;11330907753;B
20241023;132636;3.8005;200;11330907849;B
20241023;132636;3.8005;100;11330907850;B
20241023;132636;3.8005;400;11330907909;B
20241023;132637;3.8005;200;11330907943;B
20241023;132646;3.8005;800;11330908830;B
20241023;132649;3.801;100;11330909040;B
20241023;132649;3.801;100;11330909041;B
20241023;132657;3.801;400;11330909633;B
20241023;132657;3.801;400;11330909634;B
20241023;132702;3.801;100;11330909892;B
20241023;132707;3.801;1900;11330910297;B
20241023;132712;3.801;5500;11330910769;B
20241023;132713;3.801;100;11330910856;B
20241023;132717;3.801;400;11330911359;B
20241023;132718;3.801;100;11330911452;B
20241023;132721;3.801;100;11330911669;B
20241023;132722;3.801;300;11330911715;B
20241023;132722;3.801;400;11330911723;B
20241023;132722;3.801;100;11330911724;B
20241023;132723;3.801;500;11330911832;B
20241023;132725;3.801;100;11330911981;B
20241023;132728;3.801;300;11330912175;B
20241023;132731;3.8;200;11330912500;S
20241023;132744;3.8005;9200;11330914980;S
20241023;132748;3.801;700;11330915299;B
20241023;132749;3.801;500;11330915411;B
20241023;132749;3.801;800;11330915490;B
20241023;132750;3.802;500;11330915561;B
20241023;132750;3.802;400;11330915581;B
20241023;132752;3.802;1100;11330915657;B
20241023;132754;3.802;200;11330915811;B
20241023;132755;3.802;100;11330915901;B
20241023;132756;3.802;1000;11330915948;B
20241023;132757;3.802;1000;11330916053;B
20241023;132757;3.802;100;11330916054;B
20241023;132758;3.801;6200;11330916121;S
20241023;132758;3.801;900;11330916122;S
20241023;132759;3.802;200;11330916340;B
20241023;132805;3.802;100;11330916753;B
20241023;132806;3.801;4700;11330916881;S
20241023;132806;3.801;1800;11330916882;S
20241023;132806;3.8005;1800;11330916883;S
20241023;132806;3.8;6900;11330916884;S
20241023;132808;3.802;8000;11330917123;B
20241023;132811;3.8005;1900;11330917507;S
20241023;132811;3.8;21000;11330917508;S
20241023;132811;3.8;200;11330917509;S
20241023;132811;3.8;100;11330917510;S
20241023;132811;3.8;100;11330917511;S
20241023;132811;3.8;100;11330917512;S
20241023;132811;3.8;4900;11330917513;S
20241023;132811;3.8;1900;11330917514;S
20241023;132811;3.7995;12400;11330917515;S
20241023;132811;3.7985;6100;11330917516;S
20241023;132811;3.798;47300;11330917517;S
20241023;132811;3.7975;3500;11330917518;S
20241023;132811;3.7975;13500;11330917519;S
20241023;132811;3.7975;400;11330917520;S
20241023;132811;3.797;45000;11330917521;S
20241023;132811;3.7965;41600;11330917522;S
20241023;132812;3.8;100;11330917579;B
20241023;132812;3.8;400;11330917581;B
20241023;132813;3.8;500;11330917622;B
20241023;132813;3.8005;200;11330917623;B
20241023;132814;3.8;200;11330917757;B
20241023;132815;3.8;200;11330917862;B
20241023;132819;3.8;200;11330918043;B
20241023;132819;3.8;400;11330918044;B
20241023;132819;3.8005;1000;11330918045;B
20241023;132823;3.8;300;11330918363;B
20241023;132823;3.8005;700;11330918364;B
20241023;132823;3.8005;600;11330918374;B
20241023;132824;3.8;100;11330918420;B
20241023;132826;3.8;300;11330918675;B
20241023;132826;3.8005;400;11330918676;B
20241023;132828;3.8;300;11330918811;B
20241023;132828;3.8005;200;11330918812;B
20241023;132828;3.8005;300;11330918823;B
20241023;132828;3.8;200;11330918852;B
20241023;132828;3.8005;400;11330918853;B
20241023;132828;3.8005;600;11330918856;B
20241023;132829;3.8;200;11330918901;B
20241023;132829;3.8005;1200;11330918902;B
20241023;132829;3.8005;500;11330918904;B
20241023;132831;3.8;200;11330919050;B
20241023;132831;3.8005;100;11330919051;B
20241023;132832;3.8;100;11330919131;B
20241023;132832;3.8005;300;11330919137;B
20241023;132832;3.7975;100;11330919158;S
20241023;132835;3.8;100;11330919506;B
20241023;132835;3.8005;200;11330919507;B
20241023;132835;3.801;300;11330919508;B
20241023;132839;3.8005;200;11330919856;B
20241023;132839;3.8005;19800;11330919857;B
20241023;132842;3.8005;200;11330920071;B
20241023;132843;3.8005;700;11330920166;B
20241023;132844;3.8005;500;11330920204;B
20241023;132844;3.8005;100;11330920205;B
20241023;132844;3.801;200;11330920206;B
20241023;132854;3.801;300;11330921094;B
20241023;132907;3.801;1900;11330922788;B
20241023;132910;3.801;100;11330922964;B
20241023;132917;3.802;200;11330923462;B
20241023;132917;3.802;100;11330923470;B
20241023;132921;3.802;100;11330923939;B
20241023;132926;3.8025;400;11330924768;B
20241023;132927;3.8025;100;11330924837;B
20241023;132927;3.8025;500;11330924886;B
20241023;132933;3.8025;200;11330925286;B
20241023;132934;3.8025;400;11330925317;B
20241023;132934;3.8025;900;11330925334;B
20241023;132936;3.8025;400;11330925490;B
20241023;132937;3.8025;9900;11330925588;B
20241023;132937;3.8025;2500;11330925589;B
20241023;132937;3.803;7600;11330925590;B
20241023;132938;3.803;300;11330925626;B
20241023;132942;3.803;100;11330926194;B
20241023;132944;3.803;900;11330926416;B
20241023;132944;3.803;300;11330926498;B
20241023;132951;3.803;800;11330927482;B
20241023;132952;3.803;1800;11330927557;B
20241023;132957;3.8025;100;11330928068;S
20241023;132957;3.8015;500;11330928069;S
20241023;133002;3.8025;100;11330929025;S
20241023;133002;3.8015;3900;11330929026;S
20241023;133003;3.803;1100;11330929098;B
20241023;133007;3.803;500;11330929541;B
20241023;133008;3.803;600;11330929668;B
20241023;133012;3.803;400;11330930955;B
20241023;133016;3.803;200;11330931806;B
20241023;133023;3.803;600;11330932481;B
20241023;133023;3.803;200;11330932511;B
20241023;133024;3.803;1200;11330932801;B
20241023;133026;3.803;1000;11330932938;B
20241023;133026;3.803;12400;11330932939;B
20241023;133026;3.803;4300;11330932940;B
20241023;133026;3.8035;1200;11330932965;B
20241023;133033;3.804;100;11330933530;B
20241023;133036;3.804;200;11330933751;B
20241023;133036;3.804;600;11330933770;B
20241023;133037;3.804;200;11330933836;B
20241023;133037;3.803;9200;11330933922;S
20241023;133038;3.804;600;11330933984;B
20241023;133039;3.804;300;11330934145;B
20241023;133041;3.803;1600;11330934450;S
20241023;133042;3.803;1600;11330934489;S
20241023;133043;3.804;600;11330934530;B
20241023;133046;3.804;500;11330934799;B
20241023;133047;3.804;200;11330934825;B
20241023;133052;3.804;6700;11330935299;B
20241023;133052;3.8045;3300;11330935300;B
20241023;133107;3.804;100;11330936594;B
20241023;133107;3.8045;1500;11330936595;B
20241023;133110;3.8045;500;11330937008;B
20241023;133111;3.8045;3000;11330937094;B
20241023;133116;3.8045;1000;11330937884;B
20241023;133117;3.8045;300;11330937984;B
20241023;133127;3.8045;200;11330939159;B
20241023;133127;3.8045;200;11330939168;B
20241023;133127;3.8045;500;11330939169;B
20241023;133127;3.8045;100;11330939171;B
20241023;133127;3.806;800;11330939202;B
20241023;133129;3.806;1000;11330939325;B
20241023;133129;3.806;700;11330939334;B
20241023;133129;3.806;300;11330939341;B
20241023;133130;3.806;1000;11330939392;B
20241023;133133;3.806;1900;11330939786;B
20241023;133133;3.8065;100;11330939793;B
20241023;133135;3.8065;700;11330939933;B
20241023;133135;3.8065;200;11330939998;B
20241023;133136;3.8065;100;11330940028;B
20241023;133136;3.8065;1800;11330940034;B
20241023;133138;3.8045;1400;11330940209;S
20241023;133138;3.8045;100;11330940210;S
20241023;133139;3.8065;600;11330940322;B
20241023;133139;3.8065;1300;11330940355;B
20241023;133140;3.8045;500;11330940416;S
20241023;133142;3.8045;1100;11330940614;S
20241023;133142;3.8035;9500;11330940623;S
20241023;133148;3.8055;100;11330941112;B
20241023;133156;3.8055;1200;11330942201;B
20241023;133212;3.8055;100;11330944497;S
20241023;133212;3.805;500;11330944498;S
20241023;133212;3.8035;1600;11330944499;S
20241023;133213;3.803;2500;11330944578;S
20241023;133213;3.803;5000;11330944579;S
20241023;133213;3.803;700;11330944580;S
20241023;133213;3.8025;900;11330944581;S
20241023;133217;3.8015;100;11330945088;S
20241023;133218;3.8035;500;11330945149;B
20241023;133218;3.8035;300;11330945162;B
20241023;133221;3.804;200;11330945524;B
20241023;133223;3.803;700;11330945867;B
20241023;133226;3.803;1300;11330946217;B
20241023;133229;3.803;300;11330946630;B
20241023;133229;3.803;100;11330946646;B
20241023;133234;3.803;100;11330947536;B
20241023;133236;3.803;500;11330947946;B
20241023;133240;3.803;2800;11330948576;B
20241023;133243;3.805;2100;11330949083;B
20241023;133245;3.8055;2000;11330949566;B
20241023;133249;3.803;500;11330950370;S
20241023;133249;3.8025;500;11330950371;S
20241023;133250;3.8045;1000;11330950813;B
20241023;133250;3.8045;200;11330950843;B
20241023;133250;3.8045;200;11330950902;B
20241023;133251;3.8045;700;11330951048;B
20241023;133251;3.805;700;11330951058;B
20241023;133252;3.805;1200;11330951079;B
20241023;133254;3.8045;1900;11330951412;B
20241023;133256;3.8045;1400;11330951769;B
20241023;133300;3.8025;100;11330952366;S
20241023;133300;3.8015;1000;11330952367;S
20241023;133300;3.8015;2400;11330952368;S
20241023;133300;3.801;300;11330952369;S
20241023;133300;3.801;100;11330952370;S
20241023;133300;3.801;11100;11330952371;S
20241023;133305;3.8035;400;11330953663;S
20241023;133305;3.8005;4700;11330953664;S
20241023;133306;3.8045;1000;11330953825;B
20241023;133314;3.804;12400;11330954794;B
20241023;133314;3.8045;16900;11330954795;B
20241023;133314;3.8045;100;11330954796;B
20241023;133314;3.805;600;11330954797;B
20241023;133316;3.802;200;11330954957;S
20241023;133316;3.8015;3200;11330954958;S
20241023;133316;3.8015;200;11330954959;S
20241023;133316;3.801;7000;11330954981;S
20241023;133316;3.803;300;11330954993;B
20241023;133319;3.803;100;11330955378;B
20241023;133323;3.8005;5700;11330955931;S
20241023;133326;3.8035;500;11330956243;B
20241023;133332;3.801;10000;11330956846;S
20241023;133332;3.801;4200;11330956847;S
20241023;133332;3.8005;14800;11330956848;S
20241023;133341;3.8005;500;11330957598;S
20241023;133342;3.803;100;11330957705;B
20241023;133351;3.803;400;11330958547;B
20241023;133353;3.803;3600;11330958847;B
20241023;133353;3.8035;6400;11330958848;B
20241023;133355;3.8035;200;11330959086;B
20241023;133355;3.804;1800;11330959087;B
20241023;133355;3.802;300;11330959112;S
20241023;133356;3.804;200;11330959223;B
20241023;133356;3.804;900;11330959224;B
20241023;133357;3.8025;300;11330959332;S
20241023;133401;3.8025;200;11330959742;S
20241023;133401;3.802;100;11330959743;S
20241023;133401;3.804;800;11330959825;B
20241023;133405;3.804;3000;11330960096;B
20241023;133407;3.804;100;11330960245;B
20241023;133411;3.801;600;11330960544;S
20241023;133414;3.8005;2800;11330960862;S
20241023;133417;3.8005;1100;11330961079;S
20241023;133417;3.8005;1000;11330961170;S
20241023;133421;3.8005;1000;11330961619;S
20241023;133424;3.803;100;11330961895;B
20241023;133425;3.8005;2000;11330961937;S
20241023;133428;3.8025;200;11330962524;B
20241023;133429;3.803;300;11330962693;B
20241023;133430;3.803;900;11330962807;B
20241023;133431;3.803;200;11330962906;B
20241023;133431;3.802;400;11330962957;S
20241023;133432;3.803;600;11330963032;B
20241023;133433;3.803;400;11330963043;B
20241023;133437;3.803;100;11330963251;B
20241023;133437;3.803;700;11330963260;B
20241023;133437;3.803;200;11330963282;B
20241023;133438;3.8035;100;11330963352;B
20241023;133438;3.8035;600;11330963353;B
20241023;133441;3.8035;100;11330963540;B
20241023;133441;3.8035;2700;11330963541;B
20241023;133443;3.8035;1500;11330963745;B
20241023;133445;3.8035;300;11330963881;B
20241023;133446;3.8035;200;11330963906;B
20241023;133447;3.8035;900;11330963994;B
20241023;133447;3.8035;400;11330964057;B
20241023;133450;3.8035;1100;11330964215;B
20241023;133457;3.8005;100;11330965289;S
20241023;133503;3.8035;100;11330965806;B
20241023;133503;3.8035;100;11330965807;B
20241023;133514;3.8035;100;11330966466;B
20241023;133517;3.8035;200;11330966658;B
20241023;133517;3.8035;100;11330966672;B
20241023;133521;3.8035;100;11330966952;B
20241023;133528;3.8035;100;11330967401;B
20241023;133528;3.8035;100;11330967403;B
20241023;133528;3.8035;100;11330967434;B
20241023;133528;3.8035;200;11330967468;B
20241023;133532;3.8035;100;11330967780;B
20241023;133532;3.8035;8800;11330967807;B
20241023;133532;3.8035;1100;11330967808;B
20241023;133532;3.8035;100;11330967809;B
20241023;133532;3.8035;12400;11330967810;B
20241023;133534;3.804;300;11330967994;B
20241023;133541;3.804;700;11330968484;B
20241023;133541;3.804;200;11330968485;B
20241023;133546;3.804;300;11330968860;B
20241023;133546;3.8045;700;11330968861;B
20241023;133553;3.8045;300;11330969446;B
20241023;133555;3.8045;500;11330969586;B
20241023;133556;3.8045;2000;11330969689;B
20241023;133559;3.8045;3200;11330969833;B
20241023;133604;3.8045;300;11330970229;B
20241023;133604;3.8045;4400;11330970230;B
20241023;133604;3.805;1300;11330970231;B
20241023;133604;3.805;1000;11330970232;B
20241023;133604;3.8055;2500;11330970233;B
20241023;133604;3.8055;40500;11330970234;B
20241023;133607;3.8065;3100;11330970425;B
20241023;133611;3.804;300;11330970689;S
20241023;133611;3.804;1000;11330970690;S
20241023;133611;3.8035;22100;11330970691;S
20241023;133611;3.8035;400;11330970692;S
20241023;133611;3.8035;9800;11330970693;S
20241023;133617;3.803;500;11330971108;S
20241023;133617;3.8015;1000;11330971109;S
20241023;133617;3.801;500;11330971110;S
20241023;133628;3.8035;500;11330971851;B
20241023;133634;3.8005;100;11330972267;S
20241023;133635;3.8035;2000;11330972391;B
20241023;133646;3.8035;400;11330973161;B
20241023;133717;3.8005;1900;11330975528;S
20241023;133717;3.8005;100;11330975529;S
20241023;133717;3.8005;1000;11330975530;S
20241023;133717;3.8005;3100;11330975531;S
20241023;133719;3.8005;8100;11330975824;S
20241023;133721;3.8005;800;11330976090;S
20241023;133721;3.8;100;11330976091;S
20241023;133721;3.8;100;11330976092;S
20241023;133721;3.8;300;11330976093;S
20241023;133721;3.8;200;11330976094;S
20241023;133721;3.8;200;11330976095;S
20241023;133721;3.8;3100;11330976096;S
20241023;133731;3.8005;500;11330977052;B
20241023;133741;3.8005;600;11330978175;B
20241023;133745;3.8005;300;11330978540;B
20241023;133752;3.8;1900;11330979379;S
20241023;133752;3.8;100;11330979380;S
20241023;133753;3.8005;1000;11330979712;B
20241023;133753;3.8005;500;11330979792;B
20241023;133754;3.8;900;11330980153;S
20241023;133754;3.799;100;11330980154;S
20241023;133754;3.8;200;11330980378;B
20241023;133755;3.7995;300;11330980563;B
20241023;133756;3.8;700;11330980785;S
20241023;133756;3.8;300;11330980786;S
20241023;133756;3.7995;1100;11330980787;S
20241023;133756;3.799;300;11330980788;S
20241023;133818;3.8005;600;11330983562;B
20241023;133826;3.8;300;11330984217;S
20241023;133826;3.8;300;11330984218;S
20241023;133826;3.8;1800;11330984219;S
20241023;133826;3.7995;700;11330984220;S
20241023;133826;3.799;2200;11330984221;S
20241023;133826;3.799;1000;11330984222;S
20241023;133826;3.799;700;11330984223;S
20241023;133826;3.798;100;11330984224;S
20241023;133826;3.798;4900;11330984225;S
20241023;133828;3.7995;100;11330984422;B
20241023;133834;3.8;100;11330984938;B
20241023;133835;3.8;300;11330985046;B
20241023;133839;3.8;100;11330985397;B
20241023;133849;3.8;600;11330986091;S
20241023;133853;3.8005;500;11330986423;B
20241023;133857;3.8005;600;11330986982;B
20241023;133900;3.8005;6500;11330987293;B
20241023;133907;3.7985;100;11330987915;S
20241023;133922;3.798;100;11330992217;S
20241023;133923;3.7995;300;11330992721;B
20241023;133924;3.8;100;11330992990;B
20241023;133930;3.8;600;11330993771;B
20241023;133930;3.8;200;11330993772;B
20241023;133930;3.8;100;11330993785;B
20241023;133930;3.8;200;11330993788;B
20241023;133933;3.8;400;11330993949;B
20241023;133934;3.8;100;11330994012;B
20241023;133934;3.7995;100;11330994053;B
20241023;133934;3.7995;100;11330994064;B
20241023;133934;3.7995;1400;11330994076;B
20241023;133935;3.7995;200;11330994115;B
20241023;133937;3.7995;100;11330994258;B
20241023;133939;3.7995;100;11330994346;B
20241023;133940;3.7995;1000;11330994399;B
20241023;133943;3.7985;100;11330994679;S
20241023;133943;3.7985;100;11330994680;S
20241023;133948;3.7995;500;11330995280;B
20241023;134026;3.7995;100;11330998813;B
20241023;134034;3.7995;400;11330999417;B
20241023;134035;3.7995;100;11330999487;B
20241023;134052;3.7995;100;11331000847;B
20241023;134100;3.7995;300;11331001873;B
20241023;134100;3.7995;200;11331001874;B
20241023;134102;3.799;100;11331002374;S
20241023;134102;3.799;2900;11331002375;S
20241023;134102;3.799;100;11331002376;S
20241023;134102;3.799;100;11331002377;S
20241023;134102;3.799;100;11331002378;S
20241023;134103;3.799;100;11331002423;B
20241023;134105;3.799;500;11331002580;B
20241023;134123;3.799;100;11331004265;B
20241023;134129;3.799;100;11331004722;B
20241023;134133;3.799;500;11331005071;B
20241023;134138;3.7985;100;11331005529;S
20241023;134138;3.7985;100;11331005530;S
20241023;134138;3.798;800;11331005531;S
20241023;134139;3.799;2600;11331005735;B
20241023;134147;3.799;100;11331006540;B
20241023;134154;3.799;1200;11331007143;B
20241023;134201;3.799;100;11331007619;B
20241023;134211;3.799;500;11331008787;B
20241023;134221;3.798;1100;11331009570;S
20241023;134238;3.799;100;11331011048;B
20241023;134243;3.799;900;11331011386;B
20241023;134244;3.799;1000;11331011428;B
20241023;134248;3.799;100;11331012115;B
20241023;134311;3.799;100;11331013944;B
20241023;134328;3.799;100;11331015164;B
20241023;134331;3.799;100;11331015566;B
20241023;134349;3.799;500;11331016786;B
20241023;134354;3.799;100;11331017262;B
20241023;134410;3.799;100;11331018405;B
20241023;134413;3.799;400;11331018787;B
20241023;134414;3.799;1400;11331019051;B
20241023;134420;3.799;100;11331019508;B
20241023;134422;3.798;3100;11331019724;S
20241023;134422;3.798;300;11331019725;S
20241023;134422;3.798;100;11331019726;S
20241023;134422;3.7975;4300;11331019727;S
20241023;134422;3.797;100;11331019728;S
20241023;134422;3.797;100;11331019729;S
20241023;134422;3.797;200;11331019730;S
20241023;134422;3.797;1600;11331019731;S
20241023;134422;3.797;4300;11331019732;S
20241023;134422;3.7965;1000;11331019733;S
20241023;134422;3.7965;12400;11331019734;S
20241023;134422;3.796;500;11331019735;S
20241023;134422;3.796;100;11331019736;S
20241023;134422;3.796;1900;11331019737;S
20241023;134424;3.798;7000;11331020168;B
20241023;134427;3.798;3500;11331020397;B
20241023;134443;3.798;1000;11331022168;B
20241023;134501;3.7975;100;11331023537;B
20241023;134504;3.7965;300;11331023759;S
20241023;134504;3.797;100;11331023779;B
20241023;134510;3.797;100;11331026089;B
20241023;134517;3.797;100;11331026625;B
20241023;134530;3.797;200;11331027853;B
20241023;134531;3.7965;200;11331027968;S
20241023;134539;3.797;500;11331029009;B
20241023;134550;3.797;10000;11331030441;B
20241023;134550;3.797;30000;11331030442;B
20241023;134555;3.797;300;11331030840;B
20241023;134556;3.797;90500;11331030870;B
20241023;134556;3.797;4900;11331030871;B
20241023;134556;3.797;2000;11331030872;B
20241023;134556;3.7975;2600;11331030873;B
20241023;134556;3.7975;8600;11331030890;S
20241023;134556;3.797;28900;11331030891;S
20241023;134556;3.797;12400;11331030892;S
20241023;134556;3.797;8600;11331030893;S
20241023;134611;3.7965;33300;11331032458;S
20241023;134614;3.797;200;11331032960;B
20241023;134629;3.797;100;11331034394;B
20241023;134646;3.797;400;11331035924;B
20241023;134658;3.797;100;11331036835;B
20241023;134704;3.797;72300;11331037328;B
20241023;134704;3.7975;9800;11331037329;B
20241023;134704;3.7975;12400;11331037330;B
20241023;134704;3.798;5500;11331037331;B
20241023;134723;3.797;100;11331040099;B
20241023;134728;3.797;100;11331041576;B
20241023;134733;3.797;2500;11331043337;B
20241023;134736;3.7965;30000;11331043542;S
20241023;134746;3.7965;3100;11331044564;S
20241023;134746;3.797;200;11331044788;B
20241023;134810;3.797;800;11331052654;B
20241023;134812;3.797;400;11331052814;B
20241023;134814;3.796;400;11331053049;S
20241023;134835;3.797;100;11331055019;B
20241023;134903;3.796;700;11331058245;S
20241023;134903;3.796;100;11331058246;S
20241023;134903;3.796;600;11331058247;S
20241023;134903;3.796;100;11331058248;S
20241023;134903;3.796;100;11331058249;S
20241023;134903;3.796;100;11331058250;S
20241023;134903;3.7955;200;11331058251;S
20241023;134903;3.7955;700;11331058252;S
20241023;134903;3.7955;500;11331058253;S
20241023;134903;3.7955;500;11331058254;S
20241023;134903;3.7955;5900;11331058255;S
20241023;134903;3.7955;11100;11331058369;S
20241023;134903;3.795;100;11331058494;S
20241023;134903;3.795;100;11331058495;S
20241023;134903;3.795;100;11331058496;S
20241023;134903;3.795;400;11331058497;S
20241023;134903;3.795;800;11331058498;S
20241023;134903;3.795;100;11331058499;S
20241023;134903;3.795;100;11331058500;S
20241023;134903;3.795;100;11331058501;S
20241023;134903;3.7945;1000;11331058502;S
20241023;134903;3.794;1000;11331058503;S
20241023;134903;3.794;100;11331058504;S
20241023;134903;3.794;12400;11331058505;S
20241023;134904;3.794;19500;11331058902;S
20241023;134904;3.794;1100;11331059018;S
20241023;134904;3.794;900;11331059072;S
20241023;134905;3.794;7100;11331059188;S
20241023;134910;3.794;600;11331059945;S
20241023;134910;3.794;100;11331059969;S
20241023;134911;3.794;12100;11331060129;S
20241023;134911;3.794;11100;11331060213;S
20241023;134911;3.7935;200;11331060214;S
20241023;134911;3.7935;7800;11331060215;S
20241023;134911;3.7935;600;11331060384;S
20241023;134911;3.7935;300;11331060436;S
20241023;134912;3.7935;1100;11331060641;S
20241023;134915;3.7935;100;11331061123;S
20241023;134915;3.7935;200;11331061160;S
20241023;134916;3.7935;1100;11331061250;S
20241023;134917;3.7935;1000;11331061394;S
20241023;134917;3.7935;1100;11331061566;S
20241023;134919;3.7935;1000;11331061746;S
20241023;134923;3.794;1900;11331062261;B
20241023;134923;3.794;1100;11331062262;B
20241023;134934;3.794;5000;11331063192;B
20241023;134939;3.794;200;11331063635;B
20241023;134943;3.794;1000;11331063836;B
20241023;134949;3.794;100;11331064194;B
20241023;134954;3.794;1700;11331064556;B
20241023;134956;3.794;100;11331064711;B
20241023;135002;3.794;200;11331065177;B
20241023;135004;3.794;300;11331065353;B
20241023;135009;3.7935;1500;11331065597;S
20241023;135026;3.794;100;11331067419;B
20241023;135026;3.794;100;11331067423;B
20241023;135035;3.794;100;11331068112;B
20241023;135045;3.794;20200;11331068763;B
20241023;135051;3.794;500;11331069289;B
20241023;135100;3.7935;100;11331069846;S
20241023;135103;3.794;100;11331070042;B
20241023;135103;3.794;100;11331070161;B
20241023;135129;3.7935;800;11331072399;S
20241023;135149;3.794;100;11331073958;B
20241023;135202;3.7935;8300;11331074864;S
20241023;135202;3.7935;100;11331074865;S
20241023;135202;3.7935;100;11331074866;S
20241023;135202;3.7935;300;11331074867;S
20241023;135202;3.7935;100;11331074868;S
20241023;135202;3.7935;100;11331074869;S
20241023;135202;3.7935;300;11331074870;S
20241023;135202;3.7935;100;11331074871;S
20241023;135202;3.7935;500;11331074872;S
20241023;135202;3.793;20100;11331074873;S
20241023;135207;3.7935;100;11331075289;B
20241023;135218;3.7935;3100;11331076144;B
20241023;135218;3.7935;400;11331076145;B
20241023;135218;3.7935;4500;11331076146;B
20241023;135219;3.7935;100;11331076156;B
20241023;135220;3.793;11200;11331076271;S
20241023;135224;3.7935;300;11331076545;B
20241023;135239;3.7935;200;11331077959;B
20241023;135245;3.7935;100;11331078656;B
20241023;135250;3.793;100;11331079003;S
20241023;135252;3.7935;400;11331079148;B
20241023;135300;3.7935;900;11331079786;B
20241023;135313;3.7935;600;11331080704;B
20241023;135321;3.7935;200;11331081436;B
20241023;135324;3.793;400;11331081650;S
20241023;135325;3.793;900;11331081691;S
20241023;135326;3.7935;100;11331081789;B
20241023;135340;3.793;100;11331083159;S
20241023;135412;3.7935;100;11331086709;B
20241023;135419;3.7935;100;11331087197;B
20241023;135420;3.793;2700;11331087244;S
20241023;135505;3.7935;100;11331090449;B
20241023;135507;3.7935;500;11331090662;B
20241023;135508;3.7935;500;11331090687;B
20241023;135509;3.7935;1100;11331090818;B
20241023;135513;3.7935;300;11331092673;B
20241023;135539;3.7935;100;11331094541;B
20241023;135552;3.7935;100;11331095473;B
20241023;135553;3.793;600;11331095563;S
20241023;135615;3.7935;500;11331098247;B
20241023;135631;3.7935;300;11331100105;B
20241023;135636;3.7935;200;11331100707;B
20241023;135638;3.7935;20000;11331101072;B
20241023;135653;3.7935;1200;11331102819;B
20241023;135700;3.7935;100;11331103548;B
20241023;135706;3.7935;100;11331104085;B
20241023;135749;3.7935;500;11331108207;B
20241023;135749;3.7935;30000;11331108316;B
20241023;135757;3.793;100;11331109073;S
20241023;135758;3.7935;100;11331109127;B
20241023;135808;3.7935;100;11331109979;B
20241023;135813;3.7935;100;11331110427;B
20241023;135832;3.793;1000;11331112391;S
20241023;135844;3.793;36300;11331113196;S
20241023;135844;3.793;58000;11331113197;S
20241023;135844;3.793;100;11331113198;S
20241023;135844;3.793;5600;11331113199;S
20241023;135846;3.7935;500;11331113326;B
20241023;135849;3.7935;100;11331113521;B
20241023;135852;3.793;100;11331113737;S
20241023;135855;3.7935;900;11331114014;B
20241023;135857;3.793;5000;11331114114;S
20241023;135910;3.7935;200;11331115337;B
20241023;135918;3.7935;4000;11331116074;B
20241023;135921;3.7935;100;11331116390;B
20241023;135925;3.7935;100;11331116720;B
20241023;135925;3.7935;6600;11331116746;B
20241023;135932;3.7935;900;11331117315;B
20241023;135941;3.7935;54900;11331117960;B
20241023;135941;3.7935;45100;11331118014;S
20241023;135941;3.7935;12400;11331118015;S
20241023;135941;3.7935;8500;11331118016;S
20241023;135954;3.7935;100;11331118970;B
20241023;140007;3.7935;600;11331119967;B
20241023;140017;3.7935;100;11331120503;B
20241023;140018;3.793;300;11331120610;S
20241023;140028;3.7935;100;11331121184;B
20241023;140029;3.793;300;11331121224;S
20241023;140031;3.7935;100;11331121366;B
20241023;140037;3.7935;300;11331121704;B
20241023;140053;3.7935;100;11331122546;B
20241023;140055;3.7935;2000;11331122674;B
20241023;140056;3.7935;62400;11331122753;B
20241023;140056;3.7935;12400;11331122754;B
20241023;140056;3.7935;1200;11331122755;B
20241023;140057;3.7935;36600;11331122795;S
20241023;140057;3.7935;12400;11331122796;S
20241023;140057;3.7935;3700;11331122797;S
20241023;140100;3.7935;500;11331123008;B
20241023;140102;3.7935;100;11331123173;B
20241023;140105;3.793;1000;11331123395;S
20241023;140118;3.7935;100;11331124233;B
20241023;140128;3.793;1300;11331125322;S
20241023;140156;3.7935;200;11331128222;B
20241023;140157;3.7935;200;11331128287;B
20241023;140206;3.7935;300;11331129151;B
20241023;140211;3.7935;100;11331129785;B
20241023;140215;3.7935;1000;11331130201;B
20241023;140226;3.7935;100;11331131148;B
20241023;140227;3.7935;300;11331131356;B
20241023;140233;3.793;100;11331132000;S
20241023;140235;3.7935;100;11331132100;B
20241023;140239;3.7935;800;11331132358;B
20241023;140239;3.7935;200;11331132363;B
20241023;140239;3.7935;100;11331132502;B
20241023;140248;3.7935;4000;11331133130;B
20241023;140259;3.7935;500;11331133884;B
20241023;140300;3.7935;100;11331133960;B
20241023;140301;3.7935;300;11331133989;B
20241023;140304;3.7935;500;11331134202;B
20241023;140314;3.7935;5000;11331134869;B
20241023;140318;3.7935;400;11331135498;B
20241023;140330;3.7935;100;11331136544;B
20241023;140331;3.7935;200;11331136606;B
20241023;140339;3.793;1900;11331137136;S
20241023;140347;3.7935;200;11331137753;B
20241023;140349;3.7935;100;11331137919;B
20241023;140352;3.7935;500;11331138054;B
20241023;140353;3.7935;1300;11331138130;B
20241023;140404;3.7935;100;11331139369;B
20241023;140412;3.7935;100;11331139913;B
20241023;140412;3.7935;500;11331139916;B
20241023;140413;3.7935;1000;11331139952;B
20241023;140431;3.7935;100;11331144477;B
20241023;140436;3.793;300;11331144770;S
20241023;140439;3.7935;2000;11331144943;B
20241023;140442;3.7935;100;11331145130;B
20241023;140449;3.7935;100;11331145560;B
20241023;140453;3.793;100;11331145808;S
20241023;140513;3.7935;100;11331147293;B
20241023;140528;3.7935;100;11331148213;B
20241023;140530;3.7935;5000;11331148296;B
20241023;140539;3.7935;10000;11331148850;B
20241023;140544;3.7935;100;11331149171;B
20241023;140602;3.7935;200;11331150452;B
20241023;140605;3.7935;29900;11331150665;B
20241023;140606;3.7935;1000;11331150688;B
20241023;140607;3.793;2200;11331150781;S
20241023;140610;3.7935;600;11331150988;B
20241023;140610;3.7935;100;11331150997;B
20241023;140611;3.7935;100;11331151022;B
20241023;140615;3.793;100;11331151286;S
20241023;140631;3.7935;100;11331152277;B
20241023;140637;3.793;200;11331152569;S
20241023;140642;3.7935;8000;11331152831;B
20241023;140646;3.7935;100;11331153061;B
20241023;140646;3.7935;300;11331153072;B
20241023;140647;3.7935;2100;11331153167;B
20241023;140647;3.7935;100;11331153168;B
20241023;140648;3.7955;47400;11331153206;S
20241023;140648;3.7955;12400;11331153207;S
20241023;140648;3.795;4600;11331153208;S
20241023;140648;3.7945;4600;11331153209;S
20241023;140648;3.7935;400;11331153210;S
20241023;140648;3.7935;19100;11331153211;S
20241023;140650;3.797;100;11331153413;B
20241023;140702;3.7975;100;11331154351;B
20241023;140702;3.798;200;11331154352;B
20241023;140714;3.798;100;11331155103;B
20241023;140721;3.798;200;11331155534;B
20241023;140721;3.798;3400;11331155551;B
20241023;140721;3.798;2400;11331155552;B
20241023;140721;3.7985;400;11331155553;B
20241023;140721;3.7985;100;11331155554;B
20241023;140721;3.7985;2400;11331155555;B
20241023;140721;3.7985;100;11331155556;B
20241023;140724;3.7985;100;11331155787;S
20241023;140735;3.799;100;11331156431;B
20241023;140751;3.799;900;11331160822;B
20241023;140805;3.799;800;11331161747;B
20241023;140818;3.799;100;11331162694;B
20241023;140818;3.799;400;11331162695;B
20241023;140829;3.7985;400;11331163275;S
20241023;140831;3.799;200;11331163386;B
20241023;140840;3.799;100;11331163946;B
20241023;140841;3.799;100;11331163996;B
20241023;140841;3.799;100;11331164001;B
20241023;140843;3.799;1000;11331164168;B
20241023;140843;3.799;900;11331164169;B
20241023;140847;3.799;100;11331164378;B
20241023;140848;3.799;200;11331164625;B
20241023;140850;3.799;300;11331164811;B
20241023;140850;3.799;100;11331164952;B
20241023;140851;3.799;100;11331164998;B
20241023;140851;3.799;100;11331165000;B
20241023;140852;3.799;100;11331165017;B
20241023;140856;3.799;100;11331165179;B
20241023;140904;3.7985;1900;11331165777;S
20241023;140906;3.799;100;11331165932;B
20241023;140914;3.799;100;11331166661;B
20241023;140918;3.799;200;11331166946;B
20241023;140943;3.799;400;11331168534;B
20241023;140949;3.7985;200;11331168899;S
20241023;140952;3.7985;5000;11331169096;S
20241023;140952;3.7985;1300;11331169101;S
20241023;141017;3.799;200;11331170749;B
20241023;141020;3.799;100;11331170884;B
20241023;141034;3.799;100;11331171733;B
20241023;141041;3.799;100;11331172098;B
20241023;141041;3.799;100;11331172100;B
20241023;141044;3.799;200;11331172279;B
20241023;141048;3.799;100;11331172473;B
20241023;141048;3.799;200;11331172509;B
20241023;141050;3.799;200;11331172572;B
20241023;141050;3.799;100;11331172615;B
20241023;141051;3.799;100;11331172647;B
20241023;141052;3.799;100;11331172747;B
20241023;141053;3.799;300;11331172752;B
20241023;141055;3.799;100;11331172923;B
20241023;141056;3.799;100;11331172989;B
20241023;141059;3.799;600;11331173151;B
20241023;141059;3.799;600;11331173158;B
20241023;141112;3.799;100;11331174118;B
20241023;141115;3.7985;100;11331174322;S
20241023;141117;3.799;200;11331174440;B
20241023;141121;3.799;400;11331174657;B
20241023;141128;3.799;300;11331175193;B
20241023;141130;3.799;100;11331175319;B
20241023;141133;3.799;200;11331175572;B
20241023;141134;3.799;200;11331175599;B
20241023;141134;3.799;100;11331175621;B
20241023;141135;3.799;300;11331175644;B
20241023;141142;3.799;100;11331176125;B
20241023;141142;3.799;100;11331176160;B
20241023;141142;3.799;200;11331176165;B
20241023;141146;3.799;100;11331176427;B
20241023;141152;3.799;100;11331176700;B
20241023;141155;3.799;300;11331177018;B
20241023;141156;3.799;300;11331177096;B
20241023;141159;3.799;500;11331177743;B
20241023;141205;3.799;100;11331178065;B
20241023;141212;3.7985;800;11331178460;S
20241023;141215;3.799;100;11331178623;B
20241023;141218;3.799;100;11331178819;B
20241023;141218;3.799;100;11331178820;B
20241023;141221;3.799;200;11331178948;B
20241023;141221;3.799;100;11331178961;B
20241023;141223;3.799;100;11331179039;B
20241023;141225;3.799;100;11331179098;B
20241023;141226;3.799;100;11331179160;B
20241023;141231;3.799;100;11331179445;B
20241023;141231;3.799;1200;11331179448;B
20241023;141231;3.799;1500;11331179449;B
20241023;141231;3.799;800;11331179450;B
20241023;141232;3.799;100;11331179480;B
20241023;141237;3.799;100;11331179709;B
20241023;141238;3.799;200;11331179797;B
20241023;141245;3.799;100;11331180097;B
20241023;141247;3.799;100;11331180211;B
20241023;141250;3.799;300;11331180352;B
20241023;141253;3.7985;300;11331180579;S
20241023;141255;3.799;100;11331180712;B
20241023;141256;3.799;600;11331180743;B
20241023;141300;3.799;20000;11331180912;B
20241023;141310;3.799;2600;11331181556;B
20241023;141310;3.799;200;11331181557;B
20241023;141332;3.799;100;11331183768;S
20241023;141332;3.7995;100;11331183828;B
20241023;141337;3.7995;200;11331184186;B
20241023;141338;3.7995;100;11331184272;B
20241023;141338;3.7995;200;11331184291;B
20241023;141339;3.7995;100;11331184363;B
20241023;141340;3.7995;200;11331184528;B
20241023;141342;3.7995;100;11331184598;B
20241023;141343;3.7995;100;11331184727;B
20241023;141343;3.7995;100;11331184729;B
20241023;141345;3.7995;100;11331184891;B
20241023;141345;3.7995;100;11331184895;B
20241023;141347;3.7995;300;11331185030;B
20241023;141348;3.799;100;11331185062;S
20241023;141348;3.799;100;11331185063;S
20241023;141351;3.799;200;11331185248;B
20241023;141358;3.799;100;11331185732;B
20241023;141358;3.7985;30000;11331185750;S
20241023;141359;3.799;100;11331185825;B
20241023;141409;3.799;100;11331186421;B
20241023;141409;3.7985;100;11331186465;S
20241023;141411;3.799;200;11331186653;B
20241023;141420;3.7985;1000;11331191157;S
20241023;141420;3.7985;100;11331191158;S
20241023;141420;3.7985;100;11331191159;S
20241023;141420;3.798;100;11331191160;S
20241023;141420;3.798;300;11331191161;S
20241023;141420;3.7975;100;11331191162;S
20241023;141420;3.796;100;11331191182;S
20241023;141420;3.796;2900;11331191183;S
20241023;141421;3.796;300;11331191295;S
20241023;141434;3.796;2700;11331192118;S
20241023;141435;3.7975;200;11331192156;B
20241023;141439;3.797;100;11331192542;B
20241023;141443;3.797;600;11331192844;B
20241023;141453;3.7975;500;11331193505;B
20241023;141456;3.7975;100;11331193893;B
20241023;141457;3.7975;200;11331193904;B
20241023;141457;3.798;400;11331193923;B
20241023;141458;3.797;100;11331193970;B
20241023;141459;3.797;100;11331193989;B
20241023;141500;3.797;200;11331194083;B
20241023;141502;3.797;400;11331194147;B
20241023;141515;3.796;100;11331194983;B
20241023;141522;3.796;100;11331195486;B
20241023;141524;3.796;2000;11331195638;B
20241023;141526;3.795;100;11331195744;S
20241023;141526;3.795;300;11331195745;S
20241023;141526;3.7945;11200;11331195746;S
20241023;141548;3.796;1000;11331197186;B
20241023;141559;3.796;300;11331198163;B
20241023;141608;3.796;300;11331198909;B
20241023;141615;3.796;200;11331199571;B
20241023;141622;3.796;1000;11331199968;B
20241023;141634;3.796;100;11331200614;B
20241023;141640;3.796;800;11331201056;B
20241023;141640;3.7965;200;11331201057;B
20241023;141644;3.7965;100;11331201328;B
20241023;141644;3.7965;100;11331201333;B
20241023;141644;3.796;100;11331201382;S
20241023;141647;3.7965;200;11331201520;B
20241023;141653;3.7965;200;11331201845;B
20241023;141655;3.7965;300;11331202078;B
20241023;141659;3.7965;100;11331202277;B
20241023;141659;3.7965;600;11331202278;B
20241023;141707;3.7955;1000;11331202788;S
20241023;141708;3.7955;300;11331202839;S
20241023;141711;3.7955;100;11331203904;S
20241023;141716;3.7955;300;11331204800;S
20241023;141716;3.7955;200;11331204801;S
20241023;141719;3.796;1100;11331204981;B
20241023;141727;3.796;500;11331205400;S
20241023;141738;3.796;1000;11331206309;S
20241023;141739;3.796;1100;11331206392;S
20241023;141740;3.796;600;11331206527;S
20241023;141740;3.796;1100;11331206592;S
20241023;141740;3.796;8000;11331206633;S
20241023;141740;3.796;5300;11331206677;S
20241023;141740;3.796;100;11331206783;S
20241023;141740;3.796;200;11331206874;S
20241023;141740;3.796;6300;11331206936;S
20241023;141741;3.796;100;11331206997;S
20241023;141742;3.796;1600;11331207252;S
20241023;141742;3.796;1100;11331207345;S
20241023;141743;3.796;1000;11331207438;S
20241023;141743;3.796;100;11331207488;S
20241023;141743;3.796;1100;11331207595;S
20241023;141744;3.796;1000;11331207738;S
20241023;141744;3.7965;100;11331207785;B
20241023;141745;3.796;1100;11331207845;S
20241023;141745;3.796;1100;11331207928;S
20241023;141746;3.796;1000;11331208068;S
20241023;141749;3.7965;100;11331208266;B
20241023;141749;3.796;200;11331208288;S
20241023;141753;3.796;400;11331208557;S
20241023;141803;3.7965;5000;11331209552;B
20241023;141804;3.7965;500;11331209584;B
20241023;141809;3.796;400;11331210063;S
20241023;141812;3.7965;8000;11331210306;B
20241023;141828;3.7965;1200;11331211297;B
20241023;141853;3.7965;500;11331212831;B
20241023;141916;3.7965;200;11331214399;B
20241023;141923;3.7965;100;11331214941;B
20241023;141928;3.7965;100;11331215280;B
20241023;141951;3.7965;1000;11331216832;B
20241023;141957;3.796;100;11331217772;S
20241023;142002;3.7965;1200;11331218110;B
20241023;142002;3.7965;8800;11331218111;B
20241023;142008;3.7965;100;11331218439;B
20241023;142011;3.7965;100;11331219700;B
20241023;142012;3.796;400;11331220098;S
20241023;142013;3.796;1200;11331220318;S
20241023;142014;3.7965;100;11331220369;B
20241023;142015;3.7965;100;11331220389;B
20241023;142015;3.7965;200;11331220392;B
20241023;142018;3.7965;100;11331220606;B
20241023;142020;3.796;7100;11331220913;S
20241023;142020;3.796;39300;11331220974;S
20241023;142021;3.796;1100;11331221128;S
20241023;142023;3.7965;100;11331221643;B
20241023;142024;3.796;1000;11331221808;S
20241023;142026;3.796;100;11331222169;S
20241023;142030;3.796;1100;11331222938;S
20241023;142032;3.7965;200;11331223450;B
20241023;142032;3.7965;400;11331223451;B
20241023;142032;3.797;700;11331223452;B
20241023;142032;3.796;5300;11331223537;S
20241023;142032;3.796;2000;11331223592;S
20241023;142033;3.797;1000;11331223695;B
20241023;142037;3.796;19000;11331224781;S
20241023;142038;3.796;16300;11331225548;S
20241023;142038;3.796;19700;11331225612;S
20241023;142038;3.796;3200;11331225708;S
20241023;142039;3.796;400;11331226478;S
20241023;142040;3.796;13200;11331227214;S
20241023;142042;3.796;9100;11331228544;S
20241023;142045;3.7965;100;11331229544;B
20241023;142048;3.796;100;11331230468;S
20241023;142111;3.796;10000;11331235364;S
20241023;142111;3.796;19000;11331235500;S
20241023;142111;3.796;29600;11331235687;S
20241023;142111;3.796;16200;11331235945;S
20241023;142111;3.796;7500;11331236080;S
20241023;142111;3.796;4200;11331236149;S
20241023;142111;3.796;2100;11331236210;S
20241023;142112;3.796;3200;11331236321;S
20241023;142112;3.796;5300;11331236384;S
20241023;142112;3.796;27700;11331236443;S
20241023;142112;3.7955;1000;11331236478;S
20241023;142112;3.7955;100;11331236479;S
20241023;142113;3.7955;1600;11331236817;S
20241023;142113;3.7945;1500;11331236818;S
20241023;142113;3.7945;100;11331236819;S
20241023;142113;3.794;1900;11331236820;S
20241023;142113;3.795;1700;11331236846;B
20241023;142113;3.795;1700;11331236859;B
20241023;142113;3.795;1700;11331236867;B
20241023;142113;3.795;1700;11331236881;B
20241023;142113;3.795;1700;11331236885;B
20241023;142114;3.795;1700;11331236888;B
20241023;142114;3.795;1700;11331236893;B
20241023;142114;3.795;1700;11331236901;B
20241023;142114;3.795;200;11331236907;B
20241023;142121;3.7945;100;11331237684;B
20241023;142130;3.7945;100;11331238488;B
20241023;142143;3.7945;700;11331239484;B
20241023;142156;3.7945;200;11331240407;B
20241023;142158;3.7945;100;11331240568;B
20241023;142217;3.7945;500;11331241720;B
20241023;142218;3.7945;600;11331241785;B
20241023;142245;3.7945;100;11331243656;B
20241023;142255;3.794;1000;11331247679;S
20241023;142255;3.7945;100;11331247771;B
20241023;142308;3.794;100;11331248454;S
20241023;142308;3.794;1000;11331248455;S
20241023;142308;3.7935;200;11331248456;S
20241023;142308;3.7935;1700;11331248457;S
20241023;142308;3.794;100;11331248493;B
20241023;142310;3.794;100;11331248555;B
20241023;142321;3.794;200;11331249955;B
20241023;142339;3.794;100;11331251232;B
20241023;142400;3.7935;15000;11331252717;S
20241023;142410;3.7935;200;11331253183;S
20241023;142416;3.794;500;11331253444;B
20241023;142419;3.794;100;11331253571;B
20241023;142422;3.794;10500;11331253698;B
20241023;142425;3.794;200;11331253862;B
20241023;142433;3.794;100;11331254294;B
20241023;142443;3.794;100;11331254884;B
20241023;142448;3.794;500;11331255183;B
20241023;142450;3.794;600;11331255357;B
20241023;142557;3.794;400;11331259177;B
20241023;142605;3.794;100;11331259626;B
20241023;142612;3.794;200;11331260235;B
20241023;142615;3.794;100;11331260451;B
20241023;142620;3.794;500;11331260753;B
20241023;142647;3.794;500;11331266643;B
20241023;142653;3.794;100;11331266912;B
20241023;142719;3.7935;2500;11331268169;S
20241023;142721;3.7935;2300;11331268284;S
20241023;142726;3.794;100;11331268602;B
20241023;142735;3.794;100;11331269193;B
20241023;142736;3.7935;700;11331269252;S
20241023;142736;3.7935;1200;11331269306;S
20241023;142739;3.794;100;11331269434;B
20241023;142739;3.794;4800;11331269435;B
20241023;142748;3.7945;100;11331270138;B
20241023;142757;3.796;1500;11331270697;B
20241023;142829;3.7955;100;11331272907;B
20241023;142842;3.794;4000;11331273805;S
20241023;142951;3.794;1000;11331283051;S
20241023;143004;3.795;200;11331283707;B
20241023;143013;3.794;100;11331284196;S
20241023;143013;3.794;5000;11331284197;S
20241023;143013;3.794;100;11331284198;S
20241023;143013;3.794;200;11331284199;S
20241023;143025;3.7945;1600;11331284857;B
20241023;143029;3.7945;100;11331285080;B
20241023;143032;3.795;100;11331285250;B
20241023;143041;3.795;100;11331285779;B
20241023;143046;3.795;100;11331286168;B
20241023;143057;3.795;1000;11331286896;B
20241023;143109;3.795;1000;11331287443;B
20241023;143137;3.795;100;11331291834;S
20241023;143142;3.795;200;11331292310;S
20241023;143142;3.794;1000;11331292311;S
20241023;143142;3.794;100;11331292312;S
20241023;143142;3.794;300;11331292313;S
20241023;143145;3.794;100;11331292565;S
20241023;143151;3.796;100;11331293240;B
20241023;143159;3.796;300;11331293914;B
20241023;143210;3.794;600;11331295288;S
20241023;143216;3.796;100;11331297079;B
20241023;143230;3.794;1500;11331298730;S
20241023;143240;3.7955;100;11331299696;B
20241023;143249;3.7955;400;11331300318;B
20241023;143257;3.7955;300;11331300894;B
20241023;143319;3.7955;4200;11331303869;B
20241023;143319;3.7955;7800;11331303870;B
20241023;143344;3.7955;100;11331307166;B
20241023;143349;3.7955;100;11331307558;B
20241023;143356;3.7955;100;11331308408;B
20241023;143401;3.7955;100;11331309042;B
20241023;143413;3.795;200;11331310111;S
20241023;143425;3.7955;100;11331311254;B
20241023;143447;3.795;100;11331312962;S
20241023;143448;3.7955;400;11331312979;B
20241023;143454;3.795;2300;11331313555;S
20241023;143459;3.7955;100;11331313997;B
20241023;143512;3.7955;200;11331315105;B
20241023;143538;3.7955;100;11331317412;B
20241023;143548;3.7955;100;11331317969;B
20241023;143606;3.795;200;11331319520;S
20241023;143606;3.795;100;11331319521;S
20241023;143606;3.795;200;11331319522;S
20241023;143614;3.7955;100;11331320072;B
20241023;143620;3.7955;100;11331320538;B
20241023;143645;3.795;300;11331323991;S
20241023;143645;3.795;100;11331323992;S
20241023;143651;3.7945;100;11331324539;S
20241023;143657;3.7945;1100;11331324961;S
20241023;143657;3.7945;1300;11331325044;S
20241023;143657;3.794;2500;11331325045;S
20241023;143657;3.794;3500;11331325085;S
20241023;143657;3.794;2100;11331325140;S
20241023;143657;3.794;7100;11331325244;S
20241023;143705;3.794;17300;11331326019;S
20241023;143705;3.7935;1700;11331326020;S
20241023;143705;3.7935;1400;11331326114;S
20241023;143705;3.7935;1900;11331326115;S
20241023;143705;3.7935;8100;11331326348;S
20241023;143705;3.7935;200;11331326349;S
20241023;143705;3.7935;7900;11331326350;S
20241023;143706;3.7935;100;11331326418;S
20241023;143706;3.7935;2000;11331326494;S
20241023;143706;3.793;3300;11331326495;S
20241023;143707;3.7935;200;11331326776;B
20241023;143708;3.793;4200;11331326998;S
20241023;143708;3.793;200;11331326999;S
20241023;143708;3.793;100;11331327000;S
20241023;143708;3.793;100;11331327001;S
20241023;143708;3.793;100;11331327002;S
20241023;143708;3.793;900;11331327003;S
20241023;143708;3.793;200;11331327004;S
20241023;143708;3.793;1300;11331327005;S
20241023;143709;3.7935;100;11331327223;B
20241023;143710;3.793;3700;11331327306;S
20241023;143710;3.793;6000;11331327307;S
20241023;143710;3.793;200;11331327308;S
20241023;143710;3.793;300;11331327309;S
20241023;143710;3.793;400;11331327310;S
20241023;143710;3.793;600;11331327311;S
20241023;143710;3.793;200;11331327312;S
20241023;143710;3.793;100;11331327313;S
20241023;143710;3.793;100;11331327314;S
20241023;143710;3.793;600;11331327315;S
20241023;143712;3.793;100;11331327688;S
20241023;143718;3.7935;400;11331328214;B
20241023;143726;3.793;400;11331329007;S
20241023;143729;3.7935;500;11331329194;B
20241023;143732;3.7935;100;11331329435;B
20241023;143747;3.7935;200;11331330746;B
20241023;143756;3.793;500;11331331654;S
20241023;143756;3.793;100;11331331655;S
20241023;143756;3.793;100;11331331656;S
20241023;143756;3.793;400;11331331657;S
20241023;143801;3.793;100;11331331986;S
20241023;143801;3.793;1200;11331332011;S
20241023;143819;3.7935;400;11331334111;B
20241023;143827;3.7935;100;11331334920;B
20241023;143831;3.7935;200;11331335390;B
20241023;143843;3.7935;100;11331336901;B
20241023;143846;3.7935;300;11331337256;B
20241023;143854;3.7935;900;11331338416;B
20241023;143921;3.7935;200;11331341917;B
20241023;143921;3.7935;100;11331342025;B
20241023;143935;3.7935;400;11331343393;B
20241023;144007;3.7935;800;11331345411;B
20241023;144010;3.793;2500;11331345693;S
20241023;144010;3.793;800;11331345721;S
20241023;144010;3.793;100;11331345722;S
20241023;144010;3.793;100;11331345723;S
20241023;144010;3.793;100;11331345724;S
20241023;144010;3.793;1900;11331345725;S
20241023;144010;3.793;100;11331345726;S
20241023;144010;3.793;1000;11331345727;S
20241023;144010;3.793;1000;11331345728;S
20241023;144010;3.793;2000;11331345729;S
20241023;144010;3.793;100;11331345730;S
20241023;144010;3.793;100;11331345731;S
20241023;144010;3.793;8900;11331345732;S
20241023;144015;3.793;1600;11331346348;S
20241023;144015;3.793;7700;11331346349;S
20241023;144017;3.793;9100;11331346577;S
20241023;144018;3.793;1600;11331346609;S
20241023;144018;3.7935;100;11331346612;B
20241023;144019;3.793;6000;11331346770;S
20241023;144019;3.793;5600;11331346774;S
20241023;144020;3.793;10300;11331346851;S
20241023;144022;3.793;4700;11331347080;S
20241023;144024;3.7935;100;11331347131;B
20241023;144034;3.793;100;11331347791;S
20241023;144041;3.793;2500;11331348455;S
20241023;144043;3.793;15100;11331350956;S
20241023;144043;3.793;3600;11331351087;S
20241023;144045;3.793;9900;11331352568;S
20241023;144045;3.793;7300;11331352592;S
20241023;144045;3.793;1900;11331352593;S
20241023;144047;3.793;17000;11331352898;S
20241023;144050;3.7935;200;11331353270;B
20241023;144059;3.7935;100;11331354456;B
20241023;144102;3.793;500;11331354881;S
20241023;144113;3.793;100;11331356826;S
20241023;144118;3.7935;7600;11331357679;B
20241023;144118;3.7935;2400;11331357680;B
20241023;144123;3.7935;2700;11331358463;B
20241023;144125;3.7935;100;11331358817;B
20241023;144135;3.793;100;11331360871;S
20241023;144141;3.793;300;11331361706;S
20241023;144152;3.793;38100;11331363306;S
20241023;144152;3.793;100;11331363307;S
20241023;144152;3.793;100;11331363308;S
20241023;144152;3.793;1000;11331363309;S
20241023;144152;3.793;500;11331363310;S
20241023;144152;3.793;400;11331363311;S
20241023;144152;3.793;100;11331363312;S
20241023;144152;3.793;100;11331363313;S
20241023;144152;3.793;100;11331363314;S
20241023;144152;3.793;300;11331363315;S
20241023;144152;3.793;2700;11331363316;S
20241023;144214;3.7935;300;11331366713;B
20241023;144221;3.7935;100;11331368059;B
20241023;144228;3.7935;100;11331369071;B
20241023;144350;3.793;200;11331374272;S
20241023;144351;3.7935;1000;11331374326;B
20241023;144351;3.7935;300;11331374329;B
20241023;144352;3.7935;100;11331374420;B
20241023;144409;3.7935;200;11331375408;B
20241023;144411;3.7935;500;11331375570;B
20241023;144419;3.7935;200;11331376231;B
20241023;144422;3.7935;600;11331376389;B
20241023;144423;3.793;100;11331376454;S
20241023;144450;3.793;5500;11331377960;S
20241023;144450;3.793;1000;11331378020;S
20241023;144451;3.7935;100;11331378044;B
20241023;144514;3.7935;700;11331380349;B
20241023;144517;3.7935;100;11331380589;B
20241023;144519;3.7935;200;11331380734;B
20241023;144521;3.7935;100;11331380839;B
20241023;144521;3.7935;100;11331380877;B
20241023;144522;3.7935;1900;11331380956;B
20241023;144527;3.7935;100;11331381288;B
20241023;144531;3.7935;100;11331381573;B
20241023;144538;3.7935;100;11331382031;B
20241023;144544;3.7935;200;11331382504;B
20241023;144547;3.793;500;11331382786;S
20241023;144547;3.793;200;11331382787;S
20241023;144547;3.793;2200;11331382788;S
20241023;144551;3.7935;100;11331383042;B
20241023;144555;3.793;100;11331383380;S
20241023;144614;3.7935;100;11331384861;B
20241023;144618;3.7935;500;11331388276;B
20241023;144637;3.7935;3000;11331390011;B
20241023;144703;3.7935;100;11331391560;B
20241023;144721;3.7935;100;11331392444;B
20241023;144731;3.7935;5000;11331392923;B
20241023;144732;3.7935;2000;11331393014;B
20241023;144749;3.7935;1000;11331393805;B
20241023;144752;3.7935;3800;11331393917;B
20241023;144752;3.7935;11800;11331393918;B
20241023;144752;3.7935;4400;11331393919;B
20241023;144801;3.7935;500;11331394385;B
20241023;144807;3.7935;1000;11331394641;B
20241023;144840;3.793;3500;11331396714;S
20241023;144844;3.7935;500;11331397114;B
20241023;144906;3.7935;100;11331398224;B
20241023;144913;3.7935;300;11331398661;B
20241023;144919;3.7935;100;11331398987;B
20241023;144922;3.7935;100;11331399133;B
20241023;144923;3.7935;3000;11331399182;B
20241023;144925;3.7935;100;11331399287;B
20241023;144947;3.7935;100;11331400897;B
20241023;144948;3.7935;400;11331400900;B
20241023;144949;3.7935;100;11331400959;B
20241023;144952;3.7935;1200;11331401223;B
20241023;145004;3.7935;8400;11331402146;B
20241023;145004;3.7935;500;11331402147;B
20241023;145004;3.7935;500;11331402148;B
20241023;145004;3.7935;1000;11331402149;B
20241023;145004;3.7945;1600;11331402150;B
20241023;145014;3.793;100;11331402911;S
20241023;145038;3.7945;100;11331404573;B
20241023;145040;3.7945;100;11331404630;B
20241023;145104;3.7945;100;11331406112;B
20241023;145140;3.7945;100;11331410647;B
20241023;145149;3.7945;500;11331411203;B
20241023;145158;3.7945;2400;11331411798;B
20241023;145158;3.7945;1400;11331411799;B
20241023;145221;3.793;5000;11331413359;S
20241023;145221;3.793;2000;11331413382;S
20241023;145240;3.7945;100;11331414803;B
20241023;145317;3.795;200;11331417116;B
20241023;145327;3.795;200;11331417623;B
20241023;145329;3.7945;100;11331417697;S
20241023;145350;3.7945;100;11331419154;S
20241023;145355;3.7945;100;11331419537;S
20241023;145416;3.795;100;11331420936;B
20241023;145423;3.795;300;11331421425;B
20241023;145427;3.795;100;11331421688;B
20241023;145503;3.795;100;11331424549;B
20241023;145506;3.795;100;11331424749;B
20241023;145513;3.795;100;11331425182;B
20241023;145526;3.795;200;11331426111;B
20241023;145610;3.795;200;11331429293;B
20241023;145628;3.795;100;11331430636;B
20241023;145635;3.7945;100;11331431054;S
20241023;145705;3.795;200;11331432907;B
20241023;145712;3.795;500;11331433343;B
20241023;145715;3.7945;1600;11331433519;S
20241023;145715;3.7945;100;11331433520;S
20241023;145715;3.7945;200;11331433521;S
20241023;145729;3.794;800;11331434746;S
20241023;145729;3.7935;100;11331434747;S
20241023;145729;3.7935;100;11331434748;S
20241023;145729;3.793;9500;11331434749;S
20241023;145737;3.793;900;11331435337;S
20241023;145743;3.793;100;11331435747;S
20241023;145756;3.793;300;11331436608;S
20241023;145757;3.793;400;11331436702;S
20241023;145757;3.793;400;11331436733;S
20241023;145757;3.793;400;11331436750;S
20241023;145757;3.793;100;11331436779;S
20241023;145757;3.793;500;11331436801;S
20241023;145757;3.793;200;11331436829;S
20241023;145757;3.793;200;11331436852;S
20241023;145807;3.793;100;11331437772;S
20241023;145807;3.793;200;11331437773;S
20241023;145807;3.793;100;11331437774;S
20241023;145807;3.793;100;11331437775;S
20241023;145807;3.793;89500;11331437776;S
20241023;145807;3.793;4500;11331437796;S
20241023;145807;3.793;3600;11331437797;S
20241023;145825;3.7935;100;11331438823;B
20241023;145851;3.7935;100;11331440402;B
20241023;145851;3.793;3000;11331440423;S
20241023;145906;3.7935;200;11331441266;B
20241023;145909;3.7935;200;11331441496;B
20241023;145922;3.7935;1100;11331442251;B
20241023;145935;3.7935;600;11331442850;B
20241023;145938;3.793;30000;11331443010;S
20241023;145957;3.7935;100;11331444088;B
20241023;150001;3.793;500;11331444309;S
20241023;150005;3.7935;100;11331444816;B
20241023;150011;3.7935;800;11331445276;B
20241023;150011;3.7935;1000;11331445277;B
20241023;150011;3.7935;1000;11331445278;B
20241023;150011;3.7935;10300;11331445279;B
20241023;150011;3.793;200;11331445291;S
20241023;150013;3.793;700;11331445435;S
20241023;150013;3.793;3300;11331445463;S
20241023;150013;3.793;700;11331445511;S
20241023;150013;3.793;3300;11331445534;S
20241023;150014;3.793;100;11331445642;S
20241023;150017;3.793;400;11331446080;S
20241023;150017;3.7935;200;11331446244;B
20241023;150018;3.793;300;11331446289;S
20241023;150018;3.793;2500;11331446340;S
20241023;150023;3.7935;100;11331446879;B
20241023;150025;3.793;900;11331447054;S
20241023;150025;3.793;3200;11331447118;S
20241023;150025;3.793;5100;11331447195;S
20241023;150026;3.793;200;11331447298;S
20241023;150026;3.793;100;11331447299;S
20241023;150026;3.793;100;11331447300;S
20241023;150026;3.793;100;11331447301;S
20241023;150026;3.793;100;11331447302;S
20241023;150026;3.793;500;11331447303;S
20241023;150026;3.793;200;11331447304;S
20241023;150026;3.793;300;11331447305;S
20241023;150026;3.793;100;11331447306;S
20241023;150026;3.793;400;11331447307;S
20241023;150026;3.793;12700;11331447424;S
20241023;150026;3.793;1000;11331447467;S
20241023;150027;3.793;1000;11331447701;S
20241023;150032;3.793;400;11331448191;S
20241023;150036;3.793;500;11331448524;S
20241023;150039;3.793;3200;11331448881;S
20241023;150041;3.7935;500;11331449051;B
20241023;150051;3.793;500;11331450096;S
20241023;150118;3.7935;400;11331452266;B
20241023;150122;3.7935;46500;11331452550;B
20241023;150122;3.7935;12400;11331452551;B
20241023;150122;3.7935;14600;11331452552;B
20241023;150122;3.795;800;11331452553;B
20241023;150122;3.7955;1900;11331452554;B
20241023;150122;3.796;300;11331452555;B
20241023;150122;3.796;28900;11331452556;B
20241023;150122;3.796;24600;11331452557;B
20241023;150144;3.793;4000;11331454435;S
20241023;150157;3.7935;100;11331455213;B
20241023;150208;3.7935;600;11331455937;B
20241023;150208;3.7945;1400;11331455938;B
20241023;150225;3.7945;1000;11331456928;B
20241023;150238;3.793;100;11331457647;S
20241023;150242;3.7935;100;11331458009;B
20241023;150243;3.7935;100;11331458161;B
20241023;150254;3.7935;47200;11331458916;B
20241023;150258;3.7935;100;11331459341;S
20241023;150310;3.7945;100;11331460561;B
20241023;150323;3.7935;5300;11331461455;S
20241023;150324;3.7945;500;11331461511;B
20241023;150332;3.7935;5300;11331462194;S
20241023;150334;3.7935;900;11331462320;S
20241023;150344;3.7945;1000;11331462890;B
20241023;150433;3.7945;100;11331466016;B
20241023;150434;3.7945;200;11331466071;B
20241023;150436;3.7945;400;11331466238;B
20241023;150449;3.7945;30000;11331467129;B
20241023;150504;3.794;1000;11331467853;S
20241023;150504;3.794;13000;11331467854;S
20241023;150506;3.7945;300;11331467980;B
20241023;150507;3.7945;900;11331468070;B
20241023;150512;3.7945;1700;11331468349;B
20241023;150515;3.7945;100;11331468574;B
20241023;150524;3.7945;500;11331469427;B
20241023;150533;3.7945;1500;11331470223;B
20241023;150539;3.7945;400;11331470641;B
20241023;150546;3.796;28900;11331471428;B
20241023;150546;3.796;200;11331471429;B
20241023;150546;3.796;700;11331471430;B
20241023;150546;3.796;12400;11331471431;B
20241023;150546;3.7965;5500;11331471432;B
20241023;150546;3.7965;12000;11331471433;B
20241023;150546;3.7965;70300;11331471434;B
20241023;150546;3.796;2000;11331471484;B
20241023;150546;3.7965;6600;11331471497;B
20241023;150546;3.7945;11000;11331471504;S
20241023;150602;3.796;12400;11331472845;B
20241023;150602;3.7965;8600;11331472846;B
20241023;150604;3.794;300;11331473025;S
20241023;150657;3.7945;100;11331476005;S
20241023;150657;3.7945;100;11331476006;S
20241023;150657;3.794;9700;11331476007;S
20241023;150657;3.794;800;11331476008;S
20241023;150657;3.794;4300;11331476009;S
20241023;150712;3.794;100;11331476828;S
20241023;150729;3.796;100;11331477865;B
20241023;150741;3.796;200;11331478545;B
20241023;150807;3.796;500;11331480149;B
20241023;150819;3.796;2500;11331480719;B
20241023;150822;3.796;2600;11331480919;B
20241023;150828;3.796;100;11331481413;B
20241023;150834;3.796;600;11331481938;B
20241023;150840;3.796;200;11331482550;B
20241023;150843;3.796;100;11331482777;B
20241023;150843;3.795;300;11331482794;S
20241023;150843;3.7945;100;11331482795;S
20241023;150843;3.794;100;11331482796;S
20241023;150843;3.794;500;11331482797;S
20241023;150843;3.794;100;11331482798;S
20241023;150843;3.794;100;11331482799;S
20241023;150843;3.794;6600;11331482800;S
20241023;150859;3.794;100;11331483884;S
20241023;150918;3.795;100;11331484957;B
20241023;150927;3.795;100;11331485369;B
20241023;150928;3.795;1800;11331485423;B
20241023;150928;3.7955;800;11331485424;B
20241023;150941;3.795;200;11331486449;B
20241023;150951;3.795;200;11331488540;B
20241023;150952;3.795;400;11331488545;B
20241023;150955;3.795;500;11331488745;B
20241023;151009;3.795;600;11331489763;B
20241023;151016;3.795;100;11331490202;B
20241023;151049;3.795;100;11331492296;B
20241023;151118;3.795;100;11331494064;B
20241023;151125;3.795;100;11331494577;B
20241023;151138;3.795;100;11331495373;B
20241023;151150;3.794;9900;11331496065;S
20241023;151150;3.794;5000;11331496066;S
20241023;151150;3.7935;45100;11331496067;S
20241023;151212;3.7945;300;11331497416;B
20241023;151226;3.794;100;11331498390;B
20241023;151229;3.794;300;11331498560;B
20241023;151232;3.794;100;11331498665;B
20241023;151241;3.7935;100;11331499132;S
20241023;151247;3.7935;100;11331499460;S
20241023;151250;3.794;100;11331499685;B
20241023;151306;3.794;300;11331500990;B
20241023;151308;3.7935;12500;11331501112;S
20241023;151308;3.7935;12500;11331501182;S
20241023;151309;3.7935;12500;11331501297;S
20241023;151310;3.7935;12300;11331501302;S
20241023;151315;3.794;200;11331503967;B
20241023;151354;3.794;1900;11331506397;B
20241023;151354;3.795;100;11331506411;B
20241023;151356;3.7935;100;11331506498;S
20241023;151401;3.7945;200;11331506770;B
20241023;151404;3.7945;300;11331506876;B
20241023;151423;3.795;100;11331507979;B
20241023;151438;3.795;1000;11331508699;B
20241023;151444;3.7945;200;11331509148;S
20241023;151444;3.794;700;11331509149;S
20241023;151511;3.795;100;11331510523;B
20241023;151514;3.795;500;11331510661;B
20241023;151522;3.795;200;11331510950;B
20241023;151539;3.7935;10800;11331511777;S
20241023;151548;3.795;100;11331512222;B
20241023;151606;3.795;200;11331513086;B
20241023;151658;3.795;100;11331516761;B
20241023;151700;3.795;500;11331516831;B
20241023;151727;3.794;300;11331518074;S
20241023;151742;3.794;100;11331519070;B
20241023;151803;3.794;100;11331520541;B
20241023;151813;3.7935;31600;11331521065;S
20241023;151828;3.794;200;11331521926;B
20241023;151835;3.794;100;11331522416;B
20241023;151842;3.7945;6200;11331522915;B
20241023;151842;3.795;2600;11331522916;B
20241023;151842;3.795;1000;11331522917;B
20241023;151842;3.795;300;11331522918;B
20241023;151842;3.795;200;11331522919;B
20241023;151842;3.795;700;11331522920;B
20241023;151842;3.795;1500;11331522921;B
20241023;151842;3.7955;2000;11331522942;B
20241023;151842;3.796;3400;11331522943;B
20241023;151904;3.794;100;11331524376;S
20241023;151904;3.794;1900;11331524377;S
20241023;151919;3.796;400;11331525418;B
20241023;151919;3.794;8000;11331525545;S
20241023;151931;3.796;100;11331526407;B
20241023;151933;3.796;100;11331526497;B
20241023;152039;3.796;100;11331530174;B
20241023;152044;3.796;100;11331530388;B
20241023;152057;3.796;1000;11331530999;B
20241023;152059;3.7955;100;11331531076;B
20241023;152109;3.796;300;11331531471;B
20241023;152124;3.7965;600;11331532179;B
20241023;152128;3.7965;1000;11331532406;B
20241023;152128;3.7965;500;11331532407;B
20241023;152128;3.797;3700;11331532408;B
20241023;152143;3.796;400;11331533132;S
20241023;152143;3.7955;4000;11331533133;S
20241023;152143;3.795;500;11331533134;S
20241023;152143;3.795;4000;11331533135;S
20241023;152143;3.795;12100;11331533136;S
20241023;152157;3.796;1100;11331544127;B
20241023;152215;3.796;300;11331560673;B
20241023;152216;3.795;400;11331561135;S
20241023;152216;3.794;1600;11331561136;S
20241023;152224;3.7965;500;11331570310;B
20241023;152233;3.7965;600;11331580676;B
20241023;152300;3.795;2000;11331606733;S
20241023;152300;3.7945;12400;11331606734;S
20241023;152300;3.7945;600;11331606735;S
20241023;152304;3.7945;1400;11331611454;S
20241023;152304;3.7945;2000;11331611455;S
20241023;152304;3.7945;2000;11331611456;S
20241023;152304;3.7945;2000;11331611457;S
20241023;152304;3.7945;2000;11331611458;S
20241023;152304;3.7945;3500;11331611459;S
20241023;152304;3.794;100;11331611460;S
20241023;152304;3.794;4100;11331611461;S
20241023;152309;3.7965;200;11331616696;B
20241023;152339;3.794;100;11331647276;S
20241023;152339;3.794;3400;11331647277;S
20241023;152339;3.7935;21500;11331647278;S
20241023;152409;3.7955;100;11331679562;B
20241023;152412;3.794;100;11331681110;S
20241023;152423;3.7955;500;11331681756;B
20241023;152442;3.7955;1300;11331683484;B
20241023;152502;3.794;100;11331684462;S
20241023;152525;3.796;200;11331686190;B
20241023;152538;3.796;300;11331686972;B
20241023;152550;3.796;100;11331687539;B
20241023;152634;3.795;300;11331689945;S
20241023;152634;3.795;6000;11331689946;S
20241023;152634;3.795;1700;11331689947;S
20241023;152648;3.7955;300;11331690682;B
20241023;152709;3.7955;200;11331691931;B
20241023;152713;3.7955;1100;11331692212;B
20241023;152724;3.795;1100;11331692831;S
20241023;152729;3.7955;100;11331693070;B
20241023;152754;3.7955;4300;11331694367;B
20241023;152805;3.796;100;11331694957;B
20241023;152907;3.796;500;11331698500;B
20241023;152933;3.795;400;11331702079;S
20241023;152935;3.796;100;11331702253;B
20241023;152945;3.795;400;11331702925;S
20241023;152953;3.796;400;11331703551;B
20241023;153015;3.7955;3100;11331705351;S
20241023;153019;3.7955;2700;11331705608;S
20241023;153035;3.796;200;11331706967;B
20241023;153038;3.7955;100;11331707164;S
20241023;153051;3.796;100;11331708425;B
20241023;153052;3.796;1000;11331708617;B
20241023;153053;3.7955;600;11331708668;S
20241023;153101;3.796;300;11331709212;B
20241023;153102;3.796;7000;11331709300;B
20241023;153102;3.796;3000;11331709301;B
20241023;153115;3.796;100;11331710056;B
20241023;153141;3.796;100;11331711522;B
20241023;153144;3.796;1800;11331711833;B
20241023;153152;3.796;100;11331712251;B
20241023;153152;3.796;100;11331712255;B
20241023;153219;3.796;200;11331713843;B
20241023;153219;3.796;2600;11331713844;B
20241023;153229;3.7965;900;11331714438;B
20241023;153229;3.7965;1100;11331714439;B
20241023;153231;3.796;4900;11331714617;S
20241023;153240;3.7965;900;11331715165;B
20241023;153247;3.7965;100;11331715594;B
20241023;153250;3.7965;100;11331715889;B
20241023;153303;3.7965;700;11331716853;B
20241023;153307;3.7965;100;11331717151;B
20241023;153308;3.796;11000;11331717193;S
20241023;153318;3.796;30000;11331717910;S
20241023;153338;3.7965;700;11331719145;B
20241023;153338;3.7965;100;11331719159;B
20241023;153342;3.7965;100;11331719497;B
20241023;153347;3.7965;6100;11331719884;B
20241023;153347;3.797;19600;11331719885;B
20241023;153347;3.797;1000;11331719886;B
20241023;153347;3.797;12000;11331719887;B
20241023;153347;3.797;2000;11331719888;B
20241023;153347;3.7975;1000;11331719889;B
20241023;153347;3.7975;8300;11331719890;B
20241023;153350;3.7975;100;11331720142;B
20241023;153355;3.7975;100;11331720447;B
20241023;153402;3.7975;100;11331720825;B
20241023;153410;3.7975;100;11331721449;B
20241023;153411;3.7975;100;11331721572;B
20241023;153437;3.7975;200;11331723441;B
20241023;153443;3.7975;100;11331724078;B
20241023;153501;3.7975;500;11331725371;B
20241023;153504;3.7975;200;11331725715;B
20241023;153510;3.7975;100;11331726229;B
20241023;153534;3.797;100;11331727906;S
20241023;153546;3.7975;100;11331728889;B
20241023;153610;3.7975;100;11331730490;B
20241023;153612;3.7975;200;11331730602;B
20241023;153622;3.797;100;11331731096;S
20241023;153626;3.7975;2000;11331731509;B
20241023;153627;3.7975;7700;11331731573;B
20241023;153627;3.7975;2000;11331731574;B
20241023;153639;3.7975;46200;11331732255;S
20241023;153647;3.7975;100;11331732754;B
20241023;153653;3.7975;100;11331733248;B
20241023;153708;3.7975;19000;11331734293;B
20241023;153717;3.7975;400;11331734784;B
20241023;153719;3.7975;100;11331734878;B
20241023;153720;3.7975;14100;11331734954;B
20241023;153720;3.7975;2800;11331734955;B
20241023;153720;3.7975;5000;11331734956;B
20241023;153721;3.798;400;11331735116;B
20241023;153748;3.798;100;11331736593;B
20241023;153754;3.7975;5700;11331736957;S
20241023;153810;3.797;4900;11331737967;S
20241023;153820;3.798;100;11331739195;B
20241023;153822;3.797;2800;11331739367;S
20241023;153826;3.798;500;11331739663;B
20241023;153829;3.7975;100;11331739942;S
20241023;153829;3.7975;300;11331739943;S
20241023;153829;3.797;300;11331739983;S
20241023;153829;3.797;11800;11331740049;S
20241023;153829;3.797;1500;11331740050;S
20241023;153829;3.797;100;11331740051;S
20241023;153829;3.797;200;11331740052;S
20241023;153829;3.797;100;11331740053;S
20241023;153829;3.796;100;11331740446;S
20241023;153829;3.796;700;11331740447;S
20241023;153829;3.796;100;11331740448;S
20241023;153830;3.7955;100;11331740899;S
20241023;153830;3.7955;1300;11331740900;S
20241023;153830;3.795;1300;11331740922;S
20241023;153830;3.795;200;11331740923;S
20241023;153830;3.795;100;11331740924;S
20241023;153830;3.795;500;11331740925;S
20241023;153830;3.794;3600;11331740938;S
20241023;153830;3.794;300;11331740939;S
20241023;153830;3.794;200;11331740940;S
20241023;153830;3.794;100;11331740941;S
20241023;153830;3.794;2000;11331740942;S
20241023;153830;3.794;300;11331740943;S
20241023;153830;3.794;200;11331740944;S
20241023;153830;3.794;6700;11331740947;S
20241023;153830;3.794;17900;11331740958;S
20241023;153830;3.794;9000;11331741144;S
20241023;153834;3.795;100;11331742439;B
20241023;153857;3.795;800;11331744618;B
20241023;153857;3.794;7300;11331744619;S
20241023;153921;3.795;200;11331746294;B
20241023;153932;3.795;100;11331747020;B
20241023;153940;3.795;100;11331747464;B
20241023;153941;3.795;100;11331747523;B
20241023;153955;3.7945;4000;11331748464;S
20241023;154006;3.795;200;11331749112;B
20241023;154017;3.795;100;11331749924;B
20241023;154028;3.7965;500;11331750871;B
20241023;154028;3.797;100;11331750910;B
20241023;154043;3.795;100;11331751965;S
20241023;154102;3.797;1000;11331753164;B
20241023;154107;3.797;200;11331753452;B
20241023;154115;3.797;100;11331753996;B
20241023;154120;3.796;20000;11331754280;S
20241023;154135;3.797;600;11331755087;B
20241023;154207;3.797;100;11331757064;B
20241023;154209;3.797;400;11331757171;B
20241023;154238;3.7965;2000;11331758874;B
20241023;154245;3.7955;100;11331759397;S
20241023;154248;3.7965;100;11331759606;B
20241023;154302;3.7955;100;11331760528;S
20241023;154302;3.7965;100;11331760545;B
20241023;154304;3.7965;100;11331760772;B
20241023;154314;3.7955;100;11331761563;S
20241023;154318;3.7955;100;11331761840;S
20241023;154321;3.7955;600;11331762044;S
20241023;154321;3.795;800;11331762045;S
20241023;154321;3.795;100;11331762046;S
20241023;154321;3.7945;2200;11331762047;S
20241023;154321;3.794;6500;11331762048;S
20241023;154351;3.7935;16900;11331764263;S
20241023;154356;3.7955;400;11331764796;B
20241023;154429;3.795;100;11331767001;B
20241023;154502;3.795;100;11331769145;S
20241023;154502;3.794;9000;11331769248;S
20241023;154503;3.794;5500;11331769341;S
20241023;154503;3.7935;3500;11331769342;S
20241023;154503;3.7935;9000;11331769415;S
20241023;154507;3.7935;200;11331769647;S
20241023;154512;3.7935;600;11331769931;S
20241023;154512;3.7935;9000;11331770029;S
20241023;154512;3.7935;9000;11331770114;S
20241023;154521;3.7935;300;11331770853;S
20241023;154531;3.7935;1000;11331771623;S
20241023;154534;3.7935;300;11331771755;S
20241023;154535;3.7935;100;11331771831;S
20241023;154540;3.7935;1000;11331772161;S
20241023;154558;3.7945;100;11331773122;B
20241023;154606;3.7935;8500;11331773617;S
20241023;154606;3.7935;800;11331773659;S
20241023;154703;3.7935;1000;11331777795;S
20241023;154703;3.7945;500;11331777820;B
20241023;154707;3.7945;100;11331778117;B
20241023;154716;3.795;100;11331778790;B
20241023;154724;3.795;300;11331779234;B
20241023;154724;3.795;6200;11331779235;B
20241023;154736;3.795;100;11331780063;B
20241023;154808;3.7955;1000;11331781813;B
20241023;154808;3.796;1200;11331781814;B
20241023;154846;3.7965;100;11331784222;B
20241023;154904;3.795;100;11331785440;S
20241023;154904;3.795;200;11331785441;S
20241023;154928;3.794;2500;11331787043;S
20241023;154928;3.794;7500;11331787044;S
20241023;154935;3.795;3800;11331787492;B
20241023;154935;3.7955;3400;11331787493;B
20241023;154935;3.7955;1900;11331787494;B
20241023;154938;3.796;9000;11331787635;B
20241023;154938;3.7965;1100;11331787636;B
20241023;154940;3.7965;12400;11331787873;B
20241023;154940;3.7965;2600;11331787874;B
20241023;154940;3.7965;7400;11331787875;B
20241023;154940;3.797;500;11331787937;B
20241023;154940;3.797;500;11331787938;B
20241023;154941;3.795;12400;11331787975;S
20241023;154941;3.7945;2600;11331787976;S
20241023;154942;3.7965;6000;11331788012;B
20241023;154944;3.7965;2400;11331788235;B
20241023;154944;3.7965;6800;11331788236;B
20241023;154946;3.796;100;11331788426;B
20241023;154946;3.796;9000;11331788427;B
20241023;154946;3.7965;1000;11331788428;B
20241023;154952;3.795;100;11331788964;S
20241023;154952;3.795;6100;11331788965;S
20241023;154954;3.795;1500;11331789064;B
20241023;155000;3.7945;100;11331789515;S
20241023;155002;3.7945;100;11331789665;S
20241023;155006;3.795;2900;11331789916;B
20241023;155006;3.795;5000;11331789917;B
20241023;155006;3.7955;2300;11331789918;B
20241023;155006;3.795;9000;11331790111;S
20241023;155007;3.7945;9000;11331790207;S
20241023;155007;3.7935;9000;11331790317;S
20241023;155007;3.7935;3100;11331790318;S
20241023;155008;3.795;9000;11331790506;B
20241023;155008;3.795;12400;11331790507;B
20241023;155008;3.7955;6800;11331790508;B
20241023;155008;3.796;2400;11331790509;B
20241023;155008;3.797;700;11331790510;B
20241023;155008;3.797;5000;11331790511;B
20241023;155008;3.7975;2200;11331790512;B
20241023;155010;3.7955;9000;11331790776;B
20241023;155010;3.796;1100;11331790777;B
20241023;155011;3.7945;10000;11331790885;S
20241023;155012;3.7965;9000;11331790955;B
20241023;155012;3.797;3200;11331790956;B
20241023;155014;3.7965;9000;11331791147;B
20241023;155014;3.797;100;11331791148;B
20241023;155016;3.7975;7800;11331791391;B
20241023;155016;3.7975;12500;11331791392;B
20241023;155022;3.7955;800;11331791754;S
20241023;155024;3.7975;22300;11331791888;B
20241023;155026;3.7975;8100;11331792075;B
20241023;155028;3.7975;6100;11331792281;B
20241023;155030;3.797;9000;11331792529;B
20241023;155030;3.7975;24500;11331792530;B
20241023;155043;3.7975;300;11331793343;B
20241023;155056;3.7975;200;11331794015;B
20241023;155106;3.7975;300;11331794606;B
20241023;155159;3.7975;600;11331798071;B
20241023;155206;3.7975;100;11331798425;B
20241023;155213;3.796;1000;11331798796;S
20241023;155218;3.7975;100;11331799103;B
20241023;155221;3.7975;100;11331799224;B
20241023;155228;3.796;100;11331799829;B
20241023;155242;3.798;300;11331800561;B
20241023;155256;3.797;100;11331801355;S
20241023;155257;3.797;100;11331801456;S
20241023;155258;3.798;500;11331802128;B
20241023;155314;3.798;100;11331803983;B
20241023;155325;3.798;3000;11331804586;B
20241023;155325;3.798;27000;11331804587;B
20241023;155331;3.797;12000;11331804902;S
20241023;155343;3.797;100;11331805625;S
20241023;155343;3.797;900;11331805626;S
20241023;155355;3.798;200;11331806399;B
20241023;155433;3.798;100;11331836682;B
20241023;155433;3.7975;1000;11331837972;S
20241023;155433;3.797;800;11331837973;S
20241023;155456;3.798;200;11331862549;B
20241023;155457;3.798;6500;11331862909;B
20241023;155457;3.798;200;11331863262;B
20241023;155509;3.798;100;11331877460;B
20241023;155520;3.7975;2000;11331889494;S
20241023;155520;3.798;200;11331889532;B
20241023;155524;3.798;1000;11331893989;B
20241023;155541;3.798;100;11331913076;B
20241023;155555;3.798;500;11331928362;B
20241023;155556;3.798;300;11331929146;B
20241023;155558;3.798;100;11331931867;B
20241023;155622;3.798;2000;11331940098;B
20241023;155641;3.798;300;11331941230;B
20241023;155641;3.798;300;11331941235;B
20241023;155654;3.798;100;11331941911;B
20241023;155715;3.7975;1800;11331943197;S
20241023;155724;3.798;100;11331943630;B
20241023;155726;3.798;100;11331943743;B
20241023;155744;3.798;1500;11331944736;B
20241023;155752;3.7975;500;11331945342;S
20241023;155800;3.798;800;11331945791;B
20241023;155800;3.798;2000;11331945864;B
20241023;155805;3.798;100;11331946223;B
20241023;155806;3.798;400;11331946284;B
20241023;155817;3.798;55700;11331946920;B
20241023;155830;3.798;1900;11331947662;B
20241023;155854;3.798;500;11331949169;B
20241023;155903;3.798;500;11331949752;B
20241023;155912;3.798;1000;11331950228;B
20241023;155913;3.798;4300;11331950305;B
20241023;155918;3.798;4100;11331950695;B
20241023;155934;3.798;300;11331951837;B
20241023;155943;3.798;200;11331952588;B
20241023;155956;3.798;100;11331953594;B
20241023;160001;3.7975;100;11331953820;S
20241023;160001;3.7975;4800;11331953821;S
20241023;160001;3.7975;18400;11331953985;S
20241023;160002;3.797;8000;11331954244;S
20241023;160002;3.797;100;11331954245;S
20241023;160002;3.797;200;11331954246;S
20241023;160002;3.797;100;11331954247;S
20241023;160002;3.797;500;11331954248;S
20241023;160002;3.797;100;11331954249;S
20241023;160002;3.797;200;11331954445;S
20241023;160002;3.797;8800;11331954446;S
20241023;160003;3.797;9000;11331954499;S
20241023;160003;3.797;4200;11331954500;S
20241023;160003;3.797;9000;11331954543;S
20241023;160009;3.797;84700;11331955068;S
20241023;160024;3.7965;100;11331956066;B
20241023;160031;3.796;500;11331956568;S
20241023;160032;3.7945;2000;11331956609;S
20241023;160032;3.7945;2000;11331956610;S
20241023;160032;3.7945;5000;11331956611;S
20241023;160032;3.7945;9000;11331956637;S
20241023;160045;3.796;200;11331957784;B
20241023;160103;3.7965;200;11331960435;B
20241023;160133;3.7965;100;11331962779;B
20241023;160135;3.7965;1100;11331963016;B
20241023;160135;3.7965;2100;11331963068;B
20241023;160135;3.7965;800;11331963132;B
20241023;160135;3.797;300;11331963133;B
20241023;160135;3.797;1000;11331963205;B
20241023;160135;3.797;1100;11331963242;B
20241023;160135;3.797;12700;11331963291;B
20241023;160140;3.797;400200;11331963828;B
20241023;160140;3.797;200;11331963829;B
20241023;160147;3.798;10000;11331964316;B
20241023;160147;3.798;9000;11331964317;B
20241023;160151;3.798;1500;11331964565;B
20241023;160203;3.798;100;11331965397;B
20241023;160204;3.798;1000;11331965460;B
20241023;160206;3.798;300;11331965648;B
20241023;160219;3.798;100;11331966587;B
20241023;160228;3.798;15000;11331967811;B
20241023;160228;3.798;4000;11331967812;B
20241023;160234;3.798;1000;11331968969;B
20241023;160234;3.798;800;11331968970;B
20241023;160234;3.798;1000;11331968971;B
20241023;160234;3.798;5000;11331968972;B
20241023;160234;3.798;500;11331968973;B
20241023;160235;3.7985;100;11331969102;B
20241023;160235;3.7985;9000;11331969180;S
20241023;160246;3.799;9700;11331970302;B
20241023;160246;3.799;300;11331970303;B
20241023;160246;3.799;100;11331970338;B
20241023;160246;3.799;5300;11331970339;B
20241023;160250;3.799;4600;11331970667;B
20241023;160314;3.7995;2700;11331972992;B
20241023;160330;3.799;100;11331974609;S
20241023;160331;3.7995;300;11331974712;B
20241023;160343;3.7995;100;11331975885;B
20241023;160344;3.7995;200;11331975909;B
20241023;160348;3.7995;600;11331976223;B
20241023;160348;3.7995;300;11331976224;B
20241023;160351;3.7995;600;11331976543;B
20241023;160351;3.7995;300;11331976544;B
20241023;160351;3.8;99100;11331976545;B
20241023;160355;3.7995;7300;11331977066;S
20241023;160358;3.8;100;11331977277;B
20241023;160406;3.8;800;11331977915;B
20241023;160406;3.8;100;11331977916;B
20241023;160406;3.8;100;11331977917;B
20241023;160406;3.8;200;11331977918;B
20241023;160406;3.8;5300;11331977919;B
20241023;160407;3.8;200;11331978013;B
20241023;160416;3.8;300;11331978894;B
20241023;160416;3.8;100;11331978979;B
20241023;160429;3.7995;100;11331980052;S
20241023;160435;3.8;100;11331980517;B
20241023;160452;3.8;5900;11331982206;B
20241023;160454;3.8;14400;11331982346;B
20241023;160454;3.8;1000;11331982347;B
20241023;160454;3.8;100;11331982348;B
20241023;160454;3.8;1000;11331982349;B
20241023;160454;3.8;400;11331982350;B
20241023;160454;3.8;700;11331982351;B
20241023;160454;3.8;100;11331982352;B
20241023;160454;3.8;6400;11331982353;B
20241023;160454;3.8;2200;11331982354;B
20241023;160454;3.8;3700;11331982355;B
20241023;160454;3.8;700;11331982356;B
20241023;160454;3.801;4300;11331982357;B
20241023;160455;3.802;400;11331982425;B
20241023;160459;3.802;3100;11331982902;B
20241023;160505;3.8015;5000;11331983526;S
20241023;160509;3.802;400;11331983830;B
20241023;160517;3.802;500;11331984621;B
20241023;160525;3.802;100;11331985507;B
20241023;160529;3.802;800;11331986003;B
20241023;160531;3.802;200;11331986261;B
20241023;160532;3.802;1000;11331986303;B
20241023;160554;3.802;100;11331989334;B
20241023;160554;3.802;900;11331989335;B
20241023;160605;3.802;3000;11331990612;B
20241023;160605;3.802;100;11331990680;B
20241023;160607;3.802;100;11331990889;B
20241023;160608;3.802;500;11331991210;B
20241023;160609;3.802;8800;11331991379;B
20241023;160609;3.802;6200;11331991380;B
20241023;160610;3.802;500;11331991496;B
20241023;160618;3.802;700;11331992637;B
20241023;160620;3.802;300;11331992849;B
20241023;160620;3.802;3100;11331992850;B
20241023;160620;3.802;3000;11331992851;B
20241023;160620;3.802;100;11331992852;B
20241023;160622;3.8025;300;11331993564;B
20241023;160622;3.8025;4900;11331993565;B
20241023;160623;3.8025;5100;11331993608;B
20241023;160628;3.8035;100;11331994663;B
20241023;160630;3.8035;100;11331994893;B
20241023;160631;3.803;700;11331995006;S
20241023;160640;3.8035;4400;11331996676;B
20241023;160643;3.8045;100;11331996959;B
20241023;160650;3.8045;9900;11331997824;B
20241023;160650;3.805;500;11331997825;B
20241023;160650;3.805;600;11331997826;B
20241023;160651;3.8045;9000;11331997992;S
20241023;160702;3.805;400;11331999190;B
20241023;160702;3.8055;1000;11331999191;B
20241023;160702;3.806;100;11331999192;B
20241023;160702;3.806;6200;11331999193;B
20241023;160710;3.806;100;11331999975;B
20241023;160711;3.8055;7400;11332000139;S
20241023;160714;3.806;5500;11332000327;B
20241023;160718;3.806;200;11332000675;B
20241023;160720;3.806;100;11332001048;B
20241023;160732;3.806;100;11332002071;B
20241023;160734;3.8055;39900;11332002238;S
20241023;160734;3.8055;10100;11332002239;S
20241023;160734;3.8055;9000;11332002240;S
20241023;160742;3.806;200;11332003022;B
20241023;160746;3.806;500;11332003328;B
20241023;160749;3.805;1000;11332003671;S
20241023;160821;3.8055;1000;11332006620;B
20241023;160826;3.8055;1000;11332007295;B
20241023;160829;3.8055;100;11332007517;B
20241023;160832;3.8055;100;11332007773;B
20241023;160837;3.8055;500;11332008289;B
20241023;160837;3.8055;3300;11332008356;B
20241023;160837;3.806;15700;11332008357;B
20241023;160838;3.8055;300;11332008476;S
20241023;160853;3.806;500;11332009784;B
20241023;160858;3.806;900;11332010149;B
20241023;160858;3.806;10000;11332010150;B
20241023;160858;3.806;300;11332010151;B
20241023;160858;3.806;25000;11332010251;B
20241023;160858;3.806;1200;11332010252;B
20241023;160858;3.8065;5500;11332010253;B
20241023;160858;3.8065;100;11332010333;B
20241023;160905;3.8065;900;11332010865;B
20241023;160917;3.8055;1000;11332011966;S
20241023;160919;3.8065;100;11332012153;B
20241023;160934;3.806;1800;11332013348;B
20241023;160946;3.806;15800;11332014335;B
20241023;160946;3.806;600;11332014415;B
20241023;160950;3.806;500;11332014897;B
20241023;160958;3.806;100;11332015631;B
20241023;161001;3.806;2000;11332015824;B
20241023;161003;3.806;100;11332016107;B
20241023;161004;3.806;100;11332016173;B
20241023;161017;3.806;100;11332017907;B
20241023;161025;3.806;100;11332018543;B
20241023;161030;3.806;600;11332019017;B
20241023;161112;3.806;500;11332022432;B
20241023;161115;3.8055;300;11332022693;S
20241023;161115;3.806;2700;11332022723;B
20241023;161115;3.806;800;11332022724;B
20241023;161115;3.806;5500;11332022725;B
20241023;161115;3.8065;600;11332022726;B
20241023;161115;3.8065;47600;11332022727;B
20241023;161118;3.8065;2400;11332022935;B
20241023;161118;3.8065;50000;11332022936;B
20241023;161118;3.8065;9000;11332022937;B
20241023;161118;3.8065;12400;11332022938;B
20241023;161122;3.8065;1000;11332023293;S
20241023;161127;3.807;1800;11332023900;B
20241023;161127;3.807;32800;11332023901;B
20241023;161127;3.8075;15000;11332023902;B
20241023;161133;3.8065;100;11332024363;S
20241023;161140;3.8075;100;11332025008;B
20241023;161154;3.8065;1300;11332026185;S
20241023;161205;3.8075;800;11332026972;B
20241023;161212;3.8075;20000;11332027569;B
20241023;161222;3.8075;200;11332028326;B
20241023;161224;3.8075;200;11332028484;B
20241023;161228;3.8075;100;11332028830;B
20241023;161229;3.8075;100;11332028865;B
20241023;161231;3.8075;4700;11332029034;B
20241023;161233;3.807;100;11332029226;S
20241023;161251;3.8075;11400;11332031413;B
20241023;161251;3.808;52600;11332031414;B
20241023;161251;3.808;800;11332031415;B
20241023;161251;3.8085;52600;11332031416;B
20241023;161251;3.8085;12400;11332031417;B
20241023;161252;3.8085;20200;11332031475;S
20241023;161252;3.8085;12400;11332031476;S
20241023;161252;3.8085;7400;11332031477;S
20241023;161252;3.809;100;11332031536;B
20241023;161304;3.809;5100;11332032306;B
20241023;161304;3.809;52600;11332032307;B
20241023;161304;3.809;40000;11332032308;B
20241023;161304;3.809;2300;11332032309;B
20241023;161306;3.809;47200;11332032394;S
20241023;161306;3.809;2100;11332032395;S
20241023;161306;3.808;1400;11332032396;S
20241023;161334;3.8085;300;11332034039;S
20241023;161344;3.8085;1300;11332034637;S
20241023;161348;3.8095;1500;11332034932;B
20241023;161348;3.8095;5100;11332034936;B
20241023;161355;3.8095;200;11332035513;B
20241023;161401;3.8085;100;11332035936;S
20241023;161447;3.809;100;11332038769;B
20241023;161449;3.8085;500;11332038894;S
20241023;161458;3.8085;200;11332039452;B
20241023;161458;3.8085;300;11332039453;B
20241023;161503;3.8085;100;11332039801;B
20241023;161505;3.8085;100;11332039931;B
20241023;161508;3.8085;2000;11332040155;B
20241023;161508;3.8085;100;11332040184;B
20241023;161521;3.8075;200;11332041011;S
20241023;161521;3.807;100;11332041016;S
20241023;161521;3.807;100;11332041017;S
20241023;161530;3.807;100;11332041617;S
20241023;161530;3.807;900;11332041618;S
20241023;161537;3.8085;100;11332042104;B
20241023;161602;3.8085;100;11332044189;B
20241023;161624;3.807;100;11332045929;S
20241023;161624;3.807;100;11332045930;S
20241023;161635;3.808;400;11332046531;B
20241023;161700;3.8085;400;11332048100;B
20241023;161700;3.8085;500;11332048101;B
20241023;161702;3.8085;100;11332048230;B
20241023;161717;3.807;100;11332049280;S
20241023;161717;3.807;600;11332049281;S
20241023;161717;3.807;100;11332049282;S
20241023;161717;3.807;4700;11332049283;S
20241023;161717;3.8065;5100;11332049284;S
20241023;161731;3.8065;1000;11332050357;S
20241023;161734;3.8065;1000;11332050562;S
20241023;161736;3.808;100;11332050663;B
20241023;161817;3.8085;100;11332053414;B
20241023;161844;3.8085;100;11332055445;B
20241023;161844;3.8085;1000;11332055479;B
20241023;161856;3.8085;2600;11332056335;B
20241023;161856;3.8085;2700;11332056336;B
20241023;161924;3.809;100;11332057883;B
20241023;161928;3.807;200;11332058126;S
20241023;161940;3.809;100;11332058839;B
20241023;161943;3.809;100;11332059007;B
20241023;161950;3.8085;100;11332059432;B
20241023;162001;3.8085;700;11332060230;B
20241023;162001;3.8085;700;11332060284;B
20241023;162001;3.8085;1300;11332060285;B
20241023;162003;3.807;400;11332060456;S
20241023;162005;3.8075;200;11332060561;S
20241023;162005;3.807;9800;11332060562;S
20241023;162037;3.809;2000;11332064181;B
20241023;162042;3.809;7600;11332065193;B
20241023;162042;3.809;300;11332065194;B
20241023;162042;3.809;1400;11332065334;B
20241023;162042;3.809;2600;11332065379;B
20241023;162052;3.809;200;11332067421;B
20241023;162054;3.809;1500;11332068000;B
20241023;162054;3.809;1200;11332068005;B
20241023;162054;3.809;2100;11332068022;B
20241023;162055;3.809;2400;11332068177;B
20241023;162056;3.809;1600;11332068334;B
20241023;162059;3.809;400;11332068779;B
20241023;162104;3.809;1600;11332069810;B
20241023;162105;3.809;2600;11332069959;B
20241023;162107;3.8085;900;11332070495;S
20241023;162107;3.8085;800;11332070496;S
20241023;162107;3.8085;400;11332070497;S
20241023;162107;3.8085;1200;11332070498;S
20241023;162111;3.8085;1000;11332071285;B
20241023;162111;3.8085;400;11332071357;B
20241023;162112;3.8085;900;11332071500;B
20241023;162113;3.8085;400;11332071617;B
20241023;162113;3.8085;500;11332071618;B
20241023;162119;3.8085;600;11332072161;S
20241023;162119;3.8085;300;11332072162;S
20241023;162120;3.8085;1000;11332072179;S
20241023;162143;3.8085;600;11332073293;S
20241023;162151;3.809;800;11332073632;B
20241023;162154;3.809;1400;11332073758;B
20241023;162154;3.809;11900;11332073808;B
20241023;162155;3.809;2300;11332073814;B
20241023;162156;3.809;3800;11332073925;B
20241023;162157;3.809;200;11332073981;B
20241023;162157;3.809;1800;11332073982;B
20241023;162200;3.809;8300;11332074133;B
20241023;162201;3.809;700;11332074190;B
20241023;162209;3.809;800;11332074630;B
20241023;162214;3.809;8400;11332074973;B
20241023;162214;3.809;6000;11332074974;B
20241023;162214;3.8095;4600;11332074975;B
20241023;162217;3.808;400;11332075222;S
20241023;162223;3.8095;1600;11332075480;B
20241023;162223;3.8095;1300;11332075481;B
20241023;162232;3.8095;100;11332076048;B
20241023;162232;3.8095;100;11332076072;B
20241023;162232;3.8095;200;11332076073;B
20241023;162234;3.8095;4600;11332076208;B
20241023;162242;3.8095;1200;11332076681;B
20241023;162246;3.8095;1100;11332076985;B
20241023;162246;3.8095;2100;11332077010;B
20241023;162249;3.8085;1100;11332077144;S
20241023;162250;3.8095;2800;11332077222;B
20241023;162250;3.8095;4900;11332077233;B
20241023;162251;3.8095;1000;11332077255;B
20241023;162253;3.8095;2000;11332077454;B
20241023;162255;3.8095;14900;11332077571;B
20241023;162259;3.8095;800;11332077814;B
20241023;162302;3.8095;300;11332078007;B
20241023;162302;3.8095;100;11332078026;B
20241023;162304;3.808;100;11332078192;S
20241023;162307;3.8095;1000;11332078334;B
20241023;162311;3.8095;300;11332078610;B
20241023;162318;3.8095;6000;11332079028;B
20241023;162320;3.8095;800;11332079144;B
20241023;162334;3.8095;2100;11332079915;B
20241023;162343;3.8095;400;11332080500;B
20241023;162350;3.8095;2600;11332080817;B
20241023;162351;3.8095;800;11332080883;B
20241023;162352;3.8095;1200;11332080963;B
20241023;162353;3.8095;1000;11332080969;B
20241023;162354;3.8095;2200;11332081071;B
20241023;162354;3.8095;3000;11332081076;B
20241023;162359;3.8095;5700;11332081309;B
20241023;162400;3.808;2000;11332081408;S
20241023;162401;3.8095;5100;11332081450;B
20241023;162403;3.8095;3000;11332081557;B
20241023;162404;3.8095;100;11332081599;B
20241023;162408;3.8095;600;11332081837;B
20241023;162430;3.8095;900;11332083053;B
20241023;162431;3.8095;3400;11332083074;B
20241023;162431;3.8095;1100;11332083081;B
20241023;162432;3.8095;2200;11332083136;B
20241023;162432;3.8095;2900;11332083144;B
20241023;162435;3.8095;400;11332083277;B
20241023;162442;3.8095;2000;11332083602;B
20241023;162443;3.8095;300;11332083681;B
20241023;162444;3.8095;1300;11332083795;B
20241023;162448;3.8095;900;11332083916;B
20241023;162449;3.8095;10600;11332083955;B
20241023;162449;3.8085;3000;11332084066;S
20241023;162452;3.8095;5500;11332084228;B
20241023;162457;3.809;1000;11332084488;B
20241023;162457;3.8095;200;11332084489;B
20241023;162500;3.8095;6100;11332084675;B
20241023;162502;3.809;2000;11332084836;S
20241023;162504;3.8095;1200;11332084898;B
20241023;162505;3.8095;1100;11332084988;B
20241023;162513;3.8095;100;11332085487;B
20241023;162523;3.8095;200;11332086183;B
20241023;162526;3.809;4300;11332086388;S
20241023;162550;3.8095;1000;11332088112;B
20241023;162551;3.8095;2300;11332088127;B
20241023;162554;3.8095;500;11332088328;B
20241023;162555;3.8095;2100;11332088398;B
20241023;162557;3.8095;2400;11332088552;B
20241023;162558;3.8095;19400;11332088665;B
20241023;162558;3.8095;200;11332088666;B
20241023;162558;3.8095;2500;11332088667;B
20241023;162558;3.8095;11300;11332088671;S
20241023;162558;3.81;500;11332088679;B
20241023;162558;3.81;5000;11332088680;B
20241023;162558;3.81;300;11332088681;B
20241023;162558;3.81;300;11332088682;B
20241023;162558;3.81;7800;11332088683;B
20241023;162602;3.81;300;11332088926;B
20241023;162619;3.81;100;11332089933;B
20241023;162620;3.8095;1200;11332090025;S
20241023;162620;3.81;100;11332090049;B
20241023;162622;3.81;200;11332090146;B
20241023;162632;3.81;900;11332090784;B
20241023;162632;3.81;600;11332090785;B
20241023;162634;3.8095;1100;11332090979;S
20241023;162634;3.8095;6200;11332090980;S
20241023;162639;3.8095;800;11332091271;S
20241023;162642;3.8095;100;11332091552;S
20241023;162642;3.809;600;11332091553;S
20241023;162642;3.809;9800;11332091554;S
20241023;162643;3.809;10600;11332091760;S
20241023;162649;3.8095;2300;11332092187;B
20241023;162650;3.8095;400;11332092194;B
20241023;162650;3.8095;7400;11332092243;B
20241023;162651;3.8095;1600;11332092357;B
20241023;162653;3.8095;35500;11332092629;B
20241023;162653;3.8095;9500;11332092630;B
20241023;162658;3.8095;700;11332093024;B
20241023;162658;3.8095;100;11332093049;B
20241023;162658;3.809;4000;11332093124;S
20241023;162658;3.8095;1900;11332093163;B
20241023;162659;3.809;200;11332093194;S
20241023;162703;3.809;600;11332093456;S
20241023;162704;3.809;500;11332093537;S
20241023;162707;3.809;200;11332093765;S
20241023;162715;3.8095;100;11332094211;B
20241023;162717;3.809;300;11332094365;S
20241023;162721;3.809;100;11332094598;S
20241023;162722;3.8095;12400;11332094666;B
20241023;162722;3.8095;6000;11332094667;B
20241023;162722;3.81;100;11332094668;B
20241023;162722;3.81;1500;11332094669;B
20241023;162724;3.81;900;11332094821;B
20241023;162727;3.81;300;11332095021;B
20241023;162729;3.81;100;11332095175;B
20241023;162732;3.81;300;11332095348;B
20241023;162732;3.81;2400;11332095349;B
20241023;162733;3.81;3100;11332095450;B
20241023;162735;3.81;8900;11332095546;B
20241023;162741;3.81;2700;11332095989;B
20241023;162742;3.81;300;11332096034;B
20241023;162742;3.81;4100;11332096047;B
20241023;162743;3.81;2100;11332096118;B
20241023;162744;3.8095;100;11332096126;S
20241023;162744;3.8095;2900;11332096164;B
20241023;162745;3.8095;2100;11332096216;B
20241023;162745;3.8095;1000;11332096268;B
20241023;162746;3.809;4500;11332096324;S
20241023;162750;3.809;300;11332096571;S
20241023;162758;3.8095;500;11332097027;B
20241023;162800;3.809;3000;11332097106;S
20241023;162800;3.809;200;11332097107;S
20241023;162815;3.8085;600;11332098026;S
20241023;162820;3.809;100;11332098303;B
20241023;162826;3.8085;5400;11332098618;S
20241023;162827;3.8085;1400;11332098760;S
20241023;162828;3.809;100;11332098848;B
20241023;162832;3.8085;600;11332099058;S
20241023;162832;3.8085;400;11332099059;S
20241023;162836;3.8085;100;11332099343;S
20241023;162836;3.8085;900;11332099344;S
20241023;162836;3.8085;300;11332099345;S
20241023;162836;3.8085;800;11332099346;S
20241023;162836;3.8085;1300;11332099408;S
20241023;162836;3.808;800;11332099409;S
20241023;162837;3.808;2100;11332099432;S
20241023;162837;3.808;2100;11332099491;S
20241023;162837;3.808;2200;11332099548;S
20241023;162841;3.808;2600;11332099808;S
20241023;162843;3.808;2100;11332099974;S
20241023;162843;3.808;2100;11332100013;S
20241023;162844;3.808;2100;11332100067;S
20241023;162844;3.808;1600;11332100123;S
20241023;162844;3.808;17800;11332100150;S
20241023;162844;3.808;200;11332100151;S
20241023;162844;3.808;100;11332100152;S
20241023;162844;3.808;4500;11332100153;S
20241023;162844;3.808;16900;11332100154;S
20241023;162844;3.808;2100;11332100198;S
20241023;162844;3.808;2100;11332100255;S
20241023;162846;3.808;2000;11332100410;S
20241023;162847;3.808;500;11332100450;S
20241023;162849;3.8085;300;11332100576;B
20241023;162900;3.8085;400;11332101392;B
20241023;162908;3.8085;100;11332101901;B
20241023;162913;3.8085;200;11332102199;B
20241023;162914;3.8085;100;11332102306;B
20241023;162918;3.8085;100;11332102485;B
20241023;162921;3.808;4900;11332102707;S
20241023;162925;3.8085;200;11332102955;B
20241023;162928;3.8085;800;11332103202;B
20241023;162930;3.8085;300;11332103313;B
20241023;162930;3.8085;3500;11332103314;B
20241023;162930;3.8085;8400;11332103316;B
20241023;162930;3.8085;1900;11332103318;B
20241023;162933;3.8085;100;11332103544;B
20241023;162935;3.8085;1000;11332103685;B
20241023;162936;3.8085;300;11332103692;B
20241023;162940;3.8085;32000;11332104014;B
20241023;162940;3.8085;20700;11332104015;B
20241023;162940;3.8085;200;11332104016;B
20241023;162940;3.8085;1200;11332104017;B
20241023;162953;3.8085;500;11332104876;B
20241023;162953;3.808;8200;11332104901;S
20241023;162955;3.8085;200;11332105031;B
20241023;162956;3.8085;100;11332105114;B
20241023;162957;3.808;100;11332105123;S
20241023;162958;3.8085;700;11332105171;B
20241023;162958;3.8085;600;11332105202;B
20241023;162959;3.8085;27100;11332105274;B
20241023;163001;3.8085;4100;11332105399;B
20241023;163009;3.8085;100;11332105880;B
20241023;163009;3.8085;13800;11332105887;B
20241023;163009;3.809;200;11332105888;B
20241023;163009;3.809;4000;11332105889;B
20241023;163012;3.8085;300;11332106012;B
20241023;163013;3.8085;1100;11332106146;B
20241023;163019;3.8085;600;11332106524;B
20241023;163019;3.809;100;11332106525;B
20241023;163019;3.809;6600;11332106526;B
20241023;163022;3.809;800;11332106835;B
20241023;163025;3.809;900;11332106979;B
20241023;163025;3.8085;100;11332106986;S
20241023;163025;3.808;100;11332106987;S
20241023;163025;3.808;200;11332107014;S
20241023;163025;3.808;100;11332107025;S
20241023;163025;3.808;400;11332107050;S
20241023;163029;3.809;800;11332107363;B
20241023;163032;3.809;8700;11332107600;B
20241023;163033;3.809;5200;11332107666;B
20241023;163039;3.809;2200;11332108091;B
20241023;163040;3.809;1900;11332108249;B
20241023;163041;3.809;20100;11332108274;B
20241023;163041;3.8095;4100;11332108275;B
20241023;163043;3.809;1700;11332108440;B
20241023;163050;3.8095;3900;11332109423;B
20241023;163059;3.81;4700;11332110691;B
20241023;163105;3.81;700;11332110961;B
20241023;163108;3.81;100;11332111062;B
20241023;163109;3.81;4500;11332111131;B
20241023;163109;3.81;700;11332111135;B
20241023;163114;3.81;12900;11332111495;B
20241023;163120;3.81;400;11332111796;B
20241023;163122;3.81;2700;11332111913;B
20241023;163122;3.81;4100;11332111916;B
20241023;163124;3.81;1200;11332112028;B
20241023;163127;3.81;800;11332112161;B
20241023;163127;3.81;1800;11332112188;B
20241023;163128;3.81;2100;11332112228;B
20241023;163131;3.81;9200;11332112385;B
20241023;163142;3.81;4800;11332113039;B
20241023;163144;3.81;1100;11332113149;B
20241023;163151;3.81;200;11332113480;B
20241023;163151;3.81;2300;11332113483;B
20241023;163157;3.81;800;11332113792;B
20241023;163210;3.81;5100;11332114612;B
20241023;163219;3.81;19800;11332115024;B
20241023;163219;3.81;100;11332115025;B
20241023;163219;3.81;500;11332115026;B
20241023;163219;3.81;200;11332115027;B
20241023;163219;3.81;20000;11332115028;B
20241023;163219;3.811;9400;11332115029;B
20241023;163224;3.8095;100;11332115290;S
20241023;163224;3.8095;800;11332115297;S
20241023;163224;3.8095;600;11332115298;S
20241023;163225;3.81;200;11332115357;B
20241023;163225;3.811;1800;11332115358;B
20241023;163229;3.811;200;11332115589;B
20241023;163230;3.811;900;11332115655;B
20241023;163233;3.811;2200;11332115819;B
20241023;163235;3.811;500;11332115910;B
20241023;163235;3.811;500;11332115911;B
20241023;163236;3.811;300;11332115957;B
20241023;163236;3.811;500;11332116000;B
20241023;163237;3.811;500;11332116023;B
20241023;163245;3.8115;300;11332116509;B
20241023;163245;3.8115;5500;11332116530;B
20241023;163247;3.8115;2600;11332116612;B
20241023;163247;3.8115;2000;11332116616;B
20241023;163249;3.8115;500;11332116754;B
20241023;163250;3.8115;1100;11332116764;B
20241023;163250;3.8115;1400;11332116765;B
20241023;163255;3.8115;800;11332117144;B
20241023;163256;3.8115;400;11332117154;B
20241023;163256;3.8115;2400;11332117155;B
20241023;163308;3.812;2400;11332117779;B
20241023;163308;3.812;300;11332117783;B
20241023;163312;3.812;1400;11332117964;B
20241023;163317;3.812;2900;11332118214;B
20241023;163325;3.812;800;11332118555;B
20241023;163325;3.812;1000;11332118562;B
20241023;163327;3.812;2400;11332118700;B
20241023;163328;3.812;3800;11332118712;B
20241023;163328;3.812;3800;11332118713;B
20241023;163332;3.8095;100;11332118897;S
20241023;163332;3.812;400;11332118898;B
20241023;163338;3.81;1900;11332119158;B
20241023;163339;3.81;800;11332119165;B
20241023;163340;3.809;300;11332119228;S
20241023;163406;3.81;100;11332120614;B
20241023;163415;3.81;600;11332121199;B
20241023;163416;3.81;100;11332121261;B
20241023;163436;3.81;100;11332122518;B
20241023;163450;3.8095;900;11332123361;S
20241023;163457;3.81;100;11332123916;B
20241023;163515;3.8095;500;11332125056;S
20241023;163515;3.8095;5600;11332125057;S
20241023;163515;3.8095;5800;11332125058;S
20241023;163517;3.81;200;11332125142;B
20241023;163522;3.81;100;11332125404;B
20241023;163529;3.81;1000;11332125835;B
20241023;163535;3.81;100;11332126168;B
20241023;163535;3.81;100;11332126169;B
20241023;163535;3.81;100;11332126170;B
20241023;163535;3.8105;100;11332126171;B
20241023;163535;3.8105;100;11332126172;B
20241023;163540;3.8105;600;11332126525;B
20241023;163544;3.8105;400;11332126795;B
20241023;163545;3.8105;300;11332126805;B
20241023;163545;3.8105;2100;11332126829;B
20241023;163556;3.81;200;11332127345;S
20241023;163556;3.81;100;11332127346;S
20241023;163556;3.8095;700;11332127347;S
20241023;163557;3.8105;1000;11332127378;B
20241023;163557;3.8105;2900;11332127387;B
20241023;163600;3.8105;3100;11332127514;B
20241023;163601;3.8105;3300;11332127618;B
20241023;163606;3.8105;600;11332127796;B
20241023;163606;3.8105;300;11332127799;B
20241023;163612;3.8105;300;11332128077;B
20241023;163629;3.8105;300;11332129084;B
20241023;163629;3.8105;3000;11332129095;B
20241023;163630;3.8105;1400;11332129139;B
20241023;163630;3.8105;100;11332129140;B
20241023;163630;3.8115;100;11332129141;B
20241023;163630;3.8115;4100;11332129142;B
20241023;163632;3.8115;2100;11332129207;B
20241023;163634;3.8115;1800;11332129551;B
20241023;163637;3.8115;1800;11332129665;B
20241023;163641;3.8115;600;11332129878;B
20241023;163645;3.8115;100;11332130511;B
20241023;163645;3.8115;2100;11332130516;B
20241023;163647;3.8115;8900;11332130611;B
20241023;163647;3.8115;2600;11332130700;B
20241023;163647;3.812;200;11332130701;B
20241023;163651;3.812;1800;11332131281;B
20241023;163652;3.812;1800;11332131301;B
20241023;163655;3.812;4900;11332131447;B
20241023;163655;3.812;100;11332131468;B
20241023;163655;3.812;200;11332131469;B
20241023;163655;3.812;100;11332131470;B
20241023;163655;3.812;3400;11332131471;B
20241023;163656;3.8115;200;11332131546;S
20241023;163656;3.811;1800;11332131547;S
20241023;163656;3.812;8600;11332131554;B
20241023;163700;3.812;8800;11332131986;B
20241023;163704;3.812;600;11332132164;B
20241023;163706;3.812;2200;11332132322;B
20241023;163710;3.812;400;11332132536;B
20241023;163711;3.8125;1300;11332132537;B
20241023;163715;3.812;500;11332132787;B
20241023;163723;3.812;900;11332133120;B
20241023;163723;3.8125;500;11332133121;B
20241023;163723;3.8125;400;11332133151;B
20241023;163725;3.8125;1800;11332133215;B
20241023;163728;3.8125;1100;11332133295;B
20241023;163728;3.8125;100;11332133307;B
20241023;163731;3.8105;100;11332133439;S
20241023;163733;3.812;1000;11332133502;B
20241023;163733;3.8125;400;11332133503;B
20241023;163733;3.8125;1400;11332133536;B
20241023;163734;3.8125;3500;11332133577;B
20241023;163759;3.8125;100;11332134823;B
20241023;163800;3.8125;5300;11332134872;B
20241023;163803;3.8125;1500;11332134963;B
20241023;163825;3.8125;700;11332135972;B
20241023;163825;3.8125;400;11332136003;B
20241023;163826;3.8125;2200;11332136045;B
20241023;163834;3.8125;300;11332136350;B
20241023;163835;3.8125;1900;11332136409;B
20241023;163837;3.8125;2100;11332136475;B
20241023;163837;3.8125;1700;11332136476;B
20241023;163837;3.8125;1800;11332136477;B
20241023;163839;3.8125;1400;11332136597;B
20241023;163840;3.8125;3100;11332136634;B
20241023;163841;3.8125;100;11332136676;B
20241023;163842;3.8125;3400;11332136713;B
20241023;163844;3.8125;600;11332136790;B
20241023;163844;3.812;100;11332136825;S
20241023;163845;3.812;100;11332136871;S
20241023;163847;3.8125;3800;11332136980;B
20241023;163850;3.812;1800;11332137107;S
20241023;163850;3.812;100;11332137108;S
20241023;163859;3.812;500;11332137716;S
20241023;163859;3.812;7300;11332137717;S
20241023;163900;3.812;500;11332137748;S
20241023;163900;3.8125;200;11332137820;B
20241023;163904;3.8125;100;11332138076;B
20241023;163908;3.8125;2300;11332138256;B
20241023;163910;3.8125;300;11332138364;B
20241023;163910;3.8125;600;11332138365;B
20241023;163912;3.8125;1200;11332138520;B
20241023;163916;3.8125;2200;11332138716;B
20241023;163916;3.8125;2200;11332138739;B
20241023;163916;3.8125;100;11332138740;B
20241023;163918;3.8125;1500;11332138824;B
20241023;163919;3.8125;900;11332138860;B
20241023;163920;3.8125;600;11332138953;B
20241023;163921;3.8125;1900;11332139026;B
20241023;163921;3.8125;2100;11332139032;B
20241023;163924;3.812;400;11332139187;B
20241023;163924;3.811;400;11332139313;S
20241023;163924;3.8105;1000;11332139314;S
20241023;163924;3.8105;1000;11332139315;S
20241023;163924;3.8105;5500;11332139316;S
20241023;163924;3.81;100;11332139317;S
20241023;163924;3.81;100;11332139318;S
20241023;163924;3.81;4000;11332139319;S
20241023;163924;3.81;900;11332139320;S
20241023;163925;3.8115;2400;11332139385;B
20241023;163927;3.809;100;11332139589;S
20241023;163927;3.809;2000;11332139590;S
20241023;163927;3.8085;12400;11332139591;S
20241023;163927;3.8085;3800;11332139592;S
20241023;163927;3.809;200;11332139704;S
20241023;163927;3.8085;14800;11332139705;S
20241023;163933;3.8105;200;11332140014;B
20241023;163946;3.8105;100;11332140741;S
20241023;163946;3.81;3800;11332140742;S
20241023;163946;3.81;4700;11332140743;S
20241023;163946;3.81;3800;11332140744;S
20241023;163946;3.81;300;11332140746;S
20241023;163946;3.8095;2500;11332140747;S
20241023;163949;3.81;100;11332141010;B
20241023;164010;3.81;100;11332141979;B
20241023;164028;3.81;100;11332142760;B
20241023;164028;3.81;400;11332142761;B
20241023;164041;3.81;200;11332143391;B
20241023;164053;3.81;500;11332144038;B
20241023;164055;3.81;1100;11332144157;B
20241023;164056;3.81;300;11332144242;B
20241023;164056;3.811;100;11332144243;B
20241023;164056;3.811;1000;11332144244;B
20241023;164056;3.8115;900;11332144248;B
20241023;164056;3.812;1400;11332144254;B
20241023;164057;3.812;300;11332144271;B
20241023;164105;3.8115;2100;11332144676;B
20241023;164107;3.812;26200;11332144823;B
20241023;164108;3.812;1900;11332144872;B
20241023;164108;3.8125;200;11332144873;B
20241023;164108;3.8125;600;11332144875;B
20241023;164115;3.8125;900;11332145215;B
20241023;164124;3.8125;2200;11332145709;B
20241023;164125;3.8125;1100;11332145813;B
20241023;164125;3.8125;2700;11332145816;B
20241023;164125;3.8125;800;11332145820;B
20241023;164127;3.8125;400;11332145952;B
20241023;164128;3.8115;100;11332145983;S
20241023;164128;3.8125;1200;11332145987;B
20241023;164130;3.8125;2900;11332146086;B
20241023;164130;3.8125;900;11332146087;B
20241023;164133;3.8125;100;11332146237;B
20241023;164133;3.8125;100;11332146238;B
20241023;164133;3.8125;1900;11332146239;B
20241023;164135;3.8125;10000;11332146417;B
20241023;164137;3.8125;100;11332146537;B
20241023;164140;3.8125;1000;11332146771;B
20241023;164142;3.8125;7000;11332146895;B
20241023;164142;3.813;100;11332146896;B
20241023;164142;3.813;12900;11332146897;B
20241023;164143;3.813;7100;11332146943;B
20241023;164143;3.8135;900;11332146944;B
20241023;164150;3.8135;1700;11332147281;B
20241023;164150;3.8135;300;11332147282;B
20241023;164150;3.8135;3500;11332147287;B
20241023;164152;3.813;100;11332147391;S
20241023;164153;3.8135;20400;11332147436;B
20241023;164158;3.8135;4200;11332147680;B
20241023;164158;3.8135;6200;11332147700;B
20241023;164203;3.813;100;11332147991;S
20241023;164205;3.8135;200;11332148053;B
20241023;164206;3.8135;3500;11332148073;B
20241023;164208;3.8135;400;11332148160;B
20241023;164217;3.813;4800;11332148645;S
20241023;164217;3.8125;5300;11332148649;S
20241023;164217;3.8135;1300;11332148663;B
20241023;164218;3.8125;1500;11332148818;B
20241023;164220;3.8125;600;11332148867;B
20241023;164225;3.8125;2400;11332149072;B
20241023;164228;3.8125;2600;11332149173;B
20241023;164241;3.8135;100;11332149736;B
20241023;164243;3.8135;3300;11332149811;B
20241023;164243;3.813;100;11332149815;S
20241023;164245;3.8135;1600;11332149846;B
20241023;164245;3.8135;700;11332149847;B
20241023;164248;3.8135;1800;11332149962;B
20241023;164249;3.8135;900;11332150035;B
20241023;164252;3.8135;300;11332150147;B
20241023;164252;3.8135;1100;11332150159;B
20241023;164252;3.8135;1400;11332150203;B
20241023;164253;3.8135;2400;11332150211;B
20241023;164308;3.8135;6300;11332150935;B
20241023;164309;3.8135;1000;11332151002;B
20241023;164310;3.8135;1300;11332151074;B
20241023;164313;3.8135;100;11332151325;B
20241023;164314;3.812;1100;11332151334;S
20241023;164315;3.8135;2500;11332151447;B
20241023;164323;3.8135;100;11332151855;B
20241023;164327;3.8135;1000;11332152041;B
20241023;164330;3.8135;100;11332152223;B
20241023;164332;3.8115;3000;11332152382;S
20241023;164333;3.8125;500;11332152439;B
20241023;164333;3.8125;1200;11332152458;B
20241023;164336;3.813;100;11332152645;B
20241023;164352;3.8135;600;11332153707;B
20241023;164356;3.8135;2400;11332153913;B
20241023;164357;3.813;1300;11332153957;S
20241023;164357;3.813;900;11332153958;S
20241023;164357;3.8135;900;11332153967;B
20241023;164401;3.8135;400;11332154116;B
20241023;164402;3.8135;2200;11332154153;B
20241023;164407;3.813;100;11332154495;S
20241023;164416;3.8135;300;11332154935;B
20241023;164421;3.8135;12200;11332155282;B
20241023;164421;3.8135;100;11332155283;B
20241023;164421;3.8135;700;11332155284;B
20241023;164426;3.8135;2400;11332155542;B
20241023;164430;3.8135;800;11332155707;B
20241023;164431;3.8135;1400;11332155784;B
20241023;164432;3.8135;700;11332155791;B
20241023;164435;3.8135;3800;11332155924;B
20241023;164435;3.8135;8000;11332155928;B
20241023;164436;3.8135;100;11332156009;B
20241023;164436;3.8135;600;11332156048;B
20241023;164439;3.8135;1500;11332156160;B
20241023;164439;3.8135;600;11332156161;B
20241023;164439;3.8135;1600;11332156162;B
20241023;164440;3.8135;100;11332156189;B
20241023;164440;3.814;1800;11332156190;B
20241023;164440;3.814;600;11332156191;B
20241023;164440;3.8145;100;11332156209;B
20241023;164440;3.815;100;11332156210;B
20241023;164440;3.815;100;11332156211;B
20241023;164440;3.815;100;11332156212;B
20241023;164440;3.815;3700;11332156213;B
20241023;164440;3.815;1800;11332156214;B
20241023;164440;3.815;6200;11332156217;B
20241023;164441;3.8145;100;11332156258;B
20241023;164441;3.815;900;11332156259;B
20241023;164441;3.815;7800;11332156271;B
20241023;164444;3.815;100;11332156426;B
20241023;164445;3.815;3400;11332156465;B
20241023;164446;3.815;1800;11332156496;B
20241023;164447;3.815;700;11332156568;B
20241023;164451;3.815;1100;11332156733;B
20241023;164452;3.815;1400;11332156747;B
20241023;164458;3.815;600;11332156968;B
20241023;164508;3.815;6300;11332157376;B
20241023;164509;3.815;700;11332157440;B
20241023;164511;3.815;1500;11332157500;B
20241023;164511;3.815;2300;11332157561;B
20241023;164512;3.815;4300;11332157567;B
20241023;164512;3.815;4100;11332157593;B
20241023;164523;3.815;1900;11332158519;B
20241023;164525;3.815;500;11332158629;B
20241023;164525;3.815;2600;11332158639;B
20241023;164525;3.815;100;11332158640;B
20241023;164532;3.815;100;11332158984;B
20241023;164532;3.815;200;11332158985;B
20241023;164532;3.815;100;11332158986;B
20241023;164534;3.815;300;11332159078;B
20241023;164534;3.815;100;11332159105;B
20241023;164538;3.815;1300;11332159279;B
20241023;164540;3.815;3800;11332159349;B
20241023;164540;3.815;2800;11332159351;B
20241023;164545;3.815;600;11332159519;B
20241023;164607;3.815;2800;11332160669;B
20241023;164610;3.815;4700;11332160800;B
20241023;164610;3.815;4500;11332160806;B
20241023;164615;3.815;200;11332161100;B
20241023;164618;3.815;400;11332161291;B
20241023;164628;3.8145;1300;11332161762;S
20241023;164634;3.815;100;11332162109;B
20241023;164638;3.8145;1300;11332162298;S
20241023;164652;3.8145;1100;11332163031;S
20241023;164655;3.8145;700;11332163146;S
20241023;164655;3.8145;100;11332163147;S
20241023;164655;3.8145;2800;11332163148;S
20241023;164655;3.8145;3500;11332163149;S
20241023;164655;3.8145;1200;11332163155;B
20241023;164659;3.8145;400;11332163319;B
20241023;164700;3.8145;400;11332163360;B
20241023;164700;3.8145;900;11332163398;B
20241023;164700;3.8145;100;11332163399;B
20241023;164711;3.814;100;11332163891;S
20241023;164712;3.8135;14800;11332163991;S
20241023;164716;3.814;100;11332164354;S
20241023;164723;3.8145;100;11332164613;B
20241023;164723;3.8145;100;11332164614;B
20241023;164727;3.815;500;11332164836;B
20241023;164729;3.8145;100;11332165008;S
20241023;164731;3.815;1400;11332165062;B
20241023;164732;3.815;4800;11332165114;B
20241023;164732;3.815;400;11332165115;B
20241023;164735;3.815;700;11332165226;B
20241023;164739;3.8145;1000;11332165485;S
20241023;164739;3.815;1400;11332165538;B
20241023;164742;3.815;700;11332165719;B
20241023;164744;3.815;3000;11332165839;B
20241023;164744;3.815;8400;11332165861;B
20241023;164746;3.815;400;11332165902;B
20241023;164750;3.815;4600;11332166154;B
20241023;164754;3.815;400;11332166456;B
20241023;164754;3.815;100;11332166457;B
20241023;164754;3.8155;100;11332166459;B
20241023;164754;3.816;100;11332166460;B
20241023;164754;3.816;300;11332166461;B
20241023;164755;3.8165;24800;11332166462;B
20241023;164755;3.8165;5200;11332166463;B
20241023;164755;3.816;600;11332166538;B
20241023;164757;3.8155;100;11332166594;S
20241023;164757;3.816;500;11332166597;B
20241023;164757;3.816;500;11332166598;B
20241023;164757;3.816;300;11332166600;B
20241023;164759;3.816;3200;11332166760;B
20241023;164801;3.816;1800;11332166832;B
20241023;164802;3.816;300;11332166937;B
20241023;164805;3.816;100;11332167064;B
20241023;164806;3.816;9000;11332167153;B
20241023;164814;3.816;2200;11332167564;B
20241023;164815;3.816;100;11332167613;B
20241023;164815;3.816;400;11332167615;B
20241023;164816;3.816;1500;11332167719;B
20241023;164826;3.816;2800;11332173401;B
20241023;164829;3.816;9900;11332176462;B
20241023;164829;3.816;700;11332176466;B
20241023;164831;3.816;2900;11332177197;B
20241023;164831;3.816;2600;11332177205;B
20241023;164842;3.816;500;11332190476;B
20241023;164852;3.816;100;11332200946;B
20241023;164903;3.816;500;11332205921;B
20241023;164904;3.816;13000;11332206003;B
20241023;164917;3.816;100;11332206634;B
20241023;164923;3.816;100;11332206959;B
20241023;164935;3.816;200;11332207646;B
20241023;164938;3.816;200;11332207805;B
20241023;164949;3.816;1000;11332208443;B
20241023;165023;3.8155;1200;11332210035;S
20241023;165023;3.8155;4800;11332210036;S
20241023;165025;3.8155;2600;11332210138;S
20241023;165025;3.8155;2400;11332210139;S
20241023;165048;3.816;100;11332211309;B
20241023;165051;3.816;1900;11332211459;B
20241023;165054;3.816;1200;11332211705;B
20241023;165054;3.816;9500;11332211707;B
20241023;165055;3.816;500;11332211775;B
20241023;165055;3.816;3600;11332211777;B
20241023;165055;3.816;700;11332211784;B
20241023;165056;3.816;5500;11332211837;B
20241023;165056;3.816;900;11332211850;B
20241023;165059;3.815;400;11332212197;S
20241023;165102;3.816;500;11332212435;B
20241023;165102;3.815;300;11332212437;S
20241023;165127;3.8155;3800;11332213876;S
20241023;165127;3.8155;1400;11332213925;B
20241023;165128;3.8155;100;11332213960;B
20241023;165130;3.8155;400;11332214063;B
20241023;165132;3.8155;800;11332214200;B
20241023;165132;3.8155;1700;11332214201;B
20241023;165138;3.815;300;11332214558;S
20241023;165138;3.815;500;11332214559;S
20241023;165138;3.8145;300;11332214560;S
20241023;165138;3.813;100;11332214610;S
20241023;165139;3.812;2500;11332214690;S
20241023;165139;3.812;100;11332214691;S
20241023;165139;3.812;500;11332214692;S
20241023;165139;3.8115;1900;11332214693;S
20241023;165139;3.8115;1000;11332214694;S
20241023;165139;3.8115;3100;11332214696;S
20241023;165141;3.811;8000;11332214961;B
20241023;165141;3.811;1300;11332214962;B
20241023;165141;3.811;1400;11332214963;B
20241023;165155;3.8105;400;11332215846;S
20241023;165158;3.81;4200;11332216107;S
20241023;165158;3.81;2300;11332216108;S
20241023;165158;3.81;1900;11332216189;S
20241023;165158;3.81;1600;11332216190;S
20241023;165158;3.8095;5200;11332216191;S
20241023;165158;3.809;1900;11332216219;S
20241023;165158;3.809;4800;11332216292;S
20241023;165158;3.809;1800;11332216505;S
20241023;165158;3.809;6100;11332216594;S
20241023;165158;3.809;400;11332216595;S
20241023;165158;3.8085;1200;11332216596;S
20241023;165158;3.8085;600;11332216597;S
20241023;165158;3.8085;1000;11332216598;S
20241023;165158;3.808;9000;11332216636;S
20241023;165158;3.808;5700;11332216653;S
20241023;165203;3.8085;100;11332217346;B
20241023;165210;3.808;500;11332217915;S
20241023;165218;3.8085;200;11332218314;B
20241023;165221;3.808;22800;11332218568;S
20241023;165221;3.808;100;11332218569;S
20241023;165221;3.808;100;11332218570;S
20241023;165221;3.808;200;11332218571;S
20241023;165221;3.808;1800;11332218572;S
20241023;165223;3.808;14500;11332218706;S
20241023;165223;3.808;3500;11332218760;S
20241023;165227;3.8085;4800;11332219108;B
20241023;165227;3.809;4800;11332219109;B
20241023;165227;3.809;9400;11332219110;B
20241023;165232;3.812;100;11332219548;B
20241023;165232;3.8125;500;11332219549;B
20241023;165241;3.8115;100;11332219995;B
20241023;165241;3.811;100;11332219999;B
20241023;165241;3.811;200;11332220000;B
20241023;165241;3.812;400;11332220002;B
20241023;165241;3.812;1000;11332220007;B
20241023;165244;3.8105;200;11332220107;B
20241023;165244;3.811;200;11332220108;B
20241023;165246;3.811;100;11332220218;B
20241023;165246;3.8115;200;11332220221;B
20241023;165246;3.8125;200;11332220226;B
20241023;165246;3.811;200;11332220257;B
20241023;165248;3.8105;100;11332220322;B
20241023;165248;3.811;100;11332220323;B
20241023;165248;3.812;500;11332220326;B
20241023;165251;3.811;400;11332220597;B
20241023;165252;3.811;7800;11332220698;B
20241023;165253;3.8095;200;11332220710;S
20241023;165254;3.812;300;11332220744;B
20241023;165305;3.8115;1000;11332221431;B
20241023;165307;3.8115;1900;11332221547;B
20241023;165317;3.8115;1700;11332222112;B
20241023;165319;3.812;900;11332222196;B
20241023;165320;3.8125;300;11332222251;B
20241023;165322;3.8125;100;11332222532;B
20241023;165322;3.8125;300;11332222555;B
20241023;165323;3.8125;700;11332222737;B
20241023;165325;3.8125;1600;11332223162;B
20241023;165405;3.8135;300;11332225036;B
20241023;165412;3.8135;500;11332225497;B
20241023;165412;3.8135;300;11332225498;B
20241023;165415;3.814;1000;11332225619;B
20241023;165418;3.814;200;11332225779;B
20241023;165421;3.814;700;11332225908;B
20241023;165422;3.814;1000;11332225937;B
20241023;165422;3.814;1800;11332225938;B
20241023;165425;3.814;1700;11332226056;B
20241023;165426;3.814;300;11332226095;B
20241023;165429;3.814;700;11332226227;B
20241023;165450;3.814;200;11332227278;B
20241023;165504;3.814;1100;11332227876;B
20241023;165506;3.814;300;11332228016;B
20241023;165506;3.814;1000;11332228024;B
20241023;165510;3.8135;2100;11332228217;B
20241023;165511;3.8135;700;11332228263;B
20241023;165517;3.8135;1800;11332228556;S
20241023;165517;3.8135;100;11332228557;S
20241023;165519;3.814;100;11332228653;B
20241023;165524;3.814;1800;11332228976;B
20241023;165525;3.813;100;11332228979;S
20241023;165526;3.813;200;11332229048;B
20241023;165526;3.8135;100;11332229049;B
20241023;165538;3.8135;100;11332229643;B
20241023;165550;3.8135;4000;11332230223;B
20241023;165559;3.812;200;11332230659;S
20241023;165600;3.81;200;11332230671;S
20241023;165619;3.8135;200;11332231538;B
20241023;165622;3.8135;1500;11332231642;B
20241023;165626;3.8135;100;11332231780;B
20241023;165630;3.813;500;11332231939;S
20241023;165630;3.813;200;11332231940;S
20241023;165645;3.8135;100;11332232595;B
20241023;165645;3.8135;400;11332232596;B
20241023;165648;3.8135;100;11332232748;B
20241023;165654;3.813;100;11332233034;S
20241023;165654;3.813;800;11332233035;S
20241023;165654;3.813;800;11332233036;S
20241023;165654;3.8115;100;11332233037;S
20241023;165654;3.811;600;11332233038;S
20241023;165655;3.813;100;11332233049;B
20241023;165714;3.8135;500;11332234019;B
20241023;165714;3.8135;100;11332234020;B
20241023;165714;3.8135;900;11332234021;B
20241023;165715;3.813;400;11332234085;S
20241023;165727;3.8135;100;11332235381;B
20241023;165728;3.8135;1800;11332235440;B
20241023;165729;3.813;300;11332235461;S
20241023;165729;3.814;400;11332235470;B
20241023;165729;3.814;100;11332235471;B
20241023;165729;3.814;1100;11332235472;B
20241023;165729;3.814;400;11332235473;B
20241023;165729;3.814;1800;11332235474;B
20241023;165730;3.814;1100;11332235567;B
20241023;165732;3.8135;300;11332235609;S
20241023;165732;3.8135;300;11332235619;B
20241023;165732;3.8135;1100;11332235621;B
20241023;165734;3.8135;300;11332235656;B
20241023;165734;3.814;1500;11332235657;B
20241023;165734;3.814;1200;11332235673;B
20241023;165736;3.814;1500;11332235798;B
20241023;165803;3.813;300;11332237232;B
20241023;165806;3.813;200;11332237404;B
20241023;165806;3.813;200;11332237418;B
20241023;165829;3.813;200;11332238467;B
20241023;165843;3.8125;500;11332239036;S
20241023;165845;3.8125;600;11332239105;S
20241023;165845;3.8125;600;11332239106;S
20241023;165845;3.812;1100;11332239107;S
20241023;165855;3.813;100;11332239615;B
20241023;165858;3.813;100;11332239706;B
20241023;165858;3.8135;400;11332239707;B
20241023;165858;3.814;100;11332239712;B
20241023;165858;3.814;100;11332239713;B
20241023;165859;3.814;1700;11332239776;B
20241023;165900;3.814;900;11332239833;B
20241023;165900;3.814;1400;11332239839;B
20241023;165902;3.8135;300;11332239932;B
20241023;165902;3.814;3400;11332239943;B
20241023;165903;3.814;700;11332239971;B
20241023;165908;3.814;1100;11332240157;B
20241023;165909;3.814;600;11332240213;B
20241023;165912;3.814;200;11332240351;B
20241023;165912;3.814;900;11332240355;B
20241023;165912;3.814;1500;11332240360;B
20241023;165912;3.814;1900;11332240371;B
20241023;165914;3.814;2000;11332240440;B
20241023;165937;3.8135;200;11332241512;B
20241023;165959;3.8135;1800;11332242786;B
20241023;165959;3.8135;5300;11332242787;B
20241023;165959;3.814;200;11332242788;B
20241023;165959;3.814;400;11332242789;B
20241023;165959;3.814;5000;11332242790;B
20241023;170001;3.8145;200;11332242897;B
20241023;170001;3.8145;6600;11332242898;B
20241023;170001;3.8145;40600;11332242911;B
20241023;170001;3.8145;2000;11332242912;B
20241023;170001;3.815;5000;11332242913;B
20241023;170001;3.8155;100;11332242914;B
20241023;170001;3.8155;100;11332242915;B
20241023;170001;3.816;100;11332242916;B
20241023;170001;3.816;100;11332242917;B
20241023;170001;3.816;4500;11332242918;B
20241023;170001;3.816;4500;11332242919;B
20241023;170001;3.816;1600;11332242920;B
20241023;170001;3.8155;5900;11332242922;B
20241023;170002;3.8155;300;11332242930;B
20241023;170006;3.815;100;11332243248;B
20241023;170006;3.815;200;11332243249;B
20241023;170008;3.8155;100;11332243487;B
20241023;170009;3.8155;1700;11332243569;B
20241023;170010;3.8155;900;11332243579;B
20241023;170013;3.8155;1900;11332243745;B
20241023;170013;3.8155;1000;11332243757;B
20241023;170017;3.8155;700;11332244010;B
20241023;170018;3.8155;1800;11332244038;B
20241023;170020;3.8155;300;11332244131;B
20241023;170038;3.8155;100;11332245114;B
20241023;170057;3.815;1000;11332246021;B
20241023;170107;3.815;300;11332246569;B
20241023;170107;3.815;2100;11332246572;B
20241023;170108;3.815;1900;11332246596;B
20241023;170110;3.8145;100;11332246657;B
20241023;170111;3.8145;1900;11332246758;B
20241023;170111;3.815;100;11332246759;B
20241023;170112;3.814;24900;11332246814;S
20241023;170112;3.814;12400;11332246815;S
20241023;170124;3.8145;700;11332247534;S
20241023;170124;3.8145;300;11332247535;S
20241023;170125;3.8145;600;11332247593;B
20241023;170134;3.8145;600;11332248068;S
20241023;170134;3.8145;1000;11332248069;S
20241023;170135;3.8135;1000;11332248176;S
20241023;170135;3.813;9900;11332248177;S
20241023;170135;3.813;1000;11332248198;S
20241023;170149;3.8145;12400;11332249288;B
20241023;170149;3.8145;100;11332249289;B
20241023;170149;3.8145;300;11332249328;B
20241023;170149;3.815;12200;11332249329;B
20241023;170150;3.815;12500;11332249400;B
20241023;170151;3.815;12500;11332249409;B
20241023;170153;3.815;4500;11332249515;B
20241023;170153;3.8155;600;11332249516;B
20241023;170153;3.8155;7300;11332249517;B
20241023;170153;3.816;100;11332249518;B
20241023;170153;3.815;1000;11332249552;B
20241023;170203;3.815;1100;11332250385;B
20241023;170205;3.815;400;11332250515;B
20241023;170207;3.815;900;11332250653;B
20241023;170208;3.815;800;11332250714;B
20241023;170209;3.815;2200;11332250767;B
20241023;170209;3.815;1400;11332250771;B
20241023;170209;3.815;1400;11332250772;B
20241023;170212;3.8155;2100;11332250922;B
20241023;170214;3.8155;300;11332251050;B
20241023;170215;3.8155;1900;11332251112;B
20241023;170238;3.8135;200;11332252380;S
20241023;170249;3.8155;2800;11332252992;B
20241023;170304;3.8155;500;11332253754;B
20241023;170307;3.8155;2100;11332253896;B
20241023;170308;3.8155;300;11332253942;B
20241023;170309;3.8155;800;11332253975;B
20241023;170310;3.8155;1200;11332254035;B
20241023;170311;3.8155;1000;11332254043;B
20241023;170311;3.8155;2200;11332254071;B
20241023;170313;3.8155;300;11332254172;B
20241023;170314;3.8155;2000;11332254235;B
20241023;170324;3.816;100;11332254652;B
20241023;170324;3.816;400;11332254653;B
20241023;170326;3.816;1300;11332254721;B
20241023;170349;3.814;100;11332255832;S
20241023;170349;3.814;200;11332255833;S
20241023;170353;3.814;3200;11332256046;S
20241023;170404;3.8145;1000;11332256548;S
20241023;170404;3.8135;1200;11332256549;S
20241023;170411;3.816;100;11332256925;B
20241023;170414;3.816;700;11332257059;B
20241023;170414;3.816;300;11332257082;B
20241023;170415;3.816;300;11332257166;B
20241023;170416;3.816;1600;11332257210;B
20241023;170420;3.816;1900;11332257453;B
20241023;170423;3.816;900;11332257601;B
20241023;170424;3.816;1800;11332257625;B
20241023;170452;3.814;100;11332259889;S
20241023;170458;3.813;12200;11332261317;S
20241023;170500;3.813;6900;11332261810;S
20241023;170500;3.813;200;11332261811;S
20241023;170509;3.814;1500;11332262945;B
20241023;170511;3.814;200;11332263080;B
20241023;170514;3.8145;800;11332263190;B
20241023;170514;3.815;1700;11332263193;B
20241023;170514;3.8155;200;11332263203;B
20241023;170515;3.8155;1200;11332263242;B
20241023;170517;3.814;300;11332263391;B
20241023;170517;3.8145;300;11332263392;B
20241023;170518;3.815;300;11332263423;B
20241023;170518;3.815;400;11332263442;B
20241023;170519;3.815;1600;11332263488;B
20241023;170520;3.815;300;11332263613;B
20241023;170521;3.8145;100;11332263635;B
20241023;170521;3.815;500;11332263636;B
20241023;170554;3.8155;100;11332265873;B
20241023;170604;3.8155;300;11332266339;B
20241023;170604;3.8155;2100;11332266367;B
20241023;170604;3.813;2200;11332266384;S
20241023;170604;3.813;600;11332266385;S
20241023;170604;3.813;200;11332266386;S
20241023;170604;3.813;10000;11332266387;S
20241023;170608;3.8145;100;11332266656;S
20241023;170610;3.8155;700;11332266705;B
20241023;170611;3.8155;2100;11332266788;B
20241023;170615;3.8155;300;11332266997;B
20241023;170617;3.8155;1800;11332267125;B
20241023;170619;3.8155;1100;11332267175;B
20241023;170619;3.8155;900;11332267178;B
20241023;170625;3.8155;200;11332267464;B
20241023;170642;3.8135;300;11332268294;S
20241023;170705;3.8155;300;11332269540;B
20241023;170705;3.816;300;11332269560;B
20241023;170706;3.816;300;11332269598;B
20241023;170706;3.816;200;11332269605;B
20241023;170708;3.816;300;11332269684;B
20241023;170709;3.816;1600;11332269730;B
20241023;170709;3.816;300;11332269751;B
20241023;170710;3.8155;200;11332269823;B
20241023;170710;3.816;1200;11332269824;B
20241023;170711;3.816;800;11332269865;B
20241023;170714;3.816;600;11332270030;B
20241023;170717;3.816;1500;11332270174;B
20241023;170720;3.8135;100;11332270329;S
20241023;170721;3.8155;100;11332270390;B
20241023;170730;3.8155;400;11332270824;B
20241023;170745;3.8135;100;11332271594;S
20241023;170812;3.8155;700;11332273104;S
20241023;170817;3.8155;100;11332273348;S
20241023;170852;3.816;5300;11332275041;B
20241023;170855;3.816;1500;11332275186;B
20241023;170857;3.816;800;11332275293;B
20241023;170857;3.816;100;11332275305;B
20241023;170859;3.816;800;11332275397;B
20241023;170859;3.816;700;11332275398;B
20241023;170859;3.816;900;11332275401;B
20241023;170900;3.816;100;11332275416;B
20241023;170928;3.816;500;11332277023;B
20241023;170932;3.816;200;11332277375;B
20241023;170934;3.816;500;11332277451;B
20241023;170943;3.816;300;11332277886;B
20241023;170950;3.816;100;11332278257;B
20241023;170954;3.816;100;11332278466;B
20241023;170959;3.816;1200;11332278853;B
20241023;171000;3.816;600;11332278905;B
20241023;171001;3.816;100;11332278981;B
20241023;171002;3.816;300;11332279084;B
20241023;171013;3.816;200;11332279695;B
20241023;171017;3.816;100;11332279954;B
20241023;171019;3.816;22100;11332280348;B
20241023;171019;3.816;400;11332280349;B
20241023;171019;3.816;400;11332280350;B
20241023;171019;3.816;1000;11332280351;B
20241023;171019;3.816;100;11332280352;B
20241023;171019;3.816;2000;11332280353;B
20241023;171027;3.816;700;11332280941;B
20241023;171032;3.816;100;11332281193;B
20241023;171033;3.816;100;11332281244;B
20241023;171039;3.816;100;11332281554;B
20241023;171045;3.816;400;11332281844;B
20241023;171058;3.816;100;11332282559;B
20241023;171058;3.816;100;11332282577;B
20241023;171059;3.816;200;11332282593;B
20241023;171124;3.816;100;11332283995;B
20241023;171124;3.816;100;11332284014;B
20241023;171126;3.816;100;11332284121;B
20241023;171133;3.816;24100;11332284461;B
20241023;171133;3.816;1700;11332284462;B
20241023;171133;3.816;200;11332284463;B
20241023;171154;3.8165;100;11332285470;B
20241023;171156;3.8165;1200;11332285571;B
20241023;171156;3.8165;1700;11332285573;B
20241023;171156;3.8165;1100;11332285574;B
20241023;171156;3.8165;5300;11332285602;B
20241023;171200;3.8165;6600;11332285728;B
20241023;171202;3.8165;200;11332285857;B
20241023;171202;3.8165;300;11332285862;B
20241023;171202;3.8165;2000;11332285865;B
20241023;171203;3.8165;200;11332285884;B
20241023;171204;3.8165;200;11332285946;B
20241023;171204;3.8165;500;11332285963;B
20241023;171206;3.8165;2000;11332286042;B
20241023;171206;3.8165;1000;11332286085;B
20241023;171208;3.8165;600;11332286151;B
20241023;171208;3.8165;1400;11332286152;B
20241023;171209;3.8165;2000;11332286183;B
20241023;171211;3.8165;1500;11332286310;B
20241023;171213;3.8165;100;11332286362;B
20241023;171213;3.8165;1500;11332286363;B
20241023;171213;3.817;100;11332286364;B
20241023;171213;3.817;1300;11332286365;B
20241023;171214;3.8165;100;11332286384;S
20241023;171215;3.817;1600;11332286440;B
20241023;171218;3.817;2000;11332286619;B
20241023;171219;3.817;100;11332286664;B
20241023;171219;3.817;300;11332286665;B
20241023;171219;3.818;1700;11332286666;B
20241023;171219;3.818;2400;11332286668;B
20241023;171219;3.818;1500;11332286693;B
20241023;171220;3.818;2400;11332286695;B
20241023;171224;3.818;3900;11332286984;B
20241023;171228;3.818;100;11332287173;B
20241023;171228;3.818;300;11332287174;B
20241023;171249;3.818;200;11332288223;B
20241023;171303;3.818;500;11332289094;B
20241023;171311;3.818;300;11332289389;B
20241023;171314;3.818;1300;11332289612;B
20241023;171315;3.818;1000;11332289659;B
20241023;171315;3.818;200;11332289660;B
20241023;171315;3.818;900;11332289661;B
20241023;171318;3.818;1000;11332289804;B
20241023;171318;3.818;2300;11332289805;B
20241023;171321;3.8175;100;11332289945;S
20241023;171329;3.817;500;11332290338;S
20241023;171333;3.8175;400;11332290606;B
20241023;171334;3.8175;1400;11332290698;B
20241023;171339;3.817;100;11332290935;S
20241023;171340;3.8175;800;11332291008;B
20241023;171406;3.8175;100;11332292462;B
20241023;171408;3.8175;100;11332292521;B
20241023;171409;3.818;100;11332292563;B
20241023;171419;3.818;1200;11332293080;B
20241023;171419;3.818;2100;11332293087;B
20241023;171420;3.818;1100;11332293190;B
20241023;171422;3.818;800;11332293280;B
20241023;171422;3.818;400;11332293307;B
20241023;171423;3.818;2000;11332293357;B
20241023;171424;3.818;2100;11332293395;B
20241023;171424;3.818;100;11332293396;B
20241023;171424;3.818;2400;11332293397;B
20241023;171431;3.818;300;11332293696;B
20241023;171436;3.818;300;11332293924;B
20241023;171447;3.818;1000;11332294764;B
20241023;171448;3.818;100;11332294806;B
20241023;171459;3.818;100;11332295644;B
20241023;171512;3.818;1000;11332296328;B
20241023;171512;3.818;14800;11332296334;B
20241023;171512;3.8185;8000;11332296335;B
20241023;171512;3.8185;400;11332296336;B
20241023;171512;3.8185;200;11332296337;B
20241023;171512;3.8185;200;11332296338;B
20241023;171512;3.8185;500;11332296339;B
20241023;171512;3.8185;1000;11332296340;B
20241023;171512;3.8185;7700;11332296341;B
20241023;171516;3.819;800;11332296583;B
20241023;171520;3.819;100;11332296694;B
20241023;171520;3.819;2400;11332296711;B
20241023;171520;3.819;300;11332296720;B
20241023;171522;3.819;1200;11332296788;B
20241023;171522;3.819;2300;11332296798;B
20241023;171524;3.819;2100;11332296896;B
20241023;171525;3.819;300;11332296900;B
20241023;171537;3.819;100;11332297450;B
20241023;171540;3.819;400;11332297535;B
20241023;171544;3.819;1000;11332297734;B
20241023;171555;3.8185;3700;11332298240;B
20241023;171559;3.8185;2000;11332298417;B
20241023;171602;3.8185;100;11332298606;B
20241023;171616;3.8185;200;11332299448;B
20241023;171620;3.8185;100;11332299725;B
20241023;171620;3.8185;100;11332299732;B
20241023;171631;3.8185;200;11332300292;B
20241023;171633;3.8185;100;11332300422;B
20241023;171634;3.8185;100;11332300455;B
20241023;171636;3.8185;100;11332300567;B
20241023;171638;3.8185;100;11332300692;B
20241023;171639;3.8185;100;11332300735;B
20241023;171643;3.8185;100;11332301132;B
20241023;171651;3.8185;100;11332301998;B
20241023;171702;3.8185;2900;11332302939;B
20241023;171702;3.8185;100;11332302940;B
20241023;171702;3.8185;100;11332302941;B
20241023;171702;3.8185;100;11332302942;B
20241023;171702;3.8185;1800;11332302943;B
20241023;171707;3.818;500;11332303197;S
20241023;171723;3.8185;3000;11332305095;B
20241023;171727;3.8185;1700;11332305406;B
20241023;171727;3.8185;2200;11332305408;B
20241023;171728;3.8185;700;11332305444;B
20241023;171731;3.8185;4800;11332305582;B
20241023;171732;3.8185;700;11332305665;B
20241023;171732;3.8185;100;11332305678;B
20241023;171739;3.818;100;11332306044;S
20241023;171752;3.8185;100;11332307560;B
20241023;171756;3.8185;2000;11332309719;B
20241023;171756;3.8185;300;11332309817;B
20241023;171756;3.8185;1000;11332309818;B
20241023;171756;3.8185;3300;11332309819;B
20241023;171800;3.819;600;11332311839;B
20241023;171801;3.819;2400;11332312643;B
20241023;171801;3.819;2300;11332312679;B
20241023;171805;3.8185;3900;11332314667;B
20241023;171805;3.8185;100;11332314717;B
20241023;171805;3.819;4100;11332314718;B
20241023;171806;3.819;300;11332315190;B
20241023;171810;3.819;400;11332317059;B
20241023;171811;3.819;1100;11332317417;B
20241023;171813;3.819;400;11332318541;B
20241023;171813;3.819;900;11332318668;B
20241023;171822;3.819;3000;11332323331;B
20241023;171838;3.818;700;11332331105;S
20241023;171845;3.819;100;11332334573;B
20241023;171904;3.819;100;11332344677;B
20241023;171909;3.819;2200;11332347284;B
20241023;171911;3.819;400;11332348385;B
20241023;171913;3.819;1100;11332349238;B
20241023;171915;3.819;1300;11332349985;B
20241023;171924;3.819;2300;11332354425;B
20241023;171926;3.819;900;11332355427;B
20241023;171929;3.819;400;11332357074;B
20241023;171932;3.818;300;11332358778;S
20241023;171933;3.819;2400;11332359150;B
20241023;171950;3.819;10000;11332367920;B
20241023;171954;3.819;100;11332369736;B
20241023;171956;3.819;1000;11332370617;B
20241023;172006;3.819;1200;11332372787;B
20241023;172006;3.819;100;11332372788;B
20241023;172006;3.819;200;11332372789;B
20241023;172006;3.819;100;11332372790;B
20241023;172006;3.819;200;11332372791;B
20241023;172011;3.819;2500;11332373068;B
20241023;172032;3.8185;300;11332374922;S
20241023;172032;3.8185;800;11332374923;S
20241023;172032;3.8185;300;11332374924;S
20241023;172040;3.819;200;11332375521;B
20241023;172043;3.819;300;11332375661;B
20241023;172044;3.819;2400;11332375702;B
20241023;172049;3.819;1300;11332375927;B
20241023;172049;3.819;1100;11332375928;B
20241023;172051;3.819;300;11332376082;B
20241023;172051;3.819;1900;11332376085;B
20241023;172052;3.8185;100;11332376147;S
20241023;172056;3.819;100;11332376438;B
20241023;172103;3.819;800;11332376920;B
20241023;172103;3.819;1300;11332376953;B
20241023;172105;3.819;100;11332377040;B
20241023;172110;3.819;2200;11332377259;B
20241023;172112;3.819;1200;11332377406;B
20241023;172112;3.819;2500;11332377415;B
20241023;172118;3.819;400;11332377899;B
20241023;172121;3.819;400;11332378197;B
20241023;172121;3.819;900;11332378199;B
20241023;172123;3.819;2400;11332378287;B
20241023;172134;3.819;1300;11332379099;B
20241023;172143;3.819;100;11332379652;B
20241023;172143;3.819;100;11332379670;B
20241023;172143;3.819;100;11332379689;B
20241023;172143;3.819;100;11332379704;B
20241023;172143;3.819;100;11332379708;B
20241023;172143;3.819;100;11332379711;B
20241023;172143;3.819;100;11332379716;B
20241023;172143;3.819;100;11332379728;B
20241023;172143;3.819;100;11332379738;B
20241023;172143;3.819;100;11332379763;B
20241023;172202;3.819;1400;11332381004;B
20241023;172202;3.819;400;11332381005;B
20241023;172222;3.819;100;11332382182;B
20241023;172231;3.819;200;11332382728;B
20241023;172237;3.819;100;11332383183;B
20241023;172314;3.819;3000;11332385417;B
20241023;172314;3.819;100;11332385418;B
20241023;172314;3.819;30000;11332385419;B
20241023;172314;3.819;1000;11332385420;B
20241023;172314;3.819;29200;11332385421;B
20241023;172314;3.819;123300;11332385422;B
20241023;172314;3.819;7600;11332385423;B
20241023;172314;3.819;7600;11332385435;S
20241023;172314;3.819;12400;11332385436;S
20241023;172316;3.819;1600;11332385578;B
20241023;172323;3.8185;200;11332386389;S
20241023;172324;3.8185;500;11332386495;S
20241023;172326;3.819;5500;11332386642;B
20241023;172328;3.819;500;11332386822;B
20241023;172329;3.819;3500;11332386873;B
20241023;172332;3.8185;100;11332387110;S
20241023;172333;3.819;1200;11332387251;B
20241023;172335;3.819;100;11332387369;B
20241023;172341;3.819;3300;11332387661;B
20241023;172341;3.819;1300;11332387662;B
20241023;172342;3.819;600;11332387722;B
20241023;172345;3.819;2500;11332387912;B
20241023;172348;3.8185;100;11332388167;S
20241023;172416;3.8185;800;11332390830;S
20241023;172416;3.8185;100;11332390831;S
20241023;172416;3.8185;100;11332390832;S
20241023;172416;3.8185;100;11332390833;S
20241023;172423;3.8185;400;11332391703;S
20241023;172426;3.8185;100;11332391843;B
20241023;172431;3.8185;100;11332392144;B
20241023;172444;3.818;400;11332393176;S
20241023;172444;3.818;500;11332393177;S
20241023;172444;3.818;100;11332393178;S
20241023;172444;3.818;1000;11332393179;S
20241023;172444;3.818;300;11332393180;S
20241023;172444;3.818;500;11332393181;S
20241023;172503;3.818;2000;11332394390;B
20241023;172503;3.818;400;11332394391;B
20241023;172515;3.8175;1000;11332395622;S
20241023;172515;3.8175;100;11332395623;S
20241023;172515;3.817;3800;11332395624;S
20241023;172515;3.8165;13800;11332395625;S
20241023;172515;3.8165;3800;11332395626;S
20241023;172515;3.816;100;11332395627;S
20241023;172515;3.816;37400;11332395628;S
20241023;172519;3.817;4100;11332395970;B
20241023;172519;3.817;600;11332395971;B
20241023;172519;3.817;3300;11332395972;B
20241023;172533;3.817;600;11332396918;B
20241023;172555;3.817;100;11332399083;B
20241023;172602;3.817;200;11332399531;B
20241023;172606;3.817;4900;11332400288;B
20241023;172607;3.8165;100;11332400396;S
20241023;172607;3.817;100;11332400418;B
20241023;172617;3.817;100;11332401046;B
20241023;172623;3.817;100;11332401600;B
20241023;172625;3.817;1300;11332401750;B
20241023;172635;3.8165;1900;11332402328;S
20241023;172635;3.8165;100;11332402329;S
20241023;172641;3.816;6000;11332402786;S
20241023;172641;3.8165;1400;11332402820;B
20241023;172645;3.816;300;11332403108;S
20241023;172648;3.8165;500;11332403379;B
20241023;172652;3.8165;200;11332403767;B
20241023;172653;3.8165;100;11332403818;B
20241023;172654;3.8165;100;11332403876;B
20241023;172657;3.8165;1000;11332404408;B
20241023;172707;3.8165;500;11332405083;B
20241023;172717;3.8165;100;11332405728;B
20241023;172719;3.816;200;11332405868;S
20241023;172726;3.816;700;11332406311;B
20241023;172727;3.8155;900;11332406421;S
20241023;172727;3.8155;100;11332406422;S
20241023;172727;3.8155;100;11332406423;S
20241023;172727;3.8155;200;11332406424;S
20241023;172727;3.8155;100;11332406425;S
20241023;172727;3.8155;400;11332406426;S
20241023;172732;3.816;500;11332406754;B
20241023;172738;3.8155;1000;11332407291;S
20241023;172749;3.816;300;11332408129;B
20241023;172753;3.816;300;11332408451;B
20241023;172807;3.8155;4600;11332409767;S
20241023;172807;3.8155;100;11332409768;S
20241023;172807;3.815;100;11332409769;S
20241023;172807;3.815;65200;11332409770;S
20241023;172809;3.8155;400;11332409872;B
20241023;172832;3.8155;100;11332411337;B
20241023;172906;3.815;9000;11332413550;S
20241023;172912;3.815;800;11332413900;S
20241023;172923;3.815;100;11332414844;S
20241023;172927;3.815;100;11332415146;S
20241023;172928;3.815;100;11332415248;S
20241023;172944;3.815;500;11332416259;S
20241023;172946;3.8155;1200;11332416309;B
20241023;172951;3.8155;100;11332416805;B
20241023;173023;3.815;200;11332431159;S
20241023;173025;3.8155;600;11332432292;B
20241023;173033;3.8155;700;11332437335;B
20241023;173043;3.8155;100;11332443978;B
20241023;173051;3.815;500;11332446630;S
20241023;173056;3.8155;3500;11332447124;B
20241023;173058;3.815;1000;11332447219;S
20241023;173058;3.8155;100;11332447229;B
20241023;173109;3.8155;600;11332448077;B
20241023;173111;3.815;12500;11332448206;S
20241023;173111;3.815;200;11332448207;S
20241023;173111;3.815;2300;11332448208;S
20241023;173116;3.8155;100;11332448613;B
20241023;173121;3.815;8800;11332449013;S
20241023;173125;3.815;15200;11332449745;S
20241023;173131;3.815;12000;11332450200;S
20241023;173131;3.8155;100;11332450230;B
20241023;173140;3.815;50000;11332450893;S
20241023;173140;3.815;5700;11332450897;S
20241023;173140;3.815;3400;11332450898;S
20241023;173140;3.815;10900;11332450899;S
20241023;173140;3.815;800;11332450937;S
20241023;173146;3.815;100;11332451504;S
20241023;173152;3.815;100;11332451929;S
20241023;173152;3.815;12000;11332451930;S
20241023;173157;3.8155;8000;11332452364;B
20241023;173210;3.815;2000;11332453595;S
20241023;173219;3.815;600;11332454354;S
20241023;173225;3.815;1000;11332454811;S
20241023;173233;3.8155;300;11332455372;B
20241023;173235;3.815;100;11332455526;S
20241023;173236;3.815;92400;11332455536;S
20241023;173236;3.815;345200;11332455537;S
20241023;173236;3.815;12400;11332455538;S
20241023;173243;3.8155;100;11332456247;B
20241023;173303;3.815;26000;11332457660;S
20241023;173319;3.815;4800;11332458731;S
20241023;173319;3.815;9400;11332458732;S
20241023;173323;3.815;20600;11332459059;S
20241023;173323;3.815;1400;11332459060;S
20241023;173328;3.815;20000;11332459391;S
20241023;173332;3.815;300;11332459716;S
20241023;173345;3.815;100;11332460603;S
20241023;173349;3.8155;19100;11332460924;B
20241023;173359;3.8155;4000;11332461755;B
20241023;173401;3.8155;600;11332461870;B
20241023;173413;3.8155;100;11332462653;B
20241023;173430;3.8155;400;11332463770;B
20241023;173441;3.8155;100;11332464505;B
20241023;173441;3.8155;500;11332464530;B
20241023;173441;3.8155;1000;11332464536;B
20241023;173454;3.8155;100;11332465258;B
20241023;173458;3.815;500;11332465492;S
20241023;173500;3.8155;100;11332465565;B
20241023;173505;3.8155;100;11332465815;B
20241023;173513;3.8155;100;11332466350;B
20241023;173516;3.8155;1000;11332466452;B
20241023;173519;3.815;100;11332466688;S
20241023;173536;3.815;1000;11332467717;S
20241023;173545;3.8155;100;11332468381;B
20241023;173552;3.8155;2500;11332468769;B
20241023;173608;3.8155;1000;11332469771;B
20241023;173613;3.8155;500;11332470030;B
20241023;173623;3.815;1100;11332470771;S
20241023;173625;3.815;100;11332470896;S
20241023;173632;3.8155;100;11332471381;B
20241023;173638;3.8155;100;11332471709;B
20241023;173640;3.815;3600;11332471905;S
20241023;173647;3.8155;100;11332472381;B
20241023;173651;3.8155;100;11332472698;B
20241023;173706;3.8155;19000;11332475917;B
20241023;173723;3.8155;100;11332477070;B
20241023;173727;3.8155;100;11332477332;B
20241023;173729;3.815;100;11332477425;S
20241023;173734;3.8155;1400;11332477611;B
20241023;173740;3.815;800;11332477985;S
20241023;173742;3.8155;30000;11332478081;B
20241023;173753;3.815;100;11332478624;S
20241023;173758;3.8155;100;11332479009;B
20241023;173759;3.8155;20000;11332479041;B
20241023;173759;3.8155;12600;11332479043;B
20241023;173808;3.8155;100;11332479607;B
20241023;173811;3.815;700;11332479724;S
20241023;173815;3.8155;700;11332479964;B
20241023;173825;3.8155;100;11332480623;B
20241023;173825;3.815;2400;11332480660;S
20241023;173842;3.8155;100;11332481796;B
20241023;173856;3.815;100;11332482847;S
20241023;173915;3.8155;100;11332484153;B
20241023;173926;3.815;900;11332484732;S
20241023;173945;3.8155;600;11332485847;B
20241023;173947;3.8155;200;11332485944;B
20241023;173947;3.8155;100;11332485945;B
20241023;173947;3.8155;100;11332485946;B
20241023;173947;3.8155;100;11332485947;B
20241023;173950;3.815;100;11332486106;S
20241023;174000;3.8155;300;11332486832;B
20241023;174015;3.815;1000;11332487781;S
20241023;174020;3.815;6100;11332488082;S
20241023;174037;3.8155;300;11332488976;B
20241023;174039;3.8155;500;11332489069;B
20241023;174043;3.8155;500;11332489563;B
20241023;174052;3.815;300;11332490213;S
20241023;174055;3.8155;1200;11332490372;B
20241023;174055;3.8155;5600;11332490373;B
20241023;174055;3.8155;1200;11332490374;B
20241023;174057;3.815;1600;11332490540;S
20241023;174103;3.815;300;11332490845;S
20241023;174107;3.8155;100;11332491092;B
20241023;174114;3.8155;100;11332491449;B
20241023;174121;3.815;300;11332491936;S
20241023;174150;3.815;300;11332493954;S
20241023;174150;3.8155;100;11332494007;B
20241023;174159;3.815;1700;11332494513;S
20241023;174206;3.8155;200;11332495372;B
20241023;174208;3.8155;5000;11332495457;B
20241023;174223;3.8155;4000;11332496118;B
20241023;174226;3.8155;100;11332496278;B
20241023;174240;3.8155;30900;11332497378;B
20241023;174249;3.8155;89300;11332497905;B
20241023;174249;3.816;1100;11332497906;B
20241023;174249;3.816;1500;11332497907;B
20241023;174249;3.816;100;11332497908;B
20241023;174249;3.816;12400;11332497909;B
20241023;174249;3.817;300;11332497910;B
20241023;174249;3.817;9000;11332497911;B
20241023;174249;3.8175;1000;11332497912;B
20241023;174249;3.818;1900;11332497913;B
20241023;174249;3.818;47100;11332497914;B
20241023;174249;3.8185;2000;11332497915;B
20241023;174249;3.819;5200;11332497916;B
20241023;174249;3.819;1500;11332497917;B
20241023;174249;3.819;5000;11332497918;B
20241023;174249;3.819;1400;11332497919;B
20241023;174249;3.819;13500;11332497920;B
20241023;174249;3.8195;10000;11332497921;B
20241023;174249;3.8195;40500;11332497922;B
20241023;174249;3.82;100;11332497923;B
20241023;174249;3.82;2100;11332497924;B
20241023;174249;3.8195;4400;11332497927;B
20241023;174250;3.8195;15000;11332497976;B
20241023;174251;3.819;100;11332498018;B
20241023;174308;3.818;500;11332499137;B
20241023;174316;3.8165;100;11332499715;S
20241023;174317;3.815;15300;11332500040;S
20241023;174326;3.816;200;11332500794;B
20241023;174332;3.816;100;11332502206;B
20241023;174346;3.816;800;11332503144;B
20241023;174406;3.815;400;11332504473;S
20241023;174437;3.815;33300;11332506390;S
20241023;174437;3.815;16700;11332506391;S
20241023;174439;3.815;200;11332506472;S
20241023;174457;3.815;100;11332507487;S
20241023;174508;3.8155;1000;11332508132;B
20241023;174514;3.815;1000;11332508412;S
20241023;174543;3.815;800;11332509880;S
20241023;174549;3.8155;400;11332510246;B
20241023;174549;3.8155;3600;11332510256;B
20241023;174549;3.8155;1200;11332510257;B
20241023;174602;3.8155;100;11332510928;B
20241023;174617;3.8155;500;11332511932;B
20241023;174643;3.8155;100;11332513371;B
20241023;174702;3.8155;100;11332514555;B
20241023;174717;3.8155;500;11332515558;B
20241023;174727;3.815;500;11332516155;S
20241023;174729;3.815;200;11332516339;S
20241023;174747;3.815;10000;11332517526;S
20241023;174753;3.8155;100;11332517849;B
20241023;174755;3.815;500;11332517941;S
20241023;174755;3.815;7000;11332517942;S
20241023;174755;3.815;100;11332517943;S
20241023;174755;3.815;8200;11332517944;S
20241023;174755;3.815;100;11332517945;S
20241023;174755;3.815;200;11332517946;S
20241023;174755;3.815;1100;11332517947;S
20241023;174755;3.815;4400;11332517948;S
20241023;174755;3.815;600;11332517949;S
20241023;174755;3.815;1000;11332517950;S
20241023;174755;3.815;300;11332517951;S
20241023;174755;3.815;1800;11332517952;S
20241023;174755;3.815;400;11332517953;S
20241023;174755;3.815;74300;11332517954;S
20241023;174800;3.8155;100;11332518336;B
20241023;174803;3.8155;3900;11332518532;B
20241023;174809;3.8155;100;11332518917;B
20241023;174818;3.815;100;11332519361;S
20241023;174825;3.8155;2500;11332519779;B
20241023;174825;3.8155;100;11332519797;B
20241023;174846;3.8155;200;11332521002;B
20241023;174854;3.815;100;11332521463;S
20241023;174855;3.815;100;11332521539;S
20241023;174859;3.8155;100;11332521929;B
20241023;174932;3.8155;200;11332523962;B
20241023;174934;3.8155;100;11332524154;B
20241023;174937;3.8155;100;11332524257;B
20241023;174956;3.815;100;11332525493;S
20241023;175008;3.8155;100;11332526386;B
20241023;175009;3.8155;300;11332526473;B
20241023;175018;3.815;300;11332527731;S
20241023;175021;3.8155;100;11332527932;B
20241023;175035;3.8155;100;11332529019;B
20241023;175035;3.8155;200;11332529032;B
20241023;175037;3.815;2000;11332529176;S
20241023;175037;3.815;2000;11332529223;S
20241023;175040;3.815;2000;11332529358;S
20241023;175040;3.815;86100;11332529374;S
20241023;175040;3.815;5000;11332529375;S
20241023;175040;3.815;1000;11332529376;S
20241023;175040;3.815;30000;11332529377;S
20241023;175040;3.815;12400;11332529378;S
20241023;175040;3.815;100;11332529379;S
20241023;175040;3.815;300;11332529380;S
20241023;175041;3.8155;100;11332529453;B
20241023;175041;3.8155;100;11332529463;B
20241023;175041;3.815;2000;11332529473;S
20241023;175043;3.8155;100;11332529646;B
20241023;175059;3.815;2000;11332530649;S
20241023;175100;3.8155;200;11332530696;B
20241023;175107;3.8155;200;11332531162;B
20241023;175111;3.815;5200;11332531388;S
20241023;175126;3.8155;100;11332532430;B
20241023;175132;3.815;300;11332532783;S
20241023;175152;3.8155;500;11332534216;B
20241023;175201;3.8155;100;11332534806;B
20241023;175212;3.8155;100;11332535455;B
20241023;175219;3.8155;2500;11332535790;B
20241023;175236;3.8155;100;11332536707;B
20241023;175243;3.815;500;11332537040;S
20241023;175248;3.815;1000;11332537295;S
20241023;175253;3.815;200;11332537591;S
20241023;175322;3.815;100;11332539398;S
20241023;175323;3.8155;100;11332539485;B
20241023;175340;3.815;3500;11332540994;S
20241023;175343;3.815;6000;11332541176;S
20241023;175354;3.8155;100;11332541839;B
20241023;175426;3.8155;300;11332543821;B
20241023;175443;3.815;100;11332544796;S
20241023;175445;3.8155;100;11332544944;B
20241023;175452;3.8155;1000;11332545379;B
20241023;175500;3.8155;100;11332545755;B
20241023;175506;3.815;1400;11332546087;S
20241023;175524;3.8155;100;11332547097;B
20241023;175528;3.8155;3000;11332547355;B
20241023;175534;3.8155;100;11332547617;B
20241023;175556;3.8155;100;11332548797;B
20241023;175603;3.8155;100;11332549517;B
20241023;175628;3.8155;500;11332551126;B
20241023;175628;3.8155;100;11332551173;B
20241023;175633;3.8155;100;11332551649;B
20241023;175648;3.815;100;11332552528;S
20241023;175706;3.815;300;11332554398;S
20241023;175706;3.815;100;11332554413;S
20241023;175709;3.815;100;11332554618;S
20241023;175709;3.815;100;11332554636;S
20241023;175710;3.815;500;11332554683;S
20241023;175714;3.8155;1700;11332554822;B
20241023;175718;3.815;100;11332555037;S
20241023;175723;3.8155;200;11332555341;B
20241023;175724;3.815;6400;11332555438;S
20241023;175724;3.815;300;11332555439;S
20241023;175724;3.815;300;11332555440;S
20241023;175724;3.815;700;11332555441;S
20241023;175733;3.815;7700;11332556023;S
20241023;175734;3.815;5600;11332556134;S
20241023;175734;3.815;34400;11332556135;S
20241023;175736;3.8155;100;11332556194;B
20241023;175737;3.815;11600;11332556298;S
20241023;175746;3.8155;100;11332557041;B
20241023;175752;3.815;71000;11332557375;S
20241023;175752;3.815;200;11332557376;S
20241023;175752;3.815;30000;11332557377;S
20241023;175759;3.815;4100;11332557816;S
20241023;175804;3.815;400;11332558102;S
20241023;175821;3.815;1000;11332559409;S
20241023;175825;3.8155;400;11332559566;B
20241023;175835;3.815;600;11332560271;S
20241023;175845;3.8155;100;11332560781;B
20241023;175848;3.8155;500;11332560981;B
20241023;175849;3.8155;500;11332561010;B
20241023;175851;3.815;2000;11332561094;S
20241023;175901;3.8155;100;11332561550;B
20241023;175903;3.815;100;11332561749;S
20241023;175907;3.815;5000;11332561917;S
20241023;175940;3.815;13200;11332563570;S
20241023;175948;3.8155;400;11332564097;B
20241023;175955;3.8155;500;11332564440;B
20241023;175959;3.815;14000;11332564691;S
20241023;180010;3.815;3100;11332565451;S
20241023;180017;3.815;13200;11332565951;S
20241023;180017;3.815;7300;11332566066;S
20241023;180017;3.815;1800;11332566067;S
20241023;180018;3.815;2000;11332566224;S
20241023;180020;3.815;26000;11332566331;S
20241023;180020;3.815;1000;11332566376;S
20241023;180022;3.815;8200;11332566553;S
20241023;180023;3.815;11100;11332566683;S
20241023;180027;3.815;4100;11332567075;S
20241023;180030;3.815;1000;11332567362;S
20241023;180032;3.815;13200;11332567574;S
20241023;180035;3.815;10100;11332567850;S
20241023;180042;3.815;300;11332568351;S
20241023;180042;3.815;5800;11332568352;S
20241023;180042;3.815;6100;11332568353;S
20241023;180042;3.815;200;11332568354;S
20241023;180042;3.815;200;11332568355;S
20241023;180042;3.815;1100;11332568356;S
20241023;180042;3.815;8300;11332568357;S
20241023;180050;3.815;200;11332568701;S
20241023;180055;3.815;37500;11332569185;S
20241023;180057;3.815;200;11332569314;S
20241023;180058;3.8155;100;11332569414;B
20241023;180103;3.8155;100;11332569724;B
20241023;180112;3.815;100;11332570292;S
20241023;180114;3.815;100;11332570390;S
20241023;180117;3.8155;100;11332570526;B
20241023;180124;3.815;30000;11332570960;S
20241023;180126;3.815;500;11332571062;S
20241023;180126;3.815;500;11332571075;S
20241023;180130;3.815;25700;11332571381;S
20241023;180130;3.815;1000;11332571382;S
20241023;180130;3.8145;100;11332571383;S
20241023;180130;3.8145;100;11332571384;S
20241023;180130;3.8145;400;11332571385;S
20241023;180130;3.814;22700;11332571386;S
20241023;180130;3.814;100000;11332571423;S
20241023;180146;3.815;200;11332572363;B
20241023;180151;3.814;600;11332572726;S
20241023;180153;3.814;100;11332572843;S
20241023;180213;3.814;300;11332573747;S
20241023;180228;3.8145;100;11332574568;B
20241023;180239;3.8145;100;11332575094;B
20241023;180302;3.8145;100;11332576448;B
20241023;180316;3.8145;100;11332577217;B
20241023;180329;3.8145;100;11332578177;B
20241023;180348;3.8145;100;11332579251;B
20241023;180409;3.8145;200;11332580431;B
20241023;180426;3.814;2800;11332581447;S
20241023;180451;3.814;105500;11332583312;S
20241023;180451;3.813;54500;11332583313;S
20241023;180458;3.813;500;11332583837;S
20241023;180518;3.8145;700;11332584857;B
20241023;180536;3.8145;11000;11332585859;B
20241023;180536;3.8145;65300;11332585860;B
20241023;180541;3.8145;200;11332586260;B
20241023;180548;3.8145;100;11332586700;B
20241023;180600;3.814;6200;11332587366;S
20241023;180609;3.8145;100;11332587914;B
20241023;180610;3.8145;65300;11332588046;B
20241023;180610;3.8145;200;11332588047;B
20241023;180610;3.8145;5600;11332588048;B
20241023;180610;3.8145;1000;11332588049;B
20241023;180610;3.8145;12400;11332588050;B
20241023;180610;3.815;9000;11332588051;B
20241023;180611;3.815;131000;11332588070;S
20241023;180611;3.815;58800;11332588087;S
20241023;180631;3.815;100;11332589189;S
20241023;180634;3.815;24000;11332589325;S
20241023;180643;3.815;2000;11332589841;S
20241023;180644;3.8155;200;11332589998;B
20241023;180717;3.815;25000;11332591878;S
20241023;180720;3.8155;500;11332592070;B
20241023;180734;3.815;3100;11332592854;S
20241023;180734;3.8155;100;11332592888;B
20241023;180750;3.815;200;11332593727;S
20241023;180755;3.815;28000;11332594032;S
20241023;180755;3.815;23600;11332594033;S
20241023;180755;3.815;600;11332594034;S
20241023;180759;3.8155;200;11332594246;B
20241023;180759;3.8155;1000;11332594247;B
20241023;180759;3.8155;200;11332594248;B
20241023;180808;3.814;4000;11332594801;S
20241023;180837;3.814;300;11332596548;S
20241023;180842;3.8155;500;11332596785;B
20241023;180850;3.814;100;11332597309;S
20241023;180903;3.814;100;11332598145;S
20241023;180909;3.815;100;11332598515;B
20241023;180932;3.814;14200;11332599731;S
20241023;180933;3.814;1100;11332599960;S
20241023;180933;3.814;7100;11332600037;S
20241023;180934;3.814;4000;11332600121;S
20241023;180934;3.814;4100;11332600400;S
20241023;180934;3.814;11100;11332600526;S
20241023;180934;3.814;200;11332600596;S
20241023;180934;3.814;4000;11332600623;S
20241023;180934;3.814;100;11332600674;S
20241023;180935;3.814;5900;11332600710;S
20241023;180935;3.814;9500;11332600798;S
20241023;180935;3.814;100;11332600799;S
20241023;180935;3.814;100;11332600897;S
20241023;180935;3.8135;2000;11332600898;S
20241023;180935;3.813;13100;11332600900;S
20241023;180936;3.813;15400;11332601023;S
20241023;180936;3.813;15600;11332601131;S
20241023;180936;3.813;900;11332601255;S
20241023;180936;3.813;29500;11332601256;S
20241023;180936;3.813;12000;11332601322;S
20241023;180946;3.814;100;11332602301;B
20241023;180947;3.813;3100;11332602418;S
20241023;180949;3.813;600;11332602574;S
20241023;180949;3.813;47500;11332602575;S
20241023;180949;3.813;500;11332602576;S
20241023;180952;3.813;14200;11332602752;S
20241023;180952;3.813;100;11332602840;S
20241023;181000;3.813;1000;11332603466;S
20241023;181001;3.813;2000;11332603539;S
20241023;181001;3.813;6100;11332603649;S
20241023;181001;3.813;8200;11332603651;S
20241023;181019;3.813;14200;11332605111;S
20241023;181021;3.8135;100;11332605235;B
20241023;181031;3.8135;200;11332605911;B
20241023;181043;3.813;4200;11332606635;S
20241023;181050;3.8135;200;11332607220;B
20241023;181050;3.8135;300;11332607221;B
20241023;181056;3.8135;100;11332607540;B
20241023;181056;3.813;4000;11332607557;S
20241023;181115;3.813;10100;11332608501;S
20241023;181122;3.813;100;11332608929;S
20241023;181133;3.8135;100;11332609437;B
20241023;181202;3.813;200;11332611203;S
20241023;181208;3.8135;100;11332611556;B
20241023;181222;3.813;200;11332612454;S
20241023;181223;3.813;1900;11332612591;S
20241023;181223;3.813;1000;11332612689;S
20241023;181229;3.813;900;11332613132;S
20241023;181231;3.813;200;11332613344;S
20241023;181244;3.8135;100;11332614221;B
20241023;181244;3.813;49700;11332614224;S
20241023;181244;3.813;300;11332614225;S
20241023;181253;3.8135;100;11332614812;B
20241023;181318;3.813;300;11332616120;S
20241023;181327;3.813;29400;11332616824;S
20241023;181327;3.813;400;11332616825;S
20241023;181327;3.813;200;11332616826;S
20241023;181411;3.813;400;11332619207;S
20241023;181414;3.8135;100;11332619418;B
20241023;181427;3.8135;100;11332620220;B
20241023;181449;3.8135;300;11332621587;B
20241023;181454;3.8135;100;11332621859;B
20241023;181509;3.8135;100;11332622779;B
20241023;181510;3.8135;100;11332622825;B
20241023;181512;3.8135;200;11332622926;B
20241023;181512;3.8135;1100;11332622927;B
20241023;181512;3.814;400;11332622928;B
20241023;181512;3.814;500;11332622929;B
20241023;181525;3.814;100;11332623697;B
20241023;181529;3.814;100;11332623924;B
20241023;181534;3.814;100;11332624245;B
20241023;181542;3.813;100;11332624733;S
20241023;181547;3.814;400;11332625277;B
20241023;181547;3.814;600;11332625278;B
20241023;181551;3.814;200;11332625538;B
20241023;181552;3.813;1700;11332625578;S
20241023;181614;3.814;100;11332627023;B
20241023;181621;3.813;100;11332627433;S
20241023;181648;3.814;2000;11332629210;B
20241023;181652;3.814;100;11332629477;B
20241023;181720;3.813;87200;11332631287;S
20241023;181720;3.813;200;11332631288;S
20241023;181720;3.813;2000;11332631289;S
20241023;181720;3.813;100;11332631295;S
20241023;181741;3.814;1500;11332632584;B
20241023;181741;3.814;500;11332632585;B
20241023;181757;3.814;200;11332633491;S
20241023;181757;3.8135;2800;11332633492;S
20241023;181802;3.815;100;11332633716;B
20241023;181802;3.815;100;11332633736;B
20241023;181802;3.815;2800;11332633737;B
20241023;181802;3.8155;2600;11332633738;B
20241023;181806;3.815;100;11332634000;S
20241023;181822;3.815;1000;11332634742;S
20241023;181827;3.8155;100;11332634998;B
20241023;181839;3.815;200;11332635608;S
20241023;181842;3.8155;100;11332635767;B
20241023;181851;3.8155;100;11332636532;B
20241023;181853;3.8155;1400;11332636716;B
20241023;181859;3.8155;100;11332637040;B
20241023;181859;3.8155;500;11332637081;B
20241023;181901;3.815;500;11332637173;S
20241023;181921;3.815;1000;11332638418;S
20241023;181950;3.8155;300;11332639968;B
20241023;182022;3.8155;100;11332642503;B
20241023;182024;3.8155;500;11332642805;B
20241023;182032;3.815;1500;11332644433;S
20241023;182036;3.8155;100;11332645306;B
20241023;182039;3.8155;500;11332645963;B
20241023;182044;3.815;200;11332647022;S
20241023;182050;3.815;500;11332648219;S
20241023;182050;3.815;10000;11332648220;S
20241023;182050;3.815;1000;11332648221;S
20241023;182050;3.815;300;11332648222;S
20241023;182052;3.815;14200;11332648510;B
20241023;182052;3.815;2000;11332648511;B
20241023;182131;3.815;100;11332652940;S
20241023;182205;3.815;500;11332654606;S
20241023;182248;3.8155;200;11332656940;B
20241023;182320;3.815;100;11332659218;S
20241023;182325;3.8155;100;11332659526;B
20241023;182331;3.8155;500;11332659847;B
20241023;182339;3.8155;500;11332660304;B
20241023;182346;3.8155;200;11332660667;B
20241023;182346;3.815;100;11332660677;S
20241023;182346;3.8155;200;11332660681;B
20241023;182346;3.8155;200;11332660682;B
20241023;182347;3.8155;100;11332660806;B
20241023;182437;3.8155;200;11332663895;B
20241023;182446;3.8155;100;11332664375;B
20241023;182451;3.8155;300;11332664591;B
20241023;182500;3.815;3000;11332665113;S
20241023;182500;3.815;6000;11332665114;S
20241023;182501;3.815;9000;11332665175;S
20241023;182507;3.815;5000;11332665525;S
20241023;182517;3.815;500;11332665952;S
20241023;182524;3.815;100;11332666294;S
20241023;182533;3.8155;10000;11332666693;B
20241023;182546;3.8155;100;11332667226;B
20241023;182547;3.8155;400;11332667312;B
20241023;182618;3.8155;9000;11332668888;S
20241023;182618;3.8155;9000;11332668894;S
20241023;182620;3.816;100;11332668994;B
20241023;182652;3.816;100;11332670714;B
20241023;182657;3.8155;100;11332671043;S
20241023;182658;3.816;300;11332671094;B
20241023;182701;3.8155;9000;11332671334;S
20241023;182701;3.8155;9000;11332671506;S
20241023;182701;3.8155;9000;11332671572;S
20241023;182702;3.8155;54500;11332671730;S
20241023;182702;3.8155;1000;11332671731;S
20241023;182731;3.8155;200;11332673315;B
20241023;182740;3.815;3400;11332673777;S
20241023;182740;3.815;300;11332673778;S
20241023;182740;3.815;200;11332673779;S
20241023;182740;3.815;20000;11332673780;S
20241023;182743;3.815;30400;11332674086;S
20241023;182744;3.815;2000;11332674196;S
20241023;182744;3.815;13400;11332674277;S
20241023;182744;3.815;13500;11332674416;S
20241023;182746;3.815;14000;11332674583;S
20241023;182747;3.815;2500;11332674656;S
20241023;182747;3.815;12700;11332674757;S
20241023;182748;3.815;1500;11332674857;S
20241023;182752;3.815;5800;11332675110;S
20241023;182752;3.815;9400;11332675111;S
20241023;182752;3.815;200;11332675173;S
20241023;182752;3.815;400;11332675233;S
20241023;182752;3.815;100;11332675234;S
20241023;182752;3.815;14700;11332675235;S
20241023;182753;3.815;9300;11332675390;S
20241023;182753;3.815;6800;11332675391;S
20241023;182753;3.816;300;11332675443;B
20241023;182754;3.815;2000;11332675475;S
20241023;182801;3.815;700;11332675859;S
20241023;182802;3.815;500;11332675954;S
20241023;182802;3.815;13700;11332675955;S
20241023;182803;3.815;5100;11332676056;S
20241023;182804;3.815;2000;11332676156;S
20241023;182806;3.815;3100;11332676352;S
20241023;182808;3.815;100;11332676538;S
20241023;182808;3.815;5000;11332676539;S
20241023;182810;3.815;5000;11332676713;S
20241023;182810;3.815;2100;11332676714;S
20241023;182810;3.815;26000;11332676757;S
20241023;182810;3.815;10000;11332676758;S
20241023;182811;3.815;8100;11332676868;S
20241023;182812;3.815;14800;11332676961;S
20241023;182812;3.815;10000;11332676962;S
20241023;182813;3.815;21000;11332676992;S
20241023;182813;3.815;3800;11332676993;S
20241023;182814;3.815;6200;11332677050;S
20241023;182814;3.815;18600;11332677051;S
20241023;182814;3.815;14800;11332677057;S
20241023;182814;3.815;10000;11332677058;S
20241023;182816;3.815;14800;11332677148;S
20241023;182816;3.815;10000;11332677149;S
20241023;182816;3.815;23800;11332677150;S
20241023;182816;3.815;1000;11332677151;S
20241023;182817;3.815;8800;11332677260;S
20241023;182817;3.815;2300;11332677261;S
20241023;182817;3.815;24800;11332677270;S
20241023;182817;3.815;6600;11332677285;S
20241023;182817;3.814;900;11332677409;S
20241023;182817;3.8135;200;11332677410;S
20241023;182817;3.8125;100;11332677411;S
20241023;182817;3.812;100;11332677412;S
20241023;182817;3.812;4900;11332677413;S
20241023;182817;3.8115;9100;11332677418;S
20241023;182817;3.811;100;11332677546;S
20241023;182930;3.8115;8200;11332682759;S
20241023;182932;3.811;9000;11332682805;S
20241023;182941;3.813;100;11332683310;B
20241023;182945;3.811;3100;11332683600;S
20241023;183001;3.811;100;11332685296;S
20241023;183021;3.8135;500;11332686760;B
20241023;183023;3.811;700;11332686948;S
20241023;183023;3.811;100;11332686949;S
20241023;183023;3.811;12400;11332686950;S
20241023;183058;3.8105;200;11332689232;S
20241023;183058;3.81;500;11332689233;S
20241023;183058;3.81;100;11332689234;S
20241023;183058;3.81;3000;11332689235;S
20241023;183058;3.81;100;11332689236;S
20241023;183058;3.81;700;11332689237;S
20241023;183058;3.81;1100;11332689238;S
20241023;183058;3.81;2800;11332689239;S
20241023;183058;3.8095;100;11332689242;S
20241023;183058;3.8095;100;11332689243;S
20241023;183058;3.8095;8500;11332689244;S
20241023;183059;3.8105;8100;11332689369;S
20241023;183059;3.8105;3400;11332689457;S
20241023;183059;3.81;600;11332689527;S
20241023;183059;3.81;11300;11332689528;S
20241023;183106;3.8135;100;11332689996;B
20241023;183108;3.8115;9000;11332690095;S
20241023;183111;3.8115;500;11332690451;S
20241023;183111;3.811;1900;11332690452;S
20241023;183111;3.811;4600;11332690453;S
20241023;183111;3.8105;100;11332690454;S
20241023;183116;3.8105;12400;11332690827;S
20241023;183116;3.8105;1800;11332690828;S
20241023;183116;3.8105;500;11332690933;S
20241023;183116;3.8105;2600;11332690934;S
20241023;183116;3.81;1500;11332690935;S
20241023;183116;3.8095;11700;11332690936;S
20241023;183116;3.811;12400;11332691033;S
20241023;183116;3.8105;3700;11332691034;S
20241023;183116;3.8105;400;11332691096;S
20241023;183116;3.81;100;11332691097;S
20241023;183202;3.811;4700;11332694707;S
20241023;183206;3.813;200;11332694931;B
20241023;183213;3.811;6000;11332695293;S
20241023;183216;3.811;11200;11332695604;S
20241023;183217;3.811;10600;11332695694;S
20241023;183217;3.8105;400;11332695696;S
20241023;183217;3.8105;3200;11332695697;S
20241023;183228;3.8125;200;11332696540;B
20241023;183243;3.813;200;11332697524;B
20241023;183244;3.8105;2900;11332697632;S
20241023;183245;3.8105;300;11332697655;S
20241023;183251;3.8105;800;11332698131;S
20241023;183251;3.8105;8400;11332698181;S
20241023;183251;3.8105;6900;11332698182;S
20241023;183259;3.811;1100;11332698697;S
20241023;183333;3.811;2000;11332700783;S
20241023;183344;3.811;2000;11332701618;S
20241023;183431;3.8145;1000;11332704314;B
20241023;183436;3.812;2700;11332704545;S
20241023;183436;3.812;6200;11332704546;S
20241023;183436;3.812;2000;11332704547;S
20241023;183436;3.812;12400;11332704548;S
20241023;183436;3.812;300;11332704549;S
20241023;183437;3.812;100;11332704589;S
20241023;183451;3.8135;100;11332705497;B
20241023;183515;3.812;8700;11332706757;S
20241023;183515;3.812;2000;11332706758;S
20241023;183515;3.812;1400;11332706759;S
20241023;183515;3.812;1800;11332706760;S
20241023;183515;3.812;12400;11332706761;S
20241023;183515;3.812;1300;11332706765;B
20241023;183515;3.812;1100;11332706772;B
20241023;183518;3.812;100;11332706940;B
20241023;183626;3.812;1100;11332712684;B
20241023;183700;3.812;200;11332716696;B
20241023;183713;3.811;100;11332717835;S
20241023;183713;3.811;100;11332717836;S
20241023;183713;3.811;100;11332717837;S
20241023;183713;3.8105;700;11332717838;S
20241023;183720;3.8105;1000;11332718456;S
20241023;183720;3.81;100;11332718457;S
20241023;183720;3.81;100;11332718458;S
20241023;183720;3.81;13100;11332718459;S
20241023;183722;3.8095;8400;11332718724;S
20241023;183728;3.8095;3700;11332719189;S
20241023;183728;3.8095;300;11332719292;S
20241023;183728;3.8095;8800;11332719293;S
20241023;183728;3.809;200;11332719369;S
20241023;183728;3.809;100;11332719370;S
20241023;183728;3.809;200;11332719371;S
20241023;183728;3.809;200;11332719372;S
20241023;183728;3.809;300;11332719373;S
20241023;183728;3.809;900;11332719374;S
20241023;183728;3.809;4200;11332719375;S
20241023;183728;3.809;1000;11332719457;S
20241023;183728;3.809;3200;11332719458;S
20241023;183728;3.8085;200;11332719459;S
20241023;183728;3.8085;1800;11332719460;S
20241023;183728;3.8085;100;11332719461;S
20241023;183728;3.8085;1000;11332719462;S
20241023;183728;3.8085;2200;11332719463;S
20241023;183744;3.809;5700;11332720739;S
20241023;183744;3.8085;800;11332720825;S
20241023;183744;3.8085;12400;11332720826;S
20241023;183744;3.808;1100;11332720829;S
20241023;183744;3.808;1000;11332720913;S
20241023;183744;3.8085;800;11332720975;S
20241023;183744;3.808;1200;11332720976;S
20241023;183745;3.8085;700;11332721062;S
20241023;183745;3.808;300;11332721063;S
20241023;183745;3.8085;600;11332721137;S
20241023;183745;3.808;1400;11332721138;S
20241023;183745;3.808;12500;11332721178;S
20241023;183745;3.8085;600;11332721229;S
20241023;183745;3.808;3500;11332721230;S
20241023;183747;3.8085;500;11332721421;S
20241023;183747;3.808;2500;11332721422;S
20241023;183749;3.8105;100;11332721662;B
20241023;183750;3.8085;500;11332721746;S
20241023;183750;3.808;4400;11332721747;S
20241023;183757;3.8085;300;11332722465;S
20241023;183758;3.8085;100;11332722571;S
20241023;183803;3.8085;400;11332723040;S
20241023;183803;3.808;700;11332723041;S
20241023;183807;3.8105;100;11332723373;B
20241023;183808;3.8105;100;11332723512;B
20241023;183812;3.8105;100;11332723952;B
20241023;183813;3.8085;300;11332724080;S
20241023;183813;3.808;11400;11332724081;S
20241023;183813;3.808;100;11332724082;S
20241023;183813;3.808;100;11332724083;S
20241023;183813;3.808;2300;11332724084;S
20241023;183813;3.81;100;11332724154;B
20241023;183814;3.809;3000;11332724265;S
20241023;183819;3.8085;300;11332724570;S
20241023;183819;3.808;200;11332724571;S
20241023;183819;3.8075;1500;11332724572;S
20241023;183820;3.8075;100;11332724658;S
20241023;183820;3.8075;4000;11332724659;S
20241023;183821;3.8075;1500;11332724840;S
20241023;183821;3.807;300;11332724841;S
20241023;183821;3.807;400;11332724842;S
20241023;183821;3.807;100;11332724843;S
20241023;183821;3.807;100;11332724844;S
20241023;183821;3.807;11800;11332724845;S
20241023;183821;3.8085;1000;11332724972;S
20241023;183834;3.8085;100;11332725749;S
20241023;183844;3.8085;14200;11332726581;S
20241023;183844;3.809;1000;11332726745;S
20241023;183845;3.809;100;11332726847;S
20241023;183855;3.809;1300;11332727598;S
20241023;183921;3.809;800;11332729522;S
20241023;183921;3.8105;400;11332729541;B
20241023;183926;3.809;600;11332729862;S
20241023;183936;3.809;300;11332730580;S
20241023;183944;3.811;2000;11332730998;B
20241023;183947;3.8115;100;11332731383;B
20241023;183951;3.809;100;11332731609;S
20241023;184525;3.803;9200;11332735907;B
20241023;184525;3.803;9600;11332735908;B
20241023;184525;3.803;10000;11332735909;B
20241023;184525;3.803;100;11332735910;B
20241023;184525;3.803;100;11332735911;B
20241023;184525;3.803;119000;11332735912;B
20241023;184525;3.803;1000;11332735913;S
20241023;184525;3.803;8500;11332735914;S
20241023;184525;3.803;100;11332735915;S
20241023;184525;3.803;100;11332735916;S
20241023;184525;3.803;200;11332735917;S
20241023;184525;3.803;100;11332735918;S
20241023;184525;3.803;6000;11332735919;S
20241023;184525;3.803;200;11332735920;S
20241023;184525;3.803;1000;11332735921;B
20241023;184525;3.803;100;11332735922;S
20241023;184525;3.803;100;11332735923;S
20241023;184525;3.803;300;11332735924;S
20241023;184525;3.803;10500;11332735925;B
20241023;184525;3.803;13000;11332735926;B
20241023;184525;3.803;900;11332735927;B
20241023;184525;3.803;200;11332735928;B
20241023;184525;3.803;3900;11332735929;B
20241023;184525;3.803;100;11332735930;S
20241023;184525;3.803;32800;11332735931;S
20241023;184525;3.803;3100;11332735932;B
20241023;184525;3.803;1900;11332735933;B
20241023;184525;3.803;13000;11332735934;B
20241023;184525;3.803;52600;11332735935;S
20241023;184525;3.803;17600;11332735936;S
20241023;184525;3.803;13000;11332735937;B
20241023;184525;3.803;5000;11332735938;B
20241023;184525;3.803;12300;11332735939;S
20241023;184525;3.803;500;11332735940;S
20241023;184525;3.803;800;11332735941;S
20241023;184525;3.803;23400;11332735942;S
20241023;184525;3.803;10000;11332735943;S
20241023;184525;3.803;19200;11332735944;S
20241023;184525;3.803;150000;11332735945;B
20241023;184525;3.803;307800;11332735946;B
20241023;184547;3.803;2000;11332736738;S
20241023;184551;3.803;300;11332736762;S
20241023;184650;3.803;200;11332737071;S
20241023;184840;3.803;100;11332737727;S
20241023;190441;3.803;1000;11332752010;B
20241023;190441;3.803;100;11332752011;B
20241023;190441;3.803;200;11332752012;S
20241023;190441;3.803;100;11332752013;S
20241023;190441;3.803;400;11332752014;S
20241023;190441;3.803;400;11332752015;S
20241023;190441;3.803;400;11332752016;S
20241023;190441;3.803;200;11332752017;S
20241023;190441;3.803;200;11332752018;S
20241023;190441;3.803;1000;11332752019;S
20241023;190441;3.803;400;11332752020;S
20241023;190441;3.803;100;11332752021;S
20241023;190441;3.803;200;11332752022;S
20241023;190441;3.803;100;11332752023;S
20241023;190441;3.803;100;11332752024;S
20241023;190441;3.803;100;11332752025;S
20241023;190441;3.803;1100;11332752026;B
20241023;190500;3.803;100;11332753961;B
20241023;190500;3.802;1000;11332754276;S
20241023;190500;3.802;500;11332754277;S
20241023;190500;3.8015;300;11332754278;S
20241023;190500;3.8015;8600;11332754279;S
20241023;190500;3.8015;3400;11332754318;S
20241023;190500;3.8015;6600;11332754319;S
20241023;190500;3.803;600;11332754322;B
20241023;190502;3.8025;3400;11332754689;S
20241023;190502;3.802;1900;11332754690;S
20241023;190504;3.8025;2000;11332754976;S
20241023;190506;3.8035;1100;11332755179;S
20241023;190506;3.803;5000;11332755180;S
20241023;190509;3.803;2600;11332755420;B
20241023;190509;3.8025;2000;11332755552;S
20241023;190509;3.802;5100;11332755553;S
20241023;190509;3.8025;3200;11332755597;B
20241023;190512;3.8025;500;11332756191;S
20241023;190512;3.802;500;11332756192;S
20241023;190514;3.8025;3800;11332756517;B
20241023;190514;3.802;300;11332756590;S
20241023;190514;3.8015;700;11332756591;S
20241023;190516;3.8025;7100;11332757083;B
20241023;190521;3.8025;400;11332757901;B
20241023;190525;3.8015;2700;11332758571;S
20241023;190525;3.8015;100;11332758572;S
20241023;190525;3.8015;12400;11332758573;S
20241023;190525;3.8015;8000;11332758574;S
20241023;190525;3.801;100;11332758735;S
20241023;190525;3.8005;200;11332758736;S
20241023;190525;3.8005;100;11332758737;S
20241023;190525;3.8005;52600;11332758738;S
20241023;190525;3.8005;2000;11332758739;S
20241023;190525;3.8;100;11332758740;S
20241023;190525;3.8;100;11332758741;S
20241023;190525;3.8;5000;11332758742;S
20241023;190525;3.8;300;11332758743;S
20241023;190525;3.8;1100;11332758744;S
20241023;190525;3.8;300;11332758745;S
20241023;190525;3.8;300;11332758746;S
20241023;190525;3.8;7800;11332758747;S
20241023;190525;3.8025;400;11332759059;B
20241023;190525;3.8025;12400;11332759060;B
20241023;190525;3.8025;70000;11332759061;B
20241023;190525;3.8025;2000;11332759062;B
20241023;190525;3.803;1100;11332759063;B
20241023;190525;3.8045;45000;11332759064;B
20241023;190525;3.8045;47300;11332759065;B
20241023;190525;3.805;10000;11332759066;B
20241023;190525;3.8055;2400;11332759067;B
20241023;190525;3.806;13000;11332759068;B
20241023;190525;3.806;1600;11332759069;B
20241023;190525;3.8065;5000;11332759070;B
20241023;190525;3.807;6500;11332759071;B
20241023;190525;3.8085;70000;11332759072;B
20241023;190525;3.809;9100;11332759073;B
20241023;190525;3.809;4200;11332759074;B
20241023;190525;3.8085;100;11332759157;B
20241023;190528;3.806;8200;11332759736;S
20241023;190528;3.805;2000;11332760198;S
20241023;190530;3.8035;2500;11332760460;S
20241023;190533;3.802;3200;11332761024;B
20241023;190538;3.8015;9000;11332761672;S
20241023;190539;3.8015;2000;11332761720;S
20241023;190539;3.8015;7000;11332761721;S
20241023;190539;3.8015;9000;11332761733;S
20241023;190539;3.8015;9000;11332761741;B
20241023;190542;3.8015;9000;11332762127;S
20241023;190542;3.8015;9000;11332762222;S
20241023;190542;3.8015;5300;11332762281;S
20241023;190543;3.801;9000;11332762710;S
20241023;190543;3.801;9000;11332762789;S
20241023;190545;3.801;9000;11332763188;S
20241023;190553;3.801;9000;11332763872;S
20241023;190553;3.801;4000;11332764035;S
20241023;190553;3.801;100;11332764036;S
20241023;190553;3.8005;500;11332764037;S
20241023;190553;3.8;10600;11332764038;S
20241023;190556;3.8;1200;11332764392;S
20241023;190608;3.8;400;11332766030;S
20241023;190608;3.8;6700;11332766031;S
20241023;190614;3.8;13300;11332766693;S
20241023;190614;3.8;100;11332766694;S
20241023;190614;3.8;200;11332766695;S
20241023;190614;3.8;500;11332766696;S
20241023;190614;3.8;500;11332766697;S
20241023;190614;3.8;100;11332766698;S
20241023;190614;3.8;100;11332766699;S
20241023;190614;3.8;10000;11332766700;S
20241023;190614;3.8;200;11332766701;S
20241023;190614;3.8;200;11332766702;S
20241023;190614;3.8;1500;11332766703;S
20241023;190614;3.8;2000;11332766704;S
20241023;190614;3.8;100;11332766705;S
20241023;190614;3.8;100;11332766706;S
20241023;190614;3.8;41100;11332766707;S
20241023;190631;3.8;100;11332767709;S
20241023;190632;3.8005;300;11332767729;B
20241023;190633;3.8;2800;11332767821;S
20241023;190642;3.8005;100;11332768320;B
20241023;190647;3.8;1000;11332768611;S
20241023;190649;3.8005;1000;11332768718;B
20241023;190649;3.8005;200;11332768719;B
20241023;190653;3.8;5000;11332768948;S
20241023;190653;3.8;30000;11332768949;S
20241023;190653;3.8;500;11332768950;S
20241023;190653;3.8;500;11332768951;S
20241023;190653;3.8;5500;11332768952;S
20241023;190653;3.8;100;11332768953;S
20241023;190653;3.8;500;11332768954;S
20241023;190653;3.8;10000;11332768955;S
20241023;190653;3.7995;7800;11332768956;S
20241023;190653;3.799;100;11332768957;S
20241023;190653;3.799;1100;11332768958;S
20241023;190653;3.799;300;11332768959;S
20241023;190653;3.799;7800;11332768960;S
20241023;190653;3.7985;18000;11332768961;S
20241023;190653;3.7985;12400;11332768962;S
20241023;190653;3.798;400;11332768963;S
20241023;190653;3.7985;2600;11332768982;B
20241023;190721;3.798;1200;11332770405;B
20241023;190743;3.798;400;11332771866;B
20241023;190747;3.7975;100;11332772246;S
20241023;190747;3.797;800;11332772247;S
20241023;190747;3.797;5700;11332772248;S
20241023;190747;3.7965;120000;11332772249;S
20241023;190747;3.7965;200;11332772250;S
20241023;190747;3.7965;13500;11332772251;S
20241023;190747;3.7965;5700;11332772252;S
20241023;190747;3.796;100;11332772253;S
20241023;190747;3.796;100;11332772254;S
20241023;190747;3.796;100;11332772255;S
20241023;190747;3.796;100;11332772256;S
20241023;190747;3.796;12400;11332772257;S
20241023;190752;3.795;2300;11332772781;S
20241023;190752;3.7955;100;11332772790;B
20241023;190754;3.7955;5100;11332772901;B
20241023;190754;3.7955;12400;11332772902;B
20241023;190754;3.796;1100;11332772903;B
20241023;190756;3.796;700;11332773002;B
20241023;190801;3.796;3000;11332773169;B
20241023;190808;3.796;100;11332773469;B
20241023;190818;3.7955;300;11332774208;S
20241023;190826;3.796;120800;11332774500;B
20241023;190826;3.7955;5000;11332774508;S
20241023;190826;3.796;14500;11332774509;B
20241023;190830;3.7955;9000;11332774705;S
20241023;190830;3.7955;9000;11332774796;S
20241023;190830;3.7955;9000;11332774853;S
20241023;190832;3.7955;1000;11332774925;S
20241023;190836;3.796;300;11332775051;B
20241023;190844;3.7955;100;11332775750;S
20241023;190849;3.7955;200;11332776092;S
20241023;190907;3.7955;100;11332777280;S
20241023;190907;3.7955;1900;11332777281;S
20241023;190910;3.796;12400;11332777466;S
20241023;190910;3.796;28900;11332777467;S
20241023;190910;3.7955;28100;11332777468;S
20241023;190910;3.7955;31300;11332777469;S
20241023;190923;3.796;1000;11332778292;S
20241023;190949;3.797;100;11332779354;S
20241023;190949;3.797;5900;11332779355;S
20241023;190950;3.7985;1400;11332779409;B
20241023;190950;3.7985;1100;11332779410;B
20241023;190950;3.7985;5900;11332779411;B
20241023;190950;3.799;1600;11332779412;B
20241023;190959;3.798;1000;11332779589;S
20241023;191032;3.7985;800;11332780704;S
20241023;191035;3.7985;100;11332780781;S
20241023;191054;3.8;100;11332781330;B
20241023;191102;3.8;400;11332781880;B
20241023;191103;3.799;10000;11332781918;S
20241023;191103;3.798;10000;11332781919;S
20241023;191103;3.798;12400;11332781920;S
20241023;191103;3.798;3900;11332781921;S
20241023;191109;3.798;10000;11332782075;B
20241023;191114;3.798;200;11332782244;B
20241023;191134;3.7975;500;11332782898;B
20241023;191138;3.7975;100;11332782995;B
20241023;191201;3.797;300;11332783811;B
20241023;191217;3.797;100;11332784461;B
20241023;191227;3.7975;100;11332784761;B
20241023;191230;3.796;100;11332784837;S
20241023;191230;3.796;11000;11332784838;S
20241023;191307;3.7975;100;11332786311;B
20241023;191327;3.798;3500;11332786924;B
20241023;191327;3.798;900;11332786925;B
20241023;191327;3.798;1100;11332786926;B
20241023;191327;3.7985;3500;11332786927;B
20241023;191327;3.799;1000;11332786928;B
20241023;191335;3.8;100;11332787131;B
20241023;191342;3.7975;100;11332787403;S
20241023;191342;3.7965;9000;11332787430;S
20241023;191343;3.7965;9000;11332787453;S
20241023;191402;3.796;9000;11332788235;S
20241023;191402;3.796;9000;11332788350;S
20241023;191402;3.796;1000;11332788437;S
20241023;191402;3.796;100;11332788438;S
20241023;191402;3.796;7900;11332788439;S
20241023;191403;3.796;9000;11332788478;S
20241023;191403;3.796;9000;11332788524;S
20241023;191403;3.796;9000;11332788588;S
20241023;191404;3.796;9000;11332788663;S
20241023;191404;3.796;5300;11332788716;S
20241023;191404;3.796;5500;11332788783;S
20241023;191404;3.796;200;11332788784;S
20241023;191404;3.7955;3300;11332788785;S
20241023;191404;3.7955;6700;11332788907;S
20241023;191404;3.7955;2300;11332788908;S
20241023;191404;3.7955;9000;11332788985;S
20241023;191405;3.7955;9000;11332789063;S
20241023;191405;3.7955;9000;11332789170;S
20241023;191405;3.7955;700;11332789239;S
20241023;191405;3.795;8300;11332789240;S
20241023;191405;3.795;9000;11332789297;S
20241023;191406;3.795;500;11332789381;S
20241023;191406;3.795;2900;11332789410;S
20241023;191410;3.7955;100;11332789719;B
20241023;191421;3.795;9000;11332790469;S
20241023;191421;3.795;9000;11332790489;S
20241023;191438;3.7955;500;11332791948;B
20241023;191448;3.795;300;11332792871;S
20241023;191501;3.7955;100;11332793742;B
20241023;191506;3.795;47000;11332794210;S
20241023;191508;3.7955;100;11332794662;B
20241023;191518;3.795;7400;11332795315;S
20241023;191518;3.795;100;11332795316;S
20241023;191518;3.795;100;11332795317;S
20241023;191518;3.795;500;11332795318;S
20241023;191518;3.795;100;11332795319;S
20241023;191518;3.795;100;11332795320;S
20241023;191518;3.795;3000;11332795321;S
20241023;191518;3.795;200;11332795322;S
20241023;191518;3.795;200;11332795323;S
20241023;191518;3.795;400;11332795324;S
20241023;191518;3.795;2900;11332795325;S
20241023;191518;3.795;7100;11332795326;S
20241023;191518;3.795;400;11332795331;B
20241023;191518;3.795;400;11332795335;B
20241023;191518;3.795;300;11332795339;B
20241023;191518;3.795;100;11332795340;B
20241023;191538;3.795;100;11332797735;S
20241023;191548;3.795;200;11332798285;S
20241023;191601;3.796;1000;11332798845;B
20241023;191610;3.796;1000;11332799357;B
20241023;191610;3.796;600;11332799358;B
20241023;191613;3.795;100;11332799580;S
20241023;191613;3.7945;300;11332799581;S
20241023;191615;3.796;100;11332799649;B
20241023;191631;3.796;3000;11332800239;B
20241023;191652;3.795;400;11332801336;S
20241023;191652;3.7945;500;11332801337;S
20241023;191652;3.7945;1500;11332801338;S
20241023;191652;3.794;1000;11332801339;S
20241023;191652;3.7935;6600;11332801340;S
20241023;191656;3.795;400;11332801464;S
20241023;191656;3.794;700;11332801465;S
20241023;191709;3.796;200;11332802051;B
20241023;191714;3.796;100;11332802200;B
20241023;191729;3.795;100;11332802684;S
20241023;191731;3.796;100;11332802733;B
20241023;191731;3.796;200;11332802745;B
20241023;191813;3.795;100;11332804513;S
20241023;191821;3.7955;100;11332804959;S
20241023;191822;3.796;500;11332804989;B
20241023;191825;3.7955;300;11332805059;S
20241023;191825;3.7945;100;11332805060;S
20241023;191825;3.7955;400;11332805061;B
20241023;191825;3.7955;100;11332805066;B
20241023;191833;3.795;200;11332805363;S
20241023;191833;3.795;12400;11332805364;S
20241023;191833;3.795;500;11332805365;S
20241023;191838;3.7955;100;11332805524;B
20241023;191841;3.7955;100;11332805640;B
20241023;191848;3.7955;100;11332805924;B
20241023;191937;3.796;100;11332807930;B
20241023;191939;3.796;100;11332808044;B
20241023;191939;3.796;300;11332808045;B
20241023;191939;3.796;100;11332808046;B
20241023;191946;3.7955;700;11332808265;S
20241023;191948;3.796;2100;11332808340;S
20241023;191948;3.796;9000;11332808341;S
20241023;191949;3.798;200;11332808351;B
20241023;191953;3.7955;1500;11332808572;S
20241023;191953;3.7955;400;11332808573;S
20241023;191953;3.7955;100;11332808574;S
20241023;191953;3.7955;2000;11332808575;S
20241023;191957;3.7955;10400;11332808847;S
20241023;191957;3.7955;1800;11332808848;S
20241023;191957;3.7955;100;11332808849;S
20241023;191957;3.7955;7700;11332808850;S
20241023;192013;3.797;1700;11332809774;B
20241023;192013;3.7975;1100;11332809775;B
20241023;192015;3.7955;4700;11332809873;S
20241023;192015;3.7955;5300;11332809874;S
20241023;192028;3.7975;500;11332810356;B
20241023;192030;3.7975;100;11332810409;B
20241023;192039;3.7975;100;11332810689;B
20241023;192048;3.795;15100;11332811089;S
20241023;192101;3.797;500;11332811817;B
20241023;192115;3.797;100;11332812365;B
20241023;192119;3.7965;100;11332812489;B
20241023;192124;3.7965;100;11332812626;B
20241023;192130;3.7945;200;11332812894;S
20241023;192130;3.7945;100;11332812895;S
20241023;192130;3.794;100;11332812896;S
20241023;192130;3.794;400;11332812899;S
20241023;192145;3.7965;1000;11332813424;B
20241023;192145;3.7965;9000;11332813425;B
20241023;192150;3.7975;10000;11332813547;B
20241023;192155;3.7975;200;11332813696;B
20241023;192213;3.795;100;11332814265;S
20241023;192224;3.7975;400;11332816546;B
20241023;192254;3.7975;100;11332818569;B
20241023;192259;3.795;4000;11332818681;S
20241023;192304;3.795;100;11332818857;B
20241023;192308;3.794;100;11332818955;S
20241023;192339;3.794;200;11332820712;S
20241023;192351;3.794;3000;11332821894;S
20241023;192352;3.794;2100;11332821914;S
20241023;192405;3.794;100;11332822687;S
20241023;192407;3.795;100;11332822798;B
20241023;192416;3.794;33300;11332823260;S
20241023;192416;3.794;200;11332823261;S
20241023;192416;3.794;100;11332823262;S
20241023;192416;3.794;12400;11332823263;S
20241023;192416;3.794;12100;11332823264;S
20241023;192416;3.794;47400;11332823265;S
20241023;192416;3.794;10000;11332823290;B
20241023;192417;3.794;100;11332823296;B
20241023;192424;3.7935;100;11332823512;S
20241023;192424;3.7935;500;11332823518;S
20241023;192428;3.794;28000;11332823717;B
20241023;192428;3.794;100;11332823761;B
20241023;192429;3.7935;500;11332823776;S
20241023;192431;3.794;100;11332823830;B
20241023;192434;3.7935;1100;11332823898;S
20241023;192434;3.7935;400;11332823899;S
20241023;192434;3.7935;100;11332823900;S
20241023;192434;3.7935;2000;11332823901;S
20241023;192434;3.7935;20000;11332823902;S
20241023;192434;3.7935;100;11332823903;S
20241023;192434;3.7935;100;11332823904;S
20241023;192434;3.7935;100;11332823905;S
20241023;192434;3.7935;1500;11332823906;S
20241023;192434;3.7935;22000;11332823907;S
20241023;192434;3.7935;47400;11332823908;S
20241023;192434;3.793;100;11332823909;S
20241023;192434;3.793;8200;11332823910;S
20241023;192434;3.793;5300;11332823911;S
20241023;192434;3.793;100;11332823912;S
20241023;192434;3.793;400;11332823913;S
20241023;192434;3.793;100;11332823914;S
20241023;192434;3.793;300;11332823915;S
20241023;192434;3.793;100;11332823916;S
20241023;192434;3.793;100;11332823917;S
20241023;192434;3.793;12400;11332823918;S
20241023;192434;3.793;15400;11332823919;S
20241023;192434;3.793;2400;11332823920;S
20241023;192436;3.7925;100;11332823993;S
20241023;192436;3.7925;100;11332823994;S
20241023;192436;3.7925;100;11332823995;S
20241023;192436;3.7925;100;11332823996;S
20241023;192436;3.7925;400;11332823997;S
20241023;192436;3.7925;5000;11332823998;S
20241023;192436;3.7925;10000;11332823999;S
20241023;192436;3.7925;100;11332824000;S
20241023;192436;3.7925;47400;11332824001;S
20241023;192436;3.7925;44000;11332824002;S
20241023;192436;3.792;200;11332824003;S
20241023;192436;3.792;100;11332824004;S
20241023;192436;3.792;3000;11332824005;S
20241023;192436;3.792;2000;11332824006;S
20241023;192436;3.792;1000;11332824007;S
20241023;192436;3.792;100;11332824008;S
20241023;192436;3.792;100;11332824009;S
20241023;192436;3.792;100;11332824010;S
20241023;192436;3.792;100;11332824011;S
20241023;192436;3.792;100;11332824012;S
20241023;192436;3.792;100;11332824013;S
20241023;192436;3.792;100;11332824014;S
20241023;192436;3.792;100;11332824015;S
20241023;192436;3.792;100;11332824016;S
20241023;192436;3.792;1500;11332824017;S
20241023;192436;3.792;1000;11332824018;S
20241023;192436;3.792;2000;11332824019;S
20241023;192436;3.792;12400;11332824020;S
20241023;192436;3.7915;500;11332824021;S
20241023;192436;3.7915;100;11332824022;S
20241023;192436;3.7915;600;11332824023;S
20241023;192436;3.7915;100;11332824024;S
20241023;192436;3.7915;100;11332824025;S
20241023;192436;3.7915;100;11332824026;S
20241023;192436;3.7915;100;11332824027;S
20241023;192436;3.7915;2000;11332824028;S
20241023;192436;3.7915;1100;11332824029;S
20241023;192436;3.7915;6000;11332824030;S
20241023;192436;3.7915;100;11332824031;S
20241023;192436;3.7915;2000;11332824032;S
20241023;192436;3.7915;16500;11332824033;S
20241023;192436;3.791;22300;11332824034;S
20241023;192436;3.7915;1000;11332824036;S
20241023;192437;3.7915;100;11332824053;S
20241023;192445;3.7915;46300;11332824284;S
20241023;192445;3.7915;66000;11332824285;S
20241023;192445;3.7915;12400;11332824286;S
20241023;192445;3.791;8300;11332824287;S
20241023;192445;3.791;500;11332824288;S
20241023;192445;3.791;200;11332824289;S
20241023;192445;3.791;100;11332824290;S
20241023;192445;3.791;100;11332824291;S
20241023;192445;3.791;300;11332824292;S
20241023;192445;3.791;100;11332824293;S
20241023;192445;3.791;100;11332824294;S
20241023;192445;3.791;100;11332824295;S
20241023;192445;3.791;200;11332824296;S
20241023;192445;3.791;1000;11332824297;S
20241023;192445;3.791;100;11332824298;S
20241023;192445;3.791;100;11332824299;S
20241023;192445;3.791;100;11332824300;S
20241023;192445;3.791;1700;11332824301;S
20241023;192445;3.791;400;11332824302;S
20241023;192445;3.791;100;11332824303;S
20241023;192445;3.791;500;11332824304;S
20241023;192445;3.791;100;11332824305;S
20241023;192445;3.791;100;11332824306;S
20241023;192445;3.791;10000;11332824307;S
20241023;192445;3.791;100;11332824308;S
20241023;192445;3.791;100;11332824309;S
20241023;192445;3.791;200;11332824310;S
20241023;192445;3.791;100;11332824311;S
20241023;192445;3.791;500;11332824312;S
20241023;192445;3.791;94600;11332824313;S
20241023;192446;3.793;100;11332824362;B
20241023;192451;3.7915;38100;11332824642;S
20241023;192459;3.792;500;11332824860;B
20241023;192503;3.792;100;11332824995;B
20241023;192504;3.792;100;11332825016;B
20241023;192505;3.792;600;11332825062;B
20241023;192510;3.792;300;11332825217;B
20241023;192510;3.792;4700;11332825218;B
20241023;192511;3.795;500;11332825238;B
20241023;192515;3.795;100;11332825484;B
20241023;192517;3.7955;1100;11332825554;B
20241023;192517;3.7955;8300;11332825555;B
20241023;192517;3.796;12400;11332825556;B
20241023;192517;3.796;6400;11332825557;B
20241023;192517;3.7935;500;11332825562;S
20241023;192517;3.793;100;11332825563;S
20241023;192536;3.793;1000;11332826435;S
20241023;192552;3.796;100;11332826860;B
20241023;192627;3.794;100;11332827798;S
20241023;192659;3.7935;200;11332828844;S
20241023;192719;3.794;4000;11332829486;B
20241023;192735;3.794;100;11332829886;B
20241023;192749;3.794;2000;11332830368;B
20241023;192759;3.794;100;11332830659;B
20241023;192803;3.794;200;11332830737;B
20241023;192811;3.7935;100;11332830907;S
20241023;192818;3.793;200;11332831063;S
20241023;192818;3.793;200;11332831064;S
20241023;192818;3.793;8900;11332831065;S
20241023;192818;3.793;100;11332831066;S
20241023;192818;3.793;600;11332831067;S
20241023;192818;3.793;400;11332831068;S
20241023;192818;3.793;300;11332831069;S
20241023;192833;3.794;100;11332831565;B
20241023;192926;3.794;14400;11332833173;B
20241023;192943;3.794;100;11332833935;B
20241023;192945;3.794;400;11332833979;B
20241023;192955;3.7935;100;11332834211;S
20241023;193004;3.794;100;11332834429;B
20241023;193023;3.794;100;11332834938;B
20241023;193026;3.794;400;11332835019;B
20241023;193105;3.793;100;11332835965;S
20241023;193105;3.793;100;11332835966;S
20241023;193105;3.793;700;11332835967;S
20241023;193105;3.793;100;11332835968;S
20241023;193105;3.793;2000;11332835969;S
20241023;193122;3.794;2000;11332836327;B
20241023;193148;3.794;600;11332836793;B
20241023;193150;3.7925;100;11332836825;S
20241023;193150;3.7925;200;11332836826;S
20241023;193150;3.7925;300;11332836827;S
20241023;193150;3.7925;800;11332836828;S
20241023;193154;3.792;200;11332836877;S
20241023;193154;3.792;100;11332836878;S
20241023;193154;3.792;100;11332836879;S
20241023;193154;3.7915;200;11332836880;S
20241023;193154;3.7915;1400;11332836881;S
20241023;193154;3.7915;5000;11332836882;S
20241023;193225;3.794;100;11332837647;B
20241023;193228;3.794;100;11332837739;B
20241023;193337;3.7925;700;11332839324;S
20241023;193337;3.7925;2200;11332839325;S
20241023;193344;3.7925;100;11332839434;B
20241023;193344;3.7925;200;11332839435;B
20241023;193344;3.792;5000;11332839436;S
20241023;193344;3.792;2100;11332839437;S
20241023;193404;3.794;600;11332839801;B
20241023;193404;3.794;900;11332839802;B
20241023;193404;3.794;500;11332839803;B
20241023;193404;3.794;9000;11332839804;B
20241023;193404;3.794;1300;11332839805;B
20241023;193404;3.794;12400;11332839806;B
20241023;193404;3.794;1100;11332839807;B
20241023;193404;3.794;2000;11332839808;B
20241023;193404;3.7945;1300;11332839809;B
20241023;193404;3.7955;10500;11332839810;B
20241023;193404;3.7955;500;11332839811;B
20241023;193404;3.796;12700;11332839812;B
20241023;193423;3.7935;2000;11332840157;S
20241023;193423;3.7935;12400;11332840158;S
20241023;193423;3.793;100;11332840159;S
20241023;193423;3.793;3900;11332840160;S
20241023;193423;3.7925;1600;11332840161;S
20241023;193423;3.7925;4000;11332840162;S
20241023;193423;3.792;100;11332840163;S
20241023;193423;3.792;28900;11332840164;S
20241023;193423;3.7915;500;11332840165;S
20241023;193423;3.7915;30000;11332840166;S
20241023;193423;3.7915;47400;11332840167;S
20241023;193423;3.7915;200;11332840168;S
20241023;193423;3.791;61000;11332840169;S
20241023;193502;3.7935;100;11332841132;B
20241023;193531;3.7935;100;11332842044;B
20241023;193549;3.7935;100;11332843009;B
20241023;193621;3.7935;200;11332843693;B
20241023;193624;3.7935;1000;11332843803;B
20241023;193635;3.7935;100;11332844108;B
20241023;193648;3.7935;500;11332844366;B
20241023;193652;3.793;100;11332844480;S
20241023;193702;3.7935;200;11332844713;B
20241023;193748;3.7935;100;11332846317;B
20241023;193748;3.7935;100;11332846318;B
20241023;193759;3.7935;200;11332846655;B
20241023;193803;3.7935;100;11332846748;B
20241023;193805;3.793;1500;11332846786;S
20241023;193806;3.792;200;11332846827;B
20241023;193816;3.792;100;11332847065;B
20241023;193824;3.7915;500;11332847236;S
20241023;193824;3.7915;10000;11332847237;S
20241023;193824;3.7915;100;11332847238;S
20241023;193824;3.7915;100;11332847239;S
20241023;193824;3.7915;2300;11332847240;S
20241023;193840;3.7915;100;11332847628;S
20241023;193859;3.792;100;11332847966;B
20241023;193911;3.792;100;11332848265;B
20241023;193912;3.792;200;11332848282;B
20241023;193919;3.792;100;11332848482;B
20241023;193922;3.792;100;11332848525;B
20241023;193936;3.792;400;11332848929;B
20241023;193936;3.792;7300;11332848930;B
20241023;193936;3.792;2000;11332848931;B
20241023;193953;3.7915;2500;11332849702;S
20241023;194012;3.7925;100;11332850336;B
20241023;194018;3.792;100;11332850622;S
20241023;194018;3.7915;100;11332850623;S
20241023;194018;3.7915;1800;11332850624;S
20241023;194026;3.7915;3200;11332850795;S
20241023;194026;3.7915;400;11332850796;S
20241023;194026;3.7915;200;11332850797;S
20241023;194027;3.7915;100;11332850832;B
20241023;194033;3.791;7400;11332850929;S
20241023;194041;3.7915;1100;11332851104;B
20241023;194041;3.792;7200;11332851105;B
20241023;194041;3.7925;12400;11332851106;B
20241023;194041;3.7925;7200;11332851107;B
20241023;194041;3.793;47400;11332851108;B
20241023;194041;3.7945;9000;11332851109;B
20241023;194041;3.795;30000;11332851110;B
20241023;194041;3.795;500;11332851111;B
20241023;194041;3.7955;35000;11332851112;B
20241023;194041;3.796;400;11332851113;B
20241023;194041;3.796;1600;11332851114;B
20241023;194041;3.796;2400;11332851115;B
20241023;194041;3.7965;72300;11332851116;B
20241023;194041;3.7965;43500;11332851117;B
20241023;194057;3.7925;4900;11332851518;S
20241023;194118;3.792;1400;11332851998;S
20241023;194118;3.792;600;11332851999;S
20241023;194121;3.7945;200;11332852092;B
20241023;194210;3.792;100;11332853332;S
20241023;194247;3.792;12300;11332854393;S
20241023;194247;3.7915;2600;11332854394;S
20241023;194304;3.7935;300;11332854924;B
20241023;194338;3.7915;200;11332855885;B
20241023;194346;3.7915;100;11332856189;B
20241023;194354;3.7915;600;11332856536;B
20241023;194357;3.7915;100;11332856576;B
20241023;194359;3.7915;300;11332856615;B
20241023;194404;3.7915;100;11332856708;B
20241023;194405;3.7915;300;11332856729;B
20241023;194416;3.7915;100;11332857087;B
20241023;194436;3.7915;100;11332857676;B
20241023;194525;3.7915;900;11332862025;B
20241023;194525;3.7915;100;11332862026;B
20241023;194559;3.791;200;11332863755;S
20241023;194604;3.7925;100;11332863877;B
20241023;194607;3.792;300;11332864159;B
20241023;194620;3.7915;100;11332864672;B
20241023;194633;3.7915;1000;11332865016;B
20241023;194644;3.7915;500;11332865164;B
20241023;194708;3.7915;100;11332865586;B
20241023;194714;3.7915;100;11332865767;B
20241023;194720;3.7915;100;11332865917;B
20241023;194728;3.7915;300;11332866073;B
20241023;194728;3.7915;600;11332866074;B
20241023;194821;3.791;11100;11332867140;S
20241023;194831;3.791;1800;11332867329;S
20241023;194844;3.7915;400;11332867621;B
20241023;194852;3.7915;400;11332867927;B
20241023;194855;3.7915;2000;11332867972;B
20241023;194920;3.7915;100;11332868494;B
20241023;194925;3.7915;200;11332868613;B
20241023;194932;3.791;15000;11332868753;S
20241023;194944;3.7915;200;11332870991;B
20241023;194950;3.7915;100;11332871129;B
20241023;194952;3.7915;1000;11332871178;B
20241023;194952;3.7915;1800;11332871179;B
20241023;194953;3.7915;1600;11332871191;S
20241023;194953;3.7915;1400;11332871197;S
20241023;194953;3.7915;1300;11332871223;S
20241023;194953;3.7915;1200;11332871228;S
20241023;194954;3.7915;1000;11332871241;S
20241023;194954;3.7915;900;11332871251;S
20241023;195006;3.7915;100;11332871609;S
20241023;195015;3.792;200;11332871822;B
20241023;195015;3.792;1100;11332871823;B
20241023;195018;3.7925;12400;11332871937;B
20241023;195018;3.7925;1100;11332871938;B
20241023;195018;3.793;11000;11332871939;B
20241023;195018;3.793;900;11332871940;B
20241023;195018;3.793;400;11332871941;B
20241023;195020;3.793;100;11332871989;B
20241023;195022;3.7925;100;11332872043;B
20241023;195024;3.792;700;11332872113;S
20241023;195024;3.792;2300;11332872114;S
20241023;195134;3.7915;200;11332875005;S
20241023;195138;3.792;100;11332875176;B
20241023;195140;3.792;600;11332875228;B
20241023;195142;3.792;500;11332875486;B
20241023;195142;3.7925;6800;11332875487;B
20241023;195157;3.7915;500;11332877757;S
20241023;195211;3.792;2000;11332878508;B
20241023;195241;3.7925;100;11332880515;B
20241023;195251;3.7915;500;11332882608;S
20241023;195254;3.792;300;11332882662;B
20241023;195254;3.792;200;11332882696;B
20241023;195259;3.792;100;11332882876;B
20241023;195307;3.7915;500;11332883104;S
20241023;195321;3.792;100;11332883604;B
20241023;195344;3.792;46700;11332884130;B
20241023;195344;3.792;5200;11332884131;B
20241023;195344;3.792;1100;11332884132;B
20241023;195344;3.792;9900;11332884133;B
20241023;195344;3.7925;4700;11332884134;B
20241023;195344;3.7925;12400;11332884135;B
20241023;195344;3.7925;10000;11332884136;B
20241023;195344;3.7925;70000;11332884137;B
20241023;195344;3.793;800;11332884138;B
20241023;195344;3.7935;200;11332884139;B
20241023;195344;3.795;9000;11332884140;B
20241023;195400;3.7915;100;11332884647;S
20241023;195407;3.793;100;11332884825;B
20241023;195408;3.793;100;11332884840;B
20241023;195409;3.793;100;11332884849;B
20241023;195412;3.793;1000;11332884937;B
20241023;195426;3.7925;800;11332885484;B
20241023;195429;3.7925;100;11332885533;B
20241023;195441;3.7925;300;11332885946;B
20241023;195445;3.7915;100;11332886069;S
20241023;195447;3.7925;100;11332886112;B
20241023;195504;3.792;300;11332886989;B
20241023;195518;3.792;400;11332887574;B
20241023;195519;3.792;400;11332887596;B
20241023;195522;3.792;100;11332887659;B
20241023;195537;3.7915;200;11332888035;S
20241023;195618;3.7915;100;11332889039;S
20241023;195641;3.793;100;11332889590;B
20241023;195710;3.7915;11100;11332890278;S
20241023;195812;3.7925;100;11332892555;B
20241023;195823;3.7925;100;11332892889;B
20241023;195855;3.793;200;11332893695;B
20241023;195910;3.7925;100;11332894044;B
20241023;195912;3.7925;100;11332894099;B
20241023;195912;3.792;100;11332894100;S
20241023;195912;3.792;1000;11332894101;S
20241023;195912;3.792;1000;11332894102;S
20241023;195928;3.792;5400;11332894504;B
20241023;195928;3.792;5800;11332894505;B
20241023;195935;3.792;100;11332894702;B
20241023;195939;3.7925;100;11332894781;B
20241023;195949;3.7925;300;11332894979;B
20241023;200042;3.792;3600;11332896357;B
20241023;200042;3.792;1100;11332896358;B
20241023;200042;3.7925;2300;11332896359;B
20241023;200113;3.7925;100;11332897227;B
20241023;200122;3.7925;1000;11332897414;B
20241023;200133;3.7925;100;11332897652;B
20241023;200139;3.7915;200;11332897746;S
20241023;200210;3.7915;1200;11332898525;S
20241023;200210;3.7915;7600;11332898526;S
20241023;200242;3.7915;1100;11332899467;S
20241023;200249;3.7915;200;11332899579;S
20241023;200307;3.7915;200;11332900110;S
20241023;200315;3.7925;500;11332900229;B
20241023;200325;3.7915;15900;11332900894;S
20241023;200325;3.7915;100;11332900895;S
20241023;200325;3.7915;1500;11332900896;S
20241023;200325;3.7915;100;11332900897;S
20241023;200325;3.7915;100;11332900898;S
20241023;200325;3.7915;25000;11332900899;S
20241023;200325;3.7915;30000;11332900900;S
20241023;200325;3.7915;100;11332900901;S
20241023;200326;3.791;32200;11332901129;S
20241023;200337;3.791;11100;11332901491;S
20241023;200339;3.7915;100;11332901524;B
20241023;200354;3.791;200;11332902852;S
20241023;200359;3.7915;100;11332903101;B
20241023;200402;3.7915;300;11332903269;B
20241023;200404;3.7915;300;11332903899;B
20241023;200406;3.7915;400;11332904436;B
20241023;200413;3.7915;300;11332904583;B
20241023;200430;3.7915;2200;11332905451;B
20241023;200438;3.7915;50000;11332906140;B
20241023;200455;3.7915;100;11332908548;B
20241023;200500;3.791;2700;11332908689;S
20241023;200502;3.7915;100;11332908719;B
20241023;200507;3.7915;23300;11332909023;B
20241023;200508;3.7915;100;11332909049;S
20241023;200522;3.7915;1000;11332909255;S
20241023;200528;3.793;100;11332909432;B
20241023;200544;3.793;100;11332910289;B
20241023;200550;3.7925;100;11332912126;B
20241023;200550;3.7935;700;11332912127;B
20241023;200550;3.794;600;11332912128;B
20241023;200553;3.7925;10000;11332912986;S
20241023;200611;3.793;100;11332915133;B
20241023;200630;3.7925;400;11332915507;S
20241023;200655;3.7925;2000;11332916178;S
20241023;200700;3.793;300;11332916234;B
20241023;200710;3.793;100;11332917294;B
20241023;200735;3.793;1000;11332917995;B
20241023;200735;3.793;1100;11332917996;B
20241023;200741;3.793;100;11332918127;B
20241023;200749;3.793;7300;11332918271;B
20241023;200805;3.7935;13000;11332921015;B
20241023;200830;3.794;400;11332931689;B
20241023;200922;3.7945;100;11332932862;B
20241023;200922;3.795;100;11332932885;B
20241023;200922;3.795;100;11332932886;B
20241023;200956;3.795;600;11332933445;B
20241023;200958;3.795;400;11332933519;S
20241023;200958;3.795;100;11332933520;S
20241023;201051;3.796;1000;11332934640;B
20241023;201210;3.7965;200;11332936977;B
20241023;201212;3.7965;100;11332937014;B
20241023;201217;3.7965;500;11332937106;B
20241023;201223;3.7965;300;11332937301;B
20241023;201230;3.7965;100;11332937439;B
20241023;201232;3.7965;300;11332937606;B
20241023;201237;3.7965;1000;11332938172;B
20241023;201249;3.797;1000;11332938942;B
20241023;201304;3.7975;500;11332939289;B
20241023;201304;3.7975;1400;11332939290;B
20241023;201304;3.7975;1700;11332939291;B
20241023;201305;3.797;100;11332939315;B
20241023;201305;3.7975;1900;11332939316;B
20241023;201313;3.7975;4800;11332939453;B
20241023;201322;3.7965;5100;11332939585;S
20241023;201322;3.796;1600;11332939586;S
20241023;201322;3.7955;12400;11332939587;S
20241023;201322;3.795;1000;11332939588;S
20241023;201322;3.795;100;11332939589;S
20241023;201322;3.794;100;11332939590;S
20241023;201322;3.794;500;11332939591;S
20241023;201322;3.794;100;11332939592;S
20241023;201322;3.794;100;11332939593;S
20241023;201322;3.794;1000;11332939594;S
20241023;201322;3.794;32900;11332939595;S
20241023;201327;3.7955;100;11332939683;B
20241023;201327;3.7955;100;11332939686;B
20241023;201327;3.795;300;11332939687;S
20241023;201342;3.795;1000;11332940149;B
20241023;201458;3.7965;300;11332944993;B
20241023;201601;3.796;100;11332946413;B
20241023;201607;3.796;100;11332946548;B
20241023;201647;3.7965;100;11332948379;B
20241023;201713;3.7955;200;11332948946;S
20241023;201747;3.7965;200;11332949760;B
20241023;201849;3.7965;100;11332956662;B
20241023;201859;3.7955;800;11332956898;S
20241023;201859;3.7955;600;11332956899;S
20241023;201859;3.795;100;11332956900;S
20241023;201859;3.7945;200;11332956901;S
20241023;201902;3.7945;600;11332956945;S
20241023;201903;3.7965;1500;11332956984;B
20241023;201930;3.7965;1300;11332957500;B
20241023;202011;3.7965;200;11332958372;B
20241023;202032;3.7965;500;11332958831;B
20241023;202037;3.7965;100;11332958942;B
20241023;202038;3.7965;2700;11332958980;B
20241023;202040;3.7965;23700;11332959043;B
20241023;202040;3.7965;2000;11332959044;B
20241023;202040;3.797;100;11332959045;B
20241023;202040;3.797;500;11332959046;B
20241023;202045;3.795;100;11332959196;S
20241023;202109;3.7945;1000;11332959597;S
20241023;202109;3.7945;700;11332959598;S
20241023;202109;3.7945;500;11332959599;S
20241023;202111;3.7945;400;11332959654;B
20241023;202129;3.7945;800;11332960204;B
20241023;202133;3.794;1000;11332960529;S
20241023;202136;3.794;100;11332960632;B
20241023;202141;3.794;100;11332960744;B
20241023;202143;3.7935;200;11332960826;S
20241023;202144;3.7935;800;11332961079;S
20241023;202234;3.7935;500;11332962105;B
20241023;202241;3.7935;100;11332962228;B
20241023;202305;3.7935;100;11332964144;B
20241023;202355;3.7935;1100;11332965052;B
20241023;202408;3.793;2500;11332965216;S
20241023;202408;3.793;100;11332965217;S
20241023;202408;3.793;1000;11332965218;S
20241023;202408;3.793;100;11332965219;S
20241023;202408;3.793;100;11332965220;S
20241023;202408;3.7925;500;11332965221;S
20241023;202408;3.7925;100;11332965222;S
20241023;202408;3.7925;1000;11332965223;S
20241023;202408;3.7925;1400;11332965224;S
20241023;202408;3.7925;1700;11332965225;S
20241023;202408;3.792;100;11332965226;S
20241023;202408;3.792;1000;11332965227;S
20241023;202408;3.792;100;11332965228;S
20241023;202408;3.792;12400;11332965229;S
20241023;202408;3.792;100;11332965230;S
20241023;202408;3.792;1700;11332965231;S
20241023;202408;3.7915;600;11332965232;S
20241023;202408;3.7915;39800;11332965233;S
20241023;202408;3.7915;5000;11332965234;S
20241023;202408;3.7915;4500;11332965235;S
20241023;202408;3.7915;3500;11332965236;S
20241023;202408;3.791;22700;11332965237;S
20241023;202505;3.7925;100;11332966261;B
20241023;202506;3.7925;100;11332966287;B
20241023;202540;3.791;20000;11332966977;S
20241023;202541;3.791;30000;11332966990;S
20241023;202541;3.791;10000;11332966991;S
20241023;202546;3.791;10000;11332967065;S
20241023;202556;3.791;70000;11332967175;S
20241023;202556;3.791;3300;11332967209;S
20241023;202557;3.791;9000;11332967433;S
20241023;202558;3.791;20000;11332967617;S
20241023;202600;3.791;9000;11332967928;S
20241023;202600;3.791;9000;11332968028;S
20241023;202601;3.791;9000;11332968247;S
20241023;202606;3.7915;4700;11332968632;S
20241023;202606;3.791;35300;11332968633;S
20241023;202607;3.792;100;11332968742;B
20241023;202642;3.792;300;11332969714;B
20241023;202718;3.792;1000;11332970498;B
20241023;202724;3.792;100;11332970614;B
20241023;202733;3.791;5200;11332970903;S
20241023;202742;3.7915;100;11332971065;B
20241023;202824;3.791;200;11332972630;S
20241023;202824;3.791;100;11332972631;S
20241023;202824;3.791;100;11332972632;S
20241023;202840;3.7915;200;11332972988;B
20241023;202902;3.7915;400;11332973411;B
20241023;202907;3.7915;100;11332973843;B
20241023;202916;3.791;2000;11332974133;S
20241023;202916;3.791;100;11332974134;S
20241023;202916;3.791;100;11332974135;S
20241023;202916;3.791;100;11332974136;S
20241023;202916;3.791;500;11332974137;S
20241023;202916;3.791;100;11332974138;S
20241023;202916;3.791;100;11332974139;S
20241023;202916;3.791;500;11332974140;S
20241023;202916;3.791;30000;11332974141;S
20241023;202916;3.791;2000;11332974142;S
20241023;202916;3.791;300;11332974143;S
20241023;202916;3.791;100;11332974144;S
20241023;202916;3.791;500;11332974145;S
20241023;202916;3.791;500;11332974146;S
20241023;202916;3.791;100;11332974147;S
20241023;202916;3.791;5000;11332974148;S
20241023;202916;3.791;200;11332974149;S
20241023;202916;3.791;1000;11332974150;S
20241023;202916;3.791;400;11332974151;S
20241023;202916;3.791;500;11332974152;S
20241023;202916;3.791;100;11332974153;S
20241023;202916;3.7905;200;11332974154;S
20241023;202916;3.7905;100;11332974155;S
20241023;202916;3.7905;100;11332974156;S
20241023;202916;3.7905;700;11332974157;S
20241023;202916;3.7905;1000;11332974158;S
20241023;202916;3.7905;100;11332974159;S
20241023;202916;3.7905;100;11332974160;S
20241023;202916;3.7905;100;11332974161;S
20241023;202916;3.7905;23400;11332974162;S
20241023;202917;3.7905;300;11332974214;S
20241023;202920;3.7915;2000;11332974272;B
20241023;202921;3.791;100;11332974333;S
20241023;202923;3.7905;1300;11332974359;S
20241023;202924;3.79;600;11332974369;S
20241023;202924;3.79;2000;11332974370;S
20241023;202924;3.79;100;11332974371;S
20241023;202924;3.79;1500;11332974372;S
20241023;202924;3.79;100;11332974373;S
20241023;202924;3.79;100;11332974374;S
20241023;202924;3.79;100;11332974375;S
20241023;202924;3.79;100;11332974376;S
20241023;202924;3.79;3000;11332974377;S
20241023;202924;3.79;200;11332974378;S
20241023;202924;3.79;100;11332974379;S
20241023;202924;3.79;5000;11332974380;S
20241023;202924;3.79;500;11332974381;S
20241023;202924;3.79;500;11332974382;S
20241023;202924;3.79;500;11332974383;S
20241023;202924;3.79;100;11332974384;S
20241023;202924;3.79;1000;11332974385;S
20241023;202924;3.79;100;11332974386;S
20241023;202924;3.79;100;11332974387;S
20241023;202924;3.79;100;11332974388;S
20241023;202924;3.79;100;11332974389;S
20241023;202924;3.79;100;11332974390;S
20241023;202924;3.79;300;11332974391;S
20241023;202924;3.79;100;11332974392;S
20241023;202924;3.79;100;11332974393;S
20241023;202924;3.79;100;11332974394;S
20241023;202924;3.79;500;11332974395;S
20241023;202924;3.79;500;11332974396;S
20241023;202924;3.79;5500;11332974397;S
20241023;202924;3.79;1000;11332974398;S
20241023;202924;3.7905;100;11332974430;B
20241023;202924;3.79;1000;11332974432;S
20241023;202925;3.7905;700;11332974440;B
20241023;202930;3.7905;100;11332974606;B
20241023;202941;3.79;2500;11332974875;S
20241023;202941;3.79;400;11332974876;S
20241023;202958;3.7905;100;11332975643;B
20241023;203006;3.7905;4900;11332976385;B
20241023;203007;3.79;100;11332976395;S
20241023;203026;3.7905;100;11332977399;B
20241023;203042;3.7905;100;11332979802;B
20241023;203047;3.79;10000;11332979960;S
20241023;203047;3.79;10000;11332979961;S
20241023;203047;3.79;9000;11332980088;S
20241023;203047;3.79;26800;11332980179;S
20241023;203050;3.79;1000;11332980358;S
20241023;203051;3.7905;100;11332980490;B
20241023;203052;3.7905;300;11332980739;B
20241023;203056;3.79;18000;11332981248;S
20241023;203057;3.79;17700;11332981392;S
20241023;203114;3.79;200;11332982210;S
20241023;203117;3.79;16000;11332982445;S
20241023;203124;3.7905;100;11332982838;B
20241023;203145;3.7905;4000;11332983972;B
20241023;203145;3.79;300;11332983979;S
20241023;203145;3.79;500;11332983980;S
20241023;203145;3.79;100;11332983981;S
20241023;203145;3.79;100;11332983982;S
20241023;203145;3.79;1600;11332983983;S
20241023;203217;3.79;3400;11332986203;S
20241023;203217;3.79;2000;11332986204;S
20241023;203217;3.79;1300;11332986205;S
20241023;203217;3.79;200;11332986206;S
20241023;203217;3.79;100;11332986207;S
20241023;203217;3.79;200;11332986208;S
20241023;203217;3.79;200;11332986209;S
20241023;203217;3.79;100;11332986210;S
20241023;203217;3.79;1300;11332986211;S
20241023;203217;3.79;100;11332986212;S
20241023;203217;3.79;100;11332986213;S
20241023;203227;3.7905;1000;11332986575;B
20241023;203229;3.7905;3800;11332986642;B
20241023;203229;3.79;5000;11332986656;S
20241023;203229;3.79;200;11332986657;S
20241023;203229;3.79;100;11332986658;S
20241023;203229;3.79;100;11332986659;S
20241023;203229;3.79;100;11332986660;S
20241023;203229;3.79;5600;11332986661;S
20241023;203229;3.79;200;11332986662;S
20241023;203229;3.79;500;11332986663;S
20241023;203229;3.79;100;11332986664;S
20241023;203229;3.79;1000;11332986665;S
20241023;203229;3.79;100;11332986666;S
20241023;203229;3.79;100;11332986667;S
20241023;203229;3.79;5000;11332986668;S
20241023;203229;3.79;400;11332986669;S
20241023;203229;3.79;100;11332986670;S
20241023;203229;3.79;100;11332986671;S
20241023;203229;3.79;100;11332986672;S
20241023;203229;3.79;100;11332986673;S
20241023;203229;3.79;100;11332986674;S
20241023;203229;3.79;100;11332986675;S
20241023;203229;3.79;200;11332986676;S
20241023;203229;3.79;6500;11332986677;S
20241023;203229;3.79;100;11332986678;S
20241023;203229;3.79;5000;11332986679;S
20241023;203229;3.79;100;11332986680;S
20241023;203229;3.79;300;11332986681;S
20241023;203229;3.79;100;11332986682;S
20241023;203229;3.79;300;11332986683;S
20241023;203229;3.79;5000;11332986684;S
20241023;203229;3.79;100;11332986685;S
20241023;203229;3.79;200;11332986686;S
20241023;203229;3.79;100;11332986687;S
20241023;203229;3.79;300;11332986688;S
20241023;203229;3.79;1000;11332986689;S
20241023;203229;3.79;1000;11332986690;S
20241023;203229;3.79;100;11332986691;S
20241023;203229;3.79;100;11332986692;S
20241023;203229;3.79;200;11332986693;S
20241023;203229;3.79;2000;11332986694;S
20241023;203229;3.79;100;11332986695;S
20241023;203229;3.79;100;11332986696;S
20241023;203229;3.79;500;11332986697;S
20241023;203229;3.79;100;11332986698;S
20241023;203229;3.79;100;11332986699;S
20241023;203229;3.79;1100;11332986700;S
20241023;203229;3.79;100;11332986701;S
20241023;203229;3.79;1000;11332986702;S
20241023;203229;3.79;100;11332986703;S
20241023;203229;3.79;100;11332986704;S
20241023;203229;3.79;200;11332986705;S
20241023;203229;3.79;200;11332986706;S
20241023;203229;3.79;3900;11332986707;S
20241023;203229;3.79;100;11332986708;S
20241023;203229;3.79;4500;11332986709;S
20241023;203229;3.79;100;11332986710;S
20241023;203229;3.79;100;11332986711;S
20241023;203229;3.79;400;11332986712;S
20241023;203229;3.79;100;11332986713;S
20241023;203229;3.79;1000;11332986714;S
20241023;203229;3.79;600;11332986715;S
20241023;203229;3.79;200;11332986716;S
20241023;203229;3.79;100;11332986717;S
20241023;203229;3.79;200;11332986718;S
20241023;203229;3.79;100;11332986719;S
20241023;203229;3.79;100;11332986720;S
20241023;203229;3.79;1000;11332986721;S
20241023;203229;3.79;300;11332986722;S
20241023;203229;3.79;400;11332986723;S
20241023;203229;3.79;100;11332986724;S
20241023;203229;3.79;100;11332986725;S
20241023;203229;3.79;100;11332986726;S
20241023;203229;3.79;100;11332986727;S
20241023;203229;3.79;1000;11332986728;S
20241023;203229;3.79;100;11332986729;S
20241023;203229;3.79;100;11332986730;S
20241023;203229;3.79;100;11332986731;S
20241023;203229;3.79;100;11332986732;S
20241023;203229;3.79;500;11332986733;S
20241023;203229;3.79;200;11332986734;S
20241023;203229;3.79;100;11332986735;S
20241023;203229;3.79;100;11332986736;S
20241023;203229;3.79;100;11332986737;S
20241023;203229;3.79;100;11332986738;S
20241023;203229;3.79;10000;11332986739;S
20241023;203229;3.79;100;11332986740;S
20241023;203229;3.79;128300;11332986741;S
20241023;203232;3.79;9000;11332986861;S
20241023;203251;3.7905;4200;11332987497;B
20241023;203254;3.79;12700;11332987610;S
20241023;203254;3.79;300;11332987611;S
20241023;203254;3.79;100;11332987612;S
20241023;203300;3.79;100;11332988108;B
20241023;203303;3.79;500;11332988205;B
20241023;203312;3.7895;100;11332988794;S
20241023;203312;3.7895;100;11332988795;S
20241023;203312;3.7895;100;11332988796;S
20241023;203312;3.7895;100;11332988797;S
20241023;203312;3.7895;100;11332988798;S
20241023;203312;3.7895;100;11332988799;S
20241023;203312;3.7895;100;11332988800;S
20241023;203312;3.7895;100;11332988801;S
20241023;203312;3.7895;100;11332988802;S
20241023;203312;3.7895;100;11332988803;S
20241023;203315;3.7895;100;11332988917;B
20241023;203334;3.7895;100;11332990258;B
20241023;203343;3.7895;500;11332990866;B
20241023;203355;3.789;100;11332991869;S
20241023;203356;3.789;100;11332991909;S
20241023;203356;3.789;200;11332991910;S
20241023;203356;3.7885;100;11332991911;S
20241023;203356;3.7885;100;11332991912;S
20241023;203356;3.7885;100;11332991913;S
20241023;203356;3.7885;400;11332991914;S
20241023;203356;3.7885;100;11332991915;S
20241023;203356;3.7885;100;11332991916;S
20241023;203356;3.788;600;11332991917;S
20241023;203356;3.788;100;11332991918;S
20241023;203356;3.788;200;11332991919;S
20241023;203356;3.788;500;11332991920;S
20241023;203356;3.788;100;11332991921;S
20241023;203356;3.788;100;11332991922;S
20241023;203356;3.788;300;11332991923;S
20241023;203356;3.788;1000;11332991924;S
20241023;203356;3.7875;1000;11332991925;S
20241023;203356;3.7875;200;11332991926;S
20241023;203356;3.7875;500;11332991927;S
20241023;203356;3.7875;300;11332991928;S
20241023;203356;3.7875;100;11332991929;S
20241023;203356;3.7875;100;11332991930;S
20241023;203356;3.7875;1000;11332991931;S
20241023;203356;3.7875;300;11332991932;S
20241023;203356;3.7875;1500;11332991933;S
20241023;203356;3.787;100;11332991934;S
20241023;203356;3.787;100;11332991935;S
20241023;203356;3.787;100;11332991936;S
20241023;203356;3.787;100;11332991937;S
20241023;203356;3.787;100;11332991938;S
20241023;203356;3.787;100;11332991939;S
20241023;203356;3.787;100;11332991940;S
20241023;203356;3.787;200;11332991941;S
20241023;203356;3.787;100;11332991942;S
20241023;203356;3.787;300;11332991943;S
20241023;203356;3.787;100;11332991944;S
20241023;203356;3.787;100;11332991945;S
20241023;203356;3.787;100;11332991946;S
20241023;203356;3.787;100;11332991947;S
20241023;203356;3.787;19200;11332991948;S
20241023;203357;3.7875;100;11332991996;B
20241023;203357;3.7875;100;11332991997;B
20241023;203357;3.7875;100;11332992045;B
20241023;203357;3.7875;400;11332992059;B
20241023;203407;3.787;500;11332992574;S
20241023;203416;3.787;100;11332993235;S
20241023;203418;3.787;300;11332993405;S
20241023;203419;3.7875;10000;11332993458;B
20241023;203428;3.787;2200;11332993826;S
20241023;203433;3.7875;20900;11332994326;B
20241023;203448;3.787;36900;11332995161;S
20241023;203448;3.787;1000;11332995162;S
20241023;203448;3.787;1400;11332995163;S
20241023;203448;3.787;300;11332995164;S
20241023;203448;3.7865;5000;11332995165;S
20241023;203448;3.7865;1000;11332995166;S
20241023;203448;3.7865;54400;11332995167;S
20241023;203453;3.7865;25000;11332995325;S
20241023;203506;3.7865;20600;11332996094;S
20241023;203506;3.7865;200;11332996095;S
20241023;203506;3.7865;500;11332996096;S
20241023;203506;3.7865;100;11332996097;S
20241023;203506;3.7865;500;11332996098;S
20241023;203506;3.7865;500;11332996099;S
20241023;203506;3.7865;1000;11332996100;S
20241023;203506;3.786;1600;11332996101;S
20241023;203506;3.7865;100;11332996169;B
20241023;203506;3.786;1500;11332996170;S
20241023;203507;3.786;400;11332996195;S
20241023;203507;3.7865;200;11332996199;B
20241023;203507;3.7865;200;11332996200;B
20241023;203507;3.7865;300;11332996201;B
20241023;203507;3.7865;100;11332996210;B
20241023;203508;3.786;22800;11332996292;S
20241023;203508;3.786;300;11332996293;S
20241023;203508;3.786;100;11332996294;S
20241023;203508;3.786;300;11332996295;S
20241023;203508;3.786;200;11332996296;S
20241023;203508;3.786;100;11332996297;S
20241023;203508;3.786;1000;11332996298;S
20241023;203508;3.786;700;11332996299;S
20241023;203508;3.786;100;11332996300;S
20241023;203508;3.786;100;11332996301;S
20241023;203508;3.786;100;11332996302;S
20241023;203508;3.786;100;11332996303;S
20241023;203508;3.786;600;11332996304;S
20241023;203508;3.786;200;11332996305;S
20241023;203508;3.786;1000;11332996306;S
20241023;203508;3.786;100;11332996307;S
20241023;203508;3.786;100;11332996308;S
20241023;203508;3.7855;100;11332996309;S
20241023;203508;3.7855;200;11332996310;S
20241023;203508;3.7855;300;11332996311;S
20241023;203508;3.7855;100;11332996312;S
20241023;203508;3.7855;100;11332996313;S
20241023;203508;3.7855;100;11332996314;S
20241023;203508;3.7855;1000;11332996315;S
20241023;203508;3.7855;1000;11332996316;S
20241023;203508;3.7855;200;11332996317;S
20241023;203508;3.7855;500;11332996318;S
20241023;203508;3.785;100;11332996319;S
20241023;203508;3.785;100;11332996320;S
20241023;203508;3.785;68300;11332996321;S
20241023;203509;3.785;1200;11332996338;S
20241023;203512;3.785;2700;11332996484;S
20241023;203517;3.7855;200;11332996802;B
20241023;203517;3.7855;100;11332996803;B
20241023;203518;3.7855;100;11332996804;B
20241023;203518;3.7855;100;11332996806;B
20241023;203518;3.785;100;11332996815;S
20241023;203518;3.7855;100;11332996835;B
20241023;203524;3.785;100;11332997115;S
20241023;203530;3.7855;100;11332997371;B
20241023;203537;3.785;9000;11332997879;S
20241023;203537;3.785;9000;11332997950;S
20241023;203538;3.785;9000;11332997971;S
20241023;203538;3.785;600;11332997984;S
20241023;203538;3.785;100;11332997985;S
20241023;203538;3.785;300;11332997986;S
20241023;203538;3.785;500;11332997987;S
20241023;203538;3.785;300;11332997988;S
20241023;203538;3.785;200;11332997989;S
20241023;203538;3.785;100;11332997990;S
20241023;203538;3.785;300;11332997991;S
20241023;203538;3.785;100;11332997992;S
20241023;203538;3.785;500;11332997993;S
20241023;203538;3.785;1000;11332997994;S
20241023;203538;3.785;1000;11332997995;S
20241023;203538;3.785;2000;11332997996;S
20241023;203538;3.785;100;11332997997;S
20241023;203538;3.785;100;11332997998;S
20241023;203538;3.785;300;11332997999;S
20241023;203538;3.785;500;11332998000;S
20241023;203538;3.785;100;11332998001;S
20241023;203538;3.785;200;11332998002;S
20241023;203538;3.785;700;11332998003;S
20241023;203551;3.785;100;11332998853;S
20241023;203552;3.7855;100;11332998934;B
20241023;203554;3.7855;300;11332999016;B
20241023;203555;3.785;200;11332999083;S
20241023;203555;3.785;1300;11332999084;S
20241023;203555;3.785;2000;11332999085;S
20241023;203555;3.7845;26400;11332999086;S
20241023;203555;3.7845;100;11332999087;S
20241023;203555;3.7845;200;11332999088;S
20241023;203555;3.7845;1000;11332999089;S
20241023;203555;3.7845;200;11332999146;B
20241023;203556;3.784;300;11332999225;S
20241023;203557;3.7845;100;11332999331;B
20241023;203557;3.7845;100;11332999405;B
20241023;203557;3.7845;100;11332999407;B
20241023;203558;3.7845;100;11332999414;B
20241023;203600;3.7845;500;11332999587;B
20241023;203613;3.784;200;11333000406;S
20241023;203617;3.784;2000;11333000564;S
20241023;203617;3.784;100;11333000565;S
20241023;203617;3.784;100;11333000566;S
20241023;203617;3.784;100;11333000567;S
20241023;203617;3.784;200;11333000568;S
20241023;203617;3.784;100;11333000569;S
20241023;203617;3.784;100;11333000570;S
20241023;203617;3.784;1000;11333000571;S
20241023;203617;3.784;100;11333000572;S
20241023;203617;3.784;100;11333000573;S
20241023;203617;3.784;1000;11333000574;S
20241023;203617;3.7835;100;11333000575;S
20241023;203617;3.783;100;11333000576;S
20241023;203617;3.783;400;11333000577;S
20241023;203617;3.783;100;11333000578;S
20241023;203617;3.783;100;11333000579;S
20241023;203617;3.783;100;11333000580;S
20241023;203617;3.783;100;11333000581;S
20241023;203617;3.783;200;11333000582;S
20241023;203617;3.783;2000;11333000583;S
20241023;203617;3.7825;500;11333000584;S
20241023;203617;3.7825;100;11333000585;S
20241023;203617;3.7825;100;11333000586;S
20241023;203617;3.7825;13000;11333000587;S
20241023;203617;3.782;200;11333000588;S
20241023;203617;3.782;100;11333000589;S
20241023;203617;3.782;100;11333000590;S
20241023;203617;3.782;100;11333000591;S
20241023;203617;3.782;100;11333000592;S
20241023;203617;3.782;1000;11333000593;S
20241023;203617;3.7815;200;11333000594;S
20241023;203617;3.7815;100;11333000595;S
20241023;203617;3.7815;200;11333000596;S
20241023;203617;3.7815;40000;11333000597;S
20241023;203617;3.781;100;11333000598;S
20241023;203617;3.781;36000;11333000599;S
20241023;203618;3.781;100;11333000612;S
20241023;203618;3.781;3900;11333000618;S
20241023;203618;3.781;5000;11333000619;S
20241023;203618;3.781;100;11333000620;S
20241023;203618;3.781;100;11333000621;S
20241023;203618;3.781;100;11333000622;S
20241023;203618;3.781;2500;11333000623;S
20241023;203618;3.7805;100;11333000624;S
20241023;203618;3.7805;100;11333000625;S
20241023;203618;3.7805;200;11333000626;S
20241023;203618;3.7805;100;11333000627;S
20241023;203618;3.7805;100;11333000628;S
20241023;203618;3.7805;100;11333000629;S
20241023;203618;3.7805;100;11333000630;S
20241023;203618;3.78;100;11333000631;S
20241023;203618;3.78;100;11333000632;S
20241023;203618;3.78;100;11333000633;S
20241023;203618;3.78;100;11333000634;S
20241023;203618;3.78;400;11333000635;S
20241023;203618;3.78;4000;11333000636;S
20241023;203618;3.78;500;11333000637;S
20241023;203618;3.78;1000;11333000638;S
20241023;203618;3.78;100;11333000639;S
20241023;203618;3.78;200;11333000640;S
20241023;203618;3.78;100;11333000641;S
20241023;203618;3.78;100;11333000642;S
20241023;203618;3.78;100;11333000643;S
20241023;203618;3.78;100;11333000644;S
20241023;203618;3.78;100;11333000645;S
20241023;203618;3.78;100;11333000646;S
20241023;203618;3.78;200;11333000647;S
20241023;203618;3.78;300;11333000648;S
20241023;203618;3.78;200;11333000649;S
20241023;203618;3.78;100;11333000650;S
20241023;203618;3.78;500;11333000651;S
20241023;203618;3.78;200;11333000652;S
20241023;203618;3.78;500;11333000653;S
20241023;203618;3.78;100;11333000654;S
20241023;203618;3.78;2500;11333000655;S
20241023;203618;3.78;600;11333000656;S
20241023;203618;3.78;100;11333000657;S
20241023;203618;3.78;100;11333000658;S
20241023;203618;3.78;100;11333000659;S
20241023;203618;3.78;100;11333000660;S
20241023;203618;3.78;10000;11333000661;S
20241023;203618;3.78;300;11333000662;S
20241023;203618;3.78;300;11333000663;S
20241023;203618;3.78;300;11333000664;S
20241023;203618;3.78;100;11333000665;S
20241023;203618;3.78;400;11333000666;S
20241023;203618;3.78;600;11333000667;S
20241023;203618;3.78;300;11333000668;S
20241023;203618;3.78;500;11333000669;S
20241023;203618;3.78;100;11333000670;S
20241023;203618;3.78;100;11333000671;S
20241023;203618;3.78;100;11333000672;S
20241023;203618;3.78;100;11333000673;S
20241023;203618;3.78;800;11333000674;S
20241023;203618;3.78;500;11333000675;S
20241023;203618;3.78;300;11333000676;S
20241023;203618;3.78;13700;11333000677;S
20241023;203618;3.78;100;11333000678;S
20241023;203618;3.78;100;11333000679;S
20241023;203618;3.7795;100;11333000680;S
20241023;203618;3.7795;1000;11333000681;S
20241023;203618;3.7795;1000;11333000682;S
20241023;203618;3.7795;100;11333000683;S
20241023;203618;3.779;100;11333000684;S
20241023;203618;3.7785;5000;11333000685;S
20241023;203618;3.7785;500;11333000686;S
20241023;203618;3.7785;100;11333000687;S
20241023;203618;3.7785;100;11333000688;S
20241023;203618;3.7785;12400;11333000689;S
20241023;203618;3.778;100;11333000690;S
20241023;203618;3.778;100;11333000691;S
20241023;203618;3.778;600;11333000692;S
20241023;203618;3.778;100;11333000693;S
20241023;203618;3.778;1000;11333000694;S
20241023;203618;3.778;100;11333000695;S
20241023;203618;3.778;7600;11333000696;S
20241023;203618;3.7775;6000;11333000697;S
20241023;203618;3.7775;20200;11333000698;S
20241023;203618;3.7775;43500;11333000699;S
20241023;203618;3.7775;200;11333000700;S
20241023;203618;3.7775;100;11333000701;S
20241023;203618;3.777;1000;11333000702;S
20241023;203618;3.777;500;11333000703;S
20241023;203618;3.777;500;11333000704;S
20241023;203618;3.777;100;11333000705;S
20241023;203618;3.777;100;11333000706;S
20241023;203618;3.777;200;11333000707;S
20241023;203618;3.777;5000;11333000708;S
20241023;203618;3.777;38600;11333000709;S
20241023;203618;3.78;100;11333000710;B
20241023;203618;3.7775;7800;11333000711;S
20241023;203618;3.7775;500;11333000712;S
20241023;203618;3.7775;1700;11333000713;S
20241023;203618;3.7765;100;11333000714;S
20241023;203618;3.776;100;11333000715;S
20241023;203618;3.776;1300;11333000716;S
20241023;203618;3.7755;1000;11333000717;S
20241023;203618;3.7755;30800;11333000718;S
20241023;203618;3.7755;3200;11333000719;S
20241023;203618;3.775;500;11333000720;S
20241023;203618;3.775;100;11333000721;S
20241023;203618;3.775;100;11333000722;S
20241023;203618;3.775;100;11333000723;S
20241023;203618;3.775;100;11333000725;S
20241023;203618;3.775;200;11333000726;S
20241023;203618;3.777;100;11333000730;B
20241023;203618;3.777;200;11333000731;B
20241023;203618;3.777;1900;11333000732;B
20241023;203618;3.777;100;11333000733;B
20241023;203618;3.7785;6000;11333000734;B
20241023;203618;3.775;300;11333000736;S
20241023;203618;3.775;500;11333000737;S
20241023;203618;3.775;1000;11333000738;S
20241023;203618;3.775;400;11333000739;S
20241023;203618;3.775;200;11333000740;S
20241023;203618;3.775;4900;11333000741;S
20241023;203618;3.777;100;11333000743;B
20241023;203618;3.777;100;11333000745;B
20241023;203618;3.777;100;11333000748;B
20241023;203618;3.777;100;11333000750;B
20241023;203618;3.777;100;11333000751;B
20241023;203618;3.7785;800;11333000752;B
20241023;203618;3.777;100;11333000753;B
20241023;203618;3.777;100;11333000754;B
20241023;203618;3.777;100;11333000755;B
20241023;203618;3.777;100;11333000756;B
20241023;203618;3.777;6300;11333000757;B
20241023;203618;3.777;70000;11333000758;B
20241023;203618;3.777;12400;11333000759;B
20241023;203618;3.779;47600;11333000760;B
20241023;203618;3.7795;15100;11333000761;B
20241023;203618;3.7795;1400;11333000762;B
20241023;203618;3.78;7000;11333000763;B
20241023;203618;3.7805;600;11333000764;S
20241023;203618;3.7805;600;11333000766;S
20241023;203618;3.7805;7200;11333000767;S
20241023;203618;3.7805;15000;11333000768;S
20241023;203618;3.7805;1300;11333000769;S
20241023;203618;3.7805;2500;11333000771;S
20241023;203618;3.781;1500;11333000772;B
20241023;203618;3.7805;9900;11333000773;S
20241023;203618;3.7805;18000;11333000775;S
20241023;203618;3.7805;36000;11333000776;S
20241023;203618;3.7805;20000;11333000778;S
20241023;203618;3.7805;1200;11333000779;S
20241023;203618;3.7805;7200;11333000780;S
20241023;203618;3.7805;12000;11333000786;S
20241023;203618;3.7805;2500;11333000787;S
20241023;203618;3.7805;7100;11333000788;S
20241023;203618;3.7805;9000;11333000789;S
20241023;203618;3.7805;600;11333000790;S
20241023;203618;3.781;5700;11333000791;B
20241023;203618;3.782;2300;11333000792;B
20241023;203618;3.7805;500;11333000793;S
20241023;203618;3.7805;1200;11333000794;S
20241023;203618;3.7805;1000;11333000795;S
20241023;203618;3.7805;700;11333000796;S
20241023;203618;3.7805;13000;11333000797;S
20241023;203618;3.7805;4500;11333000798;S
20241023;203618;3.7805;3300;11333000799;S
20241023;203618;3.7805;3600;11333000800;S
20241023;203618;3.7805;8000;11333000801;S
20241023;203618;3.7805;1000;11333000802;S
20241023;203619;3.781;2000;11333000806;B
20241023;203619;3.782;100;11333000810;B
20241023;203619;3.782;900;11333000811;B
20241023;203619;3.7805;152700;11333000812;S
20241023;203619;3.78;300;11333000813;S
20241023;203619;3.78;100;11333000814;S
20241023;203619;3.78;26900;11333000815;S
20241023;203619;3.782;100;11333000816;B
20241023;203619;3.782;4400;11333000817;B
20241023;203619;3.78;3000;11333000818;S
20241023;203619;3.782;100;11333000819;B
20241023;203619;3.782;100;11333000820;B
20241023;203619;3.782;100;11333000821;B
20241023;203619;3.78;800;11333000822;S
20241023;203619;3.78;6000;11333000823;S
20241023;203619;3.781;500;11333000824;S
20241023;203619;3.78;2500;11333000825;S
20241023;203619;3.782;200;11333000828;B
20241023;203622;3.7805;100;11333000894;S
20241023;203624;3.7805;100;11333000948;S
20241023;203624;3.7805;100;11333000949;S
20241023;203624;3.7805;100;11333000950;S
20241023;203624;3.7805;100;11333000951;S
20241023;203624;3.7805;100;11333000952;S
20241023;203624;3.7805;100;11333000953;S
20241023;203624;3.7805;100;11333000954;S
20241023;203624;3.7805;100;11333000955;S
20241023;203624;3.78;800;11333000956;S
20241023;203624;3.78;100;11333000957;S
20241023;203624;3.78;1200;11333000958;S
20241023;203624;3.78;1500;11333000959;S
20241023;203624;3.78;1400;11333000960;S
20241023;203624;3.78;300;11333000961;S
20241023;203624;3.78;1800;11333000962;S
20241023;203624;3.78;1600;11333000963;S
20241023;203624;3.78;7200;11333000964;S
20241023;203624;3.78;1000;11333000965;S
20241023;203624;3.78;600;11333000966;S
20241023;203624;3.78;1100;11333000967;S
20241023;203624;3.78;1200;11333000968;S
20241023;203624;3.78;1100;11333000969;S
20241023;203624;3.78;600;11333000970;S
20241023;203627;3.781;100;11333001186;B
20241023;203628;3.78;400;11333001202;S
20241023;203628;3.78;1200;11333001203;S
20241023;203628;3.78;1000;11333001204;S
20241023;203628;3.78;1800;11333001205;S
20241023;203628;3.78;3100;11333001206;S
20241023;203628;3.78;5400;11333001207;S
20241023;203628;3.78;2200;11333001208;S
20241023;203628;3.78;1000;11333001209;S
20241023;203628;3.78;300;11333001210;S
20241023;203628;3.78;1800;11333001211;S
20241023;203628;3.78;1800;11333001212;S
20241023;203628;3.78;1300;11333001213;S
20241023;203628;3.78;800;11333001214;S
20241023;203628;3.78;400;11333001215;S
20241023;203628;3.78;1900;11333001216;S
20241023;203632;3.781;100;11333001313;B
20241023;203632;3.781;100;11333001317;B
20241023;203633;3.78;1200;11333001349;S
20241023;203633;3.78;800;11333001350;S
20241023;203633;3.78;1500;11333001351;S
20241023;203633;3.78;1700;11333001352;S
20241023;203633;3.78;800;11333001353;S
20241023;203633;3.78;100;11333001354;S
20241023;203633;3.78;800;11333001355;S
20241023;203633;3.78;1700;11333001356;S
20241023;203633;3.78;100;11333001357;S
20241023;203633;3.7795;100;11333001358;S
20241023;203633;3.779;400;11333001359;S
20241023;203633;3.779;100;11333001360;S
20241023;203633;3.7785;100;11333001361;S
20241023;203633;3.778;100;11333001362;S
20241023;203633;3.778;1200;11333001363;S
20241023;203633;3.7775;100;11333001364;S
20241023;203633;3.7775;1000;11333001365;S
20241023;203633;3.7775;700;11333001366;S
20241023;203633;3.7775;800;11333001367;S
20241023;203633;3.7775;1500;11333001368;S
20241023;203633;3.7775;100;11333001369;S
20241023;203633;3.777;100;11333001370;S
20241023;203633;3.777;2000;11333001371;S
20241023;203633;3.777;100;11333001372;S
20241023;203633;3.7765;100;11333001373;S
20241023;203633;3.776;100;11333001374;S
20241023;203633;3.776;1000;11333001375;S
20241023;203633;3.776;200;11333001376;S
20241023;203633;3.776;100;11333001377;S
20241023;203633;3.776;1000;11333001378;S
20241023;203633;3.776;100;11333001379;S
20241023;203633;3.776;1400;11333001380;S
20241023;203633;3.776;1700;11333001381;S
20241023;203633;3.7755;100;11333001383;S
20241023;203633;3.7755;500;11333001384;S
20241023;203633;3.7755;1100;11333001385;S
20241023;203636;3.7765;1000;11333001540;B
20241023;203639;3.775;600;11333001644;S
20241023;203639;3.775;700;11333001645;S
20241023;203639;3.775;1100;11333001648;S
20241023;203639;3.775;400;11333001649;S
20241023;203639;3.775;1200;11333001650;S
20241023;203639;3.775;900;11333001651;S
20241023;203639;3.775;200;11333001652;S
20241023;203639;3.775;300;11333001653;S
20241023;203639;3.775;200;11333001654;S
20241023;203639;3.775;100;11333001655;S
20241023;203639;3.775;1300;11333001656;S
20241023;203639;3.775;700;11333001657;S
20241023;203639;3.7745;200;11333001658;S
20241023;203639;3.7745;1300;11333001659;S
20241023;203639;3.7745;5400;11333001660;S
20241023;203639;3.7745;700;11333001661;S
20241023;203639;3.7745;500;11333001662;S
20241023;203639;3.7745;2600;11333001663;S
20241023;203639;3.7745;2000;11333001664;S
20241023;203639;3.775;1500;11333001665;S
20241023;203639;3.775;300;11333001666;S
20241023;203639;3.775;200;11333001667;S
20241023;203639;3.7745;1500;11333001668;S
20241023;203639;3.7745;100;11333001670;S
20241023;203639;3.7745;600;11333001671;S
20241023;203639;3.7745;300;11333001680;S
20241023;203639;3.7755;100;11333001693;S
20241023;203639;3.7745;2600;11333001694;S
20241023;203644;3.776;1800;11333001836;B
20241023;203646;3.7745;1400;11333001899;S
20241023;203646;3.7745;800;11333001900;S
20241023;203646;3.7745;900;11333001901;S
20241023;203646;3.7745;1900;11333001902;S
20241023;203646;3.7745;700;11333001903;S
20241023;203646;3.7745;700;11333001904;S
20241023;203646;3.7745;800;11333001905;S
20241023;203646;3.774;800;11333001906;S
20241023;203646;3.7745;1300;11333001907;S
20241023;203646;3.7745;1300;11333001908;S
20241023;203646;3.7745;1600;11333001909;S
20241023;203646;3.7745;900;11333001910;S
20241023;203646;3.7745;500;11333001911;S
20241023;203646;3.7745;2300;11333001912;S
20241023;203646;3.7745;1700;11333001913;S
20241023;203646;3.7745;1700;11333001914;S
20241023;203646;3.7745;3100;11333001915;S
20241023;203646;3.7745;300;11333001916;S
20241023;203646;3.7745;1100;11333001917;S
20241023;203646;3.7745;1000;11333001918;S
20241023;203646;3.776;100;11333001922;B
20241023;203646;3.775;100;11333002020;S
20241023;203646;3.775;100;11333002021;S
20241023;203646;3.7745;1700;11333002022;S
20241023;203650;3.7745;800;11333002320;S
20241023;203650;3.7745;500;11333002321;S
20241023;203650;3.7745;1300;11333002322;S
20241023;203650;3.7745;200;11333002323;S
20241023;203650;3.7745;3600;11333002324;S
20241023;203650;3.7745;4000;11333002325;S
20241023;203650;3.7745;1100;11333002326;S
20241023;203650;3.774;700;11333002327;S
20241023;203650;3.7745;500;11333002328;S
20241023;203650;3.7745;900;11333002329;S
20241023;203650;3.774;4100;11333002330;S
20241023;203650;3.7745;1200;11333002332;S
20241023;203650;3.7745;1400;11333002333;S
20241023;203650;3.7745;400;11333002334;S
20241023;203650;3.7745;1400;11333002336;S
20241023;203657;3.7745;600;11333002851;S
20241023;203657;3.7745;100;11333002852;S
20241023;203657;3.7745;2400;11333002853;S
20241023;203657;3.7745;3000;11333002855;S
20241023;203657;3.7745;3000;11333002856;S
20241023;203657;3.7745;500;11333002857;S
20241023;203657;3.7745;12500;11333002858;S
20241023;203657;3.774;1700;11333002859;S
20241023;203657;3.774;1100;11333002860;S
20241023;203702;3.7745;500;11333003066;S
20241023;203702;3.7745;300;11333003067;S
20241023;203702;3.774;17600;11333003068;S
20241023;203703;3.774;1300;11333003087;S
20241023;203703;3.774;100;11333003088;S
20241023;203703;3.774;1000;11333003089;S
20241023;203703;3.774;500;11333003090;S
20241023;203703;3.774;1300;11333003091;S
20241023;203703;3.774;1100;11333003092;S
20241023;203703;3.774;3100;11333003093;S
20241023;203703;3.774;1100;11333003094;S
20241023;203703;3.774;1600;11333003095;S
20241023;203703;3.774;1100;11333003096;S
20241023;203703;3.774;4200;11333003097;S
20241023;203703;3.774;1700;11333003098;S
20241023;203703;3.774;700;11333003099;S
20241023;203703;3.774;2200;11333003100;S
20241023;203703;3.774;400;11333003101;S
20241023;203703;3.774;200;11333003102;S
20241023;203703;3.774;1000;11333003103;S
20241023;203703;3.774;700;11333003104;S
20241023;203703;3.774;800;11333003105;S
20241023;203707;3.774;1900;11333003334;S
20241023;203707;3.774;1500;11333003335;S
20241023;203707;3.774;1100;11333003336;S
20241023;203707;3.774;1800;11333003337;S
20241023;203707;3.774;3100;11333003338;S
20241023;203707;3.774;600;11333003339;S
20241023;203707;3.774;2000;11333003340;S
20241023;203707;3.7735;100;11333003341;S
20241023;203707;3.7735;400;11333003342;S
20241023;203707;3.7735;100;11333003343;S
20241023;203707;3.7735;100;11333003344;S
20241023;203707;3.7735;1300;11333003345;S
20241023;203707;3.7735;1000;11333003347;S
20241023;203707;3.7735;5600;11333003349;S
20241023;203707;3.7735;600;11333003350;S
20241023;203707;3.773;100;11333003351;S
20241023;203707;3.773;2300;11333003352;S
20241023;203707;3.773;4300;11333003353;S
20241023;203713;3.773;6500;11333003596;S
20241023;203713;3.773;2500;11333003597;S
20241023;203713;3.773;600;11333003598;S
20241023;203713;3.773;4900;11333003601;S
20241023;203713;3.773;1000;11333003602;S
20241023;203713;3.773;900;11333003603;S
20241023;203713;3.773;1700;11333003604;S
20241023;203713;3.773;1100;11333003605;S
20241023;203713;3.773;1000;11333003608;S
20241023;203719;3.773;1000;11333003937;S
20241023;203719;3.773;200;11333003938;S
20241023;203719;3.773;1200;11333003939;S
20241023;203719;3.773;7000;11333003940;S
20241023;203719;3.773;800;11333003941;S
20241023;203719;3.773;1000;11333003942;S
20241023;203719;3.773;2200;11333003943;S
20241023;203719;3.773;2200;11333003944;S
20241023;203719;3.773;1300;11333003945;S
20241023;203719;3.773;1400;11333003946;S
20241023;203719;3.773;1500;11333003947;S
20241023;203719;3.7725;100;11333003948;S
20241023;203719;3.7725;4200;11333003949;S
20241023;203725;3.7725;500;11333004167;S
20241023;203725;3.772;100;11333004168;S
20241023;203725;3.772;1600;11333004169;S
20241023;203725;3.772;1200;11333004170;S
20241023;203725;3.772;700;11333004171;S
20241023;203725;3.772;1300;11333004172;S
20241023;203725;3.772;1200;11333004173;S
20241023;203725;3.772;800;11333004174;S
20241023;203725;3.772;1200;11333004175;S
20241023;203725;3.772;2000;11333004176;S
20241023;203725;3.772;1100;11333004177;S
20241023;203725;3.772;200;11333004178;S
20241023;203725;3.772;900;11333004179;S
20241023;203725;3.772;1600;11333004180;S
20241023;203725;3.772;1200;11333004182;S
20241023;203725;3.772;1000;11333004183;S
20241023;203725;3.772;8000;11333004184;S
20241023;203727;3.772;2000;11333004465;S
20241023;203727;3.773;1200;11333004471;B
20241023;203727;3.7735;500;11333004472;B
20241023;203727;3.7735;1400;11333004473;B
20241023;203731;3.772;1900;11333004605;S
20241023;203731;3.772;4000;11333004608;S
20241023;203731;3.772;1100;11333004609;S
20241023;203731;3.772;900;11333004610;S
20241023;203731;3.772;900;11333004611;S
20241023;203731;3.772;1000;11333004612;S
20241023;203731;3.772;1600;11333004613;S
20241023;203731;3.772;12000;11333004614;S
20241023;203731;3.7715;100;11333004615;S
20241023;203731;3.7715;400;11333004616;S
20241023;203731;3.771;800;11333004617;S
20241023;203736;3.771;200;11333004806;S
20241023;203736;3.771;300;11333004807;S
20241023;203736;3.771;400;11333004808;S
20241023;203736;3.771;1600;11333004809;S
20241023;203736;3.771;600;11333004810;S
20241023;203736;3.771;1600;11333004811;S
20241023;203736;3.771;1300;11333004812;S
20241023;203736;3.771;800;11333004813;S
20241023;203736;3.771;1100;11333004814;S
20241023;203736;3.771;500;11333004815;S
20241023;203736;3.771;1200;11333004816;S
20241023;203736;3.771;1100;11333004817;S
20241023;203736;3.771;5700;11333004818;S
20241023;203736;3.771;2100;11333004819;S
20241023;203736;3.771;600;11333004820;S
20241023;203736;3.771;1600;11333004821;S
20241023;203736;3.771;1700;11333004822;S
20241023;203736;3.771;1700;11333004823;S
20241023;203736;3.7725;2000;11333004826;B
20241023;203736;3.7725;100;11333004835;B
20241023;203740;3.772;200;11333004972;S
20241023;203740;3.7715;1100;11333004973;S
20241023;203740;3.771;2400;11333004974;S
20241023;203740;3.771;300;11333004975;S
20241023;203740;3.771;200;11333004976;S
20241023;203740;3.771;2200;11333004977;S
20241023;203740;3.771;1000;11333004978;S
20241023;203740;3.771;500;11333004979;S
20241023;203740;3.771;2500;11333004980;S
20241023;203740;3.771;1400;11333004981;S
20241023;203740;3.771;1000;11333004982;S
20241023;203740;3.771;2300;11333004983;S
20241023;203740;3.771;800;11333004984;S
20241023;203740;3.771;1500;11333004985;S
20241023;203740;3.771;100;11333004986;S
20241023;203740;3.771;2700;11333004987;S
20241023;203740;3.771;1300;11333004988;S
20241023;203740;3.771;900;11333004989;S
20241023;203740;3.771;300;11333004990;S
20241023;203740;3.771;100;11333004991;S
20241023;203744;3.7705;100;11333005102;S
20241023;203744;3.7705;1000;11333005103;S
20241023;203744;3.7705;500;11333005104;S
20241023;203744;3.7705;77800;11333005105;S
20241023;203744;3.7705;2200;11333005134;S
20241023;203744;3.77;200;11333005135;S
20241023;203744;3.77;500;11333005136;S
20241023;203744;3.77;10000;11333005137;S
20241023;203744;3.77;100;11333005138;S
20241023;203744;3.77;11100;11333005139;S
20241023;203744;3.77;400;11333005140;S
20241023;203744;3.77;100;11333005141;S
20241023;203744;3.77;1000;11333005142;S
20241023;203744;3.77;5000;11333005143;S
20241023;203744;3.77;1000;11333005144;S
20241023;203744;3.77;100;11333005145;S
20241023;203744;3.77;500;11333005146;S
20241023;203744;3.77;500;11333005147;S
20241023;203744;3.77;100;11333005148;S
20241023;203744;3.77;39900;11333005149;S
20241023;203744;3.77;100;11333005150;S
20241023;203744;3.77;500;11333005151;S
20241023;203744;3.77;100;11333005152;S
20241023;203744;3.77;100;11333005153;S
20241023;203744;3.77;100;11333005154;S
20241023;203744;3.77;100;11333005155;S
20241023;203744;3.77;500;11333005156;S
20241023;203744;3.77;100;11333005157;S
20241023;203744;3.77;50000;11333005158;S
20241023;203744;3.77;200;11333005159;S
20241023;203744;3.77;4400;11333005160;S
20241023;203744;3.77;300;11333005161;S
20241023;203744;3.77;100;11333005162;S
20241023;203744;3.77;100;11333005163;S
20241023;203744;3.77;100;11333005164;S
20241023;203744;3.77;300;11333005165;S
20241023;203744;3.7695;100;11333005166;S
20241023;203744;3.7695;12400;11333005167;S
20241023;203744;3.769;200;11333005168;S
20241023;203744;3.7685;7000;11333005169;S
20241023;203744;3.768;600;11333005170;S
20241023;203744;3.768;2400;11333005171;S
20241023;203744;3.768;28900;11333005172;S
20241023;203744;3.768;47700;11333005173;S
20241023;203744;3.7675;23900;11333005174;S
20241023;203744;3.767;50000;11333005175;S
20241023;203744;3.767;100;11333005176;S
20241023;203744;3.767;1000;11333005177;S
20241023;203744;3.767;70000;11333005178;S
20241023;203744;3.767;1600;11333005179;S
20241023;203744;3.767;24300;11333005180;S
20241023;203745;3.768;400;11333005191;S
20241023;203745;3.769;500;11333005192;B
20241023;203745;3.768;1300;11333005196;S
20241023;203745;3.769;200;11333005198;B
20241023;203745;3.768;400;11333005204;S
20241023;203745;3.767;67600;11333005205;S
20241023;203745;3.769;11700;11333005206;B
20241023;203745;3.769;3300;11333005207;B
20241023;203745;3.769;300;11333005209;B
20241023;203745;3.768;100;11333005210;S
20241023;203745;3.767;100;11333005211;S
20241023;203745;3.768;100;11333005213;S
20241023;203745;3.767;12300;11333005214;S
20241023;203745;3.7665;5000;11333005215;S
20241023;203745;3.7665;10000;11333005216;B
20241023;203745;3.7665;20000;11333005217;B
20241023;203745;3.7665;200;11333005218;B
20241023;203745;3.766;500;11333005219;S
20241023;203745;3.766;200;11333005220;S
20241023;203745;3.765;400;11333005221;S
20241023;203745;3.765;200;11333005222;S
20241023;203745;3.765;500;11333005223;S
20241023;203745;3.765;100;11333005224;S
20241023;203745;3.765;2700;11333005225;S
20241023;203745;3.765;300;11333005226;S
20241023;203745;3.764;100;11333005227;S
20241023;203745;3.766;800;11333005228;B
20241023;203745;3.7665;200;11333005229;B
20241023;203745;3.7665;33400;11333005230;B
20241023;203745;3.7665;2000;11333005231;B
20241023;203745;3.7665;12400;11333005232;B
20241023;203745;3.7685;200;11333005234;B
20241023;203745;3.7695;100;11333005235;B
20241023;203745;3.7685;200;11333005236;S
20241023;203745;3.768;200;11333005237;B
20241023;203745;3.768;200;11333005239;B
20241023;203745;3.767;2500;11333005241;S
20241023;203745;3.7665;7500;11333005242;S
20241023;203745;3.766;8000;11333005243;S
20241023;203745;3.768;300;11333005244;B
20241023;203745;3.766;2000;11333005247;S
20241023;203745;3.766;12400;11333005248;S
20241023;203745;3.7655;28900;11333005249;S
20241023;203745;3.7655;400;11333005250;S
20241023;203745;3.7655;16300;11333005251;S
20241023;203745;3.768;100;11333005252;B
20241023;203745;3.768;100;11333005253;B
20241023;203745;3.768;100;11333005254;B
20241023;203745;3.7665;100;11333005256;S
20241023;203745;3.766;12400;11333005257;S
20241023;203745;3.7655;1000;11333005258;S
20241023;203745;3.7655;41500;11333005259;S
20241023;203746;3.7675;300;11333005262;B
20241023;203746;3.7655;400;11333005263;S
20241023;203746;3.7675;12100;11333005264;B
20241023;203746;3.7675;9000;11333005265;B
20241023;203746;3.7675;2000;11333005266;B
20241023;203746;3.768;2400;11333005267;B
20241023;203746;3.7685;1000;11333005268;B
20241023;203746;3.7685;70000;11333005269;B
20241023;203746;3.7695;800;11333005270;B
20241023;203746;3.77;1000;11333005271;B
20241023;203746;3.77;24800;11333005272;S
20241023;203746;3.77;400;11333005273;S
20241023;203746;3.77;1400;11333005275;S
20241023;203746;3.77;1500;11333005279;S
20241023;203746;3.77;2900;11333005283;S
20241023;203746;3.77;10900;11333005284;S
20241023;203746;3.77;1000;11333005287;S
20241023;203746;3.77;700;11333005288;S
20241023;203746;3.77;500;11333005289;S
20241023;203746;3.77;800;11333005290;S
20241023;203746;3.77;1600;11333005291;S
20241023;203746;3.77;1400;11333005292;S
20241023;203746;3.77;1100;11333005293;S
20241023;203746;3.77;1000;11333005294;S
20241023;203746;3.77;1100;11333005295;S
20241023;203746;3.77;100;11333005296;S
20241023;203746;3.77;1800;11333005297;S
20241023;203747;3.7705;100;11333005310;B
20241023;203747;3.7705;100;11333005322;B
20241023;203748;3.7705;1000;11333005349;B
20241023;203749;3.7705;100;11333005442;B
20241023;203752;3.77;2700;11333005574;S
20241023;203754;3.77;300;11333005640;S
20241023;203806;3.7705;100;11333005964;B
20241023;203806;3.7715;100;11333005972;B
20241023;203827;3.77;5900;11333006715;S
20241023;203828;3.7715;400;11333006763;B
20241023;203833;3.77;9000;11333006921;S
20241023;203833;3.77;9000;11333006953;S
20241023;203833;3.77;9000;11333006979;S
20241023;203849;3.77;3000;11333007765;S
20241023;203856;3.771;100;11333007977;B
20241023;203856;3.771;300;11333007980;B
20241023;203857;3.771;200;11333008045;B
20241023;203906;3.7705;500;11333008441;B
20241023;203907;3.77;100;11333008474;S
20241023;203913;3.77;9000;11333009047;S
20241023;203913;3.77;700;11333009134;S
20241023;203913;3.77;8300;11333009135;S
20241023;203913;3.77;9000;11333009183;S
20241023;203920;3.7705;200;11333009745;B
20241023;203934;3.7705;12000;11333011076;B
20241023;203938;3.77;3000;11333011292;S
20241023;203948;3.7705;200;11333011844;B
20241023;204001;3.7705;100;11333012780;B
20241023;204012;3.7705;100;11333013157;B
20241023;204012;3.7705;100;11333013158;B
20241023;204017;3.77;2700;11333013693;S
20241023;204052;3.7705;2000;11333016284;B
20241023;204056;3.7705;500;11333016613;B
20241023;204112;3.7705;500;11333017062;B
20241023;204118;3.7705;100;11333017233;B
20241023;204120;3.77;2000;11333017304;S
20241023;204120;3.77;100;11333017305;S
20241023;204120;3.77;100;11333017306;S
20241023;204120;3.77;300;11333017307;S
20241023;204120;3.77;200;11333017308;S
20241023;204124;3.7705;100;11333017459;B
20241023;204130;3.7705;100;11333018111;B
20241023;204141;3.7705;500;11333019253;B
20241023;204145;3.7705;200;11333019438;B
20241023;204157;3.7705;17000;11333020374;B
20241023;204222;3.771;100;11333021614;B
20241023;204222;3.771;100;11333021625;B
20241023;204226;3.7705;2700;11333021725;S
20241023;204301;3.771;9300;11333023523;B
20241023;204301;3.771;4400;11333023524;B
20241023;204301;3.771;1300;11333023525;B
20241023;204301;3.771;85000;11333023526;B
20241023;204303;3.771;100000;11333023554;B
20241023;204307;3.771;100;11333023653;B
20241023;204307;3.7705;1000;11333023700;S
20241023;204314;3.771;10100;11333023979;B
20241023;204318;3.771;1000;11333024341;B
20241023;204319;3.771;3800;11333024386;B
20241023;204319;3.771;1200;11333024387;B
20241023;204325;3.773;200;11333024800;B
20241023;204326;3.774;300;11333024837;B
20241023;204327;3.774;100;11333024881;B
20241023;204338;3.774;5500;11333025133;B
20241023;204345;3.772;400;11333025278;S
20241023;204351;3.7735;47700;11333025531;B
20241023;204351;3.774;2300;11333025532;B
20241023;204400;3.7735;100;11333025734;B
20241023;204404;3.7735;200;11333025823;B
20241023;204413;3.7735;4300;11333026032;B
20241023;204431;3.772;300;11333027355;S
20241023;204435;3.7735;30000;11333027539;B
20241023;204504;3.773;100;11333033861;B
20241023;204504;3.773;3600;11333033862;B
20241023;204504;3.774;9000;11333033863;B
20241023;204504;3.775;17300;11333033864;B
20241023;204505;3.7735;100;11333033913;S
20241023;204513;3.7735;600;11333034201;S
20241023;204516;3.7735;5400;11333034250;S
20241023;204516;3.7755;500;11333034265;B
20241023;204524;3.7755;10000;11333034767;B
20241023;204532;3.7755;200;11333035749;B
20241023;204533;3.7755;100;11333035796;B
20241023;204552;3.7735;9000;11333036580;S
20241023;204554;3.774;5000;11333036964;B
20241023;204554;3.774;3200;11333037013;B
20241023;204554;3.7745;3200;11333037014;B
20241023;204554;3.7745;47600;11333037015;B
20241023;204554;3.7745;2000;11333037016;B
20241023;204554;3.775;12400;11333037017;B
20241023;204554;3.775;9000;11333037018;B
20241023;204554;3.7755;200;11333037019;B
20241023;204601;3.7755;5400;11333037551;S
20241023;204605;3.7755;200;11333037712;S
20241023;204617;3.776;1000;11333038150;B
20241023;204621;3.7755;5400;11333038235;S
20241023;204631;3.776;100;11333038469;B
20241023;204643;3.7755;9100;11333038811;S
20241023;204643;3.776;600;11333038848;B
20241023;204656;3.7755;1500;11333039095;S
20241023;204659;3.7755;20000;11333039164;S
20241023;204659;3.7755;17200;11333039260;S
20241023;204700;3.776;900;11333039335;B
20241023;204705;3.776;100;11333039441;B
20241023;204709;3.7755;6100;11333039675;S
20241023;204713;3.776;2900;11333039878;B
20241023;204713;3.776;7100;11333039879;B
20241023;204717;3.7755;30000;11333040004;S
20241023;204726;3.7755;5400;11333040282;S
20241023;204730;3.7755;20000;11333040620;S
20241023;204730;3.7755;2100;11333040890;S
20241023;204730;3.7755;300;11333040891;S
20241023;204730;3.7755;400;11333040892;S
20241023;204730;3.7755;200;11333040893;S
20241023;204730;3.7755;200;11333040894;S
20241023;204730;3.7755;100;11333040895;S
20241023;204730;3.775;100;11333040896;S
20241023;204730;3.7735;8800;11333040897;S
20241023;204732;3.774;200;11333041261;B
20241023;204733;3.7735;9100;11333041393;S
20241023;204741;3.774;5000;11333041735;B
20241023;204824;3.7735;2000;11333044158;S
20241023;204824;3.7735;10400;11333044181;S
20241023;204824;3.7735;1000;11333044182;S
20241023;204827;3.7715;1200;11333044345;B
20241023;204827;3.771;1400;11333044346;S
20241023;204827;3.7705;1500;11333044347;S
20241023;204827;3.7705;100;11333044348;S
20241023;204827;3.7705;100;11333044349;S
20241023;204827;3.7705;100;11333044350;S
20241023;204827;3.7705;100;11333044351;S
20241023;204827;3.7705;2500;11333044352;S
20241023;204827;3.7705;100;11333044353;S
20241023;204827;3.7705;500;11333044354;S
20241023;204829;3.77;800;11333044474;S
20241023;204829;3.77;500;11333044475;S
20241023;204829;3.77;500;11333044476;S
20241023;204829;3.77;200;11333044477;S
20241023;204829;3.77;7100;11333044478;S
20241023;204830;3.77;2900;11333044547;S
20241023;204830;3.77;2000;11333044548;S
20241023;204830;3.77;100;11333044549;S
20241023;204830;3.77;100;11333044550;S
20241023;204830;3.77;5000;11333044551;S
20241023;204830;3.77;300;11333044552;S
20241023;204830;3.77;100;11333044553;S
20241023;204830;3.77;3300;11333044554;S
20241023;204830;3.77;100;11333044555;S
20241023;204830;3.77;100;11333044556;S
20241023;204830;3.77;100;11333044557;S
20241023;204830;3.77;2100;11333044558;S
20241023;204833;3.77;200;11333044614;S
20241023;204849;3.77;2700;11333045465;S
20241023;204849;3.77;100;11333045466;S
20241023;204849;3.77;200;11333045467;S
20241023;204849;3.77;1000;11333045468;S
20241023;204850;3.77;600;11333045504;S
20241023;204850;3.7695;100;11333045505;S
20241023;204850;3.7695;100;11333045506;S
20241023;204850;3.769;3000;11333045507;S
20241023;204850;3.769;500;11333045508;S
20241023;204850;3.7685;1400;11333045509;S
20241023;204858;3.768;700;11333045950;S
20241023;204900;3.768;1300;11333046044;S
20241023;204900;3.768;100;11333046045;S
20241023;204900;3.768;1000;11333046046;S
20241023;204900;3.7675;7000;11333046047;S
20241023;204900;3.7675;100;11333046048;S
20241023;204900;3.767;100;11333046049;S
20241023;204900;3.767;1000;11333046050;S
20241023;204900;3.767;100;11333046051;S
20241023;204900;3.767;100000;11333046052;S
20241023;204900;3.767;100;11333046053;S
20241023;204900;3.7665;200;11333046054;S
20241023;204900;3.7665;200;11333046055;S
20241023;204900;3.7665;100;11333046056;S
20241023;204900;3.7665;100;11333046057;S
20241023;204900;3.766;40000;11333046058;S
20241023;204900;3.766;200;11333046059;S
20241023;204900;3.766;70000;11333046060;S
20241023;204900;3.766;3400;11333046061;S
20241023;204900;3.766;100;11333046062;S
20241023;204900;3.7655;1000;11333046063;S
20241023;204900;3.7655;200;11333046064;S
20241023;204900;3.7655;200;11333046065;S
20241023;204900;3.7655;200;11333046066;S
20241023;204900;3.7655;100;11333046067;S
20241023;204900;3.7655;12400;11333046068;S
20241023;204900;3.765;500;11333046069;S
20241023;204900;3.765;200;11333046070;S
20241023;204900;3.765;900;11333046071;S
20241023;204900;3.765;100;11333046072;S
20241023;204900;3.765;5000;11333046073;S
20241023;204900;3.765;200;11333046074;S
20241023;204900;3.765;100;11333046075;S
20241023;204900;3.765;1000;11333046076;S
20241023;204900;3.7645;100;11333046077;S
20241023;204900;3.7645;100;11333046078;S
20241023;204900;3.7645;100;11333046079;S
20241023;204900;3.7645;5000;11333046080;S
20241023;204900;3.7645;47500;11333046081;S
20241023;204900;3.764;100;11333046083;S
20241023;204900;3.7635;1000;11333046084;S
20241023;204900;3.7635;100;11333046085;S
20241023;204900;3.7635;2400;11333046086;S
20241023;204900;3.763;3400;11333046087;S
20241023;204900;3.763;2000;11333046088;B
20241023;204900;3.763;400;11333046091;B
20241023;204904;3.763;200;11333046326;B
20241023;204904;3.763;1300;11333046335;B
20241023;204904;3.763;400;11333046336;B
20241023;204904;3.763;1900;11333046337;B
20241023;204904;3.7625;200;11333046339;S
20241023;204909;3.763;100;11333046466;B
20241023;204909;3.763;400;11333046467;B
20241023;204909;3.763;100;11333046470;B
20241023;204909;3.763;200;11333046471;B
20241023;204909;3.763;200;11333046472;B
20241023;204909;3.763;100;11333046476;B
20241023;204910;3.763;100;11333046478;B
20241023;204910;3.7625;800;11333046564;S
20241023;204910;3.762;500;11333046565;S
20241023;204910;3.762;6900;11333046566;S
20241023;204911;3.7625;100;11333046616;B
20241023;204911;3.7625;200;11333046655;B
20241023;204912;3.7625;100;11333046693;B
20241023;204913;3.762;2000;11333046729;S
20241023;204917;3.762;900;11333047046;S
20241023;204918;3.762;1000;11333047111;S
20241023;204927;3.7625;100;11333047368;B
20241023;204936;3.7625;25100;11333047944;B
20241023;204936;3.7625;3500;11333047945;B
20241023;204951;3.7625;21400;11333048420;S
20241023;204957;3.7625;1600;11333049069;B
20241023;204957;3.763;3600;11333049070;B
20241023;204957;3.763;14800;11333049071;B
20241023;204957;3.763;12400;11333049072;S
20241023;204957;3.763;600;11333049073;S
20241023;205000;3.763;400;11333049218;B
20241023;205000;3.763;400;11333049223;B
20241023;205028;3.7625;100;11333050222;S
20241023;205031;3.763;100;11333050282;B
20241023;205031;3.763;100;11333050429;B
20241023;205033;3.763;100;11333050572;B
20241023;205035;3.7625;4900;11333050676;S
20241023;205035;3.7625;200;11333050677;S
20241023;205035;3.7625;100;11333050678;S
20241023;205038;3.7625;200;11333050762;B
20241023;205041;3.7625;8200;11333050874;B
20241023;205042;3.763;100;11333050951;B
20241023;205051;3.765;3100;11333051347;B
20241023;205051;3.765;200;11333051348;B
20241023;205106;3.763;2500;11333051940;S
20241023;205138;3.765;600;11333053137;B
20241023;205138;3.765;2800;11333053138;B
20241023;205138;3.765;1000;11333053139;B
20241023;205138;3.765;400;11333053140;B
20241023;205148;3.765;200;11333053472;B
20241023;205153;3.7635;4000;11333053593;S
20241023;205246;3.765;100;11333055436;B
20241023;205302;3.765;200;11333055860;B
20241023;205303;3.765;200;11333055880;B
20241023;205303;3.765;1800;11333055881;B
20241023;205317;3.765;300;11333056282;B
20241023;205321;3.764;100;11333056425;S
20241023;205334;3.765;3400;11333056695;B
20241023;205339;3.764;400;11333056834;S
20241023;205339;3.764;5600;11333056835;S
20241023;205339;3.764;2000;11333056836;S
20241023;205339;3.764;2000;11333056837;S
20241023;205339;3.7635;100;11333056838;S
20241023;205339;3.7635;200;11333056839;S
20241023;205339;3.7635;300;11333056840;S
20241023;205339;3.7635;100;11333056841;S
20241023;205339;3.7635;3100;11333056842;S
20241023;205339;3.7635;100;11333056843;S
20241023;205339;3.7635;12400;11333056844;S
20241023;205339;3.7635;13800;11333056845;S
20241023;205339;3.763;200;11333056846;S
20241023;205339;3.763;600;11333056847;S
20241023;205339;3.763;100;11333056848;S
20241023;205339;3.763;200;11333056849;S
20241023;205339;3.763;3100;11333056850;S
20241023;205339;3.763;1000;11333056851;S
20241023;205339;3.763;700;11333056852;S
20241023;205339;3.7625;28900;11333056853;S
20241023;205339;3.7625;300;11333056854;S
20241023;205339;3.762;1700;11333056855;S
20241023;205339;3.762;100;11333056856;S
20241023;205339;3.762;5000;11333056857;S
20241023;205339;3.762;1200;11333056858;S
20241023;205339;3.762;1200;11333056859;S
20241023;205339;3.762;47800;11333056860;S
20241023;205339;3.762;200;11333056861;S
20241023;205339;3.7615;500;11333056862;S
20241023;205339;3.7615;100;11333056863;S
20241023;205339;3.7615;700;11333056864;S
20241023;205339;3.7615;500;11333056865;S
20241023;205339;3.761;100;11333056866;S
20241023;205339;3.761;700;11333056867;S
20241023;205340;3.762;600;11333056873;S
20241023;205340;3.762;4900;11333056879;S
20241023;205340;3.7625;200;11333056890;B
20241023;205406;3.7625;100;11333057572;B
20241023;205425;3.7625;100;11333058036;B
20241023;205425;3.7625;400;11333058041;B
20241023;205427;3.7625;1000;11333058088;B
20241023;205429;3.762;100;11333058114;S
20241023;205429;3.762;100;11333058115;S
20241023;205430;3.7625;500;11333058139;B
20241023;205440;3.7625;1800;11333058358;B
20241023;205442;3.762;300;11333058393;S
20241023;205442;3.762;100;11333058394;S
20241023;205442;3.762;1700;11333058395;S
20241023;205445;3.7625;700;11333058481;B
20241023;205506;3.7625;1300;11333059024;B
20241023;205513;3.7625;100;11333059249;B
20241023;205520;3.7625;100;11333059450;B
20241023;205520;3.7625;2400;11333059451;B
20241023;205520;3.763;400;11333059452;B
20241023;205521;3.764;700;11333059457;B
20241023;205523;3.762;100;11333059512;S
20241023;205533;3.763;800;11333059849;B
20241023;205534;3.7625;100;11333059852;S
20241023;205538;3.7625;1300;11333059974;S
20241023;205555;3.763;500;11333060392;B
20241023;205605;3.763;500;11333060738;B
20241023;205610;3.763;1000;11333060865;B
20241023;205613;3.763;300;11333060952;B
20241023;205622;3.7625;1600;11333061259;S
20241023;205622;3.7625;100;11333061260;S
20241023;205622;3.7625;1000;11333061261;S
20241023;205622;3.7625;100;11333061262;S
20241023;205622;3.7625;100;11333061263;S
20241023;205622;3.762;200;11333061264;S
20241023;205622;3.762;400;11333061265;S
20241023;205622;3.762;200;11333061266;S
20241023;205623;3.763;500;11333061325;B
20241023;205628;3.763;200;11333061458;B
20241023;205641;3.763;100;11333061803;B
20241023;205645;3.763;100;11333061944;B
20241023;205656;3.763;400;11333062207;B
20241023;205656;3.763;1700;11333062208;B
20241023;205656;3.763;500;11333062209;B
20241023;205708;3.762;100;11333062437;S
20241023;205719;3.763;1600;11333062786;B
20241023;205719;3.7635;1100;11333062787;B
20241023;205719;3.764;300;11333062788;B
20241023;205726;3.764;1400;11333062932;B
20241023;205726;3.765;24200;11333062933;B
20241023;205732;3.764;1300;11333063123;B
20241023;205732;3.765;100;11333063124;B
20241023;205732;3.7655;600;11333063125;B
20241023;205749;3.7635;900;11333063693;S
20241023;205749;3.7635;800;11333063694;S
20241023;205749;3.7635;800;11333063695;S
20241023;205749;3.7635;800;11333063696;S
20241023;205749;3.7635;2000;11333063697;S
20241023;205749;3.7635;2000;11333063698;S
20241023;205749;3.763;7900;11333063699;S
20241023;205751;3.762;5100;11333063882;S
20241023;205754;3.764;2100;11333063977;B
20241023;205756;3.764;100;11333064024;B
20241023;205759;3.764;5100;11333064096;B
20241023;205837;3.764;200;11333065117;B
20241023;205846;3.764;1100;11333065350;B
20241023;205846;3.7645;2500;11333065351;B
20241023;205846;3.765;300;11333065352;B
20241023;205911;3.762;100;11333065883;S
20241023;205917;3.764;100;11333066017;B
20241023;205929;3.7635;300;11333066302;S
20241023;205936;3.764;500;11333066468;B
20241023;205937;3.764;300;11333066492;B
20241023;210001;3.7635;100;11333067021;S
20241023;210002;3.764;900;11333067058;B
20241023;210002;3.765;500;11333067059;B
20241023;210002;3.7655;12400;11333067060;B
20241023;210002;3.7665;400;11333067061;B
20241023;210002;3.7665;28600;11333067062;B
20241023;210006;3.764;100;11333067190;S
20241023;210006;3.7635;1100;11333067191;S
20241023;210006;3.763;1800;11333067192;S
20241023;210006;3.763;3300;11333067193;S
20241023;210006;3.7625;300;11333067199;S
20241023;210007;3.7625;2800;11333067204;S
20241023;210008;3.7625;9300;11333067218;S
20241023;210008;3.762;1000;11333067219;S
20241023;210008;3.762;100;11333067220;S
20241023;210008;3.762;100;11333067221;S
20241023;210008;3.762;4900;11333067222;S
20241023;210008;3.762;200;11333067223;S
20241023;210008;3.762;100;11333067224;S
20241023;210008;3.762;300;11333067225;S
20241023;210008;3.762;1800;11333067226;S
20241023;210009;3.762;6500;11333067236;S
20241023;210009;3.7615;2500;11333067237;S
20241023;210012;3.7635;100;11333067344;B
20241023;210014;3.7635;700;11333067446;B
20241023;210024;3.7635;1000;11333067667;B
20241023;210035;3.7615;200;11333068960;S
20241023;210035;3.7615;1000;11333068961;S
20241023;210035;3.761;12000;11333068962;S
20241023;210119;3.763;100;11333070133;B
20241023;210138;3.761;8100;11333070664;S
20241023;210151;3.7615;100;11333071011;S
20241023;210151;3.761;5000;11333071012;S
20241023;210156;3.763;200;11333071175;B
20241023;210156;3.761;13100;11333071225;S
20241023;210220;3.761;1100;11333071728;S
20241023;210220;3.761;100;11333071729;S
20241023;210220;3.761;500;11333071730;S
20241023;210220;3.761;1000;11333071731;S
20241023;210220;3.761;500;11333071732;S
20241023;210220;3.761;600;11333071733;S
20241023;210220;3.761;1000;11333071734;S
20241023;210220;3.7605;100;11333071735;S
20241023;210220;3.7605;100;11333071736;S
20241023;210220;3.7605;700;11333071737;S
20241023;210220;3.7605;400;11333071738;S
20241023;210220;3.7605;500;11333071776;S
20241023;210221;3.7605;7000;11333071784;S
20241023;210221;3.7605;22100;11333071826;S
20241023;210221;3.76;500;11333071827;S
20241023;210221;3.76;300;11333071828;S
20241023;210221;3.76;100;11333071829;S
20241023;210221;3.76;100;11333071830;S
20241023;210221;3.76;100;11333071831;S
20241023;210221;3.76;1000;11333071832;S
20241023;210221;3.76;800;11333071833;S
20241023;210221;3.76;300;11333071834;S
20241023;210221;3.76;100;11333071835;S
20241023;210221;3.76;300;11333071836;S
20241023;210221;3.76;5000;11333071837;S
20241023;210221;3.76;1000;11333071838;S
20241023;210221;3.76;200;11333071839;S
20241023;210221;3.76;100;11333071840;S
20241023;210221;3.76;2000;11333071841;S
20241023;210221;3.76;100;11333071842;S
20241023;210221;3.76;100;11333071843;S
20241023;210221;3.76;100;11333071844;S
20241023;210221;3.76;200;11333071845;S
20241023;210221;3.76;10000;11333071846;S
20241023;210221;3.76;100;11333071847;S
20241023;210221;3.76;1000;11333071848;S
20241023;210221;3.76;100;11333071849;S
20241023;210221;3.76;100;11333071850;S
20241023;210221;3.76;1000;11333071851;S
20241023;210221;3.76;3000;11333071852;S
20241023;210221;3.7595;100;11333071853;S
20241023;210221;3.7595;100;11333071854;S
20241023;210221;3.759;1000;11333071855;S
20241023;210221;3.759;1000;11333071856;S
20241023;210221;3.759;100;11333071857;S
20241023;210221;3.759;16000;11333071858;S
20241023;210221;3.7585;100;11333071859;S
20241023;210221;3.7585;500;11333071860;S
20241023;210221;3.7585;100;11333071861;S
20241023;210221;3.7585;1100;11333071862;S
20241023;210221;3.758;100;11333071867;S
20241023;210221;3.758;100;11333071868;S
20241023;210221;3.758;500;11333071869;S
20241023;210221;3.758;100;11333071870;S
20241023;210221;3.758;100;11333071871;S
20241023;210221;3.758;100;11333071872;S
20241023;210221;3.758;3000;11333071873;S
20241023;210221;3.758;4000;11333071893;S
20241023;210221;3.7585;200;11333071896;B
20241023;210221;3.758;700;11333071898;S
20241023;210222;3.7585;100;11333071923;B
20241023;210222;3.758;5300;11333071924;S
20241023;210222;3.758;6800;11333071925;S
20241023;210222;3.758;500;11333071928;S
20241023;210222;3.7585;200;11333071932;B
20241023;210222;3.7585;200;11333071933;B
20241023;210222;3.7585;200;11333071939;B
20241023;210222;3.7585;200;11333071940;B
20241023;210222;3.7585;200;11333071941;B
20241023;210222;3.7585;100;11333071946;B
20241023;210222;3.7585;200;11333071947;B
20241023;210222;3.7585;10000;11333071949;B
20241023;210222;3.758;11700;11333071950;S
20241023;210222;3.758;100;11333071951;S
20241023;210222;3.7575;4000;11333071952;S
20241023;210222;3.7575;100;11333071953;S
20241023;210222;3.7575;2000;11333071954;S
20241023;210222;3.7575;700;11333071955;S
20241023;210222;3.7575;200;11333071956;S
20241023;210222;3.7575;300;11333071957;S
20241023;210222;3.7575;100;11333071958;S
20241023;210222;3.757;2100;11333071959;S
20241023;210222;3.757;100;11333071960;S
20241023;210222;3.757;1000;11333071961;S
20241023;210222;3.757;1000;11333071962;S
20241023;210222;3.757;1000;11333071963;S
20241023;210222;3.757;100;11333071964;S
20241023;210222;3.7565;6000;11333071965;S
20241023;210222;3.7565;6400;11333071966;S
20241023;210222;3.756;3000;11333071967;S
20241023;210222;3.756;100;11333071968;S
20241023;210222;3.756;100;11333071969;S
20241023;210222;3.756;100;11333071970;S
20241023;210222;3.756;100;11333071971;S
20241023;210222;3.7555;15000;11333071972;S
20241023;210222;3.7555;100;11333071973;S
20241023;210222;3.7555;1100;11333071974;S
20241023;210222;3.756;500;11333071975;B
20241023;210222;3.756;100;11333071976;B
20241023;210222;3.756;36000;11333071977;B
20241023;210222;3.756;8200;11333071978;B
20241023;210222;3.756;100;11333072009;B
20241023;210222;3.7555;7500;11333072088;S
20241023;210222;3.7555;5000;11333072089;S
20241023;210222;3.7555;1700;11333072090;S
20241023;210222;3.756;100;11333072127;B
20241023;210222;3.756;2800;11333072132;B
20241023;210222;3.7565;37200;11333072133;B
20241023;210222;3.7565;500;11333072134;B
20241023;210222;3.7565;100;11333072135;B
20241023;210222;3.7565;100;11333072136;B
20241023;210223;3.7565;200;11333072173;B
20241023;210223;3.7565;200;11333072174;B
20241023;210223;3.7565;200;11333072175;B
20241023;210223;3.7565;200;11333072176;B
20241023;210223;3.7565;100;11333072177;B
20241023;210223;3.7565;5000;11333072180;B
20241023;210223;3.7565;3000;11333072181;B
20241023;210232;3.7565;400;11333072449;B
20241023;210232;3.756;1000;11333072450;S
20241023;210232;3.756;100;11333072451;S
20241023;210235;3.756;200;11333072576;B
20241023;210250;3.756;100;11333073039;B
20241023;210257;3.756;100;11333073235;B
20241023;210257;3.756;200;11333073236;B
20241023;210258;3.756;1000;11333073277;B
20241023;210302;3.756;1000;11333073406;B
20241023;210302;3.756;100;11333073407;B
20241023;210311;3.756;1000;11333073615;B
20241023;210322;3.756;300;11333073772;B
20241023;210327;3.756;44300;11333073852;B
20241023;210333;3.7565;100;11333074037;B
20241023;210333;3.7565;100;11333074048;B
20241023;210352;3.756;300;11333074560;S
20241023;210354;3.7565;100;11333074663;B
20241023;210355;3.7565;1000;11333074677;B
20241023;210403;3.7565;700;11333074878;B
20241023;210412;3.7565;5000;11333075057;B
20241023;210412;3.7565;100;11333075058;B
20241023;210420;3.7565;200;11333075189;B
20241023;210421;3.7565;10000;11333075201;B
20241023;210427;3.7565;100;11333075318;B
20241023;210430;3.756;700;11333075379;S
20241023;210433;3.7565;1600;11333075444;B
20241023;210454;3.756;700;11333075840;S
20241023;210454;3.756;100;11333075841;S
20241023;210454;3.756;500;11333075842;S
20241023;210454;3.756;200;11333075843;S
20241023;210454;3.756;300;11333075844;S
20241023;210454;3.756;900;11333075845;S
20241023;210454;3.7555;1900;11333075846;S
20241023;210454;3.7555;100;11333075847;S
20241023;210454;3.7555;100;11333075848;S
20241023;210454;3.7555;300;11333075849;S
20241023;210455;3.7565;1000;11333075927;B
20241023;210459;3.7565;10000;11333075975;B
20241023;210520;3.7565;100;11333076391;B
20241023;210525;3.756;600;11333076501;S
20241023;210525;3.7555;100;11333076502;S
20241023;210525;3.7555;500;11333076503;S
20241023;210525;3.7555;2000;11333076504;S
20241023;210525;3.7555;200;11333076505;S
20241023;210525;3.755;100;11333076506;S
20241023;210525;3.755;100;11333076507;S
20241023;210525;3.755;5400;11333076508;S
20241023;210526;3.755;1000;11333076518;S
20241023;210538;3.7565;1000;11333076754;B
20241023;210546;3.756;100;11333076938;S
20241023;210547;3.7565;200;11333076942;B
20241023;210551;3.7565;100;11333077053;B
20241023;210630;3.7565;100;11333078069;B
20241023;210637;3.756;100;11333078541;S
20241023;210637;3.755;10000;11333078542;S
20241023;210637;3.755;70000;11333078543;S
20241023;210640;3.7565;300;11333078684;B
20241023;210650;3.755;300;11333078856;S
20241023;210652;3.7565;200;11333078946;B
20241023;210655;3.7565;200;11333079396;B
20241023;210701;3.7565;100;11333079541;B
20241023;210706;3.7565;200;11333079693;B
20241023;210713;3.755;300;11333079813;S
20241023;210751;3.755;200;11333081595;S
20241023;210800;3.7565;15400;11333081800;B
20241023;210800;3.7565;100;11333081801;B
20241023;210800;3.7565;300;11333081802;B
20241023;210800;3.7565;4200;11333081803;B
20241023;210819;3.7555;300;11333082456;B
20241023;210832;3.755;900;11333082986;S
20241023;210832;3.7555;100;11333082988;B
20241023;210855;3.7555;700;11333083965;B
20241023;210855;3.7555;100;11333083966;B
20241023;210855;3.755;61900;11333083971;S
20241023;210855;3.755;300;11333083972;S
20241023;210855;3.755;500;11333083973;S
20241023;210855;3.755;500;11333083974;S
20241023;210855;3.755;2400;11333083975;S
20241023;210855;3.755;100;11333083976;S
20241023;210855;3.755;200;11333083977;S
20241023;210855;3.755;200;11333083978;S
20241023;210855;3.755;200;11333083979;S
20241023;210855;3.755;1000;11333083980;S
20241023;210855;3.755;1500;11333083981;S
20241023;210855;3.755;200;11333083982;S
20241023;210855;3.755;94500;11333083983;S
20241023;210919;3.7555;500;11333085277;B
20241023;210919;3.755;5500;11333085299;S
20241023;210919;3.7545;100;11333085300;S
20241023;210919;3.754;300;11333085301;S
20241023;210919;3.754;200;11333085302;S
20241023;210919;3.754;5000;11333085303;S
20241023;210919;3.754;100;11333085304;S
20241023;210919;3.7525;100;11333085305;S
20241023;210919;3.7525;100;11333085306;S
20241023;210919;3.752;900;11333085307;S
20241023;210919;3.752;300;11333085308;S
20241023;210919;3.752;4500;11333085309;S
20241023;210919;3.752;40000;11333085310;S
20241023;210919;3.752;16000;11333085311;S
20241023;210919;3.752;12400;11333085312;S
20241023;210919;3.7515;5000;11333085313;S
20241023;210919;3.7515;700;11333085314;S
20241023;210919;3.7515;100;11333085315;S
20241023;210919;3.7515;600;11333085316;S
20241023;210919;3.7515;200;11333085317;S
20241023;210919;3.7515;2000;11333085318;S
20241023;210919;3.7515;100;11333085319;S
20241023;210919;3.7515;66000;11333085320;S
20241023;210919;3.751;15000;11333085321;S
20241023;210919;3.751;40000;11333085322;S
20241023;210919;3.751;40000;11333085323;S
20241023;210919;3.751;30000;11333085324;S
20241023;210919;3.751;300;11333085325;S
20241023;210919;3.751;200;11333085326;S
20241023;210919;3.751;100;11333085327;S
20241023;210919;3.751;8000;11333085328;S
20241023;210919;3.751;200;11333085329;S
20241023;210919;3.7505;100;11333085330;S
20241023;210919;3.7505;500;11333085331;S
20241023;210919;3.7505;100;11333085332;S
20241023;210919;3.7505;100;11333085333;S
20241023;210919;3.7505;100;11333085334;S
20241023;210919;3.7505;200;11333085335;S
20241023;210919;3.7505;1100;11333085336;S
20241023;210919;3.75;100;11333085337;S
20241023;210919;3.75;100;11333085338;S
20241023;210919;3.75;7000;11333085339;S
20241023;210919;3.75;100;11333085340;S
20241023;210919;3.75;5000;11333085341;S
20241023;210919;3.75;10000;11333085342;S
20241023;210919;3.75;100;11333085343;S
20241023;210919;3.75;100;11333085344;S
20241023;210919;3.75;500;11333085345;S
20241023;210919;3.75;100;11333085346;S
20241023;210919;3.75;100;11333085347;S
20241023;210919;3.75;100;11333085348;S
20241023;210919;3.75;1000;11333085349;S
20241023;210919;3.75;100;11333085350;S
20241023;210919;3.75;400;11333085351;S
20241023;210919;3.75;400;11333085352;S
20241023;210919;3.75;500;11333085353;S
20241023;210919;3.75;1000;11333085354;S
20241023;210919;3.75;100;11333085355;S
20241023;210919;3.75;200;11333085356;S
20241023;210919;3.75;10000;11333085357;S
20241023;210919;3.75;300;11333085358;S
20241023;210919;3.75;200;11333085359;S
20241023;210919;3.75;5000;11333085360;S
20241023;210919;3.75;100;11333085361;S
20241023;210919;3.75;100;11333085362;S
20241023;210919;3.75;200;11333085363;S
20241023;210919;3.75;100;11333085364;S
20241023;210919;3.75;2500;11333085365;S
20241023;210919;3.75;200;11333085366;S
20241023;210919;3.75;200;11333085367;S
20241023;210919;3.75;52100;11333085368;S
20241023;210919;3.7515;26000;11333085369;B
20241023;210919;3.75;1700;11333085374;S
20241023;210919;3.7515;13300;11333085375;B
20241023;210919;3.75;25000;11333085377;S
20241023;210920;3.7515;200;11333085383;B
20241023;210920;3.7515;200;11333085384;B
20241023;210920;3.7515;200;11333085385;B
20241023;210920;3.7515;200;11333085386;B
20241023;210920;3.7515;200;11333085388;B
20241023;210920;3.7515;200;11333085389;B
20241023;210920;3.7515;200;11333085390;B
20241023;210920;3.7515;200;11333085392;B
20241023;210920;3.751;1400;11333085394;S
20241023;210920;3.751;200;11333085395;S
20241023;210920;3.7505;600;11333085396;S
20241023;210920;3.75;21200;11333085397;S
20241023;210920;3.75;8000;11333085398;S
20241023;210920;3.75;100;11333085399;S
20241023;210920;3.75;100;11333085400;S
20241023;210920;3.75;8900;11333085401;S
20241023;210920;3.75;100;11333085402;S
20241023;210920;3.75;53300;11333085403;S
20241023;210920;3.75;2000;11333085404;S
20241023;210920;3.75;100;11333085405;S
20241023;210920;3.75;100;11333085406;S
20241023;210920;3.75;100;11333085407;S
20241023;210920;3.75;200;11333085408;S
20241023;210920;3.75;100;11333085409;S
20241023;210920;3.75;100;11333085410;S
20241023;210920;3.75;2000;11333085411;S
20241023;210920;3.75;500;11333085412;S
20241023;210920;3.75;3000;11333085413;S
20241023;210920;3.75;100;11333085414;S
20241023;210920;3.75;10000;11333085415;S
20241023;210920;3.75;100;11333085416;S
20241023;210920;3.75;100;11333085417;S
20241023;210920;3.75;400;11333085418;S
20241023;210920;3.75;100;11333085419;S
20241023;210920;3.75;500;11333085420;S
20241023;210920;3.75;100;11333085421;S
20241023;210920;3.75;100;11333085422;S
20241023;210920;3.75;100;11333085423;S
20241023;210920;3.75;1000;11333085424;S
20241023;210920;3.75;100;11333085425;S
20241023;210920;3.75;1000;11333085426;S
20241023;210920;3.75;2000;11333085427;S
20241023;210920;3.75;100;11333085428;S
20241023;210920;3.75;20000;11333085429;S
20241023;210920;3.75;100;11333085430;S
20241023;210920;3.75;6000;11333085431;S
20241023;210920;3.75;300;11333085432;S
20241023;210920;3.75;100;11333085433;S
20241023;210920;3.75;100;11333085434;S
20241023;210920;3.75;300;11333085435;S
20241023;210920;3.75;400;11333085436;S
20241023;210920;3.75;1000;11333085437;S
20241023;210920;3.75;200;11333085438;S
20241023;210920;3.75;100;11333085439;S
20241023;210920;3.75;100;11333085440;S
20241023;210920;3.75;100;11333085441;S
20241023;210920;3.75;1500;11333085442;S
20241023;210920;3.75;100;11333085443;S
20241023;210920;3.75;100;11333085444;S
20241023;210920;3.75;200;11333085445;S
20241023;210920;3.75;1000;11333085446;S
20241023;210920;3.75;100;11333085447;S
20241023;210920;3.75;200;11333085448;S
20241023;210920;3.75;3000;11333085449;S
20241023;210920;3.75;20000;11333085450;S
20241023;210920;3.75;100;11333085451;S
20241023;210920;3.75;100;11333085452;S
20241023;210920;3.75;100;11333085453;S
20241023;210920;3.75;1400;11333085454;S
20241023;210920;3.75;100;11333085455;S
20241023;210920;3.75;300;11333085456;S
20241023;210920;3.75;100;11333085457;S
20241023;210920;3.75;100;11333085458;S
20241023;210920;3.7495;100;11333085459;S
20241023;210920;3.7495;12400;11333085460;S
20241023;210920;3.749;100;11333085461;S
20241023;210920;3.749;1000;11333085462;S
20241023;210920;3.749;500;11333085463;S
20241023;210920;3.749;100;11333085464;S
20241023;210920;3.7485;10000;11333085465;S
20241023;210920;3.748;500;11333085466;S
20241023;210920;3.747;100;11333085467;S
20241023;210920;3.747;100;11333085468;S
20241023;210920;3.747;600;11333085469;S
20241023;210920;3.747;4000;11333085470;S
20241023;210920;3.7465;3300;11333085471;S
20241023;210920;3.7465;28900;11333085472;S
20241023;210920;3.746;500;11333085473;S
20241023;210920;3.746;1000;11333085474;S
20241023;210920;3.746;70000;11333085475;S
20241023;210920;3.746;31600;11333085476;S
20241023;210920;3.75;100;11333085477;S
20241023;210920;3.7485;20000;11333085478;S
20241023;210920;3.7485;20000;11333085479;B
20241023;210920;3.749;100;11333085481;B
20241023;210920;3.749;100;11333085482;B
20241023;210920;3.749;200;11333085483;B
20241023;210920;3.749;100;11333085486;B
20241023;210920;3.748;500;11333085487;S
20241023;210920;3.749;100;11333085488;B
20241023;210920;3.749;400;11333085489;B
20241023;210920;3.749;100;11333085491;B
20241023;210920;3.749;1000;11333085492;B
20241023;210920;3.749;300;11333085493;B
20241023;210920;3.749;100;11333085494;B
20241023;210920;3.748;500;11333085496;S
20241023;210920;3.749;100;11333085497;B
20241023;210920;3.749;100;11333085498;B
20241023;210920;3.748;1300;11333085499;S
20241023;210920;3.749;600;11333085500;B
20241023;210920;3.749;500;11333085501;B
20241023;210920;3.749;300;11333085502;B
20241023;210920;3.749;200;11333085503;B
20241023;210920;3.749;43600;11333085504;B
20241023;210920;3.749;12400;11333085505;B
20241023;210920;3.749;2000;11333085506;B
20241023;210920;3.749;2000;11333085507;B
20241023;210920;3.7495;800;11333085508;B
20241023;210920;3.75;70000;11333085509;B
20241023;210920;3.75;2000;11333085510;B
20241023;210920;3.7505;2400;11333085511;B
20241023;210920;3.7505;1400;11333085512;B
20241023;210920;3.7505;1600;11333085513;B
20241023;210920;3.751;61800;11333085514;B
20241023;210920;3.7505;5000;11333085515;B
20241023;210920;3.7505;100;11333085516;B
20241023;210920;3.75;100;11333085517;S
20241023;210920;3.75;3100;11333085518;S
20241023;210920;3.7505;100;11333085519;B
20241023;210920;3.748;500;11333085521;S
20241023;210920;3.7505;100;11333085522;B
20241023;210920;3.7505;100;11333085523;B
20241023;210920;3.7505;1000;11333085524;B
20241023;210920;3.75;1000;11333085525;S
20241023;210920;3.75;100;11333085526;S
20241023;210920;3.75;20000;11333085527;S
20241023;210920;3.75;500;11333085528;S
20241023;210920;3.75;100;11333085529;S
20241023;210920;3.75;10000;11333085530;S
20241023;210920;3.749;12400;11333085531;S
20241023;210920;3.7475;30000;11333085532;S
20241023;210920;3.747;1000;11333085533;S
20241023;210920;3.747;100;11333085534;S
20241023;210920;3.747;500;11333085535;S
20241023;210920;3.746;4300;11333085536;S
20241023;210920;3.7485;20000;11333085537;S
20241023;210920;3.749;200;11333085538;S
20241023;210921;3.7495;3000;11333085545;B
20241023;210921;3.7495;200;11333085547;B
20241023;210921;3.749;200;11333085548;S
20241023;210921;3.749;8200;11333085549;S
20241023;210921;3.7495;1000;11333085550;B
20241023;210921;3.7495;100;11333085568;B
20241023;210921;3.7495;200;11333085569;B
20241023;210921;3.7495;200;11333085570;B
20241023;210921;3.7495;200;11333085571;B
20241023;210921;3.7495;500;11333085576;B
20241023;210922;3.7495;100;11333085617;B
20241023;210922;3.749;2600;11333085624;S
20241023;210926;3.7495;42400;11333085787;B
20241023;210926;3.75;700;11333085788;B
20241023;210927;3.7515;7200;11333085940;B
20241023;210930;3.7515;300;11333086568;B
20241023;210931;3.7515;500;11333086615;B
20241023;210932;3.7515;100;11333086641;B
20241023;210935;3.7515;1000;11333086740;B
20241023;210936;3.7515;100;11333086751;B
20241023;210938;3.7515;5000;11333086828;B
20241023;211006;3.7515;200;11333087836;B
20241023;211010;3.752;100;11333087944;B
20241023;211018;3.752;15200;11333088194;B
20241023;211020;3.7525;10000;11333088223;B
20241023;211020;3.7535;700;11333088224;B
20241023;211021;3.756;600;11333088238;B
20241023;211021;3.7565;100;11333088239;B
20241023;211021;3.7565;28000;11333088240;B
20241023;211021;3.7565;600;11333088241;B
20241023;211026;3.756;200;11333088404;B
20241023;211126;3.757;1400;11333090209;B
20241023;211127;3.7575;500;11333090242;B
20241023;211129;3.7575;100;11333090287;B
20241023;211203;3.7575;100;11333091102;B
20241023;211210;3.7575;11700;11333091289;B
20241023;211210;3.758;500;11333091290;B
20241023;211210;3.758;300;11333091291;B
20241023;211210;3.7585;12000;11333091292;B
20241023;211210;3.759;25500;11333091293;B
20241023;211223;3.7595;1100;11333091612;B
20241023;211223;3.7595;500;11333091616;B
20241023;211224;3.7575;100;11333091625;S
20241023;211239;3.7595;5000;11333092011;B
20241023;211259;3.7595;2000;11333092425;B
20241023;211320;3.7575;100;11333092992;S
20241023;211320;3.7575;100;11333092993;S
20241023;211320;3.757;1400;11333092994;S
20241023;211320;3.756;200;11333092995;S
20241023;211334;3.756;100;11333093320;S
20241023;211343;3.759;500;11333093616;B
20241023;211349;3.756;1200;11333093736;S
20241023;211349;3.756;400;11333093737;S
20241023;211349;3.756;300;11333093738;S
20241023;211349;3.756;600;11333093739;S
20241023;211432;3.7575;100;11333095035;B
20241023;211435;3.7575;100;11333095086;B
20241023;211436;3.7575;100;11333095106;B
20241023;211452;3.7575;100;11333095661;B
20241023;211453;3.7575;200;11333095694;B
20241023;211527;3.7585;2000;11333096588;B
20241023;211527;3.7595;100;11333096600;B
20241023;211539;3.7595;7900;11333096780;B
20241023;211539;3.76;10000;11333096781;B
20241023;211539;3.76;200;11333096782;B
20241023;211539;3.76;12400;11333096783;B
20241023;211539;3.7605;28900;11333096784;B
20241023;211539;3.7605;2000;11333096785;B
20241023;211539;3.761;300;11333096786;B
20241023;211539;3.761;3300;11333096787;B
20241023;211542;3.7595;100;11333096837;B
20241023;211542;3.763;6100;11333096838;B
20241023;211542;3.763;3900;11333096839;B
20241023;211548;3.7625;1000;11333096974;B
20241023;211552;3.762;100;11333097055;B
20241023;211634;3.762;5000;11333097869;S
20241023;211640;3.762;100;11333098000;B
20241023;211640;3.762;100;11333098001;B
20241023;211726;3.762;1200;11333099326;B
20241023;211727;3.762;500;11333099356;B
20241023;211728;3.762;300;11333099373;B
20241023;211738;3.762;2000;11333099546;B
20241023;211757;3.762;100;11333099860;B
20241023;211823;3.762;100;11333100414;B
20241023;211824;3.762;100;11333100445;B
20241023;211833;3.762;100;11333100637;B
20241023;211834;3.762;400;11333100650;B
20241023;211907;3.7625;300;11333101484;B
20241023;211937;3.7625;900;11333102194;B
20241023;212002;3.7625;300;11333102879;B
20241023;212010;3.7625;10000;11333103078;B
20241023;212011;3.762;100;11333103102;S
20241023;212031;3.7625;500;11333103599;B
20241023;212043;3.764;500;11333103976;B
20241023;212119;3.764;2000;11333104933;B
20241023;212123;3.7625;200;11333105049;S
20241023;212124;3.764;1000;11333105070;B
20241023;212141;3.764;100;11333105506;B
20241023;212142;3.764;1000;11333105528;B
20241023;212143;3.764;100;11333105553;B
20241023;212208;3.764;800;11333106163;B
20241023;212215;3.764;100;11333106439;B
20241023;212236;3.764;200;11333106924;B
20241023;212236;3.7625;100;11333106927;S
20241023;212237;3.764;6700;11333106937;B
20241023;212237;3.764;100;11333106938;B
20241023;212237;3.7645;4200;11333106939;B
20241023;212248;3.7645;200;11333107244;B
20241023;212307;3.7645;1000;11333107659;B
20241023;212309;3.7645;100;11333107740;B
20241023;212331;3.7625;5200;11333108794;S
20241023;212334;3.7645;100;11333109622;B
20241023;212409;3.7625;4000;11333110442;S
20241023;212409;3.7645;100;11333110445;B
20241023;212414;3.7645;100;11333110572;B
20241023;212425;3.764;100;11333110794;S
20241023;212435;3.7645;300;11333111109;B
20241023;212436;3.7645;300;11333111115;B
20241023;212438;3.7645;5600;11333111187;B
20241023;212438;3.765;4400;11333111188;B
20241023;212438;3.765;500;11333111198;B
20241023;212447;3.764;200;11333111383;S
20241023;212510;3.7645;100;11333111841;B
20241023;212512;3.764;400;11333111874;S
20241023;212514;3.764;1000;11333111910;S
20241023;212550;3.765;7100;11333112601;B
20241023;212550;3.766;2900;11333112602;B
20241023;212614;3.7655;200;11333113136;B
20241023;212619;3.7655;200;11333113423;B
20241023;212626;3.7655;100;11333113607;B
20241023;212628;3.7655;100;11333113651;B
20241023;212632;3.7645;2900;11333113735;S
20241023;212632;3.7645;12400;11333113736;S
20241023;212632;3.7645;100;11333113737;S
20241023;212646;3.7645;100;11333114114;B
20241023;212655;3.7645;100;11333114301;B
20241023;212712;3.7645;500;11333114751;B
20241023;212721;3.7645;100;11333114976;B
20241023;212724;3.7645;100;11333115007;B
20241023;212756;3.7645;200;11333115764;B
20241023;212758;3.7645;100;11333115806;B
20241023;212801;3.7645;500;11333115852;B
20241023;212801;3.7645;400;11333115870;B
20241023;212803;3.764;100;11333115892;S
20241023;212815;3.7645;100;11333116120;B
20241023;212839;3.7645;100;11333116568;B
20241023;212851;3.7645;1000;11333116808;B
20241023;212856;3.764;400;11333116942;S
20241023;212911;3.764;9600;11333117275;S
20241023;212911;3.764;100;11333117276;S
20241023;212911;3.764;1800;11333117277;S
20241023;212911;3.764;5900;11333117278;S
20241023;212911;3.7635;12400;11333117279;S
20241023;212911;3.7625;2000;11333117280;S
20241023;212911;3.7625;10000;11333117281;S
20241023;212911;3.762;79500;11333117282;S
20241023;212911;3.762;600;11333117283;S
20241023;212911;3.7615;100;11333117284;S
20241023;212911;3.7615;2400;11333117285;S
20241023;212911;3.761;100;11333117286;S
20241023;212911;3.761;47800;11333117287;S
20241023;212911;3.761;100;11333117288;S
20241023;212911;3.7605;35000;11333117289;S
20241023;212911;3.76;100;11333117290;S
20241023;212911;3.76;100;11333117291;S
20241023;212911;3.76;100;11333117292;S
20241023;212911;3.76;1000;11333117293;S
20241023;212911;3.76;100;11333117294;S
20241023;212911;3.76;100;11333117295;S
20241023;212911;3.76;500;11333117296;S
20241023;212911;3.76;100;11333117297;S
20241023;212911;3.76;1600;11333117298;S
20241023;212911;3.76;500;11333117299;S
20241023;212911;3.7595;200;11333117300;S
20241023;212911;3.7595;5000;11333117301;S
20241023;212911;3.759;1400;11333117302;S
20241023;212911;3.7585;3900;11333117303;S
20241023;212911;3.7585;70000;11333117304;S
20241023;212911;3.7585;72900;11333117305;S
20241023;212911;3.7585;72700;11333117306;S
20241023;212911;3.758;90000;11333117307;S
20241023;212911;3.7575;1000;11333117308;S
20241023;212911;3.7575;500;11333117309;S
20241023;212911;3.7575;28700;11333117310;S
20241023;212911;3.7575;20000;11333117313;S
20241023;212914;3.7585;500;11333117392;S
20241023;212914;3.7585;100;11333117946;S
20241023;212924;3.7605;200;11333118967;B
20241023;212943;3.7605;100;11333119288;B
20241023;213009;3.7585;5600;11333119941;S
20241023;213011;3.759;100;11333119999;B
20241023;213017;3.759;100;11333120196;B
20241023;213017;3.7585;2500;11333120232;S
20241023;213020;3.759;100;11333120333;B
20241023;213020;3.759;200;11333120337;B
20241023;213021;3.759;2000;11333120343;B
20241023;213029;3.759;200;11333120532;B
20241023;213033;3.759;2000;11333121313;B
20241023;213035;3.7585;1300;11333121356;S
20241023;213035;3.7585;1100;11333121357;S
20241023;213035;3.759;2000;11333121358;B
20241023;213035;3.759;2000;11333121359;B
20241023;213035;3.759;6000;11333121360;B
20241023;213035;3.759;10000;11333121361;B
20241023;213052;3.7585;100;11333121848;B
20241023;213056;3.758;100;11333122092;B
20241023;213102;3.757;300;11333122276;S
20241023;213104;3.757;100;11333122335;S
20241023;213104;3.757;100;11333122336;S
20241023;213104;3.757;100;11333122337;S
20241023;213127;3.758;100;11333122979;B
20241023;213133;3.758;100;11333123466;B
20241023;213137;3.758;10000;11333123595;B
20241023;213140;3.758;300;11333123711;B
20241023;213146;3.758;100;11333124107;B
20241023;213147;3.757;200;11333124120;S
20241023;213147;3.757;5300;11333124121;S
20241023;213147;3.757;400;11333124122;S
20241023;213150;3.756;400;11333124249;S
20241023;213150;3.756;200;11333124250;S
20241023;213151;3.756;100;11333124264;S
20241023;213151;3.756;100;11333124265;S
20241023;213151;3.756;100;11333124266;S
20241023;213151;3.756;100;11333124267;S
20241023;213151;3.756;100;11333124268;S
20241023;213151;3.756;4800;11333124269;S
20241023;213153;3.7565;2000;11333124317;B
20241023;213155;3.7565;300;11333124384;B
20241023;213205;3.7565;100;11333124689;B
20241023;213212;3.7565;100;11333124857;B
20241023;213216;3.7565;100;11333124951;B
20241023;213220;3.7565;5000;11333125065;B
20241023;213235;3.756;4300;11333125604;S
20241023;213235;3.7555;100;11333125605;S
20241023;213235;3.7555;100;11333125606;S
20241023;213235;3.755;1000;11333125607;S
20241023;213235;3.7535;1000;11333125608;S
20241023;213235;3.7535;800;11333125609;S
20241023;213235;3.753;200;11333125610;S
20241023;213235;3.752;100;11333125611;S
20241023;213235;3.752;1000;11333125612;S
20241023;213235;3.752;5000;11333125613;S
20241023;213235;3.752;6400;11333125614;S
20241023;213236;3.7515;400;11333125635;S
20241023;213236;3.7515;1000;11333125636;S
20241023;213236;3.7515;20000;11333125637;S
20241023;213236;3.752;100;11333125643;B
20241023;213237;3.752;33000;11333125685;B
20241023;213241;3.7525;70000;11333125754;B
20241023;213241;3.7525;12400;11333125755;B
20241023;213241;3.7525;200;11333125756;B
20241023;213242;3.7525;3900;11333127108;S
20241023;213242;3.752;17000;11333127109;S
20241023;213242;3.7515;30000;11333127110;S
20241023;213242;3.751;300;11333127111;S
20241023;213242;3.751;12400;11333127112;S
20241023;213242;3.7505;1000;11333127113;S
20241023;213242;3.7505;2400;11333127114;S
20241023;213242;3.7505;100;11333127115;S
20241023;213242;3.7505;28900;11333127116;S
20241023;213242;3.7505;2400;11333127117;S
20241023;213242;3.75;100;11333127118;S
20241023;213242;3.75;100000;11333127119;S
20241023;213242;3.75;100;11333127120;S
20241023;213242;3.75;100;11333127121;S
20241023;213242;3.75;2500;11333127122;S
20241023;213242;3.75;6700;11333127123;S
20241023;213242;3.75;100;11333127124;S
20241023;213242;3.75;300;11333127125;S
20241023;213242;3.75;2000;11333127126;S
20241023;213242;3.75;100;11333127127;S
20241023;213242;3.75;100;11333127128;S
20241023;213242;3.75;100;11333127129;S
20241023;213242;3.75;500;11333127130;S
20241023;213242;3.75;1000;11333127131;S
20241023;213242;3.75;100;11333127132;S
20241023;213242;3.75;100;11333127133;S
20241023;213242;3.75;1500;11333127134;S
20241023;213242;3.75;100;11333127135;S
20241023;213242;3.75;100;11333127136;S
20241023;213242;3.7495;200;11333127137;S
20241023;213242;3.7495;1000;11333127138;S
20241023;213242;3.7495;5000;11333127139;S
20241023;213242;3.7495;500;11333127140;S
20241023;213242;3.749;200;11333127141;S
20241023;213242;3.749;100;11333127142;S
20241023;213242;3.749;300;11333127143;S
20241023;213242;3.7485;200;11333127144;S
20241023;213242;3.7485;200;11333127145;S
20241023;213242;3.748;200;11333127146;S
20241023;213242;3.748;200;11333127147;S
20241023;213242;3.748;35000;11333127148;S
20241023;213242;3.7475;200;11333127149;S
20241023;213242;3.7475;200;11333127150;S
20241023;213242;3.7475;500;11333127151;S
20241023;213242;3.747;200;11333127152;S
20241023;213242;3.747;100;11333127153;S
20241023;213242;3.747;700;11333127154;S
20241023;213242;3.747;100;11333127155;S
20241023;213242;3.747;200;11333127156;S
20241023;213242;3.747;5000;11333127157;S
20241023;213242;3.747;2000;11333127158;S
20241023;213242;3.747;73700;11333127159;S
20241023;213242;3.7465;1000;11333127160;S
20241023;213242;3.7465;70000;11333127161;S
20241023;213242;3.7465;90000;11333127162;S
20241023;213242;3.746;100;11333127163;S
20241023;213242;3.746;100;11333127164;S
20241023;213242;3.746;100;11333127165;S
20241023;213242;3.7455;100;11333127166;S
20241023;213242;3.7455;70000;11333127167;S
20241023;213242;3.745;700;11333127168;S
20241023;213242;3.745;400;11333127169;S
20241023;213242;3.745;2000;11333127170;S
20241023;213242;3.745;100;11333127171;S
20241023;213242;3.745;2500;11333127172;S
20241023;213242;3.745;40000;11333127173;S
20241023;213242;3.7445;100;11333127174;S
20241023;213242;3.7445;65600;11333127175;S
20241023;213242;3.744;300;11333127176;S
20241023;213242;3.7435;47900;11333127177;S
20241023;213242;3.743;100;11333127178;S
20241023;213242;3.7425;2500;11333127179;S
20241023;213242;3.741;200;11333127180;S
20241023;213242;3.7405;100;11333127181;S
20241023;213242;3.7405;100;11333127182;S
20241023;213242;3.74;300;11333127183;S
20241023;213242;3.74;1000;11333127184;S
20241023;213242;3.74;500;11333127185;S
20241023;213242;3.74;100;11333127186;S
20241023;213242;3.74;100;11333127187;S
20241023;213242;3.74;100;11333127188;S
20241023;213242;3.74;100;11333127189;S
20241023;213242;3.74;100;11333127190;S
20241023;213242;3.74;500;11333127191;S
20241023;213242;3.74;100;11333127192;S
20241023;213242;3.74;100;11333127193;S
20241023;213242;3.74;100;11333127194;S
20241023;213242;3.74;100;11333127195;S
20241023;213242;3.74;1000;11333127196;S
20241023;213242;3.74;100;11333127197;S
20241023;213242;3.74;100;11333127198;S
20241023;213242;3.74;500;11333127199;S
20241023;213242;3.74;100;11333127200;S
20241023;213242;3.74;100;11333127201;S
20241023;213242;3.74;100;11333127202;S
20241023;213242;3.74;200;11333127203;S
20241023;213242;3.74;300;11333127204;S
20241023;213242;3.74;100;11333127205;S
20241023;213242;3.74;100;11333127206;S
20241023;213242;3.739;200;11333127207;S
20241023;213242;3.7385;300;11333127208;S
20241023;213242;3.7385;100;11333127209;S
20241023;213242;3.738;500;11333127210;S
20241023;213242;3.7375;50000;11333127211;S
20241023;213242;3.737;700;11333127212;S
20241023;213242;3.7365;100;11333127213;S
20241023;213242;3.7365;100;11333127214;S
20241023;213242;3.736;200;11333127215;S
20241023;213242;3.736;28900;11333127216;S
20241023;213242;3.7355;140000;11333127217;S
20241023;213242;3.735;1000;11333127218;S
20241023;213242;3.735;500;11333127219;S
20241023;213242;3.7345;500;11333127220;S
20241023;213242;3.734;100000;11333127221;S
20241023;213242;3.7335;15000;11333127222;S
20241023;213242;3.733;5000;11333127223;S
20241023;213242;3.733;100;11333127224;S
20241023;213242;3.733;300;11333127225;S
20241023;213242;3.7325;1000;11333127226;S
20241023;213242;3.7325;53500;11333127227;S
20241023;213242;3.732;100000;11333127228;S
20241023;213242;3.732;15000;11333127229;S
20241023;213242;3.7305;100;11333127230;S
20241023;213242;3.7305;20000;11333127231;S
20241023;213242;3.73;100;11333127232;S
20241023;213242;3.73;100;11333127233;S
20241023;213242;3.73;500;11333127234;S
20241023;213242;3.73;100;11333127235;S
20241023;213242;3.73;10000;11333127236;S
20241023;213242;3.73;100;11333127237;S
20241023;213242;3.73;300;11333127238;S
20241023;213242;3.73;100;11333127239;S
20241023;213242;3.73;100;11333127240;S
20241023;213242;3.73;500;11333127241;S
20241023;213242;3.73;200;11333127242;S
20241023;213242;3.73;100;11333127243;S
20241023;213242;3.73;5000;11333127244;S
20241023;213242;3.73;1400;11333127245;S
20241023;213242;3.73;5000;11333127246;S
20241023;213242;3.73;53600;11333127247;S
20241023;213242;3.73;300000;11333127248;S
20241023;213242;3.728;500;11333127249;S
20241023;213242;3.728;13400;11333127250;S
20241023;213242;3.727;1000;11333127251;S
20241023;213242;3.727;100;11333127252;S
20241023;213242;3.726;100;11333127253;S
20241023;213242;3.7255;15000;11333127254;S
20241023;213242;3.7255;100;11333127255;S
20241023;213242;3.725;200;11333127256;S
20241023;213242;3.725;5000;11333127257;S
20241023;213242;3.725;53600;11333127258;S
20241023;213242;3.7245;100;11333127259;S
20241023;213242;3.724;138000;11333127260;S
20241023;213242;3.724;1000;11333127261;S
20241023;213242;3.7225;200;11333127262;S
20241023;213242;3.722;4000;11333127263;S
20241023;213242;3.7215;1000;11333127264;S
20241023;213242;3.7215;100;11333127265;S
20241023;213242;3.7205;100;11333127266;S
20241023;213242;3.7205;90000;11333127267;S
20241023;213242;3.72;1000;11333127268;S
20241023;213242;3.72;100;11333127269;S
20241023;213242;3.72;100;11333127270;S
20241023;213242;3.72;30000;11333127271;S
20241023;213242;3.72;3000;11333127272;S
20241023;213242;3.72;2000;11333127273;S
20241023;213242;3.72;100;11333127274;S
20241023;213242;3.72;500;11333127275;S
20241023;213242;3.72;10000;11333127276;S
20241023;213242;3.72;900;11333127277;S
20241023;213242;3.72;100;11333127278;S
20241023;213242;3.72;50000;11333127279;S
20241023;213242;3.72;100;11333127280;S
20241023;213242;3.72;300;11333127281;S
20241023;213242;3.72;200;11333127282;S
20241023;213242;3.7185;100;11333127283;S
20241023;213242;3.718;500;11333127284;S
20241023;213242;3.718;100;11333127285;S
20241023;213242;3.718;20000;11333127289;B
20241023;213242;3.718;50000;11333127290;B
20241023;213242;3.718;50000;11333127291;B
20241023;213242;3.718;30000;11333127292;B
20241023;213242;3.718;20000;11333127294;B
20241023;213242;3.718;50000;11333127296;B
20241023;213242;3.718;50000;11333127297;B
20241023;213242;3.718;30000;11333127299;B
20241023;213242;3.718;50000;11333127315;B
20241023;213242;3.718;50000;11333127316;B
20241023;213243;3.7175;1000;11333127325;S
20241023;213243;3.7175;2000;11333127326;S
20241023;213243;3.718;50000;11333127327;B
20241023;213243;3.718;50000;11333127328;B
20241023;213243;3.718;20000;11333127329;B
20241023;213243;3.718;50000;11333127333;B
20241023;213243;3.718;50000;11333127334;B
20241023;213243;3.718;10000;11333127335;B
20241023;213243;3.718;50000;11333127341;B
20241023;213243;3.718;14300;11333127343;B
20241023;213243;3.718;35700;11333127344;B
20241023;213243;3.718;24800;11333127345;B
20241023;213243;3.7185;20000;11333127369;B
20241023;213243;3.7205;52700;11333127414;B
20241023;213243;3.719;5000;11333127415;S
20241023;213243;3.7245;10000;11333127422;B
20241023;213243;3.7285;4800;11333127428;B
20241023;213243;3.724;12400;11333127429;S
20241023;213243;3.723;7600;11333127430;S
20241023;213243;3.724;20000;11333127432;B
20241023;213243;3.7295;50000;11333127439;B
20241023;213243;3.7305;12400;11333127442;S
20241023;213243;3.7305;50000;11333127455;S
20241023;213243;3.7315;20000;11333127475;S
20241023;213243;3.7315;28900;11333127476;S
20241023;213243;3.7315;1100;11333127477;S
20241023;213243;3.7305;48400;11333127478;S
20241023;213243;3.734;2000;11333127480;B
20241023;213243;3.7345;12400;11333127481;B
20241023;213243;3.7345;20000;11333127482;S
20241023;213243;3.7345;10000;11333127484;S
20241023;213243;3.7345;7600;11333127485;S
20241023;213243;3.7345;12400;11333127486;S
20241023;213243;3.7355;20000;11333127489;B
20241023;213243;3.735;10000;11333127490;B
20241023;213243;3.7365;50000;11333127493;S
20241023;213243;3.7365;37600;11333127494;S
20241023;213243;3.7355;2400;11333127495;S
20241023;213243;3.738;12400;11333127496;B
20241023;213243;3.7385;37600;11333127497;B
20241023;213243;3.739;20000;11333127498;S
20241023;213243;3.7385;4800;11333127499;S
20241023;213243;3.7335;1600;11333127505;S
20241023;213243;3.74;45200;11333127522;B
20241023;213243;3.7335;27600;11333127531;B
20241023;213243;3.7365;2000;11333127536;S
20241023;213243;3.7365;2000;11333127537;S
20241023;213243;3.732;2000;11333127545;S
20241023;213243;3.737;500;11333128151;B
20241023;213243;3.737;2000;11333128233;B
20241023;213243;3.737;100;11333128234;B
20241023;213243;3.737;200;11333128257;B
20241023;213243;3.735;14600;11333128265;S
20241023;213243;3.737;1700;11333128267;B
20241023;213243;3.737;12400;11333128268;B
20241023;213243;3.739;48400;11333128269;B
20241023;213243;3.739;44300;11333128270;B
20241023;213243;3.737;100;11333128274;B
20241023;213243;3.7365;1400;11333128275;B
20241023;213243;3.737;2100;11333128276;B
20241023;213243;3.737;200;11333128277;B
20241023;213243;3.7395;100;11333128278;B
20241023;213243;3.736;500;11333128279;S
20241023;213243;3.736;3000;11333128280;S
20241023;213243;3.737;2400;11333128286;S
20241023;213243;3.7365;2000;11333128287;S
20241023;213243;3.7365;2000;11333128288;S
20241023;213243;3.7355;1100;11333128289;S
20241023;213243;3.7395;1100;11333128290;B
20241023;213243;3.7355;10000;11333128296;S
20241023;213243;3.737;100;11333128303;S
20241023;213243;3.736;100;11333128304;S
20241023;213243;3.7355;500;11333128305;S
20241023;213243;3.734;800;11333128306;S
20241023;213243;3.7345;2000;11333128314;S
20241023;213243;3.7345;1700;11333128315;S
20241023;213243;3.7335;6300;11333128316;S
20241023;213243;3.737;100;11333128329;B
20241023;213243;3.7385;100;11333128330;B
20241023;213243;3.7385;9900;11333128331;B
20241023;213243;3.7395;500;11333128355;B
20241023;213243;3.7395;200;11333128358;B
20241023;213243;3.7395;100;11333128360;B
20241023;213243;3.7395;500;11333128362;B
20241023;213243;3.7365;1000;11333128368;S
20241023;213243;3.7395;600;11333128374;B
20241023;213243;3.74;300;11333128375;B
20241023;213243;3.74;400;11333128377;B
20241023;213243;3.7365;1500;11333128380;S
20241023;213244;3.74;400;11333128383;B
20241023;213244;3.74;200;11333128384;B
20241023;213244;3.74;200;11333128387;B
20241023;213244;3.74;200;11333128399;B
20241023;213244;3.737;400;11333128415;S
20241023;213244;3.74;200;11333128421;B
20241023;213244;3.737;7600;11333128424;S
20241023;213244;3.7365;500;11333128425;B
20241023;213244;3.7365;300;11333128426;B
20241023;213244;3.7365;300;11333128429;B
20241023;213244;3.7365;100;11333128531;B
20241023;213245;3.7365;100;11333128738;B
20241023;213245;3.7355;1000;11333128780;S
20241023;213245;3.7355;1200;11333128781;S
20241023;213245;3.7365;21100;11333128784;B
20241023;213245;3.739;100;11333128791;B
20241023;213245;3.7395;100;11333128809;S
20241023;213245;3.74;1000;11333128822;B
20241023;213245;3.74;400;11333128823;B
20241023;213245;3.74;1000;11333128824;B
20241023;213245;3.737;2000;11333128826;S
20241023;213245;3.74;100;11333128827;B
20241023;213246;3.7395;100;11333128833;S
20241023;213246;3.737;2000;11333128834;S
20241023;213246;3.737;2000;11333128837;S
20241023;213246;3.74;400;11333128840;B
20241023;213246;3.74;300;11333128873;B
20241023;213246;3.7385;2500;11333128875;S
20241023;213246;3.74;1000;11333128876;B
20241023;213246;3.738;100;11333128880;S
20241023;213247;3.739;3700;11333128916;B
20241023;213247;3.739;1300;11333128919;B
20241023;213248;3.739;3500;11333128957;B
20241023;213249;3.739;50000;11333129016;B
20241023;213251;3.74;2700;11333129062;B
20241023;213251;3.7385;2900;11333129065;S
20241023;213251;3.7385;200;11333129066;S
20241023;213251;3.738;39900;11333129067;S
20241023;213251;3.737;2900;11333129068;S
20241023;213251;3.737;12400;11333129069;S
20241023;213251;3.736;300;11333129070;S
20241023;213251;3.736;10400;11333129071;S
20241023;213254;3.74;200;11333129198;B
20241023;213254;3.74;12400;11333129199;B
20241023;213254;3.74;2000;11333129200;B
20241023;213254;3.74;2000;11333129201;B
20241023;213254;3.74;33400;11333129202;S
20241023;213254;3.74;2600;11333129203;B
20241023;213254;3.736;48100;11333129205;S
20241023;213254;3.7355;14000;11333129206;S
20241023;213254;3.7355;34100;11333129207;S
20241023;213254;3.735;100;11333129208;S
20241023;213254;3.735;1000;11333129209;S
20241023;213254;3.7335;1900;11333129210;S
20241023;213254;3.7335;15900;11333129211;S
20241023;213254;3.7335;11100;11333129212;S
20241023;213254;3.7335;1400;11333129213;B
20241023;213254;3.7335;9000;11333129220;B
20241023;213255;3.733;48100;11333129223;S
20241023;213255;3.733;1900;11333129224;S
20241023;213255;3.733;100;11333129225;S
20241023;213255;3.733;2000;11333129226;S
20241023;213255;3.733;2400;11333129227;S
20241023;213255;3.733;24000;11333129228;S
20241023;213255;3.7375;2200;11333129230;B
20241023;213255;3.7375;1400;11333129235;S
20241023;213300;3.738;100;11333129322;B
20241023;213301;3.7375;1800;11333129358;S
20241023;213315;3.7365;300;11333129679;B
20241023;213315;3.736;1600;11333129687;S
20241023;213324;3.7355;25000;11333129946;B
20241023;213325;3.7355;16400;11333129979;B
20241023;213325;3.736;12400;11333129980;B
20241023;213326;3.737;200;11333130025;B
20241023;213345;3.736;1200;11333130547;S
20241023;213345;3.736;1500;11333130548;S
20241023;213345;3.7345;10000;11333130549;S
20241023;213345;3.734;1500;11333130550;S
20241023;213345;3.734;300;11333130551;S
20241023;213345;3.734;20000;11333130552;S
20241023;213349;3.7365;1000;11333130660;B
20241023;213357;3.7365;100;11333130803;B
20241023;213357;3.7365;1000;11333130821;B
20241023;213400;3.7365;5400;11333130878;B
20241023;213406;3.7365;100;11333131006;S
20241023;213406;3.7365;1900;11333131007;S
20241023;213406;3.736;1300;11333131008;S
20241023;213406;3.7345;7800;11333131009;S
20241023;213406;3.734;12400;11333131010;S
20241023;213406;3.733;11000;11333131011;S
20241023;213413;3.736;8300;11333131129;B
20241023;213415;3.736;100;11333131199;B
20241023;213426;3.736;100;11333131460;B
20241023;213434;3.736;500;11333131643;B
20241023;213443;3.736;100;11333131948;B
20241023;213451;3.736;100;11333132172;B
20241023;213500;3.736;500;11333132656;B
20241023;213509;3.736;100;11333132921;B
20241023;213532;3.7345;200;11333133486;S
20241023;213537;3.736;1000;11333133639;B
20241023;213557;3.735;11200;11333134193;B
20241023;213557;3.735;12400;11333134194;B
20241023;213557;3.736;10000;11333134195;B
20241023;213557;3.736;5000;11333134196;B
20241023;213557;3.736;10000;11333134197;B
20241023;213557;3.736;200;11333134198;B
20241023;213559;3.736;100;11333134251;S
20241023;213613;3.736;200;11333134626;B
20241023;213616;3.7365;1000;11333134704;B
20241023;213623;3.7365;400;11333134956;B
20241023;213633;3.7365;100;11333136070;B
20241023;213635;3.7365;1000;11333136096;B
20241023;213652;3.7365;200;11333136662;B
20241023;213656;3.7365;100;11333136808;B
20241023;213657;3.7365;100;11333136830;B
20241023;213706;3.736;100;11333137143;S
20241023;213706;3.736;1900;11333137144;S
20241023;213711;3.736;3100;11333137309;S
20241023;213711;3.736;100;11333137310;S
20241023;213711;3.736;200;11333137311;S
20241023;213713;3.736;100;11333137360;B
20241023;213719;3.736;5100;11333137554;B
20241023;213725;3.736;3300;11333137767;B
20241023;213729;3.736;3300;11333137883;B
20241023;213730;3.7355;1200;11333137942;S
20241023;213730;3.735;200;11333137943;S
20241023;213730;3.736;200;11333137947;B
20241023;213739;3.735;100;11333138255;S
20241023;213739;3.735;100;11333138256;S
20241023;213741;3.7345;300;11333138324;S
20241023;213744;3.735;100;11333138434;B
20241023;213747;3.735;1700;11333138488;B
20241023;213747;3.7365;9600;11333138489;B
20241023;213747;3.7365;12400;11333138490;B
20241023;213747;3.737;10000;11333138491;B
20241023;213747;3.737;48100;11333138492;B
20241023;213747;3.738;18800;11333138493;B
20241023;213747;3.7385;45000;11333138494;B
20241023;213747;3.739;90000;11333138495;B
20241023;213747;3.7395;1600;11333138496;B
20241023;213747;3.74;70000;11333138497;B
20241023;213747;3.74;35000;11333138498;B
20241023;213747;3.74;50000;11333138499;S
20241023;213747;3.74;50000;11333138500;S
20241023;213747;3.74;20000;11333138501;S
20241023;213747;3.74;50000;11333138502;S
20241023;213747;3.74;20000;11333138503;S
20241023;213747;3.74;50000;11333138504;S
20241023;213747;3.74;20000;11333138505;S
20241023;213800;3.741;500;11333138846;B
20241023;213807;3.741;47600;11333139098;B
20241023;213807;3.7415;1000;11333139120;B
20241023;213807;3.7415;500;11333139152;B
20241023;213830;3.743;100;11333139998;B
20241023;213837;3.743;4000;11333140170;B
20241023;213839;3.743;100;11333140230;B
20241023;213841;3.743;400;11333140297;B
20241023;213842;3.743;5000;11333140305;B
20241023;213842;3.743;20000;11333140310;B
20241023;213854;3.7415;100;11333140907;S
20241023;213855;3.743;600;11333140931;B
20241023;213855;3.743;100;11333140934;B
20241023;213858;3.7415;200;11333140991;S
20241023;213858;3.7415;300;11333140992;S
20241023;213908;3.7415;100;11333141686;S
20241023;213908;3.743;700;11333141693;B
20241023;213908;3.743;12000;11333141699;B
20241023;213913;3.743;1000;11333141784;B
20241023;213924;3.743;4100;11333142105;B
20241023;213924;3.743;900;11333142106;B
20241023;213925;3.743;100;11333142152;B
20241023;213925;3.743;10000;11333142153;B
20241023;213937;3.743;1600;11333142388;B
20241023;213943;3.7425;100;11333142530;B
20241023;213943;3.743;100;11333142531;B
20241023;214000;3.7425;100;11333143130;B
20241023;214007;3.7425;300;11333143326;B
20241023;214023;3.742;200;11333143800;B
20241023;214042;3.742;200;11333144442;B
20241023;214044;3.742;100;11333144520;B
20241023;214045;3.742;100;11333144523;B
20241023;214049;3.742;500;11333144634;B
20241023;214057;3.742;100;11333144852;B
20241023;214102;3.742;500;11333144955;B
20241023;214102;3.742;800;11333144956;B
20241023;214115;3.742;4800;11333145264;B
20241023;214119;3.742;200;11333145351;B
20241023;214126;3.742;4100;11333145505;B
20241023;214132;3.742;1000;11333145650;S
20241023;214132;3.7415;5400;11333145651;S
20241023;214132;3.7415;2500;11333145652;S
20241023;214132;3.7415;100;11333145653;S
20241023;214132;3.7415;1000;11333145654;S
20241023;214149;3.7415;4800;11333146030;S
20241023;214149;3.7415;400;11333146031;S
20241023;214149;3.741;100;11333146032;S
20241023;214149;3.741;3600;11333146033;S
20241023;214149;3.741;1300;11333146034;S
20241023;214149;3.741;100;11333146035;S
20241023;214149;3.7405;12400;11333146036;S
20241023;214149;3.74;147800;11333146037;S
20241023;214149;3.74;100;11333146038;S
20241023;214149;3.74;2200;11333146039;S
20241023;214149;3.74;3000;11333146040;S
20241023;214149;3.74;100;11333146041;S
20241023;214149;3.74;2500;11333146042;S
20241023;214149;3.74;300;11333146047;B
20241023;214150;3.74;1000;11333146053;B
20241023;214200;3.74;100;11333146267;B
20241023;214206;3.74;200;11333146378;B
20241023;214247;3.74;2200;11333147553;B
20241023;214249;3.74;100;11333147576;B
20241023;214256;3.74;200;11333147719;B
20241023;214312;3.74;100;11333147997;B
20241023;214326;3.74;100;11333148273;B
20241023;214347;3.74;32300;11333148776;B
20241023;214351;3.74;100;11333148914;B
20241023;214354;3.7385;600;11333149002;S
20241023;214356;3.74;13400;11333149032;B
20241023;214359;3.74;600;11333149110;B
20241023;214423;3.74;500;11333149583;B
20241023;214448;3.7395;100;11333150473;B
20241023;214458;3.7395;100;11333150810;B
20241023;214513;3.7395;300;11333151096;B
20241023;214513;3.7395;600;11333151118;B
20241023;214513;3.7395;400;11333151119;B
20241023;214513;3.7395;14300;11333151120;B
20241023;214522;3.7395;100;11333151297;B
20241023;214532;3.7395;3100;11333151507;B
20241023;214532;3.7395;10500;11333151508;B
20241023;214532;3.74;100;11333151530;B
20241023;214547;3.74;100;11333151863;B
20241023;214552;3.74;7900;11333152275;B
20241023;214601;3.74;5300;11333152414;B
20241023;214619;3.74;100;11333153131;B
20241023;214622;3.74;100;11333153526;B
20241023;214629;3.7395;100;11333153760;S
20241023;214636;3.74;2600;11333154176;B
20241023;214641;3.7395;1500;11333154322;S
20241023;214641;3.7395;4000;11333154323;S
20241023;214644;3.74;1400;11333154388;B
20241023;214653;3.7395;1500;11333154537;S
20241023;214655;3.74;5000;11333154551;B
20241023;214656;3.74;20000;11333154561;B
20241023;214704;3.7395;100;11333154689;S
20241023;214711;3.74;100;11333154789;B
20241023;214715;3.7395;400;11333154851;S
20241023;214717;3.7395;100;11333154870;S
20241023;214718;3.74;100;11333154894;B
20241023;214726;3.74;1700;11333154995;B
20241023;214728;3.74;100;11333155020;B
20241023;214730;3.74;100;11333155029;B
20241023;214744;3.74;5700;11333155315;B
20241023;214744;3.74;200;11333155316;B
20241023;214744;3.74;200;11333155317;B
20241023;214744;3.74;9300;11333155318;B
20241023;214748;3.74;200;11333155435;B
20241023;214749;3.74;100;11333155443;B
20241023;214756;3.74;100;11333155538;B
20241023;214827;3.74;100;11333156386;B
20241023;214831;3.74;100;11333156480;B
20241023;214834;3.74;800;11333156557;B
20241023;214849;3.74;100;11333156920;B
20241023;214857;3.74;400;11333157050;B
20241023;214907;3.74;4000;11333157269;B
20241023;214910;3.74;100;11333157345;B
20241023;214938;3.7395;3500;11333158082;S
20241023;214946;3.74;400;11333158271;B
20241023;214947;3.74;100;11333158307;B
20241023;214948;3.74;3500;11333158329;B
20241023;215007;3.7395;100;11333158798;S
20241023;215017;3.7395;1300;11333159039;S
20241023;215017;3.7395;300;11333159040;S
20241023;215021;3.7395;100;11333159078;S
20241023;215021;3.7395;300;11333159079;S
20241023;215021;3.7395;2500;11333159080;S
20241023;215022;3.74;100;11333159105;B
20241023;215022;3.74;3000;11333159106;B
20241023;215052;3.74;2800;11333159711;B
20241023;215053;3.74;100;11333159745;B
20241023;215116;3.74;100;11333160259;B
20241023;215121;3.74;200;11333160356;B
20241023;215127;3.74;1000;11333160452;B
20241023;215148;3.74;100;11333160856;B
20241023;215201;3.74;200;11333161159;B
20241023;215205;3.74;2100;11333161268;B
20241023;215205;3.74;1900;11333161269;B
20241023;215223;3.7395;600;11333161597;S
20241023;215223;3.74;1300;11333161600;B
20241023;215223;3.74;4000;11333161601;B
20241023;215240;3.743;300;11333161987;B
20241023;215240;3.7435;200;11333161988;B
20241023;215246;3.7435;100;11333162104;B
20241023;215259;3.741;200;11333162315;S
20241023;215327;3.743;100;11333162939;B
20241023;215329;3.743;200;11333162992;B
20241023;215329;3.743;800;11333162993;B
20241023;215338;3.743;1200;11333163153;B
20241023;215338;3.743;2000;11333163154;B
20241023;215338;3.743;1100;11333163155;B
20241023;215338;3.7435;12400;11333163156;B
20241023;215338;3.744;15000;11333163157;B
20241023;215348;3.745;13000;11333163359;B
20241023;215351;3.744;1400;11333163384;S
20241023;215407;3.744;100;11333163778;B
20241023;215410;3.742;12400;11333163840;S
20241023;215410;3.742;2000;11333163841;S
20241023;215410;3.742;2000;11333163842;S
20241023;215410;3.742;8100;11333163843;S
20241023;215410;3.742;4800;11333163844;S
20241023;215410;3.7415;4800;11333163845;S
20241023;215410;3.74;200;11333163846;S
20241023;215410;3.74;2000;11333163847;S
20241023;215410;3.74;100;11333163848;S
20241023;215410;3.74;100;11333163849;S
20241023;215439;3.74;100;11333164355;B
20241023;215439;3.74;100;11333164361;B
20241023;215445;3.74;2500;11333164463;B
20241023;215449;3.74;60800;11333164607;B
20241023;215449;3.74;300;11333164608;B
20241023;215449;3.74;1000;11333164609;B
20241023;215449;3.7405;12400;11333164610;B
20241023;215508;3.7435;500;11333165065;B
20241023;215510;3.7435;100;11333165110;B
20241023;215519;3.7435;100;11333165347;B
20241023;215523;3.7435;100;11333165425;B
20241023;215523;3.7435;100;11333165477;B
20241023;215528;3.7435;700;11333165611;B
20241023;215528;3.744;400;11333165612;B
20241023;215544;3.744;300;11333165882;B
20241023;215556;3.744;1200;11333166210;B
20241023;215556;3.744;28900;11333166211;B
20241023;215556;3.744;2000;11333166212;B
20241023;215556;3.744;2000;11333166213;B
20241023;215556;3.7445;3400;11333166214;B
20241023;215558;3.7445;200;11333166257;B
20241023;215650;3.7445;100;11333167461;B
20241023;215653;3.7445;100;11333167486;B
20241023;215701;3.7445;200;11333167585;B
20241023;215713;3.7445;2500;11333167798;B
20241023;215723;3.744;100;11333167953;S
20241023;215723;3.744;4900;11333167954;S
20241023;215731;3.744;28900;11333168066;B
20241023;215731;3.744;300;11333168067;B
20241023;215731;3.7445;34000;11333168068;B
20241023;215731;3.7445;3500;11333168069;B
20241023;215731;3.745;6000;11333168070;B
20241023;215731;3.745;2300;11333168071;B
20241023;215755;3.745;100;11333168640;B
20241023;215844;3.745;100;11333169610;S
20241023;215844;3.745;2900;11333169611;S
20241023;215907;3.7465;28900;11333170038;B
20241023;215907;3.747;8600;11333170039;B
20241023;215921;3.747;100;11333170356;B
20241023;215927;3.747;700;11333170451;B
20241023;215929;3.747;100;11333170478;B
20241023;220002;3.747;500;11333171675;B
20241023;220005;3.7465;200;11333171794;S
20241023;220005;3.7465;1600;11333171795;S
20241023;220007;3.7465;7800;11333171866;S
20241023;220007;3.746;200;11333171867;S
20241023;220007;3.746;3700;11333171868;S
20241023;220009;3.7465;100;11333171913;B
20241023;220010;3.7465;100;11333171941;B
20241023;220016;3.7465;100;11333172057;B
20241023;220043;3.7455;3900;11333173270;S
20241023;220043;3.7455;100;11333173275;S
20241023;220044;3.746;100;11333173964;B
20241023;220056;3.746;200;11333174395;B
20241023;220103;3.746;100;11333174656;B
20241023;220107;3.746;100;11333174752;B
20241023;220108;3.7465;100;11333174767;B
20241023;220121;3.7455;2000;11333175222;S
20241023;220142;3.746;100;11333175745;B
20241023;220152;3.746;100;11333176017;B
20241023;220200;3.746;900;11333176142;B
20241023;220200;3.746;100;11333176143;B
20241023;220200;3.7455;5900;11333176144;S
20241023;220200;3.7455;7000;11333176145;S
20241023;220200;3.7455;200;11333176146;S
20241023;220201;3.7455;6300;11333176155;B
20241023;220201;3.7455;5700;11333176156;B
20241023;220201;3.7455;5100;11333176168;B
20241023;220201;3.7455;4600;11333176176;B
20241023;220202;3.7455;4200;11333176179;B
20241023;220202;3.7455;3800;11333176183;B
20241023;220202;3.7455;3400;11333176192;B
20241023;220202;3.7455;3100;11333176194;B
20241023;220203;3.7455;700;11333176197;B
20241023;220209;3.746;100;11333176315;B
20241023;220212;3.7465;100;11333176356;B
20241023;220240;3.7455;2700;11333177032;S
20241023;220240;3.745;100;11333177033;S
20241023;220240;3.745;1100;11333177034;S
20241023;220240;3.7445;7100;11333177035;S
20241023;220313;3.745;200;11333177627;S
20241023;220342;3.746;1000;11333178172;B
20241023;220439;3.746;100;11333179892;B
20241023;220445;3.746;200;11333180136;B
20241023;220451;3.746;200;11333180266;B
20241023;220459;3.746;100;11333180519;B
20241023;220501;3.746;200;11333180548;B
20241023;220503;3.745;1600;11333180608;S
20241023;220503;3.745;2400;11333180609;S
20241023;220503;3.745;100;11333180610;S
20241023;220503;3.745;100;11333180611;S
20241023;220503;3.745;100;11333180612;S
20241023;220503;3.745;500;11333180613;S
20241023;220503;3.745;100;11333180614;S
20241023;220503;3.7445;1600;11333180615;S
20241023;220503;3.745;2200;11333180617;B
20241023;220504;3.745;1900;11333180623;B
20241023;220515;3.7455;100;11333181107;B
20241023;220519;3.7455;100;11333181194;B
20241023;220525;3.745;600;11333181332;S
20241023;220546;3.7455;100;11333181918;B
20241023;220623;3.745;4400;11333183705;S
20241023;220623;3.745;100;11333183706;S
20241023;220626;3.745;1000;11333183870;B
20241023;220626;3.7455;9000;11333183871;B
20241023;220636;3.745;100;11333184252;B
20241023;220638;3.745;100;11333184477;B
20241023;220701;3.745;500;11333185262;B
20241023;220716;3.745;100;11333185788;B
20241023;220757;3.7445;100;11333187166;B
20241023;220809;3.7445;500;11333187886;B
20241023;220818;3.7445;100;11333188169;B
20241023;220840;3.7445;100;11333188910;B
20241023;220840;3.7445;100;11333188911;B
20241023;220844;3.7445;29700;11333189016;B
20241023;220844;3.7445;300;11333189017;B
20241023;220918;3.7445;200;11333190221;B
20241023;220929;3.744;1800;11333190612;S
20241023;220929;3.744;100;11333190613;S
20241023;220929;3.744;100;11333190614;S
20241023;220930;3.744;1400;11333190619;B
20241023;220930;3.744;200;11333190620;B
20241023;220934;3.744;100;11333190694;B
20241023;220944;3.744;100;11333191061;B
20241023;221053;3.744;500;11333194155;B
20241023;221055;3.744;400;11333194233;B
20241023;221111;3.744;100;11333194999;B
20241023;221117;3.7435;300;11333195190;B
20241023;221118;3.7435;500;11333195242;B
20241023;221138;3.7435;3900;11333195854;B
20241023;221158;3.7435;100;11333196660;B
20241023;221234;3.743;200;11333197809;S
20241023;221234;3.743;900;11333197810;S
20241023;221247;3.743;100;11333198294;S
20241023;221247;3.743;200;11333198295;S
20241023;221247;3.743;1300;11333198296;S
20241023;221247;3.7425;400;11333198297;S
20241023;221253;3.743;1200;11333198492;S
20241023;221253;3.742;1000;11333198493;S
20241023;221253;3.742;100;11333198494;S
20241023;221253;3.742;2300;11333198495;S
20241023;221253;3.7415;100;11333198496;S
20241023;221253;3.7415;300;11333198497;S
20241023;221253;3.7415;2300;11333198498;S
20241023;221253;3.741;300;11333198499;S
20241023;221253;3.741;100;11333198500;S
20241023;221253;3.741;3500;11333198501;S
20241023;221337;3.742;1100;11333199956;S
20241023;221337;3.7415;200;11333199957;S
20241023;221349;3.743;500;11333200259;B
20241023;221400;3.743;100;11333200654;B
20241023;221415;3.743;100;11333201014;B
20241023;221453;3.7415;2100;11333202318;B
20241023;221453;3.7425;200;11333202319;B
20241023;221453;3.743;100;11333202323;B
20241023;221455;3.743;200;11333202357;B
20241023;221459;3.743;6600;11333202461;B
20241023;221500;3.7435;200;11333202487;B
20241023;221515;3.7435;100;11333202891;B
20241023;221551;3.744;100;11333203740;B
20241023;221635;3.744;20000;11333205217;B
20241023;221655;3.744;100;11333205676;B
20241023;221701;3.744;100;11333205849;B
20241023;221702;3.744;500;11333205886;B
20241023;221714;3.744;2000;11333206217;B
20241023;221727;3.744;200;11333206553;B
20241023;221752;3.744;600;11333207067;B
20241023;221807;3.744;6400;11333207447;B
20241023;221807;3.744;500;11333207448;B
20241023;221807;3.7445;16900;11333207449;B
20241023;221810;3.744;100;11333207496;B
20241023;221810;3.7445;100;11333207497;B
20241023;221813;3.7445;700;11333207587;B
20241023;221819;3.7435;100;11333207700;S
20241023;221819;3.743;200;11333207701;S
20241023;221856;3.7435;400;11333208817;S
20241023;221903;3.7445;1400;11333208990;B
20241023;221916;3.7445;900;11333209284;B
20241023;221916;3.7445;100;11333209285;B
20241023;222039;3.745;100;11333211662;B
20241023;222040;3.745;700;11333211740;B
20241023;222040;3.7455;200;11333211741;B
20241023;222155;3.7455;4000;11333213598;B
20241023;222211;3.745;100;11333213972;S
20241023;222211;3.745;2300;11333213973;S
20241023;222223;3.7455;100;11333214338;B
20241023;222235;3.7455;6600;11333214569;B
20241023;222239;3.7455;800;11333214654;B
20241023;222246;3.745;2900;11333214829;S
20241023;222246;3.745;2600;11333214831;B
20241023;222247;3.745;2300;11333214836;B
20241023;222247;3.745;2100;11333214839;B
20241023;222247;3.745;100;11333214843;B
20241023;222259;3.745;700;11333215080;S
20241023;222314;3.7455;100;11333215372;B
20241023;222322;3.7455;100;11333215555;B
20241023;222404;3.7455;100;11333216557;B
20241023;222415;3.7455;100;11333216805;B
20241023;222422;3.745;1800;11333216984;S
20241023;222422;3.745;100;11333216985;S
20241023;222422;3.745;100;11333216986;S
20241023;222422;3.7445;6500;11333216987;S
20241023;222422;3.7445;200;11333216988;S
20241023;222422;3.744;1500;11333216989;S
20241023;222422;3.744;100;11333216990;S
20241023;222422;3.744;12400;11333216991;S
20241023;222422;3.744;8300;11333216992;S
20241023;222422;3.743;13800;11333216993;S
20241023;222422;3.743;100;11333216994;S
20241023;222422;3.742;48000;11333216995;S
20241023;222422;3.742;2400;11333216996;S
20241023;222422;3.7415;1600;11333216997;S
20241023;222422;3.7415;30000;11333216998;S
20241023;222422;3.7415;35000;11333216999;S
20241023;222422;3.741;100;11333217000;S
20241023;222422;3.741;100;11333217001;S
20241023;222422;3.741;100;11333217002;S
20241023;222422;3.741;70000;11333217003;S
20241023;222422;3.7405;100;11333217004;S
20241023;222422;3.7405;1000;11333217005;S
20241023;222422;3.7405;100;11333217006;S
20241023;222422;3.7405;100;11333217007;S
20241023;222422;3.7405;200;11333217008;S
20241023;222422;3.7405;100;11333217009;S
20241023;222422;3.7405;200;11333217010;S
20241023;222422;3.7405;500;11333217011;S
20241023;222422;3.7405;1000;11333217012;S
20241023;222422;3.7405;5000;11333217013;S
20241023;222422;3.7405;1000;11333217014;S
20241023;222422;3.7405;200;11333217015;S
20241023;222422;3.7405;28900;11333217016;S
20241023;222422;3.74;200;11333217017;S
20241023;222422;3.74;452800;11333217018;S
20241023;222422;3.7425;1600;11333217026;B
20241023;222507;3.7415;200;11333218009;B
20241023;222518;3.7415;800;11333218268;B
20241023;222518;3.7425;1100;11333218269;B
20241023;222542;3.7445;5000;11333218895;B
20241023;222557;3.744;10000;11333219963;B
20241023;222614;3.7445;100;11333220778;S
20241023;222614;3.744;13300;11333220779;S
20241023;222632;3.745;100;11333221018;B
20241023;222635;3.745;100;11333221171;B
20241023;222645;3.745;200;11333221375;B
20241023;222645;3.745;100;11333221394;B
20241023;222733;3.745;200;11333222312;B
20241023;222734;3.745;300;11333222313;B
20241023;222735;3.745;100;11333222344;B
20241023;222756;3.745;100;11333222823;B
20241023;222812;3.745;200;11333223217;B
20241023;222820;3.745;500;11333223344;B
20241023;222826;3.744;500;11333223468;S
20241023;222829;3.745;1000;11333223516;B
20241023;222836;3.745;100;11333223655;B
20241023;222859;3.745;2300;11333225257;B
20241023;222907;3.745;400;11333225398;B
20241023;223042;3.745;100;11333227970;B
20241023;223058;3.745;100;11333228176;B
20241023;223104;3.745;300;11333228285;B
20241023;223105;3.745;200;11333228296;B
20241023;223117;3.745;100;11333228561;B
20241023;223122;3.745;100;11333228629;B
20241023;223133;3.745;500;11333228788;B
20241023;223137;3.745;100;11333228811;B
20241023;223155;3.745;1000;11333229093;B
20241023;223156;3.745;7200;11333229102;B
20241023;223156;3.745;2800;11333229103;B
20241023;223224;3.745;1000;11333229629;B
20241023;223228;3.745;200;11333229705;B
20241023;223321;3.745;200;11333230701;B
20241023;223338;3.745;200;11333231018;B
20241023;223346;3.745;300;11333231201;B
20241023;223401;3.745;200;11333231525;B
20241023;223410;3.745;2600;11333231708;B
20241023;223412;3.745;100;11333231796;B
20241023;223438;3.745;500;11333232183;B
20241023;223442;3.745;400;11333232251;B
20241023;223536;3.7445;200;11333233412;B
20241023;223538;3.7445;400;11333233467;B
20241023;223538;3.745;600;11333233468;B
20241023;223551;3.745;100;11333233821;B
20241023;223642;3.7445;200;11333234956;S
20241023;223643;3.7445;3800;11333235004;S
20241023;223649;3.745;600;11333235396;B
20241023;223653;3.745;600;11333235458;B
20241023;223656;3.745;200;11333235516;B
20241023;223704;3.7445;200;11333235668;S
20241023;223723;3.745;2000;11333236192;B
20241023;223731;3.745;100;11333236390;B
20241023;223750;3.745;500;11333236814;B
20241023;223829;3.745;100;11333237729;B
20241023;223901;3.745;12000;11333238381;B
20241023;223919;3.745;100;11333238770;B
20241023;223951;3.745;100;11333239303;B
20241023;224013;3.745;600;11333239678;B
20241023;224018;3.745;100;11333239739;B
20241023;224137;3.745;300;11333241946;B
20241023;224138;3.745;2600;11333241983;B
20241023;224146;3.745;100;11333242165;B
20241023;224200;3.745;200;11333242600;B
20241023;224233;3.745;200;11333243459;B
20241023;224258;3.745;200;11333243937;B
20241023;224334;3.745;3000;11333244957;B
20241023;224341;3.745;100;11333245109;B
20241023;224400;3.745;300;11333245562;B
20241023;224405;3.745;100;11333245676;B
20241023;224405;3.745;100;11333245677;B
20241023;224411;3.745;900;11333245788;B
20241023;224431;3.745;100;11333246219;B
20241023;224453;3.745;200;11333247983;B
20241023;224454;3.745;100;11333248003;B
20241023;224501;3.745;100;11333248107;B
20241023;224518;3.745;1800;11333248371;B
20241023;224602;3.745;200;11333249472;B
20241023;224616;3.745;300;11333249822;B
20241023;224618;3.745;100;11333249853;B
20241023;224622;3.745;200;11333249948;B
20241023;224627;3.745;200;11333250059;B
20241023;224628;3.745;100;11333250065;B
20241023;224643;3.745;100;11333250347;B
20241023;224706;3.745;300;11333250709;B
20241023;224712;3.745;200;11333250814;B
20241023;224727;3.7445;3000;11333251090;S
20241023;224729;3.7445;100;11333251127;S
20241023;224731;3.745;100;11333251183;B
20241023;224732;3.745;1800;11333251196;B
20241023;224743;3.745;300;11333251468;B
20241023;224744;3.745;400;11333251531;B
20241023;224816;3.745;1100;11333252014;B
20241023;224819;3.745;1000;11333252062;B
20241023;224831;3.745;500;11333252256;B
20241023;224839;3.745;100;11333252375;B
20241023;224839;3.745;100;11333252376;B
20241023;224839;3.745;200;11333252377;B
20241023;224919;3.745;900;11333253075;B
20241023;224926;3.7445;100;11333253199;S
20241023;224929;3.745;19600;11333253257;B
20241023;224929;3.745;5400;11333253258;B
20241023;225003;3.745;700;11333253899;B
20241023;225008;3.745;200;11333253989;B
20241023;225020;3.745;100;11333254200;B
20241023;225057;3.745;800;11333254680;B
20241023;225101;3.7445;1000;11333254784;S
20241023;225104;3.7445;100;11333254838;S
20241023;225121;3.745;100;11333255090;B
20241023;225153;3.745;10000;11333255637;B
20241023;225159;3.745;200;11333255722;B
20241023;225205;3.745;200;11333255795;B
20241023;225207;3.745;100;11333255833;B
20241023;225219;3.745;300;11333256207;B
20241023;225229;3.745;500;11333256370;B
20241023;225243;3.745;3000;11333256564;B
20241023;225306;3.745;500;11333256881;B
20241023;225312;3.745;100;11333257019;B
20241023;225326;3.7445;5000;11333257345;S
20241023;225326;3.7445;200;11333257348;S
20241023;225340;3.745;300;11333257588;B
20241023;225342;3.745;100;11333257615;B
20241023;225402;3.745;3000;11333258016;B
20241023;225404;3.745;500;11333258053;B
20241023;225409;3.745;100;11333258147;B
20241023;225410;3.745;100;11333258151;B
20241023;225412;3.745;400;11333258176;B
20241023;225415;3.745;100;11333258263;B
20241023;225445;3.7445;4400;11333258812;S
20241023;225501;3.745;100;11333259161;B
20241023;225511;3.745;100;11333259312;B
20241023;225532;3.745;500;11333259582;B
20241023;225533;3.745;100;11333259617;B
20241023;225534;3.7445;500;11333259628;S
20241023;225615;3.745;1000;11333260162;B
20241023;225616;3.745;1000;11333260175;B
20241023;225617;3.745;1000;11333260189;B
20241023;225635;3.745;100;11333260364;B
20241023;225646;3.745;100;11333260483;B
20241023;225731;3.745;100;11333261119;B
20241023;225741;3.745;100;11333261210;B
20241023;225750;3.745;800;11333261298;B
20241023;225759;3.745;200;11333261423;B
20241023;225802;3.745;400;11333261464;B
20241023;225830;3.7445;2000;11333261838;S
20241023;225847;3.745;300;11333262071;B
20241023;225923;3.745;100;11333264161;B
20241023;225927;3.745;10000;11333264455;B
20241023;225938;3.745;900;11333264646;B
20241023;225941;3.745;300;11333264728;B
20241023;230002;3.745;100;11333264968;B
20241023;230005;3.745;200;11333265004;B
20241023;230009;3.745;3000;11333265059;B
20241023;230009;3.745;100;11333265064;B
20241023;230018;3.745;5000;11333265234;B
20241023;230043;3.7445;100;11333265625;S
20241023;230059;3.745;100;11333265842;B
20241023;230105;3.745;1100;11333265906;B
20241023;230105;3.745;4000;11333265907;B
20241023;230105;3.745;800;11333265908;B
20241023;230114;3.7455;200;11333266019;S
20241023;230202;3.746;200;11333267060;B
20241023;230206;3.746;100;11333267150;B
20241023;230222;3.746;100;11333267381;B
20241023;230313;3.7455;47800;11333268263;S
20241023;230313;3.7455;12400;11333268264;S
20241023;230313;3.7455;100;11333268265;S
20241023;230313;3.7455;7400;11333268266;S
20241023;230313;3.745;5300;11333268267;S
20241023;230316;3.7465;100;11333268296;S
20241023;230319;3.747;100;11333268375;B
20241023;230334;3.7465;10000;11333268626;S
20241023;230349;3.7465;37900;11333268784;S
20241023;230349;3.7465;100;11333268785;S
20241023;230349;3.746;1600;11333268786;S
20241023;230349;3.746;10400;11333268787;S
20241023;230349;3.7465;10000;11333268788;S
20241023;230357;3.7465;15000;11333268902;S
20241023;230401;3.747;100;11333268942;B
20241023;230410;3.747;100;11333270183;B
20241023;230415;3.747;200;11333270328;B
20241023;230444;3.747;100;11333270855;B
20241023;230447;3.747;100;11333270877;B
20241023;230450;3.747;100;11333270916;B
20241023;230514;3.7465;3000;11333271322;S
20241023;230518;3.7465;3000;11333271355;S
20241023;230521;3.7465;1500;11333271376;S
20241023;230523;3.747;1700;11333271387;B
20241023;230545;3.747;100;11333271750;B
20241023;230607;3.7465;3000;11333272125;S
20241023;230614;3.747;100;11333272195;B
20241023;230617;3.7465;12500;11333272259;S
20241023;230617;3.746;1400;11333272260;S
20241023;230617;3.746;1100;11333272261;S
20241023;230620;3.747;100;11333272287;B
20241023;230622;3.7465;200;11333272311;S
20241023;230730;3.747;100;11333273225;B
20241023;230745;3.7465;2000;11333273427;S
20241023;230800;3.747;100;11333273594;B
20241023;230806;3.7465;1200;11333273657;S
20241023;230842;3.747;100;11333274169;B
20241023;230938;3.747;1000;11333274886;B
20241023;230940;3.747;1000;11333274895;B
20241023;230942;3.747;100;11333274926;B
20241023;230950;3.747;100;11333274984;B
20241023;230953;3.747;300;11333275011;B
20241023;230957;3.747;100;11333275055;B
20241023;231000;3.747;100;11333275083;B
20241023;231022;3.747;100;11333275553;B
20241023;231023;3.747;100;11333275556;B
20241023;231023;3.747;100;11333275560;B
20241023;231029;3.7465;500;11333275648;S
20241023;231033;3.747;100;11333275691;B
20241023;231040;3.747;100;11333275749;B
20241023;231047;3.747;100;11333275846;B
20241023;231053;3.747;100;11333275914;B
20241023;231105;3.747;4000;11333276046;B
20241023;231109;3.747;300;11333276079;B
20241023;231114;3.747;300;11333276151;B
20241023;231142;3.747;100;11333276406;B
20241023;231146;3.747;100;11333276444;B
20241023;231150;3.747;100;11333276493;B
20241023;231203;3.747;100;11333276672;B
20241023;231204;3.747;200;11333276676;B
20241023;231217;3.747;400;11333276832;B
20241023;231220;3.7465;500;11333276892;S
20241023;231227;3.747;300;11333276947;B
20241023;231230;3.747;1500;11333276973;B
20241023;231253;3.747;100;11333277316;B
20241023;231309;3.7465;300;11333277530;S
20241023;231312;3.7465;100;11333277547;S
20241023;231319;3.747;3000;11333277646;B
20241023;231329;3.747;100;11333277798;B
20241023;231347;3.747;100;11333278087;B
20241023;231400;3.747;300;11333278299;B
20241023;231413;3.747;3300;11333278434;B
20241023;231413;3.747;700;11333278435;B
20241023;231456;3.747;100;11333279020;B
20241023;231500;3.747;200;11333279073;B
20241023;231501;3.747;100;11333279087;B
20241023;231502;3.747;600;11333279091;B
20241023;231502;3.747;400;11333279092;B
20241023;231507;3.747;100;11333279247;B
20241023;231523;3.747;100;11333279398;B
20241023;231540;3.747;100;11333279571;B
20241023;231601;3.747;3500;11333279845;B
20241023;231627;3.7465;2600;11333280151;S
20241023;231744;3.747;2500;11333280950;B
20241023;231810;3.7475;70000;11333281259;B
20241023;231810;3.7475;3000;11333281260;B
20241023;231810;3.7475;7500;11333281261;B
20241023;231832;3.748;1000;11333281521;B
20241023;231859;3.748;100;11333281947;B
20241023;231906;3.748;100;11333282112;B
20241023;231932;3.748;100;11333282544;B
20241023;231932;3.748;100;11333282547;B
20241023;231951;3.748;400;11333282759;B
20241023;232004;3.7475;6000;11333282898;S
20241023;232020;3.748;100;11333283276;B
20241023;232033;3.748;200;11333283380;B
20241023;232041;3.748;100;11333283475;B
20241023;232118;3.748;100;11333284074;B
20241023;232138;3.748;100;11333284380;B
20241023;232145;3.748;100;11333284509;B
20241023;232151;3.748;300;11333284543;B
20241023;232201;3.7475;200;11333284644;S
20241023;232236;3.748;200;11333285022;B
20241023;232324;3.748;100;11333285812;B
20241023;232408;3.7485;200;11333286415;B
20241023;232449;3.7485;100;11333287137;B
20241023;232500;3.7485;100;11333287310;B
20241023;232508;3.7485;200;11333287527;B
20241023;232530;3.7485;100;11333289153;B
20241023;232619;3.7485;100;11333289846;B
20241023;232639;3.7485;100;11333290160;B
20241023;232702;3.7485;16300;11333290507;B
20241023;232702;3.7485;28900;11333290508;B
20241023;232702;3.7485;12400;11333290509;B
20241023;232702;3.7485;8800;11333290510;B
20241023;232702;3.749;14800;11333290511;B
20241023;232735;3.749;200;11333291077;B
20241023;232743;3.749;100;11333291178;B
20241023;232806;3.7485;100;11333291419;S
20241023;232808;3.749;100;11333291444;B
20241023;232818;3.749;200;11333291564;B
20241023;232823;3.749;100;11333291615;B
20241023;232829;3.749;1500;11333291743;B
20241023;232835;3.749;100;11333291825;B
20241023;232919;3.749;32900;11333292375;B
20241023;232919;3.749;800;11333292376;B
20241023;232919;3.749;100;11333292377;B
20241023;232919;3.749;6200;11333292378;B
20241023;232955;3.7485;500;11333292783;S
20241023;233005;3.7485;10000;11333292905;S
20241023;233007;3.7485;2000;11333292933;S
20241023;233014;3.75;1600;11333293095;B
20241023;233014;3.7505;2000;11333293096;B
20241023;233014;3.7505;2000;11333293097;B
20241023;233047;3.75;100;11333293572;B
20241023;233154;3.75;4400;11333294504;B
20241023;233218;3.7505;2000;11333294926;S
20241023;233242;3.7515;200;11333295209;B
20241023;233255;3.7515;200;11333295503;B
20241023;233321;3.7515;1100;11333295962;B
20241023;233321;3.7515;1500;11333295963;B
20241023;233321;3.7515;20000;11333295964;S
20241023;233321;3.7515;6000;11333295968;S
20241023;233329;3.752;20000;11333296051;B
20241023;233329;3.752;10000;11333296052;S
20241023;233338;3.7525;1000;11333296202;B
20241023;233338;3.7525;12000;11333296203;B
20241023;233338;3.7525;8000;11333296204;B
20241023;233338;3.753;6000;11333296205;S
20241023;233341;3.7535;100;11333296276;B
20241023;233342;3.753;100;11333296280;S
20241023;233343;3.753;2700;11333296291;S
20241023;233346;3.7535;5600;11333296314;B
20241023;233412;3.7535;2000;11333296655;B
20241023;233413;3.7535;5000;11333296674;B
20241023;233437;3.7535;26300;11333296947;B
20241023;233453;3.7535;500;11333297122;B
20241023;233458;3.7535;500;11333297171;B
20241023;233458;3.7535;600;11333297172;B
20241023;233458;3.7535;100;11333297173;B
20241023;233458;3.7535;28900;11333297174;B
20241023;233458;3.7535;100;11333297175;B
20241023;233458;3.754;9800;11333297176;B
20241023;233505;3.754;300;11333297254;B
20241023;233507;3.7525;47900;11333297263;S
20241023;233507;3.7525;12400;11333297264;S
20241023;233507;3.7525;8400;11333297265;S
20241023;233523;3.7525;100;11333297461;B
20241023;233616;3.7525;200;11333298125;B
20241023;233629;3.752;1300;11333298268;S
20241023;233629;3.752;34100;11333298269;S
20241023;233643;3.7525;200;11333298468;B
20241023;233655;3.752;200;11333298626;S
20241023;233656;3.7525;300;11333298656;B
20241023;233722;3.752;8000;11333299065;S
20241023;233733;3.752;5600;11333299204;S
20241023;233733;3.752;1200;11333299205;S
20241023;233739;3.752;5000;11333299304;B
20241023;233745;3.752;100;11333299353;B
20241023;233805;3.752;2000;11333299650;B
20241023;233810;3.752;100;11333299706;B
20241023;233816;3.7515;200;11333300076;S
20241023;233816;3.7515;47900;11333300077;S
20241023;233816;3.751;200;11333300079;S
20241023;233816;3.751;1100;11333300080;S
20241023;233816;3.751;14800;11333300081;S
20241023;233843;3.7515;100;11333300524;B
20241023;233907;3.7515;500;11333300859;B
20241023;233913;3.7515;100;11333300922;B
20241023;233914;3.7515;100;11333300954;B
20241023;233915;3.7515;1500;11333300995;B
20241023;233929;3.751;6000;11333301344;S
20241023;233948;3.7515;100;11333301639;B
20241023;233958;3.751;27100;11333301782;S
20241023;234001;3.7505;200;11333301846;S
20241023;234002;3.7505;1000;11333301884;S
20241023;234010;3.751;1400;11333302005;B
20241023;234026;3.7505;600;11333302194;S
20241023;234120;3.751;200;11333302962;B
20241023;234131;3.751;1000;11333303094;B
20241023;234133;3.7505;6000;11333303116;S
20241023;234207;3.7505;19000;11333303677;S
20241023;234215;3.7505;1000;11333303797;S
20241023;234219;3.751;8000;11333303861;B
20241023;234230;3.751;100;11333303954;B
20241023;234230;3.7505;300;11333303955;S
20241023;234234;3.751;100;11333304006;B
20241023;234243;3.751;600;11333304178;B
20241023;234256;3.7505;500;11333304373;S
20241023;234307;3.751;1500;11333304477;B
20241023;234307;3.751;5500;11333304478;B
20241023;234314;3.751;2000;11333304724;B
20241023;234329;3.751;200;11333304951;B
20241023;234330;3.751;400;11333304970;B
20241023;234348;3.751;100;11333305327;B
20241023;234353;3.751;200;11333305360;B
20241023;234410;3.7505;400;11333305570;S
20241023;234431;3.751;5000;11333305810;B
20241023;234435;3.7505;19100;11333306035;S
20241023;234457;3.7505;1000;11333306401;B
20241023;234500;3.7505;1800;11333306469;B
20241023;234500;3.75;500;11333306608;S
20241023;234501;3.7505;100;11333306643;B
20241023;234550;3.75;300;11333307312;S
20241023;234558;3.75;1500;11333307467;S
20241023;234604;3.7505;100;11333307779;B
20241023;234604;3.75;30100;11333307780;S
20241023;234618;3.7505;200;11333308052;B
20241023;234634;3.7505;1500;11333308373;B
20241023;234635;3.7505;500;11333308408;B
20241023;234700;3.75;3300;11333308825;S
20241023;234700;3.7505;3000;11333308826;B
20241023;234700;3.7505;300;11333308827;B
20241023;234715;3.7505;200;11333309476;B
20241023;234725;3.7505;100;11333309611;B
20241023;234732;3.7505;100;11333309670;B
20241023;234736;3.7505;1400;11333309721;B
20241023;234744;3.7505;100;11333309828;B
20241023;234806;3.7505;100;11333310179;B
20241023;234811;3.7505;200;11333310278;B
20241023;234825;3.7505;500;11333310526;B
20241023;234825;3.7505;100;11333310644;B
20241023;234920;3.75;13000;11333311905;S
20241023;234920;3.75;100;11333311906;S
20241023;234920;3.75;5000;11333311907;S
20241023;234920;3.7495;5700;11333311908;S
20241023;234920;3.749;1000;11333311909;S
20241023;234920;3.749;5700;11333311910;S
20241023;234920;3.7485;100;11333311911;S
20241023;234920;3.7485;100;11333311912;S
20241023;234920;3.748;400;11333311913;S
20241023;234920;3.748;200;11333311914;S
20241023;234920;3.748;1500;11333311915;S
20241023;234920;3.748;100;11333311916;S
20241023;234920;3.748;100;11333311917;S
20241023;234920;3.748;100;11333311918;S
20241023;234920;3.748;100;11333311919;S
20241023;234920;3.748;100;11333311920;S
20241023;234920;3.748;100;11333311921;S
20241023;234920;3.748;100;11333311922;S
20241023;234920;3.7475;213300;11333311923;S
20241023;234920;3.7475;100;11333311924;S
20241023;234920;3.7475;1000;11333311925;S
20241023;234920;3.7475;300;11333311926;S
20241023;234920;3.7465;1000;11333311927;S
20241023;234920;3.7465;100;11333311928;S
20241023;234920;3.7465;100;11333311929;S
20241023;234920;3.7465;100;11333311930;S
20241023;234920;3.746;100;11333311931;S
20241023;234920;3.746;1400;11333311932;S
20241023;234920;3.7455;49000;11333311933;S
20241023;234929;3.746;300;11333312134;B
20241023;234945;3.7455;47900;11333312605;S
20241023;234945;3.745;3300;11333312606;S
20241023;234957;3.746;100;11333312960;B
